3.744890089531812919e+03 2.245270268828621475e-17
3.749646489510500032e+03 2.820012894659451228e-17
3.754402889489187601e+03 6.215383506653226640e-17
3.759159289467874714e+03 6.913617911365568022e-17
3.763915689446562283e+03 6.293830668969795615e-17
3.768672089425249396e+03 2.281086765422103640e-19
3.773428489403936510e+03 3.639284337067491873e-17
3.778184889382624078e+03 2.538544508031337268e-17
3.782941289361311192e+03 2.024033534811923757e-17
3.787697689339998760e+03 4.613481083378549242e-17
3.792454089318685874e+03 2.136602062832427634e-17
3.797210489297372987e+03 1.485159776447108433e-17
3.801966889276060556e+03 5.332329490700202115e-17
3.806723289254747669e+03 7.922193938295554326e-17
3.811479689233435238e+03 7.905736352828199288e-17
3.816236089212122351e+03 7.287465828803604113e-17
3.820992489190809465e+03 7.186323477456540228e-17
3.825748889169497033e+03 7.324328305621417238e-17
3.830505289148184147e+03 7.332750989490677187e-17
3.835261689126871715e+03 6.149063473861175093e-17
3.840018089105558829e+03 6.692756717346969378e-17
3.844774489084245943e+03 6.534813527697114189e-17
3.849530889062933511e+03 7.628219904294618672e-17
3.854287289041620625e+03 7.834891972957727701e-17
3.859043689020308193e+03 5.229331938675304300e-17
3.863800088998995307e+03 8.009478036532149806e-17
3.868556488977682875e+03 5.333906427819973207e-17
3.873312888956369989e+03 6.594792724785579247e-17
3.878069288935057102e+03 5.571224214689191826e-17
3.882825688913744671e+03 3.883238097682855901e-17
3.887582088892431784e+03 6.494750854525455910e-17
3.892338488871119353e+03 4.639823477165912961e-17
3.897094888849806466e+03 5.624994924972078880e-17
3.901851288828494035e+03 5.155212585323612766e-17
3.906607688807181148e+03 5.753922603967043985e-17
3.911364088785868262e+03 4.198770443680393584e-17
3.916120488764555830e+03 6.333022486392558066e-17
3.920876888743242944e+03 5.794208285031846560e-17
3.925633288721930512e+03 4.431985083839104164e-17
3.930389688700617626e+03 4.932757248828501927e-17
3.935146088679304739e+03 5.268014543712979108e-17
3.939902488657992308e+03 2.489633980155566784e-17
3.944658888636679421e+03 5.330334992807214255e-17
3.949415288615366990e+03 3.572824676188041376e-17
3.954171688594054103e+03 4.941925056993549644e-17
3.958928088572741217e+03 5.074714345960157304e-17
3.963684488551428785e+03 8.223601348153136508e-17
3.968440888530115899e+03 6.053583008370914172e-17
3.973197288508803467e+03 6.293459430310881816e-17
3.977953688487490581e+03 8.910752856146247403e-17
3.982710088466177694e+03 7.051103270105761730e-17
3.987466488444865263e+03 7.458617438474706048e-17
3.992222888423552376e+03 6.287556007715213368e-17
3.996979288402239945e+03 5.905888255638345975e-17
4.001735688380927058e+03 5.861178150913119765e-17
4.006492088359614172e+03 5.452493356541290403e-17
4.011248488338301740e+03 7.367577278512629779e-17
4.016004888316988854e+03 6.053381838045941276e-17
4.020761288295676422e+03 5.001010568148212411e-17
4.025517688274363536e+03 6.296345959776446862e-17
4.030274088253050650e+03 6.396192615412007684e-17
4.035030488231738218e+03 6.601291055677795832e-17
4.039786888210425332e+03 9.288692339766215791e-17
4.044543288189112900e+03 7.465831776905148534e-17
4.049299688167800014e+03 6.669107292761833295e-17
4.054056088146487127e+03 5.143186702706071829e-17
4.058812488125174696e+03 6.489989602919600683e-17
4.063568888103862264e+03 6.844876555484451252e-17
4.068325288082549378e+03 6.748958015141782248e-17
4.073081688061236491e+03 9.086511530957024681e-17
4.077838088039924060e+03 6.422770921110071527e-17
4.082594488018611173e+03 4.904044486277806252e-17
4.087350887997298742e+03 5.418044923623152034e-17
4.092107287975985855e+03 7.326615294579003849e-17
4.096863687954672969e+03 6.820483330092507487e-17
4.101620087933360082e+03 7.960457328198787259e-17
4.106376487912048105e+03 7.812695077528234735e-17
4.111132887890735219e+03 6.503771093669224166e-17
4.115889287869422333e+03 7.360392718584239202e-17
4.120645687848109446e+03 6.249460700912451211e-17
4.125402087826796560e+03 5.285747310812645894e-17
4.130158487805484583e+03 6.289388378208140835e-17
4.134914887784171697e+03 7.597186734689589244e-17
4.139671287762858810e+03 7.707960777089220583e-17
4.144427687741545924e+03 6.914875887641138666e-17
4.149184087720233038e+03 6.966615704084085526e-17
4.153940487698921061e+03 6.349516467806865438e-17
4.158696887677608174e+03 5.652207181891603363e-17
4.163453287656295288e+03 5.534598311526568867e-17
4.168209687634982402e+03 5.597770094907243590e-17
4.172966087613669515e+03 6.226735071635414349e-17
4.177722487592357538e+03 7.213846092541894607e-17
4.182478887571044652e+03 7.660078931023221044e-17
4.187235287549731765e+03 5.303495298035583656e-17
4.191991687528418879e+03 7.634291409990757895e-17
4.196748087507106902e+03 7.686731352104169638e-17
4.201504487485794016e+03 5.046564397098242708e-17
4.206260887464481129e+03 6.456951347509742715e-17
4.211017287443168243e+03 6.543672301185312094e-17
4.215773687421855357e+03 6.692053944698544326e-17
4.220530087400542470e+03 6.971790545996217267e-17
4.225286487379230493e+03 6.939290950601253831e-17
4.230042887357917607e+03 6.946078463835618955e-17
4.234799287336604721e+03 7.511826327685547085e-17
4.239555687315291834e+03 7.119239791522979726e-17
4.244312087293979857e+03 7.200063940047781081e-17
4.249068487272666971e+03 7.839371321410824856e-17
4.253824887251354085e+03 8.349375152908559430e-17
4.258581287230041198e+03 7.281749018154127628e-17
4.263337687208728312e+03 7.080985004298117344e-17
4.268094087187415425e+03 5.642777322908498847e-17
4.272850487166103449e+03 8.114240791984235783e-17
4.277606887144790562e+03 7.229534730911820351e-17
4.282363287123477676e+03 6.484747924813974657e-17
4.287119687102164789e+03 6.691163898359437268e-17
4.291876087080852813e+03 7.065079975479947728e-17
4.296632487059539926e+03 7.182321908525253701e-17
4.301388887038227040e+03 7.065309600817992449e-17
4.306145287016914153e+03 6.030768705332211627e-17
4.310901686995601267e+03 6.339948965969832099e-17
4.315658086974289290e+03 8.031697431274304215e-17
4.320414486952976404e+03 7.362505006996454614e-17
4.325170886931663517e+03 5.938362042998197757e-17
4.329927286910350631e+03 5.288093195029846280e-17
4.334683686889037745e+03 6.811351917874412104e-17
4.339440086867725768e+03 6.794289497943158292e-17
4.344196486846412881e+03 6.945709872154665326e-17
4.348952886825099995e+03 8.854409283286075413e-17
4.353709286803787109e+03 7.911359857504579791e-17
4.358465686782474222e+03 6.236658592008090512e-17
4.363222086761162245e+03 8.071206224307796986e-17
4.367978486739849359e+03 8.794913159675341323e-17
4.372734886718536472e+03 5.860469422564284331e-17
4.377491286697223586e+03 5.786447345652629033e-17
4.382247686675911609e+03 6.489945266038767840e-17
4.387004086654598723e+03 7.256150756045816612e-17
4.391760486633285836e+03 5.808654167249472635e-17
4.396516886611972950e+03 5.388249216214501935e-17
4.401273286590660064e+03 6.807084327658128524e-17
4.406029686569347177e+03 6.438117437578645338e-17
4.410786086548035200e+03 7.119311921672394350e-17
4.415542486526722314e+03 5.634713304552841891e-17
4.420298886505409428e+03 7.302498016639407774e-17
4.425055286484096541e+03 6.514873180978665882e-17
4.429811686462784564e+03 8.096275752568564106e-17
4.434568086441471678e+03 6.735202994171760461e-17
4.439324486420158792e+03 6.646071305318966538e-17
4.444080886398845905e+03 8.880721567699142202e-17
4.448837286377533019e+03 6.442175916536075513e-17
4.453593686356220132e+03 7.556946052250109553e-17
4.458350086334908156e+03 7.024149093537353792e-17
4.463106486313595269e+03 7.148043543941056234e-17
4.467862886292282383e+03 7.179582286336478074e-17
4.472619286270969496e+03 8.465697922857196478e-17
4.477375686249657520e+03 7.199383004967527429e-17
4.482132086228344633e+03 6.517249505442408220e-17
4.486888486207031747e+03 8.351521852034257047e-17
4.491644886185718860e+03 6.000928661042728685e-17
4.496401286164405974e+03 5.988835280487203420e-17
4.501157686143093088e+03 6.960602431903070036e-17
4.505914086121781111e+03 7.564667286959924535e-17
4.510670486100468224e+03 6.380072519634574280e-17
4.515426886079155338e+03 7.007273285552291942e-17
4.520183286057843361e+03 7.745207065711258313e-17
4.524939686036530475e+03 9.445537033562600559e-17
4.529696086015217588e+03 7.155034212733864382e-17
4.534452485993904702e+03 6.281562587868899151e-17
4.539208885972591816e+03 5.779213154887485274e-17
4.543965285951278929e+03 5.649943353991168237e-17
4.548721685929966952e+03 4.886762698048103377e-17
4.553478085908654066e+03 7.563584672974215132e-17
4.558234485887341179e+03 6.173325012099600416e-17
4.562990885866028293e+03 6.906326810574280614e-17
4.567747285844716316e+03 7.193003788083518479e-17
4.572503685823403430e+03 7.291094835586996756e-17
4.577260085802090543e+03 6.342605208352862381e-17
4.582016485780777657e+03 7.635916654458302084e-17
4.586772885759464771e+03 8.070026995626541390e-17
4.591529285738151884e+03 6.978202188360238295e-17
4.596285685716839907e+03 7.711436920895413426e-17
4.601042085695527021e+03 8.540908492872967966e-17
4.605798485674214135e+03 7.043225201951806695e-17
4.610554885652901248e+03 5.464299209115892236e-17
4.615311285631589271e+03 5.895120349296375682e-17
4.620067685610276385e+03 6.828420293506076298e-17
4.624824085588963499e+03 6.395548738023196407e-17
4.629580485567650612e+03 7.411856587574838372e-17
4.634336885546337726e+03 6.838567483516386799e-17
4.639093285525024839e+03 6.226192441153579563e-17
4.643849685503712863e+03 7.965999438302892545e-17
4.648606085482399976e+03 6.035876049306359041e-17
4.653362485461087090e+03 6.524670969898233985e-17
4.658118885439774203e+03 6.903789682199457968e-17
4.662875285418462227e+03 6.099563000772531790e-17
4.667631685397149340e+03 7.038569829464358255e-17
4.672388085375836454e+03 6.412079777128946154e-17
4.677144485354523567e+03 6.835428167655625549e-17
4.681900885333210681e+03 7.743358813350569828e-17
4.686657285311897795e+03 8.188816749034056588e-17
4.691413685290585818e+03 6.598946494949575530e-17
4.696170085269272931e+03 6.499350640475740786e-17
4.700926485247960045e+03 7.580822455195330187e-17
4.705682885226648068e+03 8.309693644563165586e-17
4.710439285205335182e+03 8.174648799502248330e-17
4.715195685184022295e+03 7.454597340697698333e-17
4.719952085162709409e+03 8.471664872923908999e-17
4.724708485141396523e+03 6.885765085779682474e-17
4.729464885120083636e+03 5.771759926696137474e-17
4.734221285098771659e+03 6.677817835484261698e-17
4.738977685077458773e+03 7.307870720154062199e-17
4.743734085056145886e+03 6.953990942703056196e-17
4.748490485034833000e+03 7.252018161705501686e-17
4.753246885013521023e+03 7.484042323526625949e-17
4.758003284992208137e+03 7.181764057920147939e-17
4.762759684970895250e+03 6.064848546569396367e-17
4.767516084949582364e+03 6.834621501122263836e-17
4.772272484928269478e+03 7.029454299114023890e-17
4.777028884906956591e+03 8.259461282068535364e-17
4.781785284885644614e+03 7.697266324385644998e-17
4.786541684864331728e+03 6.192535454645531931e-17
4.791298084843018842e+03 7.605238841644425436e-17
4.796054484821705955e+03 7.706313033309014951e-17
4.800810884800393978e+03 6.999677120551094978e-17
4.805567284779081092e+03 5.827781229989658805e-17
4.810323684757768206e+03 6.062638319972654677e-17
4.815080084736455319e+03 7.042819552579410690e-17
4.819836484715142433e+03 6.501463590632446240e-17
4.824592884693829546e+03 7.639727640976456393e-17
4.829349284672517570e+03 7.487805664441497203e-17
4.834105684651204683e+03 7.546471960461718096e-17
4.838862084629891797e+03 6.744839979180248255e-17
4.843618484608578910e+03 6.445875729979902696e-17
4.848374884587266934e+03 6.949377260118480429e-17
4.853131284565954047e+03 8.606554869774156328e-17
4.857887684544641161e+03 7.420614775900549829e-17
4.862644084523328274e+03 8.402219420905387092e-17
4.867400484502015388e+03 6.681841903728209667e-17
4.872156884480702502e+03 5.951760383688086678e-17
4.876913284459390525e+03 6.795684455328167718e-17
4.881669684438077638e+03 6.440091421392441884e-17
4.886426084416764752e+03 5.795539714945811913e-17
4.891182484395452775e+03 5.716355369267335680e-17
4.895938884374139889e+03 7.138622949380812313e-17
4.900695284352827002e+03 7.723740074454282139e-17
4.905451684331514116e+03 6.674438306373615048e-17
4.910208084310201230e+03 6.280607690569767936e-17
4.914964484288888343e+03 4.668665610764411930e-17
4.919720884267575457e+03 5.836467949910445680e-17
4.924477284246263480e+03 6.297899735839066469e-17
4.929233684224950593e+03 5.819318179706506268e-17
4.933990084203637707e+03 6.056742838310866738e-17
4.938746484182325730e+03 6.242427680472280348e-17
4.943502884161012844e+03 5.881968839301272584e-17
4.948259284139699957e+03 6.164643586134733880e-17
4.953015684118387071e+03 6.141595025546556317e-17
4.957772084097074185e+03 6.293966326590254312e-17
4.962528484075761298e+03 6.640636397822248125e-17
4.967284884054449321e+03 6.636254325809187206e-17
4.972041284033136435e+03 6.669939105585816620e-17
4.976797684011823549e+03 7.144369538532340707e-17
4.981554083990510662e+03 6.900257290111611519e-17
4.986310483969198685e+03 7.756593703151418271e-17
4.991066883947885799e+03 6.571786515844764399e-17
4.995823283926572913e+03 6.422196526892714704e-17
5.000579683905260026e+03 7.339359169968240814e-17
5.005336083883947140e+03 6.954026676905518487e-17
5.010092483862634253e+03 7.351424095510694255e-17
5.014848883841322277e+03 8.158355988412913855e-17
5.019605283820009390e+03 7.913084363645630343e-17
5.024361683798696504e+03 7.547213776035055651e-17
5.029118083777383617e+03 6.373233390329985848e-17
5.033874483756071641e+03 6.124318862145018802e-17
5.038630883734758754e+03 6.704255189605946505e-17
5.043387283713445868e+03 7.098506013160970555e-17
5.048143683692132981e+03 6.936232367568277756e-17
5.052900083670820095e+03 7.139009408162997087e-17
5.057656483649507209e+03 6.998939275444697678e-17
5.062412883628195232e+03 5.449099269051862820e-17
5.067169283606882345e+03 6.109008079878907281e-17
5.071925683585569459e+03 8.069864206481990954e-17
5.076682083564257482e+03 6.830252002254513723e-17
5.081438483542944596e+03 5.620918578913417559e-17
5.086194883521631709e+03 5.880427636383963783e-17
5.090951283500318823e+03 6.711864589496944317e-17
5.095707683479005937e+03 8.330827778341650422e-17
5.100464083457693050e+03 7.858258832645615669e-17
5.105220483436380164e+03 6.162735776769941577e-17
5.109976883415068187e+03 6.685877883372978400e-17
5.114733283393755300e+03 7.464544022127525980e-17
5.119489683372442414e+03 7.362807424228404000e-17
5.124246083351130437e+03 6.087893798435123718e-17
5.129002483329817551e+03 6.375219285544603156e-17
5.133758883308504664e+03 6.737837398986619344e-17
5.138515283287191778e+03 7.234163633619667094e-17
5.143271683265878892e+03 7.016823582032584179e-17
5.148028083244566005e+03 7.383726491047625049e-17
5.152784483223254028e+03 7.576284873227109298e-17
5.157540883201941142e+03 7.784101759857991716e-17
5.162297283180628256e+03 7.991139773224094204e-17
5.167053683159315369e+03 6.866743240413413049e-17
5.171810083138003392e+03 6.584525097278081025e-17
5.176566483116690506e+03 6.957369810069212804e-17
5.181322883095377620e+03 7.375424244675552821e-17
5.186079283074064733e+03 6.245448544069324005e-17
5.190835683052751847e+03 6.380376260355503752e-17
5.195592083031438960e+03 7.254897411981676265e-17
5.200348483010126984e+03 7.212356505694809115e-17
5.205104882988814097e+03 6.525394256625850352e-17
5.209861282967501211e+03 6.942585114672685008e-17
5.214617682946188324e+03 6.297284313463327016e-17
5.219374082924876348e+03 6.123190587789496472e-17
5.224130482903563461e+03 6.154794842889432511e-17
5.228886882882250575e+03 6.572619652157727808e-17
5.233643282860937688e+03 6.518746371478884179e-17
5.238399682839624802e+03 6.170688622051271406e-17
5.243156082818311916e+03 6.553083631322695422e-17
5.247912482796999939e+03 6.681316478603115984e-17
5.252668882775687052e+03 5.921539836316829343e-17
5.257425282754374166e+03 6.379400848977181222e-17
5.262181682733062189e+03 7.190602317329154529e-17
5.266938082711749303e+03 6.245562364121611302e-17
5.271694482690436416e+03 6.232639817720062882e-17
5.276450882669123530e+03 6.796365390408421370e-17
5.281207282647810644e+03 6.869890497208054809e-17
5.285963682626497757e+03 6.204947796045257643e-17
5.290720082605184871e+03 5.666285795917255894e-17
5.295476482583872894e+03 5.827505944281801157e-17
5.300232882562560007e+03 6.863751493573931259e-17
5.304989282541247121e+03 6.129049673504332078e-17
5.309745682519935144e+03 5.880598366462394728e-17
5.314502082498622258e+03 7.320072626805954421e-17
5.319258482477309371e+03 7.633575402452531995e-17
5.324014882455996485e+03 7.182832775271566451e-17
5.328771282434683599e+03 6.032335716284632082e-17
5.333527682413370712e+03 4.847435553877127250e-17
5.338284082392058735e+03 5.229934787905732947e-17
5.343040482370745849e+03 7.332760253913537781e-17
5.347796882349432963e+03 7.477377233022918673e-17
5.352553282328120076e+03 6.299892910243074244e-17
5.357309682306808099e+03 8.250584641479106313e-17
5.362066082285495213e+03 7.111023571934613013e-17
5.366822482264182327e+03 7.165716092292129160e-17
5.371578882242869440e+03 5.826727071017021226e-17
5.376335282221556554e+03 6.678518622899216623e-17
5.381091682200243667e+03 5.991872687696498138e-17
5.385848082178931691e+03 6.273048583260013348e-17
5.390604482157618804e+03 6.594005248842428764e-17
5.395360882136305918e+03 6.973143813478354020e-17
5.400117282114993031e+03 6.821276761736068351e-17
5.404873682093681055e+03 6.955862356120896166e-17
5.409630082072368168e+03 8.244401300964149921e-17
5.414386482051055282e+03 6.597257723010987269e-17
5.419142882029742395e+03 6.675057037471804713e-17
5.423899282008429509e+03 8.702530320142968980e-17
5.428655681987116623e+03 7.331708741918860372e-17
5.433412081965804646e+03 6.533375556920252005e-17
5.438168481944491759e+03 6.653839523887574532e-17
5.442924881923178873e+03 5.607388551070010196e-17
5.447681281901866896e+03 6.884100798387225782e-17
5.452437681880554010e+03 9.975696278738047226e-17
5.457194081859241123e+03 9.427037304598974606e-17
5.461950481837928237e+03 7.115072124724692551e-17
5.466706881816615351e+03 8.450241556803275624e-17
5.471463281795302464e+03 8.946021190487548334e-17
5.476219681773989578e+03 7.808798064226374911e-17
5.480976081752677601e+03 6.677868789809994965e-17
5.485732481731364715e+03 6.500165909687473050e-17
5.490488881710051828e+03 7.389367862825236698e-17
5.495245281688739851e+03 7.153072802065378643e-17
5.500001681667426965e+03 6.567848474384521944e-17
5.504758081646114078e+03 6.472401096118763145e-17
5.509514481624801192e+03 6.250097299111872021e-17
5.514270881603488306e+03 7.139381970310890971e-17
5.519027281582175419e+03 7.169203485754652725e-17
5.523783681560862533e+03 6.259097024176448962e-17
5.528540081539550556e+03 6.414755210102187667e-17
5.533296481518237670e+03 6.614608663539899578e-17
5.538052881496925693e+03 5.652147624887499545e-17
5.542809281475612806e+03 6.720604248976934586e-17
5.547565681454299920e+03 7.181831555858132266e-17
5.552322081432987034e+03 6.875190408828804568e-17
5.557078481411674147e+03 6.999812116427063633e-17
5.561834881390361261e+03 6.607600789390350327e-17
5.566591281369048374e+03 9.664274689512653070e-17
5.571347681347735488e+03 8.297129763675220159e-17
5.576104081326423511e+03 6.632826489350767459e-17
5.580860481305110625e+03 6.990895109423741994e-17
5.585616881283798648e+03 7.121143630420831774e-17
5.590373281262485762e+03 7.544808996558241489e-17
5.595129681241172875e+03 6.575595517129448580e-17
5.599886081219859989e+03 6.087471605450476653e-17
5.604642481198547102e+03 6.233330017223177128e-17
5.609398881177234216e+03 6.580123172930318833e-17
5.614155281155921330e+03 6.637115255390732397e-17
5.618911681134609353e+03 5.876279821920377881e-17
5.623668081113296466e+03 6.828863000569914679e-17
5.628424481091983580e+03 6.239578870442647721e-17
5.633180881070671603e+03 6.063512484444000717e-17
5.637937281049358717e+03 6.345196599775868506e-17
5.642693681028045830e+03 5.809653401429436693e-17
5.647450081006732944e+03 6.495738839049089246e-17
5.652206480985420058e+03 7.175200214323417154e-17
5.656962880964107171e+03 7.052791380299859949e-17
5.661719280942794285e+03 6.516950396932909046e-17
5.666475680921482308e+03 5.825663647621523054e-17
5.671232080900169422e+03 5.706289573829300397e-17
5.675988480878856535e+03 7.358017055864986907e-17
5.680744880857544558e+03 9.442563815568839956e-17
5.685501280836231672e+03 8.349021119606386734e-17
5.690257680814918785e+03 8.547685418195492412e-17
5.695014080793605899e+03 7.705573864713637566e-17
5.699770480772293013e+03 8.151530755742616313e-17
5.704526880750980126e+03 7.787428349409434973e-17
5.709283280729667240e+03 7.362244279667377899e-17
5.714039680708355263e+03 7.038528139561485582e-17
5.718796080687042377e+03 7.128185915283863231e-17
5.723552480665730400e+03 7.493184323656562010e-17
5.728308880644417513e+03 6.366863437868837492e-17
5.733065280623104627e+03 5.428591807305448158e-17
5.737821680601791741e+03 5.224740755403389975e-17
5.742578080580478854e+03 5.971920429577229068e-17
5.747334480559165968e+03 6.991506561332541192e-17
5.752090880537853081e+03 6.514487383940971150e-17
5.756847280516540195e+03 6.693671909976698048e-17
5.761603680495228218e+03 7.376899934888347422e-17
5.766360080473915332e+03 6.620917073763473988e-17
5.771116480452603355e+03 5.209486883163422103e-17
5.775872880431290469e+03 5.398667059721239786e-17
5.780629280409977582e+03 6.634861353657647907e-17
5.785385680388664696e+03 6.917530806535188864e-17
5.790142080367351809e+03 4.993944129611294406e-17
5.794898480346038923e+03 6.329493403027161829e-17
5.799654880324726037e+03 6.795310569691293749e-17
5.804411280303414060e+03 6.257064145103038641e-17
5.809167680282101173e+03 6.617547470820177974e-17
5.813924080260788287e+03 6.101555513432049523e-17
5.818680480239476310e+03 5.549594103415420195e-17
5.823436880218163424e+03 8.352598510319556068e-17
5.828193280196850537e+03 7.683614535556069830e-17
5.832949680175537651e+03 6.287781000841827792e-17
5.837706080154224765e+03 4.652127623341516737e-17
5.842462480132911878e+03 7.592476437409467283e-17
5.847218880111598992e+03 6.988173354336197512e-17
5.851975280090287015e+03 5.726397341903729436e-17
5.856731680068974129e+03 7.516954847483375856e-17
5.861488080047661242e+03 7.002215572414897710e-17
5.866244480026349265e+03 5.851690058414891517e-17
5.871000880005036379e+03 6.393644899125344359e-17
5.875757279983723492e+03 7.469802905589893109e-17
5.880513679962410606e+03 7.717252993218396274e-17
5.885270079941097720e+03 6.437118865143171323e-17
5.890026479919784833e+03 5.461802778027207198e-17
5.894782879898471947e+03 6.986908760615726443e-17
5.899539279877159970e+03 7.557380156635577382e-17
5.904295679855847084e+03 6.638225662645023581e-17
5.909052079834535107e+03 7.406990118595066399e-17
5.913808479813222220e+03 8.068035144711513699e-17
5.918564879791909334e+03 7.031639379420143968e-17
5.923321279770596448e+03 5.894569777880660387e-17
5.928077679749283561e+03 7.790001211986719910e-17
5.932834079727970675e+03 6.342025520179585220e-17
5.937590479706657788e+03 5.235788910536893234e-17
5.942346879685344902e+03 7.371778694279909117e-17
5.947103279664032925e+03 7.340543030860926708e-17
5.951859679642720039e+03 6.814621597399711712e-17
5.956616079621408062e+03 5.657309893654320480e-17
5.961372479600095176e+03 5.123561346364883715e-17
5.966128879578782289e+03 5.189323859424074521e-17
5.970885279557469403e+03 5.452962864256975502e-17
5.975641679536156516e+03 5.846321325367177346e-17
5.980398079514843630e+03 5.354098899189127677e-17
5.985154479493530744e+03 5.292401482532267470e-17
5.989910879472218767e+03 5.663714918573441084e-17
5.994667279450905880e+03 5.589886732797368215e-17
5.999423679429592994e+03 6.316055357667870363e-17
6.004180079408281017e+03 6.705625662444824361e-17
6.008936479386968131e+03 6.399565527077753909e-17
6.013692879365655244e+03 6.434798788961082591e-17
6.018449279344342358e+03 5.962720195932169273e-17
6.023205679323029472e+03 5.565586813378520432e-17
6.027962079301716585e+03 6.457072446751420478e-17
6.032718479280403699e+03 6.538942151570488861e-17
6.037474879259091722e+03 6.374534379997409250e-17
6.042231279237778836e+03 6.079134948364922218e-17
6.046987679216465949e+03 6.773575571915850394e-17
6.051744079195153972e+03 7.516927054214794074e-17
6.056500479173841086e+03 7.140768986762019888e-17
6.061256879152528199e+03 6.201209601421008000e-17
6.066013279131215313e+03 5.879735451647379410e-17
6.070769679109902427e+03 5.266703958750450091e-17
6.075526079088589540e+03 5.614491716426125555e-17
6.080282479067276654e+03 6.859325746424527540e-17
6.085038879045964677e+03 6.148878847148453257e-17
6.089795279024651791e+03 5.476668537123765190e-17
6.094551679003339814e+03 6.180176052805009613e-17
6.099308078982026927e+03 5.733480654925143523e-17
6.104064478960714041e+03 6.427633419622903244e-17
6.108820878939401155e+03 7.235002063888550843e-17
6.113577278918088268e+03 4.458344682983208986e-17
6.118333678896775382e+03 4.968217819944160181e-17
6.123090078875462495e+03 7.075717518157379664e-17
6.127846478854149609e+03 7.089071521966435743e-17
6.132602878832837632e+03 6.144860734604915670e-17
6.137359278811524746e+03 4.893854282875642993e-17
6.142115678790212769e+03 5.178585731584156137e-17
6.146872078768899883e+03 4.808603725456947876e-17
6.151628478747586996e+03 5.737902431607606987e-17
6.156384878726274110e+03 6.345434166047793736e-17
6.161141278704961223e+03 6.040440101054181626e-17
6.165897678683648337e+03 5.636087747858660002e-17
6.170654078662335451e+03 5.408523413028176643e-17
6.175410478641023474e+03 5.375043112298970337e-17
6.180166878619710587e+03 5.260616571186549849e-17
6.184923278598397701e+03 5.143692606368709260e-17
6.189679678577085724e+03 5.363941024989528621e-17
6.194436078555772838e+03 5.913400379089307551e-17
6.199192478534459951e+03 5.985807137700769297e-17
6.203948878513147065e+03 5.949345016299431837e-17
6.208705278491834179e+03 6.871178251985677362e-17
6.213461678470521292e+03 6.171360954453154507e-17
6.218218078449208406e+03 5.458008996865793992e-17
6.222974478427896429e+03 5.616378349967236501e-17
6.227730878406583543e+03 6.156572950334176500e-17
6.232487278385270656e+03 5.434591513724417778e-17
6.237243678363958679e+03 5.573891706728552830e-17
6.242000078342645793e+03 5.228456119842733155e-17
6.246756478321332906e+03 5.611510557498484444e-17
6.251512878300020020e+03 5.361471394552690302e-17
6.256269278278707134e+03 4.638852367126775707e-17
6.261025678257394247e+03 4.944482368575318584e-17
6.265782078236081361e+03 6.288385835305726566e-17
6.270538478214769384e+03 5.693218134917492432e-17
6.275294878193456498e+03 4.059134746219807024e-17
6.280051278172144521e+03 4.745523924560389050e-17
6.284807678150831634e+03 5.641110388538081986e-17
6.289564078129518748e+03 4.688414051580747934e-17
6.294320478108205862e+03 3.883552757187871073e-17
6.299076878086892975e+03 5.746591798506354033e-17
6.303833278065580089e+03 5.620469916149168797e-17
6.308589678044267202e+03 5.886392601217206176e-17
6.313346078022954316e+03 5.812948888989847955e-17
6.318102478001642339e+03 5.814619793827205071e-17
6.322858877980329453e+03 4.540061524825077569e-17
6.327615277959017476e+03 4.545641685237360294e-17
6.332371677937704590e+03 4.682236666766201923e-17
6.337128077916391703e+03 5.665332222107104763e-17
6.341884477895078817e+03 5.863099856912202959e-17
6.346640877873765930e+03 4.830736100798661706e-17
6.351397277852453044e+03 4.495342817421480808e-17
6.356153677831140158e+03 5.622833005723110286e-17
6.360910077809828181e+03 5.556299229460775037e-17
6.365666477788515294e+03 4.142837814148537937e-17
6.370422877767202408e+03 4.062957644138782097e-17
6.375179277745890431e+03 4.873913936157194687e-17
6.379935677724577545e+03 5.637971072677320735e-17
6.384692077703264658e+03 5.326725176614032842e-17
6.389448477681951772e+03 5.467041809154873054e-17
6.394204877660638886e+03 5.679236135587386095e-17
6.398961277639325999e+03 5.596180584642161692e-17
6.403717677618013113e+03 4.913914736219033999e-17
6.408474077596701136e+03 5.310526664114529412e-17
6.413230477575388250e+03 5.324019634266494399e-17
6.417986877554075363e+03 5.120884259030417096e-17
6.422743277532763386e+03 5.311949414768120620e-17
6.427499677511450500e+03 5.235219148530966709e-17
6.432256077490137613e+03 5.194311096773279236e-17
6.437012477468824727e+03 5.007548603709831541e-17
6.441768877447511841e+03 4.740165779424515557e-17
6.446525277426198954e+03 4.838641962221198523e-17
6.451281677404886068e+03 4.670147587549861935e-17
6.456038077383574091e+03 4.775934723472533580e-17
6.460794477362261205e+03 5.399135243947944800e-17
6.465550877340949228e+03 4.767648028095977349e-17
6.470307277319636341e+03 4.031192916000010771e-17
6.475063677298323455e+03 4.125335995875895956e-17
6.479820077277010569e+03 5.051926512701056455e-17
6.484576477255697682e+03 4.965809070000405765e-17
6.489332877234384796e+03 5.072619262904682995e-17
6.494089277213071910e+03 4.128486230520742907e-17
6.498845677191759023e+03 5.311793573940715629e-17
6.503602077170447046e+03 4.779811222695202089e-17
6.508358477149134160e+03 4.729781354014524848e-17
6.513114877127822183e+03 5.172312393818553975e-17
6.517871277106509297e+03 5.206956372233499880e-17
6.522627677085196410e+03 5.138378136369178568e-17
6.527384077063883524e+03 4.610564113666442245e-17
6.532140477042570637e+03 5.106108166312259852e-17
6.536896877021257751e+03 5.964816602476623666e-17
6.541653276999944865e+03 5.278805280239855864e-17
6.546409676978632888e+03 4.762591969319808223e-17
6.551166076957320001e+03 4.138280048973370755e-17
6.555922476936007115e+03 4.818788634903190796e-17
6.560678876914695138e+03 5.628329455457402645e-17
6.565435276893382252e+03 5.083397426286248946e-17
6.570191676872069365e+03 4.846519037758418495e-17
6.574948076850756479e+03 4.916601418848606233e-17
6.579704476829443593e+03 5.152083195630202152e-17
6.584460876808130706e+03 4.951010477969587078e-17
6.589217276786817820e+03 4.669023945405769902e-17
6.593973676765505843e+03 4.527179675709666758e-17
6.598730076744192957e+03 4.599314457335721069e-17
6.603486476722880070e+03 4.607833094156037169e-17
6.608242876701568093e+03 4.890956172881502206e-17
6.612999276680255207e+03 4.977521947474156637e-17
6.617755676658942321e+03 4.637234732720867006e-17
6.622512076637629434e+03 5.247231465386461777e-17
6.627268476616316548e+03 5.243556798233256207e-17
6.632024876595003661e+03 4.494065319683453912e-17
6.636781276573690775e+03 5.093169738042950415e-17
6.641537676552378798e+03 5.344487060471261495e-17
6.646294076531065912e+03 5.389520758252118449e-17
6.651050476509753935e+03 5.382175063540402542e-17
6.655806876488441048e+03 4.793478893392538276e-17
6.660563276467128162e+03 4.977555034698658758e-17
6.665319676445815276e+03 5.732386791283103399e-17
6.670076076424502389e+03 5.481918156163271725e-17
6.674832476403189503e+03 5.037794297371710488e-17
6.679588876381876617e+03 5.112836784287011201e-17
6.684345276360563730e+03 5.277011952671840900e-17
6.689101676339251753e+03 5.047840571347289519e-17
6.693858076317938867e+03 5.192272923743948576e-17
6.698614476296626890e+03 5.721865053891428887e-17
6.703370876275314004e+03 5.130242980480842051e-17
6.708127276254001117e+03 5.479678481936723147e-17
6.712883676232688231e+03 5.850460537152392696e-17
6.717640076211375344e+03 5.643818908735825620e-17
6.722396476190062458e+03 5.753010058315275485e-17
6.727152876168749572e+03 5.633872889050488015e-17
6.731909276147437595e+03 5.166026152035395986e-17
6.736665676126124708e+03 5.286412694897383549e-17
6.741422076104811822e+03 5.259765567772355294e-17
6.746178476083499845e+03 5.230599510245980560e-17
6.750934876062186959e+03 5.544088720130512264e-17
6.755691276040874072e+03 6.572187533005730106e-17
6.760447676019561186e+03 7.316435017344191227e-17
6.765204075998248300e+03 6.944559760230971596e-17
6.769960475976935413e+03 6.323632332078856096e-17
6.774716875955622527e+03 5.862692884050826870e-17
6.779473275934310550e+03 5.682305306532202849e-17
6.784229675912997664e+03 5.495145105030239659e-17
6.788986075891684777e+03 5.510660366343774288e-17
6.793742475870372800e+03 5.040027685025603662e-17
6.798498875849059914e+03 5.078162365625523344e-17
6.803255275827747028e+03 4.887381429146293041e-17
6.808011675806434141e+03 4.996582174020848522e-17
6.812768075785121255e+03 5.178521211496377001e-17
6.817524475763808368e+03 4.761923938257110397e-17
6.822280875742495482e+03 4.599451107572914829e-17
6.827037275721183505e+03 4.201505433657738914e-17
6.831793675699870619e+03 4.316893158641946021e-17
6.836550075678558642e+03 4.403892045003333217e-17
6.841306475657245755e+03 4.913168619306511168e-17
6.846062875635932869e+03 5.279345263743730481e-17
6.850819275614619983e+03 3.961906944403589088e-17
6.855575675593307096e+03 6.139669349080532868e-17
6.860332075571994210e+03 5.456934654686210120e-17
6.865088475550681324e+03 4.049407102216183419e-17
6.869844875529368437e+03 3.884012338736205535e-17
6.874601275508056460e+03 4.376454794957194310e-17
6.879357675486743574e+03 3.739098567223040617e-17
6.884114075465431597e+03 4.526770386742575520e-17
6.888870475444118711e+03 3.804819721251603772e-17
6.893626875422805824e+03 3.842227475529211853e-17
6.898383275401492938e+03 5.010489396223580065e-17
6.903139675380180051e+03 5.134918867047481806e-17
6.907896075358867165e+03 4.719319173626954154e-17
6.912652475337554279e+03 4.544838658298693814e-17
6.917408875316242302e+03 4.278138092582611568e-17
6.922165275294929415e+03 4.253280653430903044e-17
6.926921675273616529e+03 5.064906300000993544e-17
6.931678075252304552e+03 5.045647550107288932e-17
6.936434475230991666e+03 4.429795371321553789e-17
6.941190875209678779e+03 3.775506094703949577e-17
6.945947275188365893e+03 4.677611403653050414e-17
6.950703675167053007e+03 4.906731499779623507e-17
6.955460075145740120e+03 3.872537027534379893e-17
6.960216475124427234e+03 4.946757115259839410e-17
6.964972875103115257e+03 5.324217826741262105e-17
6.969729275081802371e+03 5.178771681785858058e-17
6.974485675060489484e+03 4.728867815746021284e-17
6.979242075039177507e+03 4.291509963492898792e-17
6.983998475017864621e+03 4.318245764379592731e-17
6.988754874996551735e+03 3.548562476205126010e-17
6.993511274975238848e+03 3.550896118149260612e-17
6.998267674953925962e+03 4.082229959794532578e-17
7.003024074932613075e+03 4.036480585347694745e-17
7.007780474911300189e+03 4.709258341272594189e-17
7.012536874889988212e+03 4.746993659072773269e-17
7.017293274868675326e+03 4.025221664594112975e-17
7.022049674847363349e+03 4.111041984018734617e-17
7.026806074826050462e+03 4.616499961742122772e-17
7.031562474804737576e+03 4.575648820010578947e-17
7.036318874783424690e+03 4.508405653654918221e-17
7.041075274762111803e+03 4.164156574639744609e-17
7.045831674740798917e+03 4.540689189473882806e-17
7.050588074719486031e+03 4.900126958896755113e-17
7.055344474698173144e+03 4.118731454993027562e-17
7.060100874676861167e+03 3.521574550667725908e-17
7.064857274655548281e+03 3.233630663332301826e-17
7.069613674634236304e+03 3.593349674163442162e-17
7.074370074612923418e+03 3.852876598735219531e-17
7.079126474591610531e+03 4.382376415526338925e-17
7.083882874570297645e+03 4.251422805775108944e-17
7.088639274548984758e+03 4.097396150889569830e-17
7.093395674527671872e+03 4.433892893203896467e-17
7.098152074506358986e+03 3.871284676086974609e-17
7.102908474485047009e+03 4.179131521577159601e-17
7.107664874463734122e+03 4.524843055915326966e-17
7.112421274442421236e+03 4.071680760006521306e-17
7.117177674421109259e+03 4.194525021904526424e-17
7.121934074399796373e+03 4.219270626237417779e-17
7.126690474378483486e+03 3.817816383036036943e-17
7.131446874357170600e+03 4.400820557952801314e-17
7.136203274335857714e+03 4.664107514716999726e-17
7.140959674314544827e+03 3.975280138802856397e-17
7.145716074293231941e+03 3.785585455904030730e-17
7.150472474271919964e+03 4.436998460095665554e-17
7.155228874250607078e+03 4.651774582656079105e-17
7.159985274229294191e+03 4.172023724009613944e-17
7.164741674207982214e+03 4.045592476103333876e-17
7.169498074186669328e+03 3.951728652402246593e-17
7.174254474165356442e+03 3.569617531517050777e-17
7.179010874144043555e+03 3.904532373627931003e-17
7.183767274122730669e+03 3.961454972916890113e-17
7.188523674101417782e+03 3.501138557326235828e-17
7.193280074080104896e+03 3.627095334433155479e-17
7.198036474058792919e+03 3.808481484387253515e-17
7.202792874037480033e+03 4.158237270176315143e-17
7.207549274016168056e+03 4.933053379487795911e-17
7.212305673994855169e+03 5.300797034877435679e-17
7.217062073973542283e+03 4.968048744226954343e-17
7.221818473952229397e+03 4.479732264901380070e-17
7.226574873930916510e+03 3.798465319785971413e-17
7.231331273909603624e+03 4.735168285035715185e-17
7.236087673888290738e+03 3.423266450971513717e-17
7.240844073866977851e+03 3.923050631437278145e-17
7.245600473845665874e+03 3.633486131845740171e-17
7.250356873824352988e+03 3.323656699863388082e-17
7.255113273803041011e+03 4.583848495986694600e-17
7.259869673781728125e+03 4.211542112338212331e-17
7.264626073760415238e+03 4.428978447748596419e-17
7.269382473739102352e+03 5.390969316940821311e-17
7.274138873717789465e+03 4.162461185256255923e-17
7.278895273696476579e+03 4.428338540826725397e-17
7.283651673675163693e+03 3.796279908607606314e-17
7.288408073653851716e+03 4.219737817847387729e-17
7.293164473632538829e+03 4.444413637978835915e-17
7.297920873611225943e+03 4.400460899822463258e-17
7.302677273589913966e+03 4.048438639155006334e-17
7.307433673568601080e+03 4.082306060410887457e-17
7.312190073547288193e+03 4.234092048453142929e-17
7.316946473525975307e+03 4.401286756946036201e-17
7.321702873504662421e+03 4.309070346152909527e-17
7.326459273483349534e+03 4.365022497147221425e-17
7.331215673462036648e+03 5.091730774649353168e-17
7.335972073440724671e+03 4.845321941975931754e-17
7.340728473419411785e+03 3.740531244043982461e-17
7.345484873398098898e+03 3.704600172595904045e-17
7.350241273376786921e+03 4.344169935649249640e-17
7.354997673355474035e+03 4.895321039537822022e-17
7.359754073334161149e+03 4.379412461955438916e-17
7.364510473312848262e+03 3.961909922253794279e-17
7.369266873291535376e+03 3.272004564565371843e-17
7.374023273270222489e+03 3.487631690539979949e-17
7.378779673248909603e+03 4.056327295220802048e-17
7.383536073227597626e+03 3.283798505739152912e-17
7.388292473206284740e+03 3.375588422208447245e-17
7.393048873184972763e+03 4.322364131213371746e-17
7.397805273163659876e+03 3.810374735373264884e-17
7.402561673142346990e+03 4.292501587611227362e-17
7.407318073121034104e+03 5.248059969487994889e-17
7.412074473099721217e+03 4.116337594300299100e-17
7.416830873078408331e+03 4.233453465020251992e-17
7.421587273057095445e+03 4.927018931483099064e-17
7.426343673035782558e+03 4.749341859395688804e-17
7.431100073014470581e+03 4.793177799649568974e-17
7.435856472993157695e+03 4.169050175143608321e-17
7.440612872971845718e+03 3.504785100338614595e-17
7.445369272950532832e+03 3.904340467725818701e-17
7.450125672929219945e+03 4.682240306360897157e-17
7.454882072907907059e+03 4.443297275024134349e-17
7.459638472886594172e+03 3.882419519748673425e-17
7.464394872865281286e+03 4.300825340679225969e-17
7.469151272843968400e+03 4.590297196042158003e-17
7.473907672822656423e+03 4.092896619229526381e-17
7.478664072801343536e+03 3.914941945328543325e-17
7.483420472780030650e+03 5.034768470690991512e-17
7.488176872758718673e+03 4.047275292341511756e-17
7.492933272737405787e+03 4.116014001244668356e-17
7.497689672716092900e+03 4.330000331756216276e-17
7.502446072694780014e+03 4.249093465170159618e-17
7.507202472673467128e+03 4.313072576828686096e-17
7.511958872652154241e+03 4.853536176330828340e-17
7.516715272630842264e+03 4.567741304226817024e-17
7.521471672609529378e+03 4.450430218882301617e-17
7.526228072588216492e+03 4.640706575187874574e-17
7.530984472566903605e+03 3.581313203634060546e-17
7.535740872545590719e+03 3.975533917814787666e-17
7.540497272524278742e+03 4.523657871533660988e-17
7.545253672502965856e+03 3.955657760311873474e-17
7.550010072481652969e+03 4.180269391227787546e-17
7.554766472460340083e+03 4.654400384792567436e-17
7.559522872439027196e+03 4.224009378530611564e-17
7.564279272417715219e+03 4.825748532577211970e-17
7.569035672396402333e+03 4.482629382278785794e-17
7.573792072375089447e+03 3.941229745195478544e-17
7.578548472353776560e+03 4.190899323843583994e-17
7.583304872332463674e+03 4.043444784360901195e-17
7.588061272311151697e+03 3.217510898427113444e-17
7.592817672289838811e+03 2.582363739236843866e-17
7.597574072268525924e+03 2.126255522294491853e-17
7.602330472247213038e+03 1.424209634755628631e-17
7.607086872225900152e+03 1.669359002228376805e-17
7.611843272204588175e+03 1.926684799190150568e-17
7.616599672183275288e+03 2.315570032983788149e-17
7.621356072161962402e+03 2.515974719581705397e-17
7.626112472140649515e+03 2.418520766586015463e-17
7.630868872119337539e+03 1.999272048611271384e-17
7.635625272098024652e+03 2.544438831640267632e-17
7.640381672076711766e+03 2.949301555273734475e-17
7.645138072055398879e+03 3.326307648290498025e-17
7.649894472034085993e+03 3.295710899176651574e-17
7.654650872012774016e+03 2.692253029253288487e-17
7.659407271991461130e+03 3.397842227664083859e-17
7.664163671970148243e+03 4.010777767609957026e-17
7.668920071948835357e+03 3.529311667245301908e-17
7.673676471927522471e+03 3.725025578025553446e-17
7.678432871906210494e+03 3.874349876564851108e-17
7.683189271884897607e+03 3.658768080087810909e-17
7.687945671863584721e+03 4.341721811908337699e-17
7.692702071842271835e+03 3.200843209084169936e-17
7.697458471820958948e+03 3.912150045325054346e-17
7.702214871799646971e+03 4.979225608663770852e-17
7.706971271778334085e+03 5.785368040389369843e-17
7.711727671757021199e+03 5.062064438288506362e-17
7.716484071735708312e+03 3.550585429111185695e-17
7.721240471714395426e+03 4.108583603238227019e-17
7.725996871693083449e+03 4.162806615880058068e-17
7.730753271671770563e+03 3.749066093604304600e-17
7.735509671650457676e+03 4.059499367433820399e-17
7.740266071629144790e+03 4.180464605852350060e-17
7.745022471607831903e+03 4.280812532939118017e-17
7.749778871586519926e+03 4.441456632725081352e-17
7.754535271565207040e+03 3.697896370039529287e-17
7.759291671543894154e+03 4.217570935514743818e-17
7.764048071522581267e+03 4.393320345902660502e-17
7.768804471501268381e+03 4.280487285522262166e-17
7.773560871479956404e+03 4.556247133307025172e-17
7.778317271458643518e+03 4.573833654874392583e-17
7.783073671437330631e+03 4.590980447228126804e-17
7.787830071416017745e+03 4.409038762774638155e-17
7.792586471394704859e+03 3.624376226323571166e-17
7.797342871373392882e+03 3.397185446257716755e-17
7.802099271352079995e+03 3.637509538345198097e-17
7.806855671330767109e+03 3.653599524748334570e-17
7.811612071309454223e+03 3.895711650447910538e-17
7.816368471288142246e+03 2.444912625774009853e-17
7.821124871266829359e+03 3.529676288459315282e-17
7.825881271245516473e+03 3.720164403001701813e-17
7.830637671224203586e+03 3.814408398912318469e-17
7.835394071202890700e+03 4.361891453092585705e-17
7.840150471181578723e+03 4.900968036143599031e-17
7.844906871160265837e+03 5.167506805331865906e-17
7.849663271138952950e+03 4.067277181297534008e-17
7.854419671117640064e+03 4.225884762415391788e-17
7.859176071096327178e+03 5.733633517902343322e-17
7.863932471075015201e+03 4.698516573837980572e-17
7.868688871053702314e+03 4.176129517698082153e-17
7.873445271032389428e+03 3.658476581639947222e-17
7.878201671011076542e+03 3.440461219800776014e-17
7.882958070989763655e+03 3.946515098437447370e-17
7.887714470968451678e+03 4.063972429314262151e-17
7.892470870947138792e+03 3.505073951808518112e-17
7.897227270925825906e+03 3.550114928778765533e-17
7.901983670904513019e+03 3.926628353022692500e-17
7.906740070883200133e+03 3.922209885062679247e-17
7.911496470861888156e+03 3.525522518295318999e-17
7.916252870840575270e+03 3.749375128281154412e-17
7.921009270819262383e+03 4.592436946850710175e-17
7.925765670797949497e+03 3.376244210998079285e-17
7.930522070776636610e+03 3.876303015427211317e-17
7.935278470755324634e+03 3.889926680115959683e-17
7.940034870734011747e+03 4.401321167659518407e-17
7.944791270712698861e+03 4.414366467663969696e-17
7.949547670691385974e+03 4.208684699630209152e-17
7.954304070670073088e+03 4.496528332675391807e-17
7.959060470648761111e+03 4.381931392356785396e-17
7.963816870627448225e+03 4.104578063840000238e-17
7.968573270606135338e+03 3.865427244733364109e-17
7.973329670584822452e+03 3.605105234156800770e-17
7.978086070563509566e+03 4.420781418750440936e-17
7.982842470542197589e+03 5.222389577230269250e-17
7.987598870520884702e+03 4.768642299192266088e-17
7.992355270499571816e+03 5.080213442672409832e-17
7.997111670478258930e+03 3.371683467972706912e-17
8.001868070456946953e+03 4.506360863180687137e-17
8.006624470435634066e+03 4.285987705723494779e-17
8.011380870414321180e+03 3.999035442506399267e-17
8.016137270393008293e+03 4.265066984543048625e-17
8.020893670371695407e+03 3.641902529142344717e-17
8.025650070350383430e+03 2.930174823405793326e-17
8.030406470329070544e+03 3.015222887010535462e-17
8.035162870307757657e+03 3.526108162169006542e-17
8.039919270286444771e+03 3.995098724535136897e-17
8.044675670265131885e+03 4.377067901227218614e-17
8.049432070243819908e+03 4.812367397244064152e-17
8.054188470222507021e+03 4.317619423219767579e-17
8.058944870201194135e+03 3.799667378652133473e-17
8.063701270179881249e+03 4.618432255653046644e-17
8.068457670158568362e+03 5.192843016622120122e-17
8.073214070137256385e+03 4.316114616249411111e-17
8.077970470115943499e+03 4.250327618644088735e-17
8.082726870094630613e+03 4.627048499785644002e-17
8.087483270073317726e+03 5.341625015551828019e-17
8.092239670052004840e+03 4.837570928764064863e-17
8.096996070030692863e+03 4.041132649112692972e-17
8.101752470009379977e+03 4.141625829115025241e-17
8.106508869988067090e+03 3.832774786361200874e-17
8.111265269966754204e+03 4.584850377144618827e-17
8.116021669945441317e+03 4.995417503718373859e-17
8.120778069924129341e+03 4.760723864624418465e-17
8.125534469902816454e+03 3.117508071091902610e-17
8.130290869881503568e+03 4.070318228101523958e-17
8.135047269860190681e+03 3.806988919689962832e-17
8.139803669838877795e+03 4.247821261388053061e-17
8.144560069817565818e+03 4.314931747973460281e-17
8.149316469796252932e+03 4.403425846010098330e-17
8.154072869774940045e+03 4.335127528065064963e-17
8.158829269753627159e+03 4.085263396536887041e-17
8.163585669732314273e+03 4.451671982417866223e-17
8.168342069711002296e+03 4.674191177256266155e-17
8.173098469689689409e+03 4.441122120885364908e-17
8.177854869668376523e+03 4.154122212064986341e-17
8.182611269647063637e+03 5.103997532261269547e-17
8.187367669625751660e+03 4.716366800584629888e-17
8.192124069604438773e+03 3.277942067002277476e-17
8.196880469583125887e+03 3.602283224779014861e-17
8.201636869561813000e+03 2.785765632066285755e-17
8.206393269540500114e+03 4.152353369043102946e-17
8.211149669519189047e+03 4.279210780400970334e-17
8.215906069497876160e+03 5.045307082567162106e-17
8.220662469476563274e+03 4.432964465684366949e-17
8.225418869455250388e+03 3.702118630758244962e-17
8.230175269433937501e+03 5.879909490448260567e-17
8.234931669412624615e+03 5.299545345174520438e-17
8.239688069391311728e+03 5.056941212446597930e-17
8.244444469369998842e+03 4.596607591499202541e-17
