3273.8500976562  1.656789E-16
3276.58223860987  -2.156105E-17
3279.31437956354  -1.560125E-17
3282.0465205172  1.721273E-16
3284.77866147087  1.506278E-16
3287.51080242454  1.515700E-16
3290.2429433782  4.821942E-17
3292.97508433187  3.772408E-17
3295.70722528554  6.014023E-17
3298.43936623921  6.711396E-17
3301.17150719287  7.554267E-17
3303.90364814654  -6.744365E-18
3306.63578910021  -3.349512E-17
3309.36793005387  5.577206E-17
3312.10007100754  6.446313E-17
3314.83221196121  -2.857503E-17
3317.56435291487  -2.755196E-17
3320.29649386854  1.461370E-16
3323.02863482221  2.090317E-16
3325.76077577587  1.727484E-16
3328.49291672954  4.075094E-17
3331.22505768321  -5.368291E-18
3333.95719863688  1.634836E-16
3336.68933959054  1.459871E-16
3339.42148054421  1.117596E-16
3342.15362149788  1.515270E-16
3344.88576245154  7.758050E-17
3347.61790340521  1.293289E-16
3350.35004435888  1.309231E-16
3353.08218531254  1.400195E-16
3355.81432626621  9.751273E-17
3358.54646721988  1.283700E-16
3361.27860817354  8.843482E-17
3364.01074912721  1.710478E-16
3366.74289008088  1.691803E-16
3369.47503103454  1.070807E-16
3372.20717198821  1.476983E-16
3374.93931294188  1.643534E-16
3377.67145389555  1.786338E-16
3380.40359484921  1.614019E-16
3383.13573580288  1.064375E-16
3385.86787675655  9.619874E-17
3388.60001771021  6.158456E-17
3391.33215866388  4.992814E-17
3394.06429961755  9.833225E-17
3396.79644057121  9.534319E-17
3399.52858152488  8.321309E-17
3402.26072247855  7.821153E-17
3404.99286343221  7.286672E-17
3407.72500438588  1.014614E-16
3410.45714533955  8.781764E-17
3413.18928629322  9.039438E-17
3415.92142724688  7.789097E-17
3418.65356820055  6.790090E-17
3421.38570915422  6.748564E-17
3424.11785010788  8.799961E-17
3426.84999106155  1.072388E-16
3429.58213201522  1.039188E-16
3432.31427296888  8.486995E-17
3435.04641392255  8.530800E-17
3437.77855487622  8.228819E-17
3440.51069582988  1.218912E-16
3443.24283678355  1.019931E-16
3445.97497773722  1.086187E-16
3448.70711869088  9.857580E-17
3451.43925964455  8.383716E-17
3454.17140059822  8.124753E-17
3456.90354155189  1.202921E-16
3459.63568250555  1.314279E-16
3462.36782345922  9.548929E-17
3465.09996441289  7.547015E-17
3467.83210536655  8.572956E-17
3470.56424632022  9.716867E-17
3473.29638727389  1.059383E-16
3476.02852822755  1.115264E-16
3478.76066918122  1.205358E-16
3481.49281013489  1.107784E-16
3484.22495108856  1.213743E-16
3486.95709204222  1.423709E-16
3489.68923299589  1.218938E-16
3492.42137394956  9.957054E-17
3495.15351490322  9.808379E-17
3497.88565585689  1.450745E-16
3500.61779681056  1.290682E-16
3503.34993776422  1.201657E-16
3506.08207871789  1.042721E-16
3508.81421967156  1.062106E-16
3511.54636062522  9.454189E-17
3514.27850157889  1.131730E-16
3517.01064253256  1.051957E-16
3519.74278348623  1.072860E-16
3522.47492443989  1.099512E-16
3525.20706539356  1.155696E-16
3527.93920634723  1.086698E-16
3530.67134730089  9.721079E-17
3533.40348825456  1.223795E-16
3536.13562920823  1.377958E-16
3538.86777016189  1.332378E-16
3541.59991111556  1.200908E-16
3544.33205206923  1.133210E-16
3547.06419302289  1.311500E-16
3549.79633397656  1.220279E-16
3552.52847493023  9.903541E-17
3555.26061588389  9.555206E-17
3557.99275683756  9.154309E-17
3560.72489779123  1.032087E-16
3563.4570387449  9.422599E-17
3566.18917969856  1.052062E-16
3568.92132065223  1.064742E-16
3571.6534616059  1.088073E-16
3574.38560255956  1.072623E-16
3577.11774351323  1.202815E-16
3579.8498844669  1.212912E-16
3582.58202542056  1.026957E-16
3585.31416637423  9.951356E-17
3588.0463073279  1.138958E-16
3590.77844828156  1.303996E-16
3593.51058923523  1.277761E-16
3596.2427301889  1.179939E-16
3598.97487114257  1.131855E-16
3601.70701209623  1.261549E-16
3604.4391530499  1.267481E-16
3607.17129400357  1.364691E-16
3609.90343495723  1.442264E-16
3612.6355759109  1.461531E-16
3615.36771686457  1.313581E-16
3618.09985781823  1.363501E-16
3620.8319987719  1.406553E-16
3623.56413972557  1.331757E-16
3626.29628067923  1.408019E-16
3629.0284216329  1.394144E-16
3631.76056258657  1.175063E-16
3634.49270354023  1.232033E-16
3637.2248444939  1.273558E-16
3639.95698544757  1.169345E-16
3642.68912640124  1.026868E-16
3645.4212673549  1.025371E-16
3648.15340830857  1.271981E-16
3650.88554926224  1.195498E-16
3653.6176902159  1.052958E-16
3656.34983116957  1.075420E-16
3659.08197212324  1.146921E-16
3661.8141130769  1.188599E-16
3664.54625403057  1.249770E-16
3667.27839498424  1.240435E-16
3670.0105359379  1.332783E-16
3672.74267689157  1.160442E-16
3675.47481784524  1.144468E-16
3678.20695879891  1.272523E-16
3680.93909975257  1.242525E-16
3683.67124070624  1.296235E-16
3686.40338165991  1.336686E-16
3689.13552261357  1.223448E-16
3691.86766356724  1.284891E-16
3694.59980452091  1.334271E-16
3697.33194547457  1.315314E-16
3700.06408642824  1.253579E-16
3702.79622738191  1.184296E-16
3705.52836833557  1.063355E-16
3708.26050928924  1.195577E-16
3710.99265024291  1.172210E-16
3713.72479119657  1.182632E-16
3716.45693215024  1.301436E-16
3719.18907310391  1.306680E-16
3721.92121405758  1.219893E-16
3724.65335501124  1.136021E-16
3727.38549596491  1.238837E-16
3730.11763691858  1.277873E-16
3732.84977787224  1.293970E-16
3735.58191882591  1.261123E-16
3738.31405977958  1.272493E-16
3741.04620073324  1.289538E-16
3743.77834168691  1.242015E-16
3746.51048264058  1.255719E-16
3749.24262359424  1.302968E-16
3751.97476454791  1.305158E-16
3754.70690550158  1.272796E-16
3757.43904645525  1.310238E-16
3760.17118740891  1.248731E-16
3762.90332836258  1.172685E-16
3765.63546931625  1.295381E-16
3768.36761026991  1.365122E-16
3771.09975122358  1.409843E-16
3773.83189217725  1.420927E-16
3776.56403313091  1.469040E-16
3779.29617408458  1.378133E-16
3782.02831503825  1.282820E-16
3784.76045599191  1.219958E-16
3787.49259694558  1.240874E-16
3790.22473789925  1.197660E-16
3792.95687885291  1.200621E-16
3795.68901980658  1.270265E-16
3798.42116076025  1.206154E-16
3801.15330171392  1.211467E-16
3803.88544266758  1.329598E-16
3806.61758362125  1.333656E-16
3809.34972457492  1.289785E-16
3812.08186552858  1.284914E-16
3814.81400648225  1.212320E-16
3817.54614743592  1.241762E-16
3820.27828838958  1.263962E-16
3823.01042934325  1.279433E-16
3825.74257029692  1.214241E-16
3828.47471125058  1.276722E-16
3831.20685220425  1.221994E-16
3833.93899315792  1.201539E-16
3836.67113411159  1.155681E-16
3839.40327506525  1.157310E-16
3842.13541601892  1.169695E-16
3844.86755697259  1.220094E-16
3847.59969792625  1.307198E-16
3850.33183887992  1.408425E-16
3853.06397983359  1.478025E-16
3855.79612078725  1.507878E-16
3858.52826174092  1.484422E-16
3861.26040269459  1.529466E-16
3863.99254364825  1.612186E-16
3866.72468460192  1.556080E-16
3869.45682555559  1.510171E-16
3872.18896650926  1.445252E-16
3874.92110746292  1.458412E-16
3877.65324841659  1.437840E-16
3880.38538937026  1.359963E-16
3883.11753032392  1.392383E-16
3885.84967127759  1.414518E-16
3888.58181223126  1.376733E-16
3891.31395318492  1.328329E-16
3894.04609413859  1.251830E-16
3896.77823509226  1.252440E-16
3899.51037604592  1.317483E-16
3902.24251699959  1.266832E-16
3904.97465795326  1.245256E-16
3907.70679890692  1.242523E-16
3910.43893986059  1.252807E-16
3913.17108081426  1.240474E-16
3915.90322176793  1.258846E-16
3918.63536272159  1.255171E-16
3921.36750367526  1.283675E-16
3924.09964462893  1.360814E-16
3926.83178558259  1.351604E-16
3929.56392653626  1.323482E-16
3932.29606748993  1.332765E-16
3935.02820844359  1.321652E-16
3937.76034939726  1.336152E-16
3940.49249035093  1.363367E-16
3943.2246313046  1.329777E-16
3945.95677225826  1.298662E-16
3948.68891321193  1.349695E-16
3951.4210541656  1.378649E-16
3954.15319511926  1.366098E-16
3956.88533607293  1.340344E-16
3959.6174770266  1.322634E-16
3962.34961798026  1.266440E-16
3965.08175893393  1.201608E-16
3967.8138998876  1.203712E-16
3970.54604084126  1.245224E-16
3973.27818179493  1.329041E-16
3976.0103227486  1.478033E-16
3978.74246370226  1.553906E-16
3981.47460465593  1.497686E-16
3984.2067456096  1.481849E-16
3986.93888656326  1.502873E-16
3989.67102751693  1.533885E-16
3992.4031684706  1.595125E-16
3995.13530942427  1.611468E-16
3997.86745037793  1.635692E-16
4000.5995913316  1.622394E-16
4003.33173228527  1.615358E-16
4006.06387323893  1.601703E-16
4008.7960141926  1.599783E-16
4011.52815514627  1.595860E-16
4014.26029609993  1.649177E-16
4016.9924370536  1.624043E-16
4019.72457800727  1.605990E-16
4022.45671896093  1.697806E-16
4025.1888599146  1.792265E-16
4027.92100086827  1.808227E-16
4030.65314182194  1.752295E-16
4033.3852827756  1.736850E-16
4036.11742372927  1.782976E-16
4038.84956468294  1.717762E-16
4041.5817056366  1.660809E-16
4044.31384659027  1.632928E-16
4047.04598754394  1.641534E-16
4049.7781284976  1.629265E-16
4052.51026945127  1.675166E-16
4055.24241040494  1.784968E-16
4057.97455135861  1.853315E-16
4060.70669231227  1.948865E-16
4063.43883326594  1.946331E-16
4066.17097421961  1.868866E-16
4068.90311517327  1.900961E-16
4071.63525612694  1.889062E-16
4074.36739708061  1.752279E-16
4077.09953803427  1.706515E-16
4079.83167898794  1.731939E-16
4082.56381994161  1.731322E-16
4085.29596089527  1.730989E-16
4088.02810184894  1.700665E-16
4090.76024280261  1.659804E-16
4093.49238375628  1.658744E-16
4096.22452470994  1.670462E-16
4098.95666566361  1.679366E-16
4101.68880661727  1.656809E-16
4104.42094757094  1.576687E-16
4107.15308852461  1.599817E-16
4109.88522947828  1.667876E-16
4112.61737043194  1.603711E-16
4115.34951138561  1.586497E-16
4118.08165233928  1.646170E-16
4120.81379329294  1.635590E-16
4123.54593424661  1.640037E-16
4126.27807520028  1.689487E-16
4129.01021615394  1.654061E-16
4131.74235710761  1.587172E-16
4134.47449806128  1.597236E-16
4137.20663901495  1.643693E-16
4139.93877996861  1.651858E-16
4142.67092092228  1.627614E-16
4145.40306187595  1.583030E-16
4148.13520282961  1.579885E-16
4150.86734378328  1.628362E-16
4153.59948473695  1.606928E-16
4156.33162569061  1.533204E-16
4159.06376664428  1.437211E-16
4161.79590759795  1.404221E-16
4164.52804855161  1.420555E-16
4167.26018950528  1.445660E-16
4169.99233045895  1.526543E-16
4172.72447141261  1.572244E-16
4175.45661236628  1.597012E-16
4178.18875331995  1.556989E-16
4180.92089427362  1.527231E-16
4183.65303522728  1.575782E-16
4186.38517618095  1.604659E-16
4189.11731713462  1.636240E-16
4191.84945808828  1.648413E-16
4194.58159904195  1.645854E-16
4197.31373999562  1.657667E-16
4200.04588094928  1.682420E-16
4202.77802190295  1.715298E-16
4205.51016285662  1.749916E-16
4208.24230381028  1.733926E-16
4210.97444476395  1.721783E-16
4213.70658571762  1.795002E-16
4216.43872667129  1.863363E-16
4219.17086762495  1.880392E-16
4221.90300857862  1.853447E-16
4224.63514953229  1.796689E-16
4227.36729048595  1.806696E-16
4230.09943143962  1.787649E-16
4232.83157239329  1.728358E-16
4235.56371334695  1.730591E-16
4238.29585430062  1.768681E-16
4241.02799525429  1.772593E-16
4243.76013620795  1.759255E-16
4246.49227716162  1.742197E-16
4249.22441811529  1.746061E-16
4251.95655906896  1.766646E-16
4254.68870002262  1.769176E-16
4257.42084097629  1.792288E-16
4260.15298192996  1.822477E-16
4262.88512288362  1.830971E-16
4265.61726383729  1.811335E-16
4268.34940479096  1.822695E-16
4271.08154574462  1.857266E-16
4273.81368669829  1.939879E-16
4276.54582765196  1.940517E-16
4279.27796860562  1.904467E-16
4282.01010955929  1.916920E-16
4284.74225051296  1.873773E-16
4287.47439146662  1.792031E-16
4290.20653242029  1.747722E-16
4292.93867337396  1.714960E-16
4295.67081432763  1.698962E-16
4298.40295528129  1.693572E-16
4301.13509623496  1.647374E-16
4303.86723718863  1.621341E-16
4306.59937814229  1.586279E-16
4309.33151909596  1.532765E-16
4312.06366004963  1.559964E-16
4314.79580100329  1.581379E-16
4317.52794195696  1.621854E-16
4320.26008291063  1.670014E-16
4322.9922238643  1.703036E-16
4325.72436481796  1.756509E-16
4328.45650577163  1.775727E-16
4331.1886467253  1.779608E-16
4333.92078767896  1.761940E-16
4336.65292863263  1.703198E-16
4339.3850695863  1.684827E-16
4342.11721053996  1.724489E-16
4344.84935149363  1.748408E-16
4347.5814924473  1.801562E-16
4350.31363340096  1.853244E-16
4353.04577435463  1.856135E-16
4355.7779153083  1.845695E-16
4358.51005626197  1.821506E-16
4361.24219721563  1.819262E-16
4363.9743381693  1.790997E-16
4366.70647912296  1.809577E-16
4369.43862007663  1.835786E-16
4372.1707610303  1.781128E-16
4374.90290198397  1.724619E-16
4377.63504293763  1.701018E-16
4380.3671838913  1.649126E-16
4383.09932484497  1.632136E-16
4385.83146579863  1.647453E-16
4388.5636067523  1.688933E-16
4391.29574770597  1.685109E-16
4394.02788865963  1.680945E-16
4396.7600296133  1.673872E-16
4399.49217056697  1.674084E-16
4402.22431152063  1.647669E-16
4404.9564524743  1.639588E-16
4407.68859342797  1.654457E-16
4410.42073438164  1.635917E-16
4413.1528753353  1.635271E-16
4415.88501628897  1.671867E-16
4418.61715724264  1.699942E-16
4421.3492981963  1.687238E-16
4424.08143914997  1.671080E-16
4426.81358010364  1.673551E-16
4429.5457210573  1.652962E-16
4432.27786201097  1.654826E-16
4435.01000296464  1.694770E-16
4437.74214391831  1.700088E-16
4440.47428487197  1.767941E-16
4443.20642582564  1.883644E-16
4445.9385667793  1.912636E-16
4448.67070773297  1.924913E-16
4451.40284868664  1.977230E-16
4454.13498964031  1.975290E-16
4456.86713059397  1.912119E-16
4459.59927154764  1.811234E-16
4462.33141250131  1.737970E-16
4465.06355345497  1.692848E-16
4467.79569440864  1.675830E-16
4470.52783536231  1.709740E-16
4473.25997631597  1.733655E-16
4475.99211726964  1.787752E-16
4478.72425822331  1.806670E-16
4481.45639917697  1.784775E-16
4484.18854013064  1.748885E-16
4486.92068108431  1.726837E-16
4489.65282203798  1.714240E-16
4492.38496299164  1.680721E-16
4495.11710394531  1.685175E-16
4497.84924489898  1.715138E-16
4500.58138585264  1.759447E-16
4503.31352680631  1.768062E-16
4506.04566775998  1.755007E-16
4508.77780871364  1.705131E-16
4511.50994966731  1.733360E-16
4514.24209062098  1.847116E-16
4516.97423157464  1.861492E-16
4519.70637252831  1.869419E-16
4522.43851348198  1.866682E-16
4525.17065443564  1.801511E-16
4527.90279538931  1.764817E-16
4530.63493634298  1.723745E-16
4533.36707729665  1.670851E-16
4536.09921825031  1.638107E-16
4538.83135920398  1.644580E-16
4541.56350015765  1.639911E-16
4544.29564111131  1.658878E-16
4547.02778206498  1.695032E-16
4549.75992301865  1.725185E-16
4552.49206397231  1.730194E-16
4555.22420492598  1.671018E-16
4557.95634587965  1.611264E-16
4560.68848683332  1.599729E-16
4563.42062778698  1.594632E-16
4566.15276874065  1.612451E-16
4568.88490969432  1.635834E-16
4571.61705064798  1.682736E-16
4574.34919160165  1.800360E-16
4577.08133255532  1.884833E-16
4579.81347350898  1.925978E-16
4582.54561446265  1.955198E-16
4585.27775541632  1.989146E-16
4588.00989636998  1.992792E-16
4590.74203732365  1.957989E-16
4593.47417827732  1.952550E-16
4596.20631923099  1.969105E-16
4598.93846018465  1.966971E-16
4601.67060113832  1.985722E-16
4604.40274209198  2.039461E-16
4607.13488304565  2.051033E-16
4609.86702399932  2.067060E-16
4612.59916495299  2.090034E-16
4615.33130590665  2.070320E-16
4618.06344686032  2.062627E-16
4620.79558781399  2.079868E-16
4623.52772876765  2.038417E-16
4626.25986972132  1.993705E-16
4628.99201067499  1.991009E-16
4631.72415162865  1.963091E-16
4634.45629258232  1.970865E-16
4637.18843353599  1.997430E-16
4639.92057448965  1.960058E-16
4642.65271544332  1.929996E-16
4645.38485639699  1.901694E-16
4648.11699735066  1.857408E-16
4650.84913830432  1.835273E-16
4653.58127925799  1.868453E-16
4656.31342021166  1.915224E-16
4659.04556116532  1.942268E-16
4661.77770211899  1.944410E-16
4664.50984307266  1.947324E-16
4667.24198402632  1.945773E-16
4669.97412497999  1.956059E-16
4672.70626593366  2.003596E-16
4675.43840688733  2.082745E-16
4678.17054784099  2.096174E-16
4680.90268879466  2.051832E-16
4683.63482974833  2.032195E-16
4686.36697070199  2.061290E-16
4689.09911165566  2.093544E-16
4691.83125260933  2.125136E-16
4694.56339356299  2.168104E-16
4697.29553451666  2.165113E-16
4700.02767547033  2.115548E-16
4702.75981642399  2.082457E-16
4705.49195737766  2.052985E-16
4708.22409833133  1.980089E-16
4710.95623928499  1.930995E-16
4713.68838023866  1.981337E-16
4716.42052119233  1.973585E-16
4719.15266214599  1.952468E-16
4721.88480309966  1.981270E-16
4724.61694405333  2.051034E-16
4727.349085007  2.076048E-16
4730.08122596066  2.058801E-16
4732.81336691433  2.066815E-16
4735.545507868  2.082745E-16
4738.27764882166  2.068362E-16
4741.00978977533  2.000600E-16
4743.741930729  1.958034E-16
4746.47407168266  1.922302E-16
4749.20621263633  1.883613E-16
4751.93835359  1.825374E-16
4754.67049454366  1.846634E-16
4757.40263549733  1.889122E-16
4760.134776451  1.891466E-16
4762.86691740467  1.893119E-16
4765.59905835833  1.855145E-16
4768.331199312  1.814976E-16
4771.06334026567  1.807426E-16
4773.79548121933  1.754554E-16
4776.527622173  1.668923E-16
4779.25976312667  1.582137E-16
4781.99190408033  1.523095E-16
4784.724045034  1.481247E-16
4787.45618598767  1.414203E-16
4790.18832694133  1.368604E-16
4792.920467895  1.352419E-16
4795.65260884867  1.308165E-16
4798.38474980234  1.277549E-16
4801.116890756  1.304849E-16
4803.84903170967  1.335539E-16
4806.58117266334  1.363960E-16
4809.313313617  1.390327E-16
4812.04545457067  1.408246E-16
4814.77759552434  1.423622E-16
4817.509736478  1.415645E-16
4820.24187743167  1.389972E-16
4822.97401838534  1.407712E-16
4825.706159339  1.486261E-16
4828.43830029267  1.525512E-16
4831.17044124634  1.529896E-16
4833.90258220001  1.566082E-16
4836.63472315367  1.558711E-16
4839.36686410734  1.518605E-16
4842.09900506101  1.467874E-16
4844.83114601467  1.365333E-16
4847.56328696834  1.287862E-16
4850.29542792201  1.258348E-16
4853.02756887567  1.247189E-16
4855.75970982934  1.218116E-16
4858.49185078301  1.183857E-16
4861.22399173668  1.165435E-16
4863.95613269034  1.137266E-16
4866.68827364401  1.098072E-16
4869.42041459767  1.037315E-16
4872.15255555134  1.039431E-16
4874.88469650501  1.086163E-16
4877.61683745868  1.111899E-16
4880.34897841234  1.108468E-16
4883.08111936601  1.180428E-16
4885.81326031968  1.240369E-16
4888.54540127334  1.246816E-16
4891.27754222701  1.269127E-16
4894.00968318068  1.262312E-16
4896.74182413434  1.259017E-16
4899.47396508801  1.280117E-16
4902.20610604168  1.322850E-16
4904.93824699534  1.263476E-16
4907.67038794901  1.230388E-16
4910.40252890268  1.339112E-16
4913.13466985635  1.394944E-16
4915.86681081001  1.448276E-16
4918.59895176368  1.473408E-16
4921.33109271735  1.505509E-16
4924.06323367101  1.549407E-16
4926.79537462468  1.568829E-16
4929.52751557835  1.606008E-16
4932.25965653202  1.688157E-16
4934.99179748568  1.749804E-16
4937.72393843935  1.708375E-16
4940.45607939301  1.664641E-16
4943.18822034668  1.658905E-16
4945.92036130035  1.618823E-16
4948.65250225401  1.570530E-16
4951.38464320768  1.608756E-16
4954.11678416135  1.639575E-16
4956.84892511502  1.603116E-16
4959.58106606868  1.576699E-16
4962.31320702235  1.575877E-16
4965.04534797602  1.595000E-16
4967.77748892968  1.636175E-16
4970.50962988335  1.721836E-16
4973.24177083702  1.776732E-16
4975.97391179068  1.781856E-16
4978.70605274435  1.733004E-16
4981.43819369802  1.668690E-16
4984.17033465169  1.653367E-16
4986.90247560535  1.646241E-16
4989.63461655902  1.583258E-16
4992.36675751269  1.548954E-16
4995.09889846635  1.594052E-16
4997.83103942002  1.617183E-16
5000.56318037369  1.581097E-16
5003.29532132735  1.568506E-16
5006.02746228102  1.562185E-16
5008.75960323469  1.544913E-16
5011.49174418836  1.571936E-16
5014.22388514202  1.619718E-16
5016.95602609569  1.659277E-16
5019.68816704935  1.706488E-16
5022.42030800302  1.771620E-16
5025.15244895669  1.823572E-16
5027.88458991036  1.871100E-16
5030.61673086402  1.961856E-16
5033.34887181769  2.063815E-16
5036.08101277136  2.091771E-16
5038.81315372502  2.044410E-16
5041.54529467869  1.976571E-16
5044.27743563236  1.967539E-16
5047.00957658602  1.954430E-16
5049.74171753969  1.878238E-16
5052.47385849336  1.805285E-16
5055.20599944702  1.749361E-16
5057.93814040069  1.686088E-16
5060.67028135436  1.613188E-16
5063.40242230803  1.573115E-16
5066.13456326169  1.560486E-16
5068.86670421536  1.533700E-16
5071.59884516903  1.481590E-16
5074.33098612269  1.425265E-16
5077.06312707636  1.399867E-16
5079.79526803003  1.393705E-16
5082.52740898369  1.393123E-16
5085.25954993736  1.397001E-16
5087.99169089103  1.394516E-16
5090.7238318447  1.411928E-16
5093.45597279836  1.488677E-16
5096.18811375203  1.571888E-16
5098.9202547057  1.618665E-16
5101.65239565936  1.648149E-16
5104.38453661303  1.678796E-16
5107.1166775667  1.694429E-16
5109.84881852036  1.666313E-16
5112.58095947403  1.621658E-16
5115.3131004277  1.610706E-16
5118.04524138136  1.618661E-16
5120.77738233503  1.629077E-16
5123.5095232887  1.680401E-16
5126.24166424236  1.782403E-16
5128.97380519603  1.893006E-16
5131.7059461497  1.990932E-16
5134.43808710337  2.020975E-16
5137.17022805703  1.962385E-16
5139.9023690107  1.866528E-16
5142.63450996437  1.784061E-16
5145.36665091803  1.689769E-16
5148.0987918717  1.604555E-16
5150.83093282537  1.530208E-16
5153.56307377903  1.476470E-16
5156.2952147327  1.491719E-16
5159.02735568637  1.507742E-16
5161.75949664003  1.481255E-16
5164.4916375937  1.445409E-16
5167.22377854737  1.432597E-16
5169.95591950104  1.428369E-16
5172.6880604547  1.407150E-16
5175.42020140837  1.407928E-16
5178.15234236204  1.434671E-16
5180.8844833157  1.390632E-16
5183.61662426937  1.358503E-16
5186.34876522304  1.359257E-16
5189.0809061767  1.348185E-16
5191.81304713037  1.297290E-16
5194.54518808404  1.255417E-16
5197.2773290377  1.257525E-16
5200.00946999137  1.279515E-16
5202.74161094504  1.315195E-16
5205.4737518987  1.374486E-16
5208.20589285237  1.422509E-16
5210.93803380604  1.461781E-16
5213.67017475971  1.495294E-16
5216.40231571337  1.497626E-16
5219.13445666704  1.477962E-16
5221.86659762071  1.442864E-16
5224.59873857437  1.421724E-16
5227.33087952804  1.423660E-16
5230.06302048171  1.445679E-16
5232.79516143537  1.509906E-16
5235.52730238904  1.570999E-16
5238.25944334271  1.629795E-16
5240.99158429637  1.720752E-16
5243.72372525004  1.758594E-16
5246.45586620371  1.752046E-16
5249.18800715738  1.745275E-16
5251.92014811104  1.765676E-16
5254.65228906471  1.744702E-16
5257.38443001838  1.696832E-16
5260.11657097204  1.717850E-16
5262.84871192571  1.704164E-16
5265.58085287938  1.695337E-16
5268.31299383304  1.747285E-16
5271.04513478671  1.790045E-16
5273.77727574038  1.820412E-16
5276.50941669404  1.863457E-16
5279.24155764771  1.911285E-16
5281.97369860138  1.982426E-16
5284.70583955505  2.096290E-16
5287.43798050871  2.175911E-16
5290.17012146238  2.188175E-16
5292.90226241605  2.184335E-16
5295.63440336971  2.164691E-16
5298.36654432338  2.131068E-16
5301.09868527705  2.105394E-16
5303.83082623071  2.094698E-16
5306.56296718438  2.124307E-16
5309.29510813805  2.131848E-16
5312.02724909172  2.123534E-16
5314.75939004538  2.074037E-16
5317.49153099905  2.010313E-16
5320.22367195272  1.982064E-16
5322.95581290638  1.970283E-16
5325.68795386005  1.915202E-16
5328.42009481372  1.885302E-16
5331.15223576738  1.913391E-16
5333.88437672105  1.925138E-16
5336.61651767472  1.898481E-16
5339.34865862838  1.879546E-16
5342.08079958205  1.908047E-16
5344.81294053572  1.959880E-16
5347.54508148938  2.023858E-16
5350.27722244305  2.078372E-16
5353.00936339672  2.117189E-16
5355.74150435038  2.106925E-16
5358.47364530405  2.098299E-16
5361.20578625772  2.096302E-16
5363.93792721138  2.096213E-16
5366.67006816505  2.115410E-16
5369.40220911872  2.113575E-16
5372.13435007239  2.117329E-16
5374.86649102605  2.141148E-16
5377.59863197972  2.139001E-16
5380.33077293339  2.090547E-16
5383.06291388705  2.018888E-16
5385.79505484072  2.042086E-16
5388.52719579439  2.105841E-16
5391.25933674806  2.155886E-16
5393.99147770172  2.207374E-16
5396.72361865539  2.269971E-16
5399.45575960905  2.315146E-16
5402.18790056272  2.269988E-16
5404.92004151639  2.175714E-16
5407.65218247006  2.067054E-16
5410.38432342372  1.953818E-16
5413.11646437739  1.906510E-16
5415.84860533106  1.911352E-16
5418.58074628472  1.927228E-16
5421.31288723839  1.946157E-16
5424.04502819206  1.976153E-16
5426.77716914572  2.019160E-16
5429.50931009939  2.074072E-16
5432.24145105306  2.113201E-16
5434.97359200673  2.161331E-16
5437.70573296039  2.209265E-16
5440.43787391406  2.234874E-16
5443.17001486773  2.209066E-16
5445.90215582139  2.108788E-16
5448.63429677506  2.028662E-16
5451.36643772873  1.972397E-16
5454.09857868239  1.930284E-16
5456.83071963606  1.933030E-16
5459.56286058973  1.954630E-16
5462.29500154339  1.945444E-16
5465.02714249706  1.885414E-16
5467.75928345073  1.829060E-16
5470.49142440439  1.838633E-16
5473.22356535806  1.885850E-16
5475.95570631173  1.930415E-16
5478.6878472654  1.959989E-16
5481.41998821906  1.992960E-16
5484.15212917273  1.986331E-16
5486.8842701264  1.900916E-16
5489.61641108006  1.809865E-16
5492.34855203373  1.732193E-16
5495.0806929874  1.645046E-16
5497.81283394106  1.596271E-16
5500.54497489473  1.587142E-16
5503.2771158484  1.550523E-16
5506.00925680206  1.495314E-16
5508.74139775573  1.472463E-16
5511.4735387094  1.473772E-16
5514.20567966307  1.455787E-16
5516.93782061673  1.448724E-16
5519.6699615704  1.478675E-16
5522.40210252407  1.517358E-16
5525.13424347773  1.578172E-16
5527.8663844314  1.651752E-16
5530.59852538507  1.720456E-16
5533.33066633873  1.781985E-16
5536.0628072924  1.815035E-16
5538.79494824607  1.854539E-16
5541.52708919973  1.920976E-16
5544.2592301534  1.948755E-16
5546.99137110707  1.935051E-16
5549.72351206074  1.914617E-16
5552.4556530144  1.798800E-16
5555.18779396807  1.647606E-16
5557.91993492174  1.571400E-16
5560.6520758754  1.489016E-16
5563.38421682907  1.406907E-16
5566.11635778274  1.369866E-16
5568.8484987364  1.365462E-16
5571.58063969007  1.306523E-16
5574.31278064374  1.230847E-16
5577.0449215974  1.255980E-16
5579.77706255107  1.234224E-16
5582.50920350474  1.140512E-16
5585.2413444584  1.093472E-16
5587.97348541207  1.106977E-16
5590.70562636574  1.154150E-16
5593.43776731941  1.186391E-16
5596.16990827307  1.198105E-16
5598.90204922674  1.213076E-16
5601.6341901804  1.253352E-16
5604.36633113407  1.237484E-16
5607.09847208774  1.190692E-16
5609.83061304141  1.193950E-16
5612.56275399507  1.214794E-16
5615.29489494874  1.235332E-16
5618.02703590241  1.258523E-16
5620.75917685607  1.295232E-16
5623.49131780974  1.339897E-16
5626.22345876341  1.375767E-16
5628.95559971708  1.389619E-16
5631.68774067074  1.350902E-16
5634.41988162441  1.298167E-16
5637.15202257808  1.295698E-16
5639.88416353174  1.321905E-16
5642.61630448541  1.367287E-16
5645.34844543908  1.479001E-16
5648.08058639274  1.623797E-16
5650.81272734641  1.722422E-16
5653.54486830008  1.773116E-16
5656.27700925374  1.793383E-16
5659.00915020741  1.759782E-16
5661.74129116108  1.649177E-16
5664.47343211474  1.487941E-16
5667.20557306841  1.317878E-16
5669.93771402208  1.219440E-16
5672.66985497575  1.165511E-16
5675.40199592941  1.116823E-16
5678.13413688308  1.090394E-16
5680.86627783675  1.054597E-16
5683.59841879041  1.048053E-16
5686.33055974408  1.037489E-16
5689.06270069775  1.018223E-16
5691.79484165141  1.053137E-16
5694.52698260508  1.085516E-16
5697.25912355875  1.100645E-16
5699.99126451241  1.087553E-16
5702.72340546608  1.024464E-16
5705.45554641975  1.027299E-16
5708.18768737342  1.060658E-16
5710.91982832708  1.060307E-16
5713.65196928075  1.021550E-16
5716.38411023442  9.658385E-17
5719.11625118808  9.134392E-17
5721.84839214175  8.276111E-17
5724.58053309542  7.813905E-17
5727.31267404908  7.875072E-17
5730.04481500275  8.088365E-17
5732.77695595642  8.044025E-17
5735.50909691008  7.888227E-17
5738.24123786375  8.180487E-17
5740.97337881742  8.305292E-17
5743.70551977109  8.567563E-17
5746.43766072475  9.063769E-17
5749.16980167842  9.246440E-17
5751.90194263209  9.205823E-17
5754.63408358575  9.026262E-17
5757.36622453942  8.586679E-17
5760.09836549309  8.321330E-17
5762.83050644675  8.375320E-17
5765.56264740042  8.348391E-17
5768.29478835409  8.148294E-17
5771.02692930775  8.287856E-17
5773.75907026142  8.548775E-17
5776.49121121509  8.688104E-17
5779.22335216875  8.997669E-17
5781.95549312242  9.478516E-17
5784.68763407609  9.454399E-17
5787.41977502976  9.443191E-17
5790.15191598342  9.626827E-17
5792.88405693709  9.358843E-17
5795.61619789076  9.133695E-17
5798.34833884442  9.040608E-17
5801.08047979809  8.870637E-17
5803.81262075176  8.648567E-17
5806.54476170542  8.738758E-17
5809.27690265909  8.558613E-17
5812.00904361276  7.904680E-17
5814.74118456643  7.737034E-17
5817.47332552009  7.651755E-17
5820.20546647376  7.284547E-17
5822.93760742742  6.862169E-17
5825.66974838109  6.583605E-17
5828.40188933476  6.428903E-17
5831.13403028843  6.172608E-17
5833.86617124209  6.165475E-17
5836.59831219576  6.379405E-17
5839.33045314943  6.216518E-17
5842.06259410309  5.903626E-17
5844.79473505676  5.964060E-17
5847.52687601043  6.321228E-17
5850.25901696409  6.511502E-17
5852.99115791776  6.678731E-17
5855.72329887143  6.329977E-17
5858.4554398251  5.940795E-17
5861.18758077876  6.079561E-17
5863.91972173243  6.098896E-17
5866.6518626861  6.165037E-17
5869.38400363976  6.020856E-17
5872.11614459343  5.741678E-17
5874.8482855471  5.960546E-17
5877.58042650076  6.022091E-17
5880.31256745443  5.648208E-17
5883.0447084081  5.485962E-17
5885.77684936176  5.270611E-17
5888.50899031543  4.817269E-17
5891.2411312691  4.804305E-17
5893.97327222276  4.552749E-17
5896.70541317643  4.490680E-17
5899.4375541301  4.640644E-17
5902.16969508376  4.601648E-17
5904.90183603743  5.154198E-17
5907.6339769911  5.584877E-17
5910.36611794477  5.481361E-17
5913.09825889843  5.628871E-17
5915.8303998521  5.917403E-17
5918.56254080577  6.294813E-17
5921.29468175943  6.725759E-17
5924.0268227131  6.961050E-17
5926.75896366677  7.157146E-17
5929.49110462043  7.492060E-17
5932.2232455741  7.638571E-17
5934.95538652777  7.812892E-17
5937.68752748144  7.927755E-17
5940.4196684351  7.683955E-17
5943.15180938877  7.571203E-17
5945.88395034244  7.942530E-17
5948.6160912961  8.421968E-17
5951.34823224977  8.316882E-17
5954.08037320344  8.142151E-17
5956.8125141571  8.234839E-17
5959.54465511077  8.098770E-17
5962.27679606444  8.066695E-17
5965.0089370181  8.483080E-17
5967.74107797177  8.747449E-17
5970.47321892544  9.115036E-17
5973.2053598791  9.481021E-17
5975.93750083277  9.725468E-17
5978.66964178644  1.013720E-16
5981.40178274011  1.051843E-16
5984.13392369377  1.112243E-16
5986.86606464744  1.167613E-16
5989.59820560111  1.197825E-16
5992.33034655477  1.249814E-16
5995.06248750844  1.307890E-16
5997.79462846211  1.369506E-16
6000.52676941577  1.447923E-16
6003.25891036944  1.505615E-16
6005.99105132311  1.555783E-16
6008.72319227677  1.578907E-16
6011.45533323044  1.537071E-16
6014.18747418411  1.495326E-16
6016.91961513778  1.482887E-16
6019.65175609144  1.493184E-16
6022.38389704511  1.559063E-16
6025.11603799878  1.677050E-16
6027.84817895244  1.773437E-16
6030.58031990611  1.832385E-16
6033.31246085978  1.846065E-16
6036.04460181344  1.797931E-16
6038.77674276711  1.700951E-16
6041.50888372078  1.590164E-16
6044.24102467444  1.484705E-16
6046.97316562811  1.420492E-16
6049.70530658178  1.390658E-16
6052.43744753545  1.339505E-16
6055.16958848911  1.273116E-16
6057.90172944278  1.241430E-16
6060.63387039645  1.208117E-16
6063.36601135011  1.137305E-16
6066.09815230378  1.063419E-16
6068.83029325745  1.030178E-16
6071.56243421111  9.972534E-17
6074.29457516478  9.655054E-17
6077.02671611845  9.668004E-17
6079.75885707211  9.836909E-17
6082.49099802578  9.692664E-17
6085.22313897945  9.345351E-17
6087.95527993311  9.179727E-17
6090.68742088678  9.195359E-17
6093.41956184045  9.054429E-17
6096.15170279412  8.807173E-17
6098.88384374778  8.463408E-17
6101.61598470145  8.387167E-17
6104.34812565512  8.606443E-17
6107.08026660878  9.230466E-17
6109.81240756245  9.921034E-17
6112.54454851612  1.026244E-16
6115.27668946978  1.093559E-16
6118.00883042345  1.210858E-16
6120.74097137712  1.280415E-16
6123.47311233078  1.303196E-16
6126.20525328445  1.272146E-16
6128.93739423812  1.154432E-16
6131.66953519178  1.013611E-16
6134.40167614545  9.351493E-17
6137.13381709912  8.973902E-17
6139.86595805279  8.625790E-17
6142.59809900645  8.387882E-17
6145.33023996012  8.206131E-17
6148.06238091379  8.206229E-17
6150.79452186745  8.223032E-17
6153.52666282112  8.153804E-17
6156.25880377479  8.144156E-17
6158.99094472846  7.969108E-17
6161.72308568212  7.533587E-17
6164.45522663579  6.995595E-17
6167.18736758946  6.529933E-17
6169.91950854312  6.474604E-17
6172.65164949679  6.768198E-17
6175.38379045046  6.962868E-17
6178.11593140412  7.019586E-17
6180.84807235779  6.945929E-17
6183.58021331146  7.176263E-17
6186.31235426512  7.325604E-17
6189.04449521879  7.088851E-17
6191.77663617246  6.962574E-17
6194.50877712612  7.000600E-17
6197.24091807979  7.196539E-17
6199.97305903346  7.529391E-17
6202.70519998712  7.722407E-17
6205.43734094079  7.595766E-17
6208.16948189446  7.644084E-17
6210.90162284813  8.359039E-17
6213.63376380179  9.617688E-17
6216.36590475546  1.044564E-16
6219.09804570913  1.005894E-16
6221.83018666279  9.747149E-17
6224.56232761646  9.527338E-17
6227.29446857013  8.889799E-17
6230.02660952379  8.461726E-17
6232.75875047746  8.586151E-17
6235.49089143113  8.989213E-17
6238.2230323848  9.372302E-17
6240.95517333846  9.731638E-17
6243.68731429213  9.991818E-17
6246.41945524579  1.015591E-16
6249.15159619946  1.028838E-16
6251.88373715313  1.012506E-16
6254.6158781068  1.001920E-16
6257.34801906046  1.026428E-16
6260.08016001413  1.064768E-16
6262.8123009678  1.079772E-16
6265.54444192146  1.066806E-16
6268.27658287513  1.087550E-16
6271.0087238288  1.138283E-16
6273.74086478246  1.193632E-16
6276.47300573613  1.265012E-16
6279.2051466898  1.349806E-16
6281.93728764347  1.433373E-16
6284.66942859713  1.462753E-16
6287.4015695508  1.419946E-16
6290.13371050447  1.349594E-16
6292.86585145813  1.276795E-16
6295.5979924118  1.206917E-16
6298.33013336547  1.141077E-16
6301.06227431913  1.090390E-16
6303.7944152728  1.033049E-16
6306.52655622647  9.813087E-17
6309.25869718013  9.852389E-17
6311.9908381338  1.025716E-16
6314.72297908747  1.009686E-16
6317.45512004113  9.670591E-17
6320.1872609948  9.673229E-17
6322.91940194847  9.495626E-17
6325.65154290213  9.151945E-17
6328.3836838558  9.142107E-17
6331.11582480947  9.117929E-17
6333.84796576314  9.035815E-17
6336.5801067168  8.642546E-17
6339.31224767047  8.120372E-17
6342.04438862414  7.851506E-17
6344.77652957781  7.953934E-17
6347.50867053147  8.466002E-17
6350.24081148514  8.731627E-17
6352.9729524388  8.937081E-17
6355.70509339247  9.186089E-17
6358.43723434614  9.715381E-17
6361.16937529981  1.078847E-16
6363.90151625347  1.186174E-16
6366.63365720714  1.239795E-16
6369.36579816081  1.305772E-16
6372.09793911447  1.430642E-16
6374.83008006814  1.530076E-16
6377.56222102181  1.561022E-16
6380.29436197547  1.602779E-16
6383.02650292914  1.626837E-16
6385.75864388281  1.614057E-16
6388.49078483647  1.583332E-16
6391.22292579014  1.476383E-16
6393.95506674381  1.349493E-16
6396.68720769748  1.258999E-16
6399.41934865114  1.176829E-16
6402.15148960481  1.086827E-16
6404.88363055848  1.025578E-16
6407.61577151214  1.011186E-16
6410.34791246581  9.887228E-17
6413.08005341948  9.464482E-17
6415.81219437314  8.755199E-17
6418.54433532681  8.392876E-17
6421.27647628048  8.634061E-17
6424.00861723414  8.929172E-17
6426.74075818781  8.888385E-17
6429.47289914148  8.961773E-17
6432.20504009514  9.247509E-17
6434.93718104881  9.725906E-17
6437.66932200248  1.010314E-16
6440.40146295615  1.010065E-16
6443.13360390981  9.960976E-17
6445.86574486348  9.972513E-17
6448.59788581715  9.869897E-17
6451.33002677081  9.683125E-17
6454.06216772448  9.666942E-17
6456.79430867815  9.395059E-17
6459.52644963181  8.904538E-17
6462.25859058548  8.902236E-17
6464.99073153915  8.907201E-17
6467.72287249281  8.661566E-17
6470.45501344648  8.483391E-17
6473.18715440015  8.259523E-17
6475.91929535382  8.117923E-17
6478.65143630748  7.836698E-17
6481.38357726115  7.800354E-17
6484.11571821482  7.905979E-17
6486.84785916848  8.023512E-17
6489.58000012215  8.495587E-17
6492.31214107582  9.028055E-17
6495.04428202948  9.291893E-17
6497.77642298315  9.440099E-17
6500.50856393682  9.883270E-17
6503.24070489049  1.038815E-16
6505.97284584415  1.031712E-16
6508.70498679782  1.017120E-16
6511.43712775149  1.027186E-16
6514.16926870515  1.021971E-16
6516.90140965882  1.007207E-16
6519.63355061249  9.796882E-17
6522.36569156615  9.615455E-17
6525.09783251982  9.816357E-17
6527.82997347349  9.923745E-17
6530.56211442715  9.868891E-17
6533.29425538082  9.804938E-17
6536.02639633449  1.004464E-16
6538.75853728815  1.043246E-16
6541.49067824182  1.062374E-16
6544.22281919549  1.078252E-16
6546.95496014915  1.150994E-16
6549.68710110282  1.234734E-16
6552.41924205649  1.303557E-16
6555.15138301015  1.369803E-16
6557.88352396382  1.392160E-16
6560.61566491749  1.417305E-16
6563.34780587116  1.430222E-16
6566.07994682482  1.433669E-16
6568.81208777849  1.498203E-16
6571.54422873216  1.556113E-16
6574.27636968582  1.532508E-16
6577.00851063949  1.481682E-16
6579.74065159316  1.477529E-16
6582.47279254682  1.465614E-16
6585.20493350049  1.417699E-16
6587.93707445416  1.416231E-16
6590.66921540782  1.476509E-16
6593.40135636149  1.523244E-16
6596.13349731516  1.547899E-16
6598.86563826883  1.569405E-16
6601.59777922249  1.544831E-16
6604.32992017616  1.490268E-16
6607.06206112983  1.428612E-16
6609.79420208349  1.342926E-16
6612.52634303716  1.250311E-16
6615.25848399083  1.172362E-16
6617.99062494449  1.141650E-16
6620.72276589816  1.156751E-16
6623.45490685183  1.160685E-16
6626.18704780549  1.143698E-16
6628.91918875916  1.151432E-16
6631.65132971283  1.170585E-16
6634.3834706665  1.170942E-16
6637.11561162016  1.165130E-16
6639.84775257383  1.176958E-16
6642.5798935275  1.186746E-16
6645.31203448116  1.199807E-16
6648.04417543483  1.227675E-16
6650.7763163885  1.316166E-16
6653.50845734216  1.415635E-16
6656.24059829583  1.508859E-16
6658.9727392495  1.550145E-16
6661.70488020316  1.517397E-16
6664.43702115683  1.435397E-16
6667.1691621105  1.312994E-16
6669.90130306417  1.188931E-16
6672.63344401783  1.094722E-16
6675.3655849715  1.019703E-16
6678.09772592517  9.816366E-17
6680.82986687883  9.860591E-17
6683.5620078325  1.003293E-16
6686.29414878617  1.007946E-16
6689.02628973984  1.040216E-16
6691.7584306935  1.098402E-16
6694.49057164717  1.169622E-16
6697.22271260083  1.276691E-16
6699.9548535545  1.389179E-16
6702.68699450817  1.494341E-16
6705.41913546183  1.650043E-16
6708.1512764155  1.812380E-16
6710.88341736917  1.889842E-16
6713.61555832284  1.911023E-16
6716.3476992765  1.835518E-16
6719.07984023017  1.673048E-16
6721.81198118384  1.555725E-16
6724.5441221375  1.468657E-16
6727.27626309117  1.390080E-16
6730.00840404484  1.342829E-16
6732.7405449985  1.306700E-16
6735.47268595217  1.244107E-16
6738.20482690584  1.181863E-16
6740.9369678595  1.137622E-16
6743.66910881317  1.067758E-16
6746.40124976684  1.007693E-16
6749.13339072051  9.991660E-17
6751.86553167417  9.961098E-17
6754.59767262784  9.391460E-17
6757.32981358151  9.123575E-17
6760.06195453517  8.578198E-17
6762.79409548884  7.855888E-17
6765.52623644251  7.454753E-17
6768.25837739618  7.320176E-17
6770.99051834984  7.203265E-17
6773.72265930351  7.008142E-17
6776.45480025717  6.880496E-17
6779.18694121084  6.753089E-17
6781.91908216451  6.395436E-17
6784.65122311818  6.341102E-17
6787.38336407184  6.373893E-17
6790.11550502551  6.168838E-17
6792.84764597918  6.331966E-17
6795.57978693284  6.820420E-17
6798.31192788651  7.140426E-17
6801.04406884018  7.254630E-17
6803.77620979384  7.417088E-17
6806.50835074751  7.721774E-17
6809.24049170118  8.117102E-17
6811.97263265485  8.620993E-17
6814.70477360851  9.038518E-17
6817.43691456218  9.432689E-17
6820.16905551585  1.008970E-16
6822.90119646951  1.113632E-16
6825.63333742318  1.227134E-16
6828.36547837685  1.290551E-16
6831.09761933051  1.283285E-16
6833.82976028418  1.218147E-16
6836.56190123785  1.161089E-16
6839.29404219151  1.099091E-16
6842.02618314518  1.003604E-16
6844.75832409885  9.177883E-17
6847.49046505251  8.838138E-17
6850.22260600618  8.658414E-17
6852.95474695985  8.139328E-17
6855.68688791351  7.671635E-17
6858.41902886718  7.483330E-17
6861.15116982085  7.743017E-17
6863.88331077452  7.918464E-17
6866.61545172818  7.621561E-17
6869.34759268185  6.884824E-17
6872.07973363552  5.693620E-17
6874.81187458918  4.912217E-17
6877.54401554285  4.837909E-17
6880.27615649652  4.654110E-17
6883.00829745018  4.674118E-17
6885.74043840385  4.742988E-17
6888.47257935752  4.535923E-17
6891.20472031118  4.396021E-17
6893.93686126485  4.310244E-17
6896.66900221852  4.291891E-17
6899.40114317218  4.099682E-17
6902.13328412585  3.969130E-17
6904.86542507952  4.024060E-17
6907.59756603319  4.040198E-17
6910.32970698685  4.061157E-17
6913.06184794052  4.104844E-17
6915.79398889419  4.234146E-17
6918.52612984785  4.011375E-17
6921.25827080152  4.028482E-17
6923.99041175519  3.933349E-17
6926.72255270886  3.928025E-17
6929.45469366252  3.815389E-17
6932.18683461619  3.768391E-17
6934.91897556986  3.946386E-17
6937.65111652352  4.090430E-17
6940.38325747719  3.989101E-17
6943.11539843086  4.033002E-17
6945.84753938452  4.249555E-17
6948.57968033819  4.171915E-17
6951.31182129186  4.087582E-17
6954.04396224552  4.020950E-17
6956.77610319919  4.045273E-17
6959.50824415286  4.064258E-17
6962.24038510652  4.034266E-17
6964.97252606019  4.302348E-17
6967.70466701386  4.757229E-17
6970.43680796752  5.110641E-17
6973.16894892119  5.373559E-17
6975.90108987486  5.570551E-17
6978.63323082853  5.629685E-17
6981.36537178219  5.421863E-17
6984.09751273586  5.363772E-17
6986.82965368953  5.398166E-17
6989.56179464319  4.929116E-17
6992.29393559686  4.446777E-17
6995.02607655053  4.350850E-17
6997.75821750419  4.297682E-17
7000.49035845786  4.063259E-17
7003.22249941153  3.877629E-17
7005.9546403652  3.861323E-17
7008.68678131886  3.985446E-17
7011.41892227253  4.045719E-17
7014.15106322619  3.940675E-17
7016.88320417986  3.925893E-17
7019.61534513353  3.792662E-17
7022.3474860872  3.776590E-17
7025.07962704086  3.743436E-17
7027.81176799453  3.605578E-17
7030.5439089482  3.681665E-17
7033.27604990186  3.764230E-17
7036.00819085553  3.427773E-17
7038.7403318092  3.249907E-17
7041.47247276286  3.418320E-17
7044.20461371653  3.354909E-17
7046.9367546702  3.425143E-17
7049.66889562387  3.692469E-17
7052.40103657753  3.589445E-17
7055.1331775312  3.574896E-17
7057.86531848487  3.825786E-17
7060.59745943853  3.902259E-17
7063.3296003922  3.870741E-17
7066.06174134587  3.775336E-17
7068.79388229953  3.740433E-17
7071.5260232532  3.680663E-17
7074.25816420687  3.486495E-17
7076.99030516053  3.645962E-17
7079.7224461142  3.914473E-17
7082.45458706787  3.802248E-17
7085.18672802153  3.961807E-17
7087.9188689752  4.267882E-17
7090.65100992887  4.414812E-17
7093.38315088254  4.120243E-17
7096.1152918362  3.960873E-17
7098.84743278987  4.012189E-17
7101.57957374354  4.054160E-17
7104.3117146972  4.135458E-17
7107.04385565087  4.464211E-17
7109.77599660454  4.486817E-17
7112.5081375582  4.480353E-17
7115.24027851187  4.549625E-17
7117.97241946554  4.489546E-17
7120.7045604192  4.348899E-17
7123.43670137287  4.243637E-17
7126.16884232654  4.514645E-17
7128.90098328021  4.725316E-17
7131.63312423387  4.531428E-17
7134.36526518754  4.722409E-17
7137.09740614121  4.987537E-17
7139.82954709487  4.974213E-17
7142.56168804854  5.296022E-17
7145.29382900221  5.780886E-17
7148.02596995587  6.308110E-17
7150.75811090954  6.826100E-17
7153.49025186321  7.313167E-17
7156.22239281687  7.409475E-17
7158.95453377054  7.148965E-17
7161.68667472421  6.956075E-17
7164.41881567788  6.642615E-17
7167.15095663154  6.494400E-17
7169.88309758521  5.849223E-17
7172.61523853888  5.473141E-17
7175.34737949254  5.609046E-17
7178.07952044621  5.806672E-17
7180.81166139988  5.742164E-17
7183.54380235354  5.856042E-17
7186.27594330721  6.147039E-17
7189.00808426088  6.416330E-17
7191.74022521454  6.593940E-17
7194.47236616821  6.809272E-17
7197.20450712188  7.127275E-17
7199.93664807554  7.646158E-17
7202.66878902921  8.160603E-17
7205.40092998288  8.775145E-17
7208.13307093655  1.003394E-16
7210.86521189021  1.168786E-16
7213.59735284388  1.314438E-16
7216.32949379755  1.452109E-16
7219.06163475121  1.607238E-16
7221.79377570488  1.687861E-16
7224.52591665855  1.636029E-16
7227.25805761221  1.607093E-16
7229.99019856588  1.533822E-16
7232.72233951955  1.394751E-16
7235.45448047321  1.303651E-16
7238.18662142688  1.180823E-16
7240.91876238055  1.105712E-16
7243.65090333422  1.073718E-16
7246.38304428788  1.040613E-16
7249.11518524155  9.588393E-17
7251.84732619522  9.151861E-17
7254.57946714888  8.838456E-17
7257.31160810255  8.485179E-17
7260.04374905622  8.557058E-17
7262.77589000988  8.612009E-17
7265.50803096355  8.574700E-17
7268.24017191722  8.845651E-17
7270.97231287088  9.155155E-17
7273.70445382455  9.006051E-17
7276.43659477822  8.636962E-17
7279.16873573188  7.959109E-17
7281.90087668555  7.348882E-17
7284.63301763922  7.366509E-17
7287.36515859289  7.180595E-17
7290.09729954655  6.601055E-17
7292.82944050022  6.111206E-17
7295.56158145389  5.913833E-17
7298.29372240755  5.766406E-17
7301.02586336122  5.478363E-17
7303.75800431489  5.321831E-17
7306.49014526855  5.610658E-17
7309.22228622222  5.774360E-17
7311.95442717589  5.820757E-17
7314.68656812956  5.895960E-17
7317.41870908322  5.697007E-17
7320.15085003689  5.324560E-17
7322.88299099056  5.538720E-17
7325.61513194422  5.612518E-17
7328.34727289789  5.672655E-17
7331.07941385156  6.024826E-17
7333.81155480522  6.154770E-17
7336.54369575889  6.302714E-17
7339.27583671256  6.721803E-17
7342.00797766622  6.849854E-17
7344.74011861989  6.659523E-17
7347.47225957356  6.635212E-17
7350.20440052722  6.752365E-17
7352.93654148089  6.905853E-17
7355.66868243456  7.017437E-17
7358.40082338823  6.582249E-17
7361.13296434189  6.252167E-17
7363.86510529556  6.896607E-17
7366.59724624923  7.728212E-17
7369.32938720289  8.380626E-17
7372.06152815656  9.048452E-17
7374.79366911023  9.491636E-17
7377.52581006389  9.970527E-17
7380.25795101756  1.059132E-16
7382.99009197123  1.086889E-16
7385.72223292489  1.081056E-16
7388.45437387856  1.003260E-16
7391.18651483223  9.340508E-17
7393.91865578589  8.776279E-17
7396.65079673956  8.183751E-17
7399.38293769323  8.030137E-17
7402.1150786469  7.758822E-17
7404.84721960056  7.460835E-17
7407.57936055423  7.650386E-17
7410.3115015079  7.644175E-17
7413.04364246156  7.536343E-17
7415.77578341523  7.636210E-17
7418.5079243689  7.767408E-17
7421.24006532256  7.750515E-17
7423.97220627623  7.939946E-17
7426.7043472299  8.367692E-17
7429.43648818357  8.568477E-17
7432.16862913723  8.941906E-17
7434.9007700909  9.495323E-17
7437.63291104457  1.041862E-16
7440.36505199823  1.116312E-16
7443.0971929519  1.196519E-16
7445.82933390557  1.209742E-16
7448.56147485923  1.206797E-16
7451.2936158129  1.266457E-16
7454.02575676657  1.278826E-16
7456.75789772023  1.228226E-16
7459.4900386739  1.210645E-16
7462.22217962757  1.215769E-16
7464.95432058124  1.233111E-16
7467.6864615349  1.279559E-16
7470.41860248857  1.303077E-16
7473.15074344224  1.314894E-16
7475.8828843959  1.325252E-16
7478.61502534957  1.315156E-16
7481.34716630324  1.262572E-16
7484.0793072569  1.227179E-16
7486.81144821057  1.178687E-16
7489.54358916424  1.067827E-16
7492.2757301179  9.817349E-17
7495.00787107157  9.308227E-17
7497.74001202524  8.580104E-17
7500.4721529789  8.137960E-17
7503.20429393257  7.832380E-17
7505.93643488624  7.712361E-17
7508.6685758399  7.676867E-17
7511.40071679357  7.733437E-17
7514.13285774724  8.079354E-17
7516.86499870091  8.372676E-17
7519.59713965457  8.630293E-17
7522.32928060824  8.565280E-17
7525.06142156191  7.881626E-17
7527.79356251557  6.925904E-17
7530.52570346924  6.459192E-17
7533.25784442291  6.519295E-17
7535.98998537658  6.326627E-17
7538.72212633024  6.321099E-17
7541.45426728391  6.465054E-17
7544.18640823757  6.683096E-17
7546.91854919124  6.951343E-17
7549.65069014491  7.131650E-17
7552.38283109857  7.472276E-17
7555.11497205224  7.197404E-17
7557.84711300591  6.917807E-17
7560.57925395958  6.657528E-17
7563.31139491324  6.198550E-17
7566.04353586691  6.027607E-17
7568.77567682058  6.231141E-17
7571.50781777424  6.973713E-17
7574.23995872791  7.553586E-17
7576.97209968158  7.921500E-17
7579.70424063524  8.611627E-17
7582.43638158891  8.762415E-17
7585.16852254258  8.470810E-17
7587.90066349625  8.542671E-17
7590.63280444991  8.732399E-17
7593.36494540358  8.684571E-17
7596.09708635725  8.316396E-17
7598.82922731091  8.381993E-17
7601.56136826458  7.558978E-17
7604.29350921825  5.697081E-17
7607.02565017191  5.278726E-17
7609.75779112558  5.563353E-17
7612.48993207925  5.927675E-17
7615.22207303291  6.660804E-17
7617.95421398658  7.662400E-17
7620.68635494025  8.603909E-17
7623.41849589391  9.055810E-17
7626.15063684758  9.317427E-17
7628.88277780125  9.537418E-17
7631.61491875492  8.977410E-17
7634.34705970858  8.259326E-17
7637.07920066225  7.960302E-17
7639.81134161592  7.589546E-17
7642.54348256958  7.498515E-17
7645.27562352325  7.698287E-17
7648.00776447692  7.624952E-17
7650.73990543058  7.094270E-17
7653.47204638425  7.017884E-17
7656.20418733792  6.565838E-17
7658.93632829158  6.557298E-17
7661.66846924525  6.825723E-17
7664.40061019892  6.514352E-17
7667.13275115258  6.507973E-17
7669.86489210625  7.030626E-17
7672.59703305992  7.547133E-17
7675.32917401359  7.725395E-17
7678.06131496725  7.983644E-17
7680.79345592092  8.346204E-17
7683.52559687459  8.312736E-17
7686.25773782825  8.062220E-17
7688.98987878192  7.900024E-17
7691.72201973559  7.873787E-17
7694.45416068926  8.153524E-17
7697.18630164292  8.220513E-17
7699.91844259659  7.746537E-17
7702.65058355025  7.628510E-17
7705.38272450392  7.713631E-17
7708.11486545759  7.455440E-17
7710.84700641126  6.384684E-17
7713.57914736492  5.795716E-17
7716.31128831859  5.395694E-17
7719.04342927226  4.917248E-17
7721.77557022592  4.523753E-17
7724.50771117959  4.853591E-17
7727.23985213326  5.131981E-17
7729.97199308692  5.177452E-17
7732.70413404059  5.474856E-17
7735.43627499426  5.435629E-17
7738.16841594793  5.184950E-17
7740.90055690159  4.964957E-17
7743.63269785526  5.254736E-17
7746.36483880892  5.435189E-17
7749.09697976259  5.026816E-17
7751.82912071626  4.799893E-17
7754.56126166993  4.943752E-17
7757.29340262359  4.682301E-17
7760.02554357726  4.392379E-17
7762.75768453093  4.255224E-17
7765.48982548459  3.925869E-17
7768.22196643826  3.379168E-17
7770.95410739193  3.338371E-17
7773.6862483456  4.111341E-17
7776.41838929926  4.632760E-17
7779.15053025293  4.410511E-17
7781.88267120659  3.983554E-17
7784.61481216026  3.717771E-17
7787.34695311393  3.527117E-17
7790.0790940676  3.527244E-17
7792.81123502126  3.917820E-17
7795.54337597493  4.012114E-17
7798.2755169286  4.037109E-17
7801.00765788226  4.070150E-17
7803.73979883593  4.199457E-17
7806.4719397896  4.020007E-17
7809.20408074326  3.930779E-17
7811.93622169693  4.645599E-17
7814.6683626506  5.346490E-17
7817.40050360426  5.358947E-17
7820.13264455793  5.332515E-17
7822.8647855116  6.253315E-17
7825.59692646526  7.178248E-17
7828.32906741893  7.068233E-17
7831.0612083726  6.886560E-17
7833.79334932627  6.796087E-17
7836.52549027993  6.486672E-17
7839.2576312336  6.339172E-17
7841.98977218727  6.362311E-17
7844.72191314093  6.903367E-17
7847.4540540946  7.042739E-17
7850.18619504827  6.872168E-17
7852.91833600194  6.571330E-17
7855.6504769556  6.095505E-17
7858.38261790927  5.988185E-17
7861.11475886293  6.832816E-17
7863.8468998166  7.375173E-17
7866.57904077027  6.747339E-17
7869.31118172394  6.347695E-17
7872.0433226776  7.032827E-17
7874.77546363127  8.007914E-17
7877.50760458494  8.916745E-17
7880.2397455386  1.018687E-16
7882.97188649227  1.015825E-16
7885.70402744594  9.589743E-17
7888.43616839961  9.826959E-17
7891.16830935327  1.012073E-16
7893.90045030694  9.163169E-17
7896.6325912606  8.304053E-17
7899.36473221427  7.950040E-17
7902.09687316794  7.659787E-17
7904.82901412161  7.185196E-17
7907.56115507527  6.907045E-17
7910.29329602894  6.942224E-17
7913.02543698261  6.570720E-17
7915.75757793627  6.667970E-17
7918.48971888994  7.016942E-17
7921.22185984361  6.195242E-17
7923.95400079727  5.678551E-17
7926.68614175094  5.344174E-17
7929.41828270461  6.038986E-17
7932.15042365828  6.118660E-17
7934.88256461194  5.594858E-17
7937.61470556561  5.585886E-17
7940.34684651928  5.913903E-17
7943.07898747294  6.675162E-17
7945.81112842661  6.969975E-17
7948.54326938028  7.044265E-17
7951.27541033394  8.215140E-17
7954.00755128761  9.456972E-17
7956.73969224128  9.964748E-17
7959.47183319495  1.029031E-16
7962.20397414861  1.052269E-16
7964.93611510228  1.048388E-16
7967.66825605594  1.112439E-16
7970.40039700961  1.096041E-16
7973.13253796328  1.043187E-16
7975.86467891694  1.054508E-16
7978.59681987061  1.020083E-16
7981.32896082428  9.427095E-17
7984.06110177795  9.545922E-17
7986.79324273161  9.858734E-17
7989.52538368528  9.687855E-17
7992.25752463895  9.204237E-17
7994.98966559261  9.068537E-17
7997.72180654628  9.251169E-17
8000.45394749995  9.066329E-17
8003.18608845361  9.094833E-17
8005.91822940728  8.970247E-17
8008.65037036095  9.032718E-17
8011.38251131462  9.349870E-17
8014.11465226828  9.156242E-17
8016.84679322195  8.660251E-17
8019.57893417562  8.767664E-17
8022.31107512928  9.414887E-17
8025.04321608295  9.706447E-17
8027.77535703662  9.640566E-17
8030.50749799028  9.310711E-17
8033.23963894395  8.844900E-17
8035.97177989762  9.181108E-17
8038.70392085129  9.503608E-17
8041.43606180495  9.243420E-17
8044.16820275862  9.318712E-17
8046.90034371228  9.465683E-17
8049.63248466595  9.500123E-17
8052.36462561962  9.663757E-17
8055.09676657329  9.566350E-17
8057.82890752695  9.654903E-17
8060.56104848062  1.008482E-16
8063.29318943429  1.034171E-16
8066.02533038795  1.004979E-16
8068.75747134162  9.778230E-17
8071.48961229529  9.875015E-17
8074.22175324895  1.019446E-16
8076.95389420262  1.064419E-16
8079.68603515629  1.039866E-16
