3654.08276367  1.358598E-16
3659.59993362239  1.585933E-16
3665.11710357478  1.357543E-16
3670.63427352717  1.381355E-16
3676.15144347956  1.116879E-16
3681.66861343195  1.502441E-16
3687.18578338434  1.602838E-16
3692.70295333673  1.495914E-16
3698.22012328912  1.537773E-16
3703.73729324151  1.459877E-16
3709.2544631939  1.045311E-16
3714.77163314629  9.237256E-17
3720.28880309868  1.781001E-16
3725.80597305107  1.202990E-16
3731.32314300346  1.307065E-16
3736.84031295585  8.927794E-17
3742.35748290824  1.310357E-16
3747.87465286063  1.366618E-16
3753.39182281302  1.336529E-16
3758.90899276541  1.413519E-16
3764.4261627178  1.145204E-16
3769.94333267019  1.383881E-16
3775.46050262258  9.254879E-17
3780.97767257497  1.265518E-16
3786.49484252736  1.166183E-16
3792.01201247975  1.500401E-16
3797.52918243214  1.132323E-16
3803.04635238453  1.085026E-16
3808.56352233692  1.306363E-16
3814.08069228931  1.242532E-16
3819.5978622417  1.127010E-16
3825.11503219409  1.290064E-16
3830.63220214648  1.426358E-16
3836.14937209887  1.143274E-16
3841.66654205126  1.595055E-16
3847.18371200365  1.190105E-16
3852.70088195604  1.431017E-16
3858.21805190843  1.265582E-16
3863.73522186082  1.347150E-16
3869.25239181321  1.246165E-16
3874.7695617656  1.465768E-16
3880.28673171799  1.229012E-16
3885.80390167038  1.723175E-16
3891.32107162277  9.814786E-17
3896.83824157516  1.180522E-16
3902.35541152755  1.251448E-16
3907.87258147994  1.486498E-16
3913.38975143233  1.327647E-16
3918.90692138472  1.398868E-16
3924.42409133711  1.359015E-16
3929.9412612895  1.338963E-16
3935.45843124189  1.369421E-16
3940.97560119428  1.229592E-16
3946.49277114667  1.043826E-16
3952.00994109906  1.419491E-16
3957.52711105145  9.478531E-17
3963.04428100384  1.285922E-16
3968.56145095623  1.430767E-16
3974.07862090862  1.413221E-16
3979.59579086101  1.318903E-16
3985.1129608134  1.413798E-16
3990.63013076579  1.333463E-16
3996.14730071818  1.476757E-16
4001.66447067057  1.016596E-16
4007.18164062296  1.450883E-16
4012.69881057535  1.179265E-16
4018.21598052774  1.506611E-16
4023.73315048013  1.195850E-16
4029.25032043252  1.269707E-16
4034.76749038491  1.567223E-16
4040.2846603373  1.075243E-16
4045.80183028969  1.093430E-16
4051.31900024208  1.170116E-16
4056.83617019447  1.218441E-16
4062.35334014686  1.010864E-16
4067.87051009925  1.410598E-16
4073.38768005164  9.693679E-17
4078.90485000403  1.439742E-16
4084.42201995642  1.315130E-16
4089.93918990881  1.025932E-16
4095.4563598612  1.415997E-16
4100.97352981359  1.202741E-16
4106.49069976598  1.431070E-16
4112.00786971837  1.363407E-16
4117.52503967077  1.275507E-16
4123.04220962315  1.525263E-16
4128.55937957554  1.255203E-16
4134.07654952793  1.539670E-16
4139.59371948032  1.400192E-16
4145.11088943271  1.390129E-16
4150.6280593851  1.373991E-16
4156.14522933749  1.309129E-16
4161.66239928988  1.457145E-16
4167.17956924227  1.301194E-16
4172.69673919466  1.017392E-16
4178.21390914705  1.212373E-16
4183.73107909944  1.179242E-16
4189.24824905183  1.319489E-16
4194.76541900422  1.169509E-16
4200.28258895661  1.453510E-16
4205.799758909  1.384784E-16
4211.31692886139  1.080635E-16
4216.83409881378  1.141417E-16
4222.35126876617  1.407443E-16
4227.86843871856  1.179943E-16
4233.38560867095  1.227701E-16
4238.90277862334  1.547187E-16
4244.41994857573  1.284977E-16
4249.93711852813  1.262697E-16
4255.45428848051  1.409563E-16
4260.9714584329  1.523712E-16
4266.48862838529  1.345786E-16
4272.00579833768  1.192003E-16
4277.52296829007  1.278022E-16
4283.04013824246  1.325365E-16
4288.55730819485  1.267721E-16
4294.07447814724  1.237101E-16
4299.59164809963  1.376041E-16
4305.10881805202  1.175506E-16
4310.62598800441  1.323549E-16
4316.1431579568  1.424089E-16
4321.66032790919  1.282380E-16
4327.17749786158  1.191137E-16
4332.69466781397  1.432814E-16
4338.21183776636  1.536620E-16
4343.72900771875  1.380482E-16
4349.24617767114  1.334067E-16
4354.76334762353  1.218966E-16
4360.28051757592  1.225890E-16
4365.79768752831  1.418965E-16
4371.3148574807  1.311902E-16
4376.83202743309  1.461126E-16
4382.34919738548  1.039528E-16
4387.86636733787  1.544440E-16
4393.38353729026  1.307838E-16
4398.90070724265  1.449300E-16
4404.41787719504  1.336698E-16
4409.93504714743  1.215843E-16
4415.45221709982  1.256791E-16
4420.96938705221  1.080904E-16
4426.4865570046  1.043327E-16
4432.00372695699  8.933451E-17
4437.52089690938  1.191614E-16
4443.03806686177  9.863143E-17
4448.55523681416  1.189059E-16
4454.07240676656  1.218475E-16
4459.58957671894  1.318200E-16
4465.10674667133  1.015024E-16
4470.62391662372  1.140224E-16
4476.14108657611  1.217994E-16
4481.6582565285  1.167396E-16
4487.17542648089  1.163993E-16
4492.69259643328  1.180293E-16
4498.20976638568  1.026516E-16
4503.72693633806  1.188772E-16
4509.24410629045  1.407510E-16
4514.76127624284  1.139303E-16
4520.27844619523  1.068592E-16
4525.79561614762  9.809600E-17
4531.31278610001  1.155938E-16
4536.8299560524  9.461517E-17
4542.34712600479  1.228051E-16
4547.86429595718  1.173994E-16
4553.38146590957  1.059229E-16
4558.89863586196  1.057977E-16
4564.41580581435  9.502396E-17
4569.93297576674  1.060443E-16
4575.45014571913  1.334346E-16
4580.96731567153  1.221967E-16
4586.48448562392  1.125454E-16
4592.0016555763  1.039235E-16
4597.51882552869  1.051425E-16
4603.03599548108  1.073046E-16
4608.55316543347  1.179405E-16
4614.07033538587  1.131124E-16
4619.58750533825  7.750097E-17
4625.10467529064  8.690914E-17
4630.62184524303  1.236379E-16
4636.13901519542  1.182347E-16
4641.65618514781  1.066779E-16
4647.17335510021  9.813894E-17
4652.69052505259  1.017921E-16
4658.20769500498  1.078801E-16
4663.72486495738  9.921759E-17
4669.24203490976  1.212407E-16
4674.75920486215  1.124692E-16
4680.27637481455  1.420448E-16
4685.79354476693  1.145583E-16
4691.31071471932  1.029913E-16
4696.82788467171  1.184244E-16
4702.3450546241  1.051650E-16
4707.86222457649  1.024362E-16
4713.37939452888  1.123212E-16
4718.89656448127  1.198091E-16
4724.41373443366  1.259108E-16
4729.93090438605  1.081950E-16
4735.44807433844  1.308228E-16
4740.96524429083  1.291253E-16
4746.48241424323  1.194649E-16
4751.99958419562  1.260347E-16
4757.516754148  1.265844E-16
4763.03392410039  1.303934E-16
4768.55109405278  1.082894E-16
4774.06826400517  1.163853E-16
4779.58543395757  1.130372E-16
4785.10260390995  1.061727E-16
4790.61977386234  1.063796E-16
4796.13694381473  1.182377E-16
4801.65411376713  1.070395E-16
4807.17128371951  1.287538E-16
4812.68845367191  1.123463E-16
4818.2056236243  1.121786E-16
4823.72279357668  1.314360E-16
4829.23996352907  1.109796E-16
4834.75713348147  1.255349E-16
4840.27430343385  1.266254E-16
4845.79147338624  1.272676E-16
4851.30864333863  1.147433E-16
4856.82581329102  1.193104E-16
4862.34298324341  1.075666E-16
4867.86015319581  1.061545E-16
4873.37732314819  1.182356E-16
4878.89449310058  9.869616E-17
4884.41166305298  1.199102E-16
4889.92883300537  1.257190E-16
4895.44600295776  1.042750E-16
4900.96317291015  1.189176E-16
4906.48034286253  1.335714E-16
4911.99751281493  1.272904E-16
4917.51468276731  1.224349E-16
4923.0318527197  1.212418E-16
4928.54902267209  1.130939E-16
4934.06619262449  9.892570E-17
4939.58336257687  1.125713E-16
4945.10053252927  1.235187E-16
4950.61770248166  9.230838E-17
4956.13487243404  1.005386E-16
4961.65204238644  1.133036E-16
4967.16921233883  1.045232E-16
4972.68638229121  1.054150E-16
4978.20355224361  8.134966E-17
4983.72072219599  1.037208E-16
4989.23789214838  9.746934E-17
4994.75506210077  1.098839E-16
5000.27223205317  8.996813E-17
5005.78940200555  1.007774E-16
5011.30657195794  1.020567E-16
5016.82374191034  1.086748E-16
5022.34091186273  7.592042E-17
5027.85808181512  1.171207E-16
5033.37525176751  8.786896E-17
5038.8924217199  1.179741E-16
5044.40959167229  1.105478E-16
5049.92676162468  9.724257E-17
5055.44393157707  1.111231E-16
5060.96110152946  9.498436E-17
5066.47827148185  9.775548E-17
5071.99544143423  7.775997E-17
5077.51261138663  1.086405E-16
5083.02978133902  9.551327E-17
5088.54695129141  9.898503E-17
5094.0641212438  9.939611E-17
5099.58129119619  1.149408E-16
5105.09846114857  1.267681E-16
5110.61563110097  8.727240E-17
5116.13280105336  9.992947E-17
5121.64997100575  1.035599E-16
5127.16714095813  1.056078E-16
5132.68431091053  1.022310E-16
5138.20148086292  1.134898E-16
5143.7186508153  1.085112E-16
5149.2358207677  1.092933E-16
5154.75299072009  1.161322E-16
5160.27016067248  1.199759E-16
5165.78733062487  1.172017E-16
5171.30450057726  9.552109E-17
5176.82167052965  9.636045E-17
5182.33884048204  1.057500E-16
5187.85601043443  9.647607E-17
5193.37318038682  1.057656E-16
5198.89035033921  1.080839E-16
5204.40752029159  1.073006E-16
5209.92469024399  1.001948E-16
5215.44186019638  9.984400E-17
5220.95903014877  1.091893E-16
5226.47620010116  9.264962E-17
5231.99337005355  1.000190E-16
5237.51054000594  1.077711E-16
5243.02770995833  1.021204E-16
5248.54487991072  7.958053E-17
5254.06204986311  8.875203E-17
5259.57921981549  1.128381E-16
5265.09638976789  1.027250E-16
5270.61355972028  1.075193E-16
5276.13072967267  1.090921E-16
5281.64789962506  9.638357E-17
5287.16506957745  8.457814E-17
5292.68223952984  1.071869E-16
5298.19940948223  9.720673E-17
5303.71657943462  9.606386E-17
5309.23374938701  1.106086E-16
5314.7509193394  1.077041E-16
5320.26808929179  9.718512E-17
5325.78525924418  9.558666E-17
5331.30242919657  9.222738E-17
5336.81959914895  8.891041E-17
5342.33676910135  1.067960E-16
5347.85393905374  8.483619E-17
5353.37110900613  8.950806E-17
5358.88827895852  9.540815E-17
5364.40544891091  9.919378E-17
5369.9226188633  8.467667E-17
5375.43978881569  8.366700E-17
5380.95695876808  9.457512E-17
5386.47412872047  8.531404E-17
5391.99129867285  8.132889E-17
5397.50846862525  9.354204E-17
5403.02563857764  8.025924E-17
5408.54280853003  9.801933E-17
5414.05997848242  7.608117E-17
5419.57714843481  9.118260E-17
5425.0943183872  8.000314E-17
5430.61148833959  8.705478E-17
5436.12865829198  9.981385E-17
5441.64582824437  9.170612E-17
5447.16299819676  8.833659E-17
5452.68016814915  8.193571E-17
5458.19733810154  8.955515E-17
5463.71450805392  8.707570E-17
5469.23167800632  9.710797E-17
5474.74884795871  7.909942E-17
5480.2660179111  9.110786E-17
5485.78318786349  8.479040E-17
5491.30035781588  9.876495E-17
5496.81752776827  9.971613E-17
5502.33469772066  8.186176E-17
5507.85186767305  8.746678E-17
5513.36903762544  8.266184E-17
5518.88620757783  9.573954E-17
5524.40337753022  9.957970E-17
5529.92054748261  9.274479E-17
5535.437717435  9.031402E-17
5540.95488738739  8.856999E-17
5546.47205733978  7.661899E-17
5551.98922729217  9.638147E-17
5557.50639724456  7.313392E-17
5563.02356719695  9.404299E-17
5568.54073714934  8.096818E-17
5574.05790710173  8.910440E-17
5579.57507705412  9.401190E-17
5585.09224700651  9.265947E-17
5590.6094169589  9.288584E-17
5596.12658691129  7.943404E-17
5601.64375686368  1.045108E-16
5607.16092681607  8.303418E-17
5612.67809676846  7.408243E-17
5618.19526672084  7.476565E-17
5623.71243667324  7.878765E-17
5629.22960662563  8.428794E-17
5634.74677657802  8.603259E-17
5640.26394653041  8.588634E-17
5645.7811164828  9.380932E-17
5651.29828643519  8.599789E-17
5656.81545638758  7.791092E-17
5662.33262633997  7.969878E-17
5667.84979629236  8.594928E-17
5673.36696624475  9.141800E-17
5678.88413619714  9.845640E-17
5684.40130614953  8.046095E-17
5689.91847610192  8.748822E-17
5695.43564605431  7.870342E-17
5700.9528160067  7.972390E-17
5706.46998595909  6.547923E-17
5711.98715591148  8.062930E-17
5717.50432586387  7.233105E-17
5723.02149581626  8.192776E-17
5728.53866576865  9.294600E-17
5734.05583572104  8.816201E-17
5739.57300567343  7.462271E-17
5745.09017562582  8.189336E-17
5750.60734557821  8.554906E-17
5756.1245155306  7.275044E-17
5761.64168548299  8.335586E-17
5767.15885543538  8.464839E-17
5772.67602538777  7.102120E-17
5778.19319534016  8.063615E-17
5783.71036529255  8.642998E-17
5789.22753524494  7.144366E-17
5794.74470519733  8.447056E-17
5800.26187514972  7.870835E-17
5805.77904510211  6.737082E-17
5811.2962150545  8.335483E-17
5816.81338500689  8.846861E-17
5822.33055495928  8.229605E-17
5827.84772491167  8.859441E-17
5833.36489486406  8.274995E-17
5838.88206481645  8.075101E-17
5844.39923476884  8.751073E-17
5849.91640472123  8.805629E-17
5855.43357467362  7.417280E-17
5860.95074462601  8.827597E-17
5866.4679145784  7.975455E-17
5871.98508453079  7.204486E-17
5877.50225448318  9.285000E-17
5883.01942443557  8.175056E-17
5888.53659438796  7.544900E-17
5894.05376434035  6.949004E-17
5899.57093429274  8.256292E-17
5905.08810424513  9.242436E-17
5910.60527419752  8.795848E-17
5916.12244414991  7.392299E-17
5921.6396141023  8.010321E-17
5927.15678405469  7.003122E-17
5932.67395400708  7.461862E-17
5938.19112395947  7.308270E-17
5943.70829391186  7.095316E-17
5949.22546386425  7.174922E-17
5954.74263381664  7.050402E-17
5960.25980376903  7.179459E-17
5965.77697372142  6.713518E-17
5971.29414367381  7.842014E-17
5976.8113136262  7.670070E-17
5982.32848357859  8.501710E-17
5987.84565353098  8.223364E-17
5993.36282348337  7.246998E-17
5998.87999343576  7.105361E-17
6004.39716338815  7.397517E-17
6009.91433334054  9.585958E-17
6015.43150329293  8.465431E-17
6020.94867324532  6.646292E-17
6026.46584319771  7.351564E-17
6031.9830131501  6.391143E-17
6037.50018310249  5.964034E-17
6043.01735305488  7.457839E-17
6048.53452300727  6.050412E-17
6054.05169295966  5.967544E-17
6059.56886291205  5.593857E-17
6065.08603286444  5.459452E-17
6070.60320281683  7.652677E-17
6076.12037276922  6.084925E-17
6081.63754272161  6.427594E-17
6087.154712674  7.424141E-17
6092.67188262639  7.013361E-17
6098.18905257878  7.639306E-17
6103.70622253117  7.445267E-17
6109.22339248356  7.212647E-17
6114.74056243595  7.372641E-17
6120.25773238834  6.497709E-17
6125.77490234073  6.607426E-17
6131.29207229312  6.546170E-17
6136.80924224551  7.435503E-17
6142.3264121979  6.941295E-17
6147.84358215029  6.384190E-17
6153.36075210268  6.194840E-17
6158.87792205507  6.685579E-17
6164.39509200746  7.296010E-17
6169.91226195985  7.430949E-17
6175.42943191224  6.743488E-17
6180.94660186463  9.007909E-17
6186.46377181702  7.392178E-17
6191.98094176941  6.595601E-17
6197.4981117218  6.718861E-17
6203.01528167419  7.234456E-17
6208.53245162658  5.737378E-17
6214.04962157897  8.007676E-17
6219.56679153136  6.676854E-17
6225.08396148375  7.185285E-17
6230.60113143614  6.784988E-17
6236.11830138853  7.775936E-17
6241.63547134092  7.263265E-17
6247.15264129331  6.713496E-17
6252.6698112457  7.802069E-17
6258.18698119809  7.269268E-17
6263.70415115048  6.715997E-17
6269.22132110287  5.665748E-17
6274.73849105526  8.151007E-17
6280.25566100765  8.547744E-17
6285.77283096004  7.197698E-17
6291.29000091243  6.672930E-17
6296.80717086482  6.409353E-17
6302.32434081721  7.110315E-17
6307.8415107696  7.705600E-17
6313.35868072199  7.484672E-17
6318.87585067438  7.205811E-17
6324.39302062677  8.927429E-17
6329.91019057916  9.429640E-17
6335.42736053155  7.610393E-17
6340.94453048394  6.387277E-17
6346.46170043633  6.957072E-17
6351.97887038872  7.293457E-17
6357.49604034111  6.943464E-17
6363.0132102935  7.929355E-17
6368.53038024589  8.864268E-17
6374.04755019828  7.215506E-17
6379.56472015067  7.643803E-17
6385.08189010306  6.387891E-17
6390.59906005545  6.650371E-17
6396.11623000784  7.384006E-17
6401.63339996023  6.112003E-17
6407.15056991262  7.255678E-17
6412.66773986501  6.782606E-17
6418.1849098174  7.530560E-17
6423.70207976979  7.508065E-17
6429.21924972218  7.097306E-17
6434.73641967457  7.029199E-17
6440.25358962696  7.009425E-17
6445.77075957935  5.105996E-17
6451.28792953174  5.828200E-17
6456.80509948413  6.489238E-17
6462.32226943652  7.415116E-17
6467.83943938891  7.128932E-17
6473.3566093413  6.316491E-17
6478.87377929369  5.578245E-17
6484.39094924608  6.402572E-17
6489.90811919847  6.097618E-17
6495.42528915086  5.228677E-17
6500.94245910325  6.240613E-17
6506.45962905564  7.493286E-17
6511.97679900803  6.935279E-17
6517.49396896042  6.928669E-17
6523.01113891281  7.393405E-17
6528.5283088652  6.096862E-17
6534.04547881759  6.182267E-17
6539.56264876998  6.628220E-17
6545.07981872237  7.056095E-17
6550.59698867476  6.042151E-17
6556.11415862715  7.007514E-17
6561.63132857954  5.114194E-17
6567.14849853193  5.994707E-17
6572.66566848432  5.798303E-17
6578.18283843671  6.858931E-17
6583.7000083891  6.948190E-17
6589.21717834149  6.219801E-17
6594.73434829388  7.009704E-17
6600.25151824627  6.681618E-17
6605.76868819866  5.948484E-17
6611.28585815105  6.617621E-17
6616.80302810344  5.964432E-17
6622.32019805583  6.005376E-17
6627.83736800822  6.730777E-17
6633.35453796061  6.835846E-17
6638.871707913  6.036639E-17
6644.38887786539  6.297859E-17
6649.90604781778  5.891825E-17
6655.42321777017  5.934366E-17
6660.94038772256  6.266583E-17
6666.45755767495  4.974892E-17
6671.97472762734  6.051908E-17
6677.49189757973  5.388089E-17
6683.00906753212  5.217527E-17
6688.52623748451  5.398503E-17
6694.0434074369  4.961872E-17
6699.56057738929  7.025207E-17
6705.07774734168  6.413595E-17
6710.59491729407  5.541235E-17
6716.11208724646  6.535228E-17
6721.62925719885  5.690989E-17
6727.14642715124  5.929643E-17
6732.66359710363  5.949247E-17
6738.18076705602  5.887577E-17
6743.69793700841  5.103902E-17
6749.2151069608  6.080158E-17
6754.73227691319  6.616563E-17
6760.24944686558  6.062726E-17
6765.76661681797  6.621418E-17
6771.28378677036  6.542703E-17
6776.80095672275  5.008274E-17
6782.31812667514  5.458536E-17
6787.83529662753  5.903106E-17
6793.35246657992  4.744595E-17
6798.86963653231  5.808621E-17
6804.3868064847  6.714270E-17
6809.90397643709  5.241238E-17
6815.42114638948  7.417898E-17
6820.93831634187  8.427832E-17
6826.45548629426  6.302104E-17
6831.97265624665  5.980122E-17
6837.48982619904  5.838221E-17
6843.00699615143  6.894695E-17
6848.52416610382  6.249440E-17
6854.04133605621  6.643706E-17
6859.5585060086  6.034165E-17
6865.07567596099  6.066926E-17
6870.59284591338  5.744073E-17
6876.11001586577  5.455272E-17
6881.62718581816  6.070933E-17
6887.14435577055  7.804423E-17
6892.66152572294  7.660559E-17
6898.17869567533  5.199491E-17
6903.69586562772  7.107459E-17
6909.21303558011  5.431307E-17
6914.7302055325  7.164729E-17
6920.24737548489  7.462024E-17
6925.76454543728  6.460543E-17
6931.28171538967  7.037399E-17
6936.79888534206  7.378195E-17
6942.31605529445  4.688566E-17
6947.83322524684  7.461394E-17
6953.35039519923  7.543706E-17
6958.86756515162  7.704852E-17
6964.38473510401  7.244687E-17
6969.9019050564  6.687859E-17
6975.41907500879  5.037604E-17
6980.93624496118  5.876187E-17
6986.45341491357  6.228406E-17
6991.97058486596  4.606431E-17
6997.48775481835  4.721664E-17
7003.00492477074  6.036328E-17
7008.52209472313  5.495470E-17
7014.03926467552  7.435004E-17
7019.55643462791  7.243474E-17
7025.0736045803  5.815391E-17
7030.59077453269  5.861788E-17
7036.10794448508  6.572743E-17
7041.62511443747  6.886494E-17
7047.14228438986  5.504246E-17
7052.65945434225  5.216938E-17
7058.17662429464  7.484721E-17
7063.69379424703  6.880779E-17
7069.21096419942  6.101601E-17
7074.72813415181  6.341023E-17
7080.2453041042  5.328930E-17
7085.76247405659  6.053962E-17
7091.27964400898  5.402673E-17
7096.79681396137  7.364278E-17
7102.31398391376  6.098861E-17
7107.83115386615  6.301963E-17
7113.34832381854  7.308889E-17
7118.86549377093  6.336527E-17
7124.38266372332  5.850190E-17
7129.89983367571  7.438064E-17
7135.4170036281  9.294281E-17
7140.93417358049  8.969862E-17
7146.45134353288  6.174568E-17
7151.96851348527  6.388820E-17
7157.48568343766  5.802538E-17
7163.00285339005  5.256101E-17
7168.52002334244  5.317677E-17
7174.03719329483  5.692651E-17
7179.55436324722  5.521785E-17
7185.07153319961  4.613150E-17
7190.588703152  4.204478E-17
7196.10587310439  5.458162E-17
7201.62304305678  6.888763E-17
7207.14021300917  5.974537E-17
7212.65738296156  4.991710E-17
7218.17455291395  6.077572E-17
7223.69172286634  6.194552E-17
7229.20889281873  6.218744E-17
7234.72606277112  4.734106E-17
7240.24323272351  7.456035E-17
7245.7604026759  7.546494E-17
7251.27757262829  7.560159E-17
7256.79474258068  6.423780E-17
7262.31191253307  5.555814E-17
7267.82908248546  5.561525E-17
7273.34625243785  5.764256E-17
7278.86342239024  8.063003E-17
7284.38059234263  4.601484E-17
7289.89776229502  4.123352E-17
7295.41493224741  4.642220E-17
7300.9321021998  6.960340E-17
7306.44927215219  7.556554E-17
7311.96644210458  5.418712E-17
7317.48361205697  4.167970E-17
7323.00078200936  5.178430E-17
7328.51795196175  6.281758E-17
7334.03512191414  6.323863E-17
7339.55229186653  4.170260E-17
7345.06946181892  4.427247E-17
7350.58663177131  5.946251E-17
7356.1038017237  5.502688E-17
7361.62097167609  6.757152E-17
7367.13814162848  6.387661E-17
7372.65531158087  3.988276E-17
7378.17248153326  5.417615E-17
7383.68965148565  5.086850E-17
7389.20682143804  4.408133E-17
7394.72399139043  3.924630E-17
7400.24116134282  4.996540E-17
7405.75833129521  5.335737E-17
7411.2755012476  5.932657E-17
7416.79267119999  4.916228E-17
7422.30984115238  6.347894E-17
7427.82701110477  3.639469E-17
7433.34418105716  5.216153E-17
7438.86135100955  5.591077E-17
7444.37852096194  4.748186E-17
7449.89569091433  5.904282E-17
7455.41286086672  5.526834E-17
7460.93003081911  5.221914E-17
7466.4472007715  5.159668E-17
7471.96437072389  5.095833E-17
7477.48154067628  4.734461E-17
7482.99871062867  5.163682E-17
7488.51588058106  6.323751E-17
7494.03305053345  6.032416E-17
7499.55022048584  4.342104E-17
7505.06739043823  5.772076E-17
7510.58456039062  6.572197E-17
7516.10173034301  5.408453E-17
7521.6189002954  5.766721E-17
7527.13607024779  5.010972E-17
7532.65324020018  5.691472E-17
7538.17041015257  4.949248E-17
7543.68758010496  4.745307E-17
7549.20475005735  6.246935E-17
7554.72192000974  8.082985E-17
7560.23908996213  4.968154E-17
7565.75625991452  3.932192E-17
7571.27342986691  4.912333E-17
7576.7905998193  5.306018E-17
7582.30776977169  6.960553E-17
7587.82493972408  7.461058E-17
7593.34210967647  8.144068E-17
7598.85927962886  6.661975E-17
7604.37644958125  6.031802E-17
7609.89361953364  5.039430E-17
7615.41078948603  7.237486E-17
7620.92795943842  7.803992E-17
7626.44512939081  4.156725E-17
7631.9622993432  4.819143E-17
7637.47946929559  6.068256E-17
7642.99663924798  3.771072E-17
7648.51380920037  5.955210E-17
7654.03097915276  5.766854E-17
7659.54814910515  5.968820E-17
7665.06531905754  6.761816E-17
7670.58248900993  4.751043E-17
7676.09965896232  4.481446E-17
7681.61682891471  5.705136E-17
7687.1339988671  7.346359E-17
7692.65116881949  4.708613E-17
7698.16833877188  5.750837E-17
7703.68550872427  5.811655E-17
7709.20267867666  4.007840E-17
7714.71984862905  4.875034E-17
7720.23701858144  5.568321E-17
7725.75418853383  6.598284E-17
7731.27135848622  5.844819E-17
7736.78852843861  2.300264E-17
7742.305698391  1.018845E-17
7747.82286834339  5.353228E-17
7753.34003829578  8.159899E-17
7758.85720824817  7.364081E-17
7764.37437820056  4.352694E-17
7769.89154815295  3.747344E-17
7775.40871810534  4.432862E-17
7780.92588805773  2.810119E-17
7786.44305801012  4.023182E-17
7791.96022796251  7.559019E-17
7797.4773979149  5.524244E-17
7802.99456786729  3.323959E-17
7808.51173781968  2.832213E-17
7814.02890777207  3.897607E-17
7819.54607772446  6.399116E-17
7825.06324767685  5.604415E-17
7830.58041762924  7.359786E-17
7836.09758758163  4.520353E-17
7841.61475753402  4.511854E-17
7847.13192748641  4.862287E-17
7852.6490974388  5.833297E-17
7858.16626739119  6.615148E-17
7863.68343734358  5.219822E-17
7869.20060729597  5.809068E-17
7874.71777724836  4.421702E-17
7880.23494720075  1.145594E-17
7885.75211715314  3.320921E-17
7891.26928710553  6.395526E-17
7896.78645705792  4.779220E-17
7902.30362701031  5.004373E-17
7907.8207969627  3.537324E-17
7913.33796691509  1.673454E-17
7918.85513686748  4.144620E-17
7924.37230681987  4.772205E-17
7929.88947677226  6.590410E-17
7935.40664672465  5.538436E-17
7940.92381667704  3.350538E-17
7946.44098662943  4.612994E-17
7951.95815658182  1.418771E-17
7957.47532653421  6.187992E-17
7962.9924964866  6.326104E-17
7968.50966643899  5.413900E-17
7974.02683639138  3.732736E-17
7979.54400634377  6.220224E-18
7985.06117629616  2.820150E-17
7990.57834624855  3.905891E-17
7996.09551620094  6.652488E-17
8001.61268615333  7.774704E-17
8007.12985610572  5.328092E-17
8012.64702605811  4.038244E-17
8018.1641960105  2.560137E-17
8023.68136596289  1.775733E-17
8029.19853591528  4.362557E-17
8034.71570586767  5.787100E-17
8040.23287582006  4.404049E-17
8045.75004577245  3.435623E-17
8051.26721572484  4.205904E-17
8056.78438567723  2.009554E-17
8062.30155562962  2.637378E-17
8067.81872558201  3.836365E-17
8073.3358955344  5.649213E-17
8078.85306548679  4.411746E-17
8084.37023543918  2.581689E-17
8089.88740539157  4.492788E-17
8095.40457534396  5.385730E-17
8100.92174529635  3.636614E-17
8106.43891524874  6.701005E-17
8111.95608520113  9.587784E-17
8117.47325515352  6.356010E-17
8122.99042510591  4.596501E-17
8128.5075950583  2.718594E-17
8134.02476501069  4.681557E-17
8139.54193496308  2.000077E-17
8145.05910491547  4.623700E-17
8150.57627486786  6.057004E-17
8156.09344482025  4.903061E-17
8161.61061477264  4.530207E-17
8167.12778472503  2.475020E-17
8172.64495467742  1.292902E-17
8178.16212462981  3.350393E-17
8183.6792945822  4.023383E-17
8189.19646453459  4.911117E-17
8194.71363448698  5.340111E-17
8200.23080443937  1.621447E-17
8205.74797439176  2.710551E-17
8211.26514434415  5.914772E-17
8216.78231429654  5.112450E-17
8222.29948424893  3.827684E-17
8227.81665420132  5.570672E-17
8233.33382415371  3.111636E-17
8238.8509941061  5.866529E-17
8244.36816405849  5.625650E-17
8249.88533401088  2.538389E-17
8255.40250396327  2.054512E-17
8260.91967391566  4.652079E-17
8266.43684386805  5.013423E-17
8271.95401382044  3.491476E-17
8277.47118377283  1.671998E-17
8282.98835372522  4.180517E-17
8288.50552367761  4.495873E-17
8294.02269363  6.735055E-17
8299.53986358239  7.107939E-17
8305.05703353478  2.575875E-17
8310.57420348717  3.193808E-17
8316.09137343956  4.739407E-17
8321.60854339195  2.925356E-17
8327.12571334434  4.610626E-17
8332.64288329673  5.192340E-17
8338.16005324912  4.101034E-17
8343.67722320151  2.692638E-17
8349.1943931539  1.835544E-17
8354.71156310629  4.099493E-17
8360.22873305868  3.391711E-17
8365.74590301107  4.381183E-17
8371.26307296346  5.468769E-17
8376.78024291585  2.808851E-17
8382.29741286824  2.138703E-17
8387.81458282063  3.410447E-17
8393.33175277302  4.546461E-17
8398.84892272541  5.286846E-17
8404.3660926778  6.187766E-17
8409.88326263019  4.607060E-17
8415.40043258258  2.615425E-17
8420.91760253497  9.247317E-18
8426.43477248736  1.951169E-17
8431.95194243975  1.852308E-17
8437.46911239214  4.326571E-17
8442.98628234453  5.832487E-17
8448.50345229692  2.479915E-17
8454.02062224931  2.914033E-17
8459.5377922017  2.519819E-17
8465.05496215409  3.871619E-17
8470.57213210648  5.651074E-17
8476.08930205887  4.874082E-17
8481.60647201126  4.814600E-17
8487.12364196365  3.849118E-17
8492.64081191604  1.648993E-17
8498.15798186843  1.101785E-17
8503.67515182082  2.993607E-17
8509.19232177321  3.995803E-17
8514.7094917256  2.448723E-17
8520.22666167799  4.435596E-17
8525.74383163038  9.660110E-18
8531.26100158277  3.038759E-17
8536.77817153516  2.220069E-17
8542.29534148755  3.476259E-17
8547.81251143994  4.334960E-17
8553.32968139233  4.346617E-17
8558.84685134472  5.083686E-17
8564.36402129711  3.496143E-17
8569.8811912495  4.217652E-17
8575.39836120189  3.689480E-17
8580.91553115428  5.161743E-17
8586.43270110667  6.772977E-17
8591.94987105906  5.109013E-17
8597.46704101145  5.611962E-17
8602.98421096384  4.476707E-17
8608.50138091623  1.545953E-17
8614.01855086862  3.346889E-17
8619.53572082101  4.136529E-17
8625.0528907734  5.206573E-17
8630.57006072579  7.427401E-17
8636.08723067818  4.834990E-17
8641.60440063057  5.658618E-17
8647.12157058296  6.250926E-17
8652.63874053535  3.032779E-17
8658.15591048774  4.171082E-17
8663.67308044013  3.283199E-17
8669.19025039252  7.407070E-17
8674.70742034491  6.611411E-17
8680.2245902973  3.661371E-17
8685.74176024969  3.807370E-17
8691.25893020208  2.589325E-17
8696.77610015447  4.693529E-17
8702.29327010686  4.154870E-17
8707.81044005925  3.579890E-17
8713.32761001164  5.406170E-17
8718.84477996403  4.108528E-17
8724.36194991642  5.474195E-17
8729.87911986881  4.738701E-17
8735.3962898212  4.808810E-18
8740.91345977359  5.162673E-17
8746.43062972598  3.470823E-17
8751.94779967837  4.225788E-17
8757.46496963076  4.785874E-17
8762.98213958315  2.647052E-17
8768.49930953554  2.054236E-17
8774.01647948793  4.610011E-17
8779.53364944032  5.688575E-17
8785.05081939271  5.265462E-17
8790.5679893451  7.352720E-17
8796.08515929749  3.399374E-17
8801.60232924988  8.944533E-18
8807.11949920227  4.487774E-17
8812.63666915466  3.681165E-17
8818.15383910705  4.259579E-17
8823.67100905944  6.380538E-17
8829.18817901183  3.129645E-17
8834.70534896422  3.879601E-17
8840.22251891661  1.725782E-17
8845.739688869  3.957066E-17
8851.25685882139  -8.382228E-18
8856.77402877378  2.959778E-17
8862.29119872617  4.632541E-17
8867.80836867856  2.876644E-17
8873.32553863095  3.767995E-17
8878.84270858334  -3.441873E-17
8884.35987853573  3.989400E-17
8889.87704848812  3.399369E-17
8895.39421844051  5.311012E-17
8900.9113883929  4.843742E-17
8906.42855834529  3.826368E-17
8911.94572829768  6.853439E-18
8917.46289825007  -1.952477E-17
8922.98006820246  6.025957E-17
8928.49723815485  4.167088E-17
8934.01440810724  4.289807E-17
8939.53157805963  4.431226E-17
8945.04874801202  2.906821E-17
8950.56591796441  2.929594E-19
8956.0830879168  8.343746E-18
8961.60025786919  4.204036E-17
8967.11742782158  3.141930E-17
8972.63459777397  2.306825E-17
8978.15176772636  2.049958E-17
8983.66893767875  3.447330E-17
8989.18610763114  3.572442E-17
8994.70327758353  3.307591E-17
9000.22044753592  2.854603E-17
9005.73761748831  2.707228E-17
9011.2547874407  2.137349E-17
9016.77195739309  2.188514E-17
9022.28912734548  4.870007E-17
9027.80629729787  6.893363E-17
9033.32346725026  5.255670E-17
9038.84063720265  2.862711E-17
9044.35780715504  3.540839E-17
9049.87497710743  -3.973261E-19
9055.39214705982  1.593849E-17
9060.90931701221  4.971039E-17
9066.4264869646  1.844428E-17
9071.94365691699  6.031912E-17
9077.46082686938  3.883455E-17
9082.97799682177  5.032526E-17
9088.49516677416  7.865437E-18
9094.01233672655  -1.272186E-17
9099.52950667894  1.629001E-17
9105.04667663133  6.858131E-17
9110.56384658372  3.119410E-18
9116.08101653611  6.880258E-18
9121.5981864885  3.538336E-17
9127.11535644089  6.724231E-17
9132.63252639328  1.510291E-17
9138.14969634567  1.745836E-17
9143.66686629806  2.588849E-17
9149.18403625045  4.927622E-17
9154.70120620284  1.041145E-16
9160.21837615523  7.524818E-17
9165.73554610762  3.985486E-17
9171.25271606001  4.052784E-17
9176.7698860124  3.511862E-17
9182.28705596479  3.114251E-17
9187.80422591718  3.716284E-17
9193.32139586957  2.666109E-17
9198.83856582196  1.623335E-17
9204.35573577435  3.603231E-17
9209.87290572674  -3.529606E-18
9215.39007567913  3.515861E-17
9220.90724563152  1.434154E-17
9226.42441558391  6.371752E-17
9231.9415855363  4.518142E-17
9237.45875548869  2.110068E-17
9242.97592544108  4.740097E-17
9248.49309539347  5.877731E-17
