3661.22241211  -1.550794E-19
3666.73932981554  4.811975E-17
3672.25624752108  5.133178E-17
3677.77316522662  3.692784E-17
3683.29008293216  6.228584E-17
3688.8070006377  2.399157E-17
3694.32391834324  2.061179E-17
3699.84083604878  4.715488E-17
3705.35775375432  2.706888E-17
3710.87467145986  3.900617E-17
3716.3915891654  2.659465E-17
3721.90850687094  3.311739E-17
3727.42542457648  6.549584E-17
3732.94234228202  6.448055E-17
3738.45925998756  5.937373E-17
3743.9761776931  2.016114E-17
3749.49309539864  4.511153E-17
3755.01001310418  4.717097E-17
3760.52693080972  3.246196E-17
3766.04384851526  3.755156E-17
3771.5607662208  2.824573E-17
3777.07768392634  4.629793E-17
3782.59460163188  3.271711E-17
3788.11151933742  3.164823E-17
3793.62843704296  3.266289E-17
3799.1453547485  4.965776E-17
3804.66227245404  6.214143E-17
3810.17919015958  5.450974E-17
3815.69610786512  4.336448E-17
3821.21302557066  4.354925E-17
3826.7299432762  4.566628E-17
3832.24686098174  4.017824E-17
3837.76377868728  4.609364E-17
3843.28069639282  5.404142E-17
3848.79761409836  3.938707E-17
3854.3145318039  2.219037E-17
3859.83144950944  2.870237E-17
3865.34836721498  2.692745E-17
3870.86528492052  4.656810E-17
3876.38220262606  3.195449E-17
3881.8991203316  3.430410E-17
3887.41603803714  3.642476E-17
3892.93295574268  4.178252E-17
3898.44987344822  4.614000E-17
3903.96679115376  2.419603E-17
3909.4837088593  3.766640E-17
3915.00062656484  3.328654E-17
3920.51754427038  2.971082E-17
3926.03446197592  3.411217E-17
3931.55137968146  4.243775E-17
3937.068297387  4.048925E-17
3942.58521509254  4.081088E-17
3948.10213279808  5.433943E-17
3953.61905050362  3.917161E-17
3959.13596820916  4.198122E-17
3964.6528859147  4.060064E-17
3970.16980362024  4.042666E-17
3975.68672132578  3.703316E-17
3981.20363903132  3.643558E-17
3986.72055673686  3.672270E-17
3992.2374744424  3.932581E-17
3997.75439214794  3.436671E-17
4003.27130985348  4.646831E-17
4008.78822755902  3.483158E-17
4014.30514526456  3.126668E-17
4019.8220629701  2.673060E-17
4025.33898067564  2.677558E-17
4030.85589838118  4.417557E-17
4036.37281608672  4.976203E-17
4041.88973379226  4.335830E-17
4047.4066514978  3.808672E-17
4052.92356920334  3.296692E-17
4058.44048690888  4.143611E-17
4063.95740461442  3.881250E-17
4069.47432231996  4.394288E-17
4074.9912400255  3.036752E-17
4080.50815773104  3.116547E-17
4086.02507543658  3.941112E-17
4091.54199314212  2.657991E-17
4097.05891084766  3.888225E-17
4102.5758285532  3.215635E-17
4108.09274625874  4.053984E-17
4113.60966396428  3.265481E-17
4119.12658166982  3.391546E-17
4124.64349937536  4.093924E-17
4130.1604170809  3.345679E-17
4135.67733478644  3.900323E-17
4141.19425249198  3.686086E-17
4146.71117019752  3.280068E-17
4152.22808790306  3.735331E-17
4157.7450056086  2.795034E-17
4163.26192331414  3.496133E-17
4168.77884101968  3.209452E-17
4174.29575872522  2.672001E-17
4179.81267643076  3.726004E-17
4185.3295941363  2.947712E-17
4190.84651184184  4.291381E-17
4196.36342954738  3.730107E-17
4201.88034725292  5.040568E-17
4207.39726495846  3.435877E-17
4212.914182664  3.288708E-17
4218.43110036954  4.171357E-17
4223.94801807508  2.774475E-17
4229.46493578062  3.885338E-17
4234.98185348616  4.241323E-17
4240.4987711917  4.127782E-17
4246.01568889724  3.410462E-17
4251.53260660278  3.375290E-17
4257.04952430832  3.632204E-17
4262.56644201386  4.515450E-17
4268.0833597194  3.466166E-17
4273.60027742494  2.938155E-17
4279.11719513048  4.487568E-17
4284.63411283602  4.642132E-17
4290.15103054156  7.076957E-17
4295.6679482471  8.685020E-17
4301.18486595264  1.040946E-16
4306.70178365818  8.663831E-17
4312.21870136372  9.059817E-17
4317.73561906926  7.756590E-17
4323.2525367748  4.115306E-17
4328.76945448034  4.097146E-17
4334.28637218588  4.712587E-17
4339.80328989142  3.732625E-17
4345.32020759696  2.954674E-17
4350.8371253025  3.919797E-17
4356.35404300804  4.607410E-17
4361.87096071358  5.432839E-17
4367.38787841912  4.638428E-17
4372.90479612466  4.526676E-17
4378.4217138302  4.218944E-17
4383.93863153574  3.859859E-17
4389.45554924128  3.802872E-17
4394.97246694682  5.465539E-17
4400.48938465236  4.131572E-17
4406.0063023579  5.117818E-17
4411.52322006344  5.329523E-17
4417.04013776898  4.910305E-17
4422.55705547452  5.144150E-17
4428.07397318006  4.676078E-17
4433.5908908856  4.351477E-17
4439.10780859114  5.144735E-17
4444.62472629668  5.386436E-17
4450.14164400222  6.362054E-17
4455.65856170776  6.792407E-17
4461.1754794133  5.699692E-17
4466.69239711884  5.578906E-17
4472.20931482438  6.161711E-17
4477.72623252993  5.937670E-17
4483.24315023546  5.006339E-17
4488.760067941  4.870169E-17
4494.27698564654  5.206958E-17
4499.79390335208  4.908339E-17
4505.31082105762  5.332530E-17
4510.82773876316  4.567334E-17
4516.3446564687  5.569909E-17
4521.86157417424  5.109218E-17
4527.37849187978  5.462839E-17
4532.89540958532  4.478988E-17
4538.41232729086  4.128362E-17
4543.9292449964  4.921072E-17
4549.44616270194  4.692990E-17
4554.96308040748  5.657156E-17
4560.47999811302  5.872884E-17
4565.99691581856  5.706444E-17
4571.5138335241  5.306479E-17
4577.03075122964  3.985776E-17
4582.54766893518  3.400390E-17
4588.06458664072  4.093394E-17
4593.58150434626  4.409392E-17
4599.0984220518  4.613786E-17
4604.61533975734  4.748477E-17
4610.13225746288  5.153930E-17
4615.64917516842  5.863075E-17
4621.16609287396  6.879853E-17
4626.6830105795  6.119460E-17
4632.19992828504  6.064727E-17
4637.71684599058  6.294363E-17
4643.23376369612  6.249512E-17
4648.75068140166  5.980049E-17
4654.2675991072  6.170155E-17
4659.78451681274  6.912102E-17
4665.30143451828  6.428994E-17
4670.81835222382  5.932377E-17
4676.33526992936  6.589766E-17
4681.8521876349  5.654676E-17
4687.36910534044  5.731635E-17
4692.88602304598  5.832489E-17
4698.40294075152  5.301112E-17
4703.91985845706  6.486544E-17
4709.4367761626  4.938206E-17
4714.95369386814  5.516762E-17
4720.47061157368  5.842225E-17
4725.98752927923  5.931489E-17
4731.50444698477  6.076425E-17
4737.0213646903  5.764884E-17
4742.53828239584  5.573963E-17
4748.05520010138  4.546680E-17
4753.57211780692  4.884907E-17
4759.08903551246  5.126278E-17
4764.605953218  5.683870E-17
4770.12287092354  5.615637E-17
4775.63978862908  6.044085E-17
4781.15670633463  6.291091E-17
4786.67362404016  5.965333E-17
4792.19054174571  5.737863E-17
4797.70745945124  5.482042E-17
4803.22437715679  5.801613E-17
4808.74129486232  5.800351E-17
4814.25821256786  6.034035E-17
4819.7751302734  5.587878E-17
4825.29204797894  5.813256E-17
4830.80896568448  3.925128E-17
4836.32588339003  5.749204E-17
4841.84280109557  6.221966E-17
4847.35971880111  5.541220E-17
4852.87663650664  5.667295E-17
4858.39355421218  5.636367E-17
4863.91047191773  5.274421E-17
4869.42738962326  5.699211E-17
4874.9443073288  5.154554E-17
4880.46122503434  5.458902E-17
4885.97814273988  4.785235E-17
4891.49506044542  5.712689E-17
4897.01197815097  5.569145E-17
4902.5288958565  5.406496E-17
4908.04581356204  5.735749E-17
4913.56273126758  5.536520E-17
4919.07964897312  6.139821E-17
4924.59656667866  6.159467E-17
4930.1134843842  5.340799E-17
4935.63040208974  5.095056E-17
4941.14731979528  5.806910E-17
4946.66423750082  5.237393E-17
4952.18115520636  5.664547E-17
4957.69807291191  5.457656E-17
4963.21499061745  5.477625E-17
4968.73190832299  5.448576E-17
4974.24882602852  5.172898E-17
4979.76574373406  5.281888E-17
4985.2826614396  4.924845E-17
4990.79957914515  5.477410E-17
4996.31649685068  6.555454E-17
5001.83341455623  4.501487E-17
5007.35033226176  5.596537E-17
5012.8672499673  5.738237E-17
5018.38416767285  5.604757E-17
5023.90108537839  5.355876E-17
5029.41800308392  5.475449E-17
5034.93492078947  5.019272E-17
5040.451838495  5.478259E-17
5045.96875620054  5.468569E-17
5051.48567390608  5.000283E-17
5057.00259161163  4.730356E-17
5062.51950931717  6.084814E-17
5068.0364270227  5.539878E-17
5073.55334472824  4.983951E-17
5079.07026243379  4.890224E-17
5084.58718013933  4.906293E-17
5090.10409784487  5.520916E-17
5095.62101555041  5.260604E-17
5101.13793325594  5.779708E-17
5106.65485096149  4.826536E-17
5112.17176866702  5.109816E-17
5117.68868637257  5.141232E-17
5123.20560407811  5.576967E-17
5128.72252178365  4.967296E-17
5134.23943948918  6.042499E-17
5139.75635719473  5.404415E-17
5145.27327490026  5.169911E-17
5150.79019260581  5.844151E-17
5156.30711031135  5.314655E-17
5161.82402801689  6.006468E-17
5167.34094572242  5.636694E-17
5172.85786342796  5.367016E-17
5178.3747811335  5.328728E-17
5183.89169883905  5.567109E-17
5189.40861654458  5.529839E-17
5194.92553425012  5.931718E-17
5200.44245195567  6.074256E-17
5205.95936966121  5.371358E-17
5211.47628736675  5.565322E-17
5216.99320507229  6.438346E-17
5222.51012277783  4.657158E-17
5228.02704048336  4.752875E-17
5233.54395818891  5.667411E-17
5239.06087589445  5.341221E-17
5244.57779359999  5.233412E-17
5250.09471130552  5.450275E-17
5255.61162901107  5.911267E-17
5261.12854671661  5.692492E-17
5266.64546442215  6.093454E-17
5272.16238212768  5.587476E-17
5277.67929983323  5.267012E-17
5283.19621753877  5.968514E-17
5288.7131352443  5.577567E-17
5294.23005294984  4.641342E-17
5299.74697065539  5.782394E-17
5305.26388836093  4.547772E-17
5310.78080606647  5.025154E-17
5316.29772377201  5.294929E-17
5321.81464147755  5.471855E-17
5327.33155918309  5.712912E-17
5332.84847688863  5.343896E-17
5338.36539459417  5.691572E-17
5343.8823122997  4.685934E-17
5349.39923000525  5.831163E-17
5354.91614771079  6.315183E-17
5360.43306541633  6.660829E-17
5365.94998312187  5.467526E-17
5371.46690082741  5.060689E-17
5376.98381853294  4.692591E-17
5382.50073623849  6.165670E-17
5388.01765394403  5.258151E-17
5393.53457164957  5.193469E-17
5399.05148935511  5.796610E-17
5404.56840706064  5.469996E-17
5410.08532476618  6.114422E-17
5415.60224247173  5.371453E-17
5421.11916017727  5.506635E-17
5426.63607788281  5.652640E-17
5432.15299558835  6.388086E-17
5437.66991329388  5.737188E-17
5443.18683099943  5.317869E-17
5448.70374870497  4.714248E-17
5454.22066641051  4.906366E-17
5459.73758411605  5.787705E-17
5465.25450182159  6.115805E-17
5470.77141952713  5.387716E-17
5476.28833723267  5.095915E-17
5481.80525493821  5.403467E-17
5487.32217264375  5.407421E-17
5492.83909034929  5.755652E-17
5498.35600805483  5.001383E-17
5503.87292576037  4.600908E-17
5509.38984346591  6.056184E-17
5514.90676117145  5.166388E-17
5520.42367887699  5.378447E-17
5525.94059658253  5.512063E-17
5531.45751428807  5.149642E-17
5536.97443199361  5.152451E-17
5542.49134969915  5.754763E-17
5548.00826740469  4.517138E-17
5553.52518511023  5.501123E-17
5559.04210281576  5.128788E-17
5564.55902052131  6.135536E-17
5570.07593822685  5.871169E-17
5575.59285593239  3.746621E-17
5581.10977363793  3.401639E-17
5586.62669134347  2.355865E-17
5592.14360904901  4.924889E-17
5597.66052675455  5.980051E-17
5603.17744446009  6.436237E-17
5608.69436216563  5.133568E-17
5614.21127987117  5.578481E-17
5619.72819757671  5.119427E-17
5625.24511528225  5.050633E-17
5630.76203298779  5.061454E-17
5636.27895069333  4.661276E-17
5641.79586839887  4.948215E-17
5647.31278610441  4.470404E-17
5652.82970380995  5.678359E-17
5658.34662151549  5.158076E-17
5663.86353922103  4.971348E-17
5669.38045692657  5.147159E-17
5674.89737463211  4.676724E-17
5680.41429233765  5.461758E-17
5685.93121004319  6.200788E-17
5691.44812774872  4.071526E-17
5696.96504545427  6.138489E-17
5702.48196315981  6.131833E-17
5707.99888086535  6.309278E-17
5713.51579857089  6.270963E-17
5719.03271627643  4.743789E-17
5724.54963398197  6.941554E-17
5730.06655168751  6.198004E-17
5735.58346939305  5.447202E-17
5741.10038709859  5.555660E-17
5746.61730480413  4.823837E-17
5752.13422250967  5.915239E-17
5757.65114021521  5.125970E-17
5763.16805792075  6.938227E-17
5768.68497562629  7.849987E-17
5774.20189333183  7.058173E-17
5779.71881103737  5.881451E-17
5785.23572874291  7.467860E-17
5790.75264644845  5.846029E-17
5796.26956415398  5.132086E-17
5801.78648185952  6.038196E-17
5807.30339956507  5.888515E-17
5812.82031727061  5.385748E-17
5818.33723497615  6.149803E-17
5823.85415268169  5.286964E-17
5829.37107038723  4.667306E-17
5834.88798809277  4.794570E-17
5840.40490579831  5.237536E-17
5845.92182350385  5.907007E-17
5851.43874120939  5.604395E-17
5856.95565891493  6.128651E-17
5862.47257662047  5.202705E-17
5867.98949432601  5.290993E-17
5873.50641203155  5.305839E-17
5879.02332973709  6.496776E-17
5884.54024744263  4.219518E-17
5890.05716514817  3.702688E-17
5895.57408285371  5.464587E-17
5901.09100055925  5.040404E-17
5906.60791826479  4.921449E-17
5912.12483597033  4.394693E-17
5917.64175367586  4.134909E-17
5923.1586713814  5.130651E-17
5928.67558908695  5.304033E-17
5934.19250679249  4.975665E-17
5939.70942449803  4.689893E-17
5945.22634220357  4.051713E-17
5950.74325990911  3.295297E-17
5956.26017761465  4.462310E-17
5961.77709532019  5.101740E-17
5967.29401302573  3.833829E-17
5972.81093073127  4.523467E-17
5978.32784843681  5.213603E-17
5983.84476614234  4.525878E-17
5989.36168384789  4.460015E-17
5994.87860155343  4.173158E-17
6000.39551925897  4.681977E-17
6005.91243696451  5.163116E-17
6011.42935467005  5.297888E-17
6016.94627237559  5.175849E-17
6022.46319008113  5.045417E-17
6027.98010778667  5.370685E-17
6033.49702549221  5.173803E-17
6039.01394319775  3.565318E-17
6044.53086090328  4.808952E-17
6050.04777860883  4.722912E-17
6055.56469631437  5.606608E-17
6061.08161401991  3.679167E-17
6066.59853172545  3.885798E-17
6072.11544943099  5.380102E-17
6077.63236713653  4.340033E-17
6083.14928484207  4.209347E-17
6088.66620254761  4.649081E-17
6094.18312025315  4.828829E-17
6099.70003795869  4.892443E-17
6105.21695566423  6.141411E-17
6110.73387336977  4.706282E-17
6116.25079107531  3.998875E-17
6121.76770878085  5.178889E-17
6127.28462648639  4.656216E-17
6132.80154419193  3.973660E-17
6138.31846189747  5.115927E-17
6143.83537960301  3.608979E-17
6149.35229730855  4.458689E-17
6154.86921501409  5.005580E-17
6160.38613271963  4.128443E-17
6165.90305042517  4.321682E-17
6171.41996813071  3.119517E-17
6176.93688583625  5.187040E-17
6182.45380354179  4.540801E-17
6187.97072124733  4.423005E-17
6193.48763895287  4.529774E-17
6199.00455665841  4.904925E-17
6204.52147436395  4.569520E-17
6210.03839206949  5.292331E-17
6215.55530977503  5.051712E-17
6221.07222748057  4.273744E-17
6226.58914518611  4.633787E-17
6232.10606289165  4.810216E-17
6237.62298059719  4.055488E-17
6243.13989830273  4.549120E-17
6248.65681600827  3.975672E-17
6254.17373371381  4.365097E-17
6259.69065141935  4.078331E-17
6265.20756912489  4.324271E-17
6270.72448683043  5.010223E-17
6276.24140453597  4.653287E-17
6281.75832224151  4.307661E-17
6287.27523994705  3.429937E-17
6292.79215765259  4.257167E-17
6298.30907535813  4.044337E-17
6303.82599306367  3.250449E-17
6309.34291076921  4.190220E-17
6314.85982847475  4.756065E-17
6320.37674618029  4.161768E-17
6325.89366388583  5.000316E-17
6331.41058159137  5.036930E-17
6336.92749929691  4.074323E-17
6342.44441700245  4.500353E-17
6347.96133470799  4.976312E-17
6353.47825241353  4.397229E-17
6358.99517011907  4.806126E-17
6364.51208782461  5.626561E-17
6370.02900553015  4.691005E-17
6375.54592323569  5.035173E-17
6381.06284094123  4.899234E-17
6386.57975864677  4.709339E-17
6392.09667635231  5.341451E-17
6397.61359405785  5.169581E-17
6403.13051176339  4.897756E-17
6408.64742946893  4.484923E-17
6414.16434717447  4.989145E-17
6419.68126488001  4.425822E-17
6425.19818258555  4.493725E-17
6430.71510029109  3.824572E-17
6436.23201799663  4.166146E-17
6441.74893570217  5.133352E-17
6447.26585340771  5.403210E-17
6452.78277111325  5.395317E-17
6458.29968881879  4.450759E-17
6463.81660652433  5.134036E-17
6469.33352422987  4.112990E-17
6474.85044193541  3.822272E-17
6480.36735964095  4.116866E-17
6485.88427734649  3.916306E-17
6491.40119505203  3.940595E-17
6496.91811275757  3.819137E-17
6502.43503046311  4.528191E-17
6507.95194816864  5.020128E-17
6513.46886587419  4.572811E-17
6518.98578357973  4.474760E-17
6524.50270128527  4.471770E-17
6530.01961899081  3.901364E-17
6535.53653669635  4.025681E-17
6541.05345440189  5.051414E-17
6546.57037210743  4.656387E-17
6552.08728981297  4.234727E-17
6557.60420751851  4.707877E-17
6563.12112522405  4.325513E-17
6568.63804292959  4.441533E-17
6574.15496063513  3.439815E-17
6579.67187834067  4.365167E-17
6585.18879604621  4.550782E-17
6590.70571375175  4.205702E-17
6596.22263145729  4.254060E-17
6601.73954916283  5.646574E-17
6607.25646686837  4.214078E-17
6612.77338457391  4.095340E-17
6618.29030227945  5.089100E-17
6623.80721998499  4.445794E-17
6629.32413769053  4.730911E-17
6634.84105539607  4.054205E-17
6640.35797310161  4.451158E-17
6645.87489080715  4.510334E-17
6651.39180851269  3.937845E-17
6656.90872621823  3.816540E-17
6662.42564392377  4.031428E-17
6667.94256162931  4.265144E-17
6673.45947933485  3.812356E-17
6678.97639704039  4.255788E-17
6684.49331474593  3.832112E-17
6690.01023245147  4.189277E-17
6695.52715015701  4.167533E-17
6701.04406786255  4.434555E-17
6706.56098556809  4.270803E-17
6712.07790327363  4.391202E-17
6717.59482097917  4.702381E-17
6723.11173868471  3.555347E-17
6728.62865639025  3.721973E-17
6734.14557409579  5.185413E-17
6739.66249180133  3.947211E-17
6745.17940950687  4.554787E-17
6750.69632721241  5.048565E-17
6756.21324491795  4.080125E-17
6761.73016262349  4.277960E-17
6767.24708032903  4.004766E-17
6772.76399803457  5.208991E-17
6778.28091574011  4.748536E-17
6783.79783344565  4.644469E-17
6789.31475115119  4.412247E-17
6794.83166885673  3.670034E-17
6800.34858656227  3.568224E-17
6805.86550426781  4.195238E-17
6811.38242197335  3.769937E-17
6816.89933967889  3.722730E-17
6822.41625738443  4.286824E-17
6827.93317508997  5.450955E-17
6833.45009279551  4.605719E-17
6838.96701050105  3.798162E-17
6844.48392820659  4.257269E-17
6850.00084591213  4.838646E-17
6855.51776361767  3.271163E-17
6861.03468132321  3.401393E-17
6866.55159902875  3.537240E-17
6872.06851673429  3.424595E-17
6877.58543443983  4.128934E-17
6883.10235214537  4.053083E-17
6888.61926985091  4.126801E-17
6894.13618755645  4.037511E-17
6899.65310526199  3.541340E-17
6905.17002296753  4.339942E-17
6910.68694067307  3.714294E-17
6916.20385837861  4.516289E-17
6921.72077608415  3.674105E-17
6927.23769378969  4.237759E-17
6932.75461149523  3.354562E-17
6938.27152920077  4.090109E-17
6943.78844690631  4.095582E-17
6949.30536461185  3.783805E-17
6954.82228231739  4.035684E-17
6960.33920002293  4.702306E-17
6965.85611772847  4.182752E-17
6971.37303543401  3.703727E-17
6976.88995313955  4.697183E-17
6982.40687084509  3.996504E-17
6987.92378855063  4.124989E-17
6993.44070625617  3.731275E-17
6998.95762396171  4.155158E-17
7004.47454166725  3.837993E-17
7009.99145937279  4.121999E-17
7015.50837707833  4.575928E-17
7021.02529478387  4.552093E-17
7026.54221248941  4.333041E-17
7032.05913019495  4.653514E-17
7037.57604790049  4.701688E-17
7043.09296560603  4.682160E-17
7048.60988331157  4.100393E-17
7054.12680101711  3.935867E-17
7059.64371872265  4.100926E-17
7065.16063642819  3.239131E-17
7070.67755413373  4.355111E-17
7076.19447183927  4.423017E-17
7081.71138954481  4.487873E-17
7087.22830725035  4.700250E-17
7092.74522495589  4.420742E-17
7098.26214266143  3.872260E-17
7103.77906036697  4.321051E-17
7109.29597807251  3.715557E-17
7114.81289577805  3.502866E-17
7120.32981348359  4.180304E-17
7125.84673118913  3.980631E-17
7131.36364889467  3.412028E-17
7136.88056660021  3.659755E-17
7142.39748430575  3.857663E-17
7147.91440201129  4.200808E-17
7153.43131971683  4.425982E-17
7158.94823742237  3.764276E-17
7164.46515512791  3.188396E-17
7169.98207283345  3.596971E-17
7175.49899053899  4.130906E-17
7181.01590824453  3.312923E-17
7186.53282595007  3.925075E-17
7192.04974365561  4.152524E-17
7197.56666136115  3.531671E-17
7203.08357906669  3.907062E-17
7208.60049677223  4.599999E-17
7214.11741447777  4.700736E-17
7219.63433218331  3.486235E-17
7225.15124988885  3.659626E-17
7230.66816759439  3.384938E-17
7236.18508529993  2.732782E-17
7241.70200300547  2.957549E-17
7247.21892071101  3.571796E-17
7252.73583841655  3.447032E-17
7258.25275612209  4.488485E-17
7263.76967382763  4.098400E-17
7269.28659153317  4.028321E-17
7274.80350923871  5.556070E-17
7280.32042694425  5.231631E-17
7285.83734464979  5.417246E-17
7291.35426235533  5.524811E-17
7296.87118006087  4.136075E-17
7302.38809776641  4.149682E-17
7307.90501547195  3.928979E-17
7313.42193317749  4.537685E-17
7318.93885088303  4.165627E-17
7324.45576858857  4.181892E-17
7329.97268629411  4.827717E-17
7335.48960399965  4.158014E-17
7341.00652170519  4.297364E-17
7346.52343941073  4.734816E-17
7352.04035711627  4.837666E-17
7357.55727482181  3.964358E-17
7363.07419252735  4.476108E-17
7368.59111023289  5.214387E-17
7374.10802793843  3.681514E-17
7379.62494564397  5.548147E-17
7385.14186334951  4.227323E-17
7390.65878105505  3.296750E-17
7396.17569876059  4.698660E-17
7401.69261646613  4.672471E-17
7407.20953417167  4.819381E-17
7412.72645187721  4.468775E-17
7418.24336958275  4.406774E-17
7423.76028728829  3.692998E-17
7429.27720499383  3.619208E-17
7434.79412269937  4.618835E-17
7440.31104040491  4.441117E-17
7445.82795811045  4.025689E-17
7451.34487581599  3.989736E-17
7456.86179352153  4.581327E-17
7462.37871122707  4.639579E-17
7467.89562893261  3.930537E-17
7473.41254663815  3.693519E-17
7478.92946434369  3.994317E-17
7484.44638204923  3.654174E-17
7489.96329975477  3.336872E-17
7495.48021746031  3.484099E-17
7500.99713516585  3.645630E-17
7506.51405287139  3.545264E-17
7512.03097057693  4.824766E-17
7517.54788828247  4.870245E-17
7523.06480598801  4.462425E-17
7528.58172369355  5.985362E-17
7534.09864139909  6.220120E-17
7539.61555910463  4.079627E-17
7545.13247681017  4.105004E-17
7550.64939451571  4.419344E-17
7556.16631222125  5.324252E-17
7561.68322992679  9.080078E-17
7567.20014763233  9.867352E-17
7572.71706533787  8.135432E-17
7578.23398304341  8.936321E-17
7583.75090074895  8.495432E-17
7589.26781845449  7.342976E-17
7594.78473616003  4.591267E-17
7600.30165386557  3.897505E-17
7605.81857157111  3.524781E-17
7611.33548927665  3.183933E-17
7616.85240698219  4.962888E-17
7622.36932468773  4.515825E-17
7627.88624239327  3.852055E-17
7633.40316009881  3.201621E-17
7638.92007780435  3.159542E-17
7644.43699550989  4.260145E-17
7649.95391321543  3.892774E-17
7655.47083092097  3.783345E-17
7660.98774862651  3.829759E-17
7666.50466633205  4.611239E-17
7672.02158403759  4.078052E-17
7677.53850174313  3.699056E-17
7683.05541944867  3.520720E-17
7688.57233715421  5.283252E-17
7694.08925485975  4.278157E-17
7699.60617256529  4.781037E-17
7705.12309027083  4.486220E-17
7710.64000797637  4.555388E-17
7716.15692568191  3.316591E-17
7721.67384338745  4.265185E-17
7727.19076109299  3.072705E-17
7732.70767879853  5.172334E-17
7738.22459650407  5.337121E-17
7743.74151420961  5.461134E-17
7749.25843191515  6.818927E-17
7754.77534962069  6.300402E-17
7760.29226732623  5.791831E-17
7765.80918503177  4.724762E-17
7771.32610273731  5.098008E-17
7776.84302044285  4.822058E-17
7782.35993814839  5.070690E-17
7787.87685585393  3.778403E-17
7793.39377355947  3.170924E-17
7798.91069126501  4.854477E-17
7804.42760897055  5.671215E-17
7809.94452667609  6.795738E-17
7815.46144438163  5.774191E-17
7820.97836208717  1.952051E-17
7826.49527979271  3.561721E-17
7832.01219749825  4.243392E-17
7837.52911520379  3.494489E-17
7843.04603290933  1.846857E-17
7848.56295061487  2.368813E-17
7854.07986832041  3.923500E-17
7859.59678602595  3.397216E-17
7865.11370373149  3.165038E-17
7870.63062143703  3.198181E-17
7876.14753914257  3.721956E-17
7881.66445684811  3.968629E-17
7887.18137455365  3.181538E-17
7892.69829225919  2.868062E-17
7898.21520996473  1.027351E-17
7903.73212767027  -5.334985E-19
7909.24904537581  -4.217361E-18
7914.76596308135  5.693763E-18
7920.28288078689  9.930005E-18
7925.79979849243  4.980356E-18
7931.31671619797  3.518422E-17
7936.83363390351  2.962711E-17
7942.35055160905  4.631575E-17
7947.86746931459  3.825585E-17
7953.38438702013  4.443845E-17
7958.90130472567  5.885257E-17
7964.41822243121  2.977344E-17
7969.93514013675  3.780765E-17
7975.45205784229  4.695731E-17
7980.96897554783  2.801171E-17
7986.48589325337  3.054108E-17
7992.00281095891  1.703968E-17
7997.51972866445  1.492706E-17
8003.03664636999  1.573785E-17
8008.55356407553  1.258604E-17
8014.07048178107  1.110612E-17
8019.58739948661  5.411645E-18
8025.10431719215  8.924952E-18
8030.62123489769  2.177503E-17
8036.13815260323  2.236213E-17
8041.65507030877  2.199865E-17
8047.17198801431  2.342359E-17
8052.68890571985  2.104243E-17
8058.20582342539  2.171337E-17
8063.72274113093  3.330626E-17
8069.23965883647  2.169637E-17
8074.75657654201  3.839008E-17
8080.27349424755  3.836444E-17
8085.79041195309  2.707258E-17
8091.30732965863  3.593418E-17
8096.82424736417  4.115720E-17
8102.34116506971  3.967125E-17
8107.85808277525  3.817135E-17
8113.37500048079  2.857182E-17
8118.89191818633  4.257961E-17
8124.40883589187  4.371576E-17
8129.92575359741  3.130995E-17
8135.44267130295  3.412368E-17
8140.95958900849  3.779493E-17
8146.47650671403  3.415920E-17
8151.99342441957  2.543631E-17
8157.51034212511  3.727376E-17
8163.02725983065  3.678904E-17
8168.54417753619  3.170798E-17
8174.06109524173  2.848554E-17
8179.57801294727  2.612869E-17
8185.09493065281  3.384646E-17
8190.61184835835  3.173881E-17
8196.12876606389  3.409850E-17
8201.64568376943  3.568498E-17
8207.16260147497  4.249852E-17
8212.67951918051  3.720704E-17
8218.19643688605  3.342537E-17
8223.71335459159  2.297310E-17
8229.23027229713  2.553324E-17
8234.74719000267  3.010513E-17
8240.26410770821  3.582444E-17
8245.78102541375  3.744536E-17
8251.29794311929  2.955457E-17
8256.81486082483  4.271746E-17
8262.33177853037  3.817300E-17
8267.84869623591  3.238282E-17
8273.36561394145  1.565658E-17
8278.88253164699  2.648051E-17
8284.39944935253  4.149971E-17
8289.91636705807  5.348737E-17
8295.43328476361  5.741224E-17
8300.95020246915  2.859371E-17
8306.46712017469  5.810557E-17
8311.98403788023  5.729812E-17
8317.50095558577  4.265756E-17
8323.01787329131  4.270200E-17
8328.53479099685  3.256528E-17
8334.05170870239  1.138260E-17
8339.56862640793  -8.668114E-18
8345.08554411347  1.467858E-17
8350.60246181901  2.532949E-17
8356.11937952455  4.768296E-18
8361.63629723009  1.135809E-17
8367.15321493563  2.415019E-17
8372.67013264117  2.326952E-17
8378.18705034671  4.907269E-17
8383.70396805225  3.952897E-17
8389.22088575779  3.692805E-17
8394.73780346333  5.153572E-17
8400.25472116887  5.149021E-17
8405.77163887441  3.487428E-17
8411.28855657995  3.753312E-17
8416.80547428549  2.385222E-17
8422.32239199103  4.221406E-18
8427.83930969657  2.341738E-17
8433.35622740211  1.112957E-17
8438.87314510765  1.223127E-18
8444.39006281319  -9.275050E-18
8449.90698051873  1.495341E-17
8455.42389822427  2.120056E-17
8460.94081592981  3.537352E-17
8466.45773363535  2.687161E-17
8471.97465134089  1.346778E-17
8477.49156904643  2.220448E-17
8483.00848675197  9.003422E-18
8488.52540445751  2.402736E-17
8494.04232216305  4.353887E-17
8499.55923986859  3.477370E-17
8505.07615757413  2.483774E-17
8510.59307527967  3.317744E-17
8516.10999298521  2.949140E-17
8521.62691069075  1.986362E-17
8527.14382839629  4.299531E-17
8532.66074610183  2.992406E-17
8538.17766380737  2.663111E-17
8543.69458151291  2.708883E-17
8549.21149921845  2.789578E-17
8554.72841692399  2.873015E-17
8560.24533462953  2.774271E-17
8565.76225233507  3.862889E-17
8571.27917004061  4.366262E-17
8576.79608774615  3.343184E-17
8582.31300545169  3.708613E-17
8587.82992315723  3.595228E-17
8593.34684086277  2.395271E-17
8598.86375856831  2.741876E-17
8604.38067627385  2.905608E-17
8609.89759397939  2.285130E-17
8615.41451168493  3.991444E-17
8620.93142939047  3.758377E-17
8626.44834709601  3.137686E-17
8631.96526480155  2.590878E-17
8637.48218250709  4.207088E-17
8642.99910021263  5.858775E-17
8648.51601791817  3.088620E-17
8654.03293562371  1.644323E-17
8659.54985332925  2.509506E-17
8665.06677103479  2.267986E-17
8670.58368874033  1.972446E-17
8676.10060644587  3.844267E-17
8681.61752415141  4.623519E-17
8687.13444185695  4.519474E-17
8692.65135956249  4.026206E-17
8698.16827726803  3.333173E-17
8703.68519497357  3.075926E-17
8709.20211267911  2.096996E-17
8714.71903038465  2.993911E-17
8720.23594809019  3.941392E-17
8725.75286579573  5.292283E-17
8731.26978350127  3.306771E-17
8736.78670120681  7.330896E-18
8742.30361891235  3.673693E-17
8747.82053661789  5.020983E-17
8753.33745432343  2.868842E-17
8758.85437202897  2.199856E-17
8764.37128973451  9.171688E-18
8769.88820744005  -8.189994E-18
8775.40512514559  7.375685E-18
8780.92204285113  2.197059E-17
8786.43896055667  2.300587E-17
8791.95587826221  2.535379E-17
8797.47279596775  3.010346E-17
8802.98971367329  4.720726E-17
8808.50663137883  5.545938E-17
8814.02354908437  9.338107E-17
8819.54046678991  8.449542E-17
8825.05738449545  9.903402E-17
8830.57430220099  9.489019E-17
8836.09121990653  6.977180E-17
8841.60813761207  8.652754E-17
8847.12505531761  2.803127E-17
8852.64197302315  3.609909E-17
8858.15889072869  2.752060E-17
8863.67580843423  3.966195E-17
8869.19272613977  1.489217E-17
8874.70964384531  3.600981E-17
8880.22656155085  5.016405E-17
8885.74347925639  3.957019E-17
8891.26039696193  5.669305E-18
8896.77731466747  1.213009E-17
8902.29423237301  1.411666E-17
8907.81115007855  2.046751E-17
8913.32806778409  2.315974E-17
8918.84498548963  1.746868E-17
8924.36190319517  2.430472E-18
8929.87882090071  -1.436019E-17
8935.39573860625  5.989572E-18
8940.91265631179  -6.129876E-18
8946.42957401733  2.204645E-17
8951.94649172287  2.549461E-17
8957.46340942841  2.058840E-17
8962.98032713395  8.316382E-18
8968.49724483949  5.806907E-18
8974.01416254503  2.412726E-17
8979.53108025057  2.933291E-17
8985.04799795611  3.613499E-17
8990.56491566165  4.950860E-17
8996.08183336719  3.642922E-17
9001.59875107273  2.770774E-17
9007.11566877827  5.560862E-17
9012.63258648381  6.243236E-17
9018.14950418935  3.499823E-17
9023.66642189489  3.372316E-17
9029.18333960043  3.411240E-17
9034.70025730597  6.383146E-17
9040.21717501151  5.590627E-17
9045.73409271705  2.993989E-17
9051.25101042259  2.887404E-17
9056.76792812813  4.832749E-17
9062.28484583367  1.879664E-17
9067.80176353921  -1.501964E-18
9073.31868124475  1.306456E-17
9078.83559895029  1.342998E-17
9084.35251665583  2.379528E-17
9089.86943436137  2.478081E-17
9095.38635206691  2.315812E-17
9100.90326977245  2.512906E-17
9106.42018747799  3.877143E-17
9111.93710518353  3.216308E-17
9117.45402288907  2.339672E-17
9122.97094059461  6.483497E-18
9128.48785830015  2.775211E-17
9134.00477600569  3.725357E-17
9139.52169371123  3.193493E-17
9145.03861141677  2.546598E-17
9150.55552912231  3.375208E-17
9156.07244682785  2.649277E-17
9161.58936453339  1.514897E-17
9167.10628223893  4.256871E-17
9172.62319994447  4.501667E-17
9178.14011765001  1.710950E-17
9183.65703535555  1.890566E-17
9189.17395306109  3.146140E-17
9194.69087076663  4.228197E-17
9200.20778847217  3.876450E-17
9205.72470617771  3.330614E-17
9211.24162388325  4.669980E-17
9216.75854158879  3.762964E-17
9222.27545929433  3.345665E-17
9227.79237699987  4.504605E-17
9233.30929470541  5.650714E-17
9238.82621241095  4.244305E-17
9244.34313011649  1.620741E-17
9249.86004782203  -1.370241E-18
9255.37696552757  5.628105E-17
