3650.15991211  1.040345E-17
3655.67827749315  9.738322E-18
3661.1966428763  3.382595E-17
3666.71500825945  -1.862438E-17
3672.2333736426  1.073638E-17
3677.75173902575  3.842093E-17
3683.2701044089  3.019823E-17
3688.78846979205  -5.416951E-18
3694.3068351752  8.411988E-18
3699.82520055835  -6.287129E-18
3705.3435659415  7.758625E-20
3710.86193132465  1.570233E-17
3716.3802967078  -1.054967E-17
3721.89866209095  3.275173E-17
3727.4170274741  3.066208E-17
3732.93539285725  -2.952347E-17
3738.4537582404  2.790314E-18
3743.97212362355  -1.776038E-17
3749.4904890067  3.997661E-17
3755.00885438985  7.944491E-17
3760.527219773  8.203306E-18
3766.04558515615  3.987104E-18
3771.5639505393  3.768265E-17
3777.08231592245  9.214095E-18
3782.6006813056  -8.803574E-18
3788.11904668875  5.286443E-17
3793.6374120719  3.478218E-17
3799.15577745505  6.028846E-18
3804.6741428382  2.428331E-17
3810.19250822135  3.729122E-17
3815.7108736045  3.631893E-18
3821.22923898765  1.256425E-17
3826.7476043708  1.970724E-17
3832.26596975395  -1.155871E-17
3837.7843351371  -5.429642E-18
3843.30270052025  1.780680E-17
3848.8210659034  2.260668E-17
3854.33943128655  2.421976E-17
3859.8577966697  6.143341E-18
3865.37616205285  4.411072E-19
3870.894527436  3.809749E-17
3876.41289281915  9.849439E-19
3881.9312582023  4.626390E-17
3887.44962358545  2.942886E-17
3892.9679889686  2.155472E-17
3898.48635435175  6.687501E-18
3904.0047197349  3.091934E-17
3909.52308511805  3.898386E-17
3915.0414505012  1.037752E-17
3920.55981588435  2.068129E-17
3926.0781812675  -7.639695E-18
3931.59654665065  2.144520E-17
3937.1149120338  4.555868E-18
3942.63327741695  8.693533E-18
3948.1516428001  1.943790E-17
3953.67000818325  1.468045E-17
3959.1883735664  1.663750E-17
3964.70673894955  9.868136E-18
3970.2251043327  2.101063E-17
3975.74346971585  4.465920E-18
3981.261835099  1.692262E-17
3986.78020048215  2.224862E-17
3992.2985658653  1.913762E-17
3997.81693124845  1.751287E-17
4003.3352966316  3.383793E-17
4008.85366201475  3.998077E-17
4014.3720273979  4.682269E-17
4019.89039278105  4.040344E-17
4025.4087581642  2.801995E-17
4030.92712354735  3.727231E-17
4036.4454889305  2.789969E-17
4041.96385431365  4.194817E-17
4047.4822196968  2.922295E-17
4053.00058507995  3.094760E-17
4058.5189504631  2.892458E-17
4064.03731584625  1.925706E-17
4069.5556812294  3.833645E-17
4075.07404661255  3.271574E-17
4080.5924119957  2.329702E-17
4086.11077737885  5.485699E-17
4091.629142762  4.017396E-17
4097.14750814515  3.416636E-17
4102.6658735283  3.339017E-17
4108.18423891145  3.464098E-17
4113.7026042946  3.617250E-17
4119.22096967775  2.273494E-17
4124.7393350609  4.392572E-17
4130.25770044405  1.056854E-17
4135.7760658272  4.151955E-17
4141.29443121035  2.462727E-17
4146.8127965935  3.417033E-17
4152.33116197665  3.480097E-17
4157.8495273598  3.210640E-17
4163.36789274295  2.337503E-17
4168.8862581261  3.882902E-17
4174.40462350925  3.422231E-17
4179.9229888924  3.296597E-17
4185.44135427555  4.056316E-17
4190.9597196587  2.852614E-17
4196.47808504185  2.688388E-17
4201.996450425  5.928326E-17
4207.51481580815  4.631233E-17
4213.0331811913  2.396500E-17
4218.55154657445  2.723372E-17
4224.0699119576  2.087955E-17
4229.58827734075  2.782048E-17
4235.1066427239  1.585236E-17
4240.62500810705  8.610829E-18
4246.1433734902  4.029782E-17
4251.66173887335  3.821690E-17
4257.1801042565  2.472717E-17
4262.69846963965  2.437030E-17
4268.2168350228  3.526908E-17
4273.73520040595  3.158263E-17
4279.2535657891  2.786066E-17
4284.77193117225  2.727283E-17
4290.2902965554  3.372344E-17
4295.80866193855  4.098981E-17
4301.3270273217  2.894343E-17
4306.84539270485  2.479908E-17
4312.363758088  3.047085E-17
4317.88212347115  3.844415E-17
4323.4004888543  3.508609E-17
4328.91885423745  3.422325E-17
4334.4372196206  4.537457E-17
4339.95558500375  3.846314E-17
4345.4739503869  3.143239E-17
4350.99231577005  3.959053E-17
4356.5106811532  5.250095E-17
4362.02904653635  3.582706E-17
4367.5474119195  3.455568E-17
4373.06577730265  3.639912E-17
4378.5841426858  3.272080E-17
4384.10250806895  2.568446E-17
4389.6208734521  2.823944E-17
4395.13923883525  1.996098E-17
4400.6576042184  2.317448E-17
4406.17596960155  2.335859E-17
4411.6943349847  2.741479E-17
4417.21270036785  4.046849E-17
4422.731065751  4.605989E-17
4428.24943113415  4.633212E-17
4433.7677965173  2.629069E-17
4439.28616190045  4.884315E-17
4444.8045272836  3.688038E-17
4450.32289266675  4.726310E-17
4455.8412580499  4.803896E-17
4461.35962343305  3.990723E-17
4466.8779888162  2.680572E-17
4472.39635419935  4.240022E-17
4477.9147195825  2.663465E-17
4483.43308496565  4.581968E-17
4488.9514503488  3.732408E-17
4494.46981573195  3.955678E-17
4499.9881811151  3.650493E-17
4505.50654649825  3.990532E-17
4511.0249118814  5.192375E-17
4516.54327726455  5.527887E-17
4522.0616426477  4.434618E-17
4527.58000803085  4.396767E-17
4533.098373414  4.264479E-17
4538.61673879715  4.170297E-17
4544.1351041803  4.965517E-17
4549.65346956345  4.933792E-17
4555.1718349466  4.807522E-17
4560.69020032975  4.824734E-17
4566.2085657129  4.156130E-17
4571.72693109605  4.665594E-17
4577.2452964792  4.412477E-17
4582.76366186235  3.930287E-17
4588.2820272455  4.154450E-17
4593.80039262865  4.548211E-17
4599.3187580118  4.520700E-17
4604.83712339495  4.793875E-17
4610.3554887781  4.962840E-17
4615.87385416125  5.223373E-17
4621.3922195444  5.618364E-17
4626.91058492755  6.099439E-17
4632.4289503107  4.428968E-17
4637.94731569385  5.846312E-17
4643.465681077  5.179689E-17
4648.98404646015  4.692592E-17
4654.5024118433  4.703526E-17
4660.02077722645  4.960335E-17
4665.5391426096  5.262697E-17
4671.05750799275  3.209892E-17
4676.5758733759  4.378931E-17
4682.09423875905  5.131187E-17
4687.6126041422  4.843579E-17
4693.13096952535  4.703072E-17
4698.6493349085  5.704543E-17
4704.16770029165  5.445353E-17
4709.6860656748  3.852226E-17
4715.20443105795  4.419274E-17
4720.7227964411  5.567051E-17
4726.24116182425  4.238487E-17
4731.7595272074  5.674966E-17
4737.27789259055  5.279895E-17
4742.7962579737  4.790243E-17
4748.31462335685  4.235056E-17
4753.83298874  3.828998E-17
4759.35135412315  4.251496E-17
4764.8697195063  3.376030E-17
4770.38808488945  3.604811E-17
4775.9064502726  5.601018E-17
4781.42481565575  5.341021E-17
4786.9431810389  5.256870E-17
4792.46154642205  5.142131E-17
4797.9799118052  5.025300E-17
4803.49827718835  5.688092E-17
4809.0166425715  4.483266E-17
4814.53500795465  3.938470E-17
4820.0533733378  5.390170E-17
4825.57173872096  5.177881E-17
4831.0901041041  4.682346E-17
4836.60846948725  5.788545E-17
4842.1268348704  6.453675E-17
4847.64520025355  4.688091E-17
4853.1635656367  4.527630E-17
4858.68193101985  5.044503E-17
4864.200296403  4.379727E-17
4869.71866178615  5.463430E-17
4875.2370271693  4.476586E-17
4880.75539255245  4.291290E-17
4886.2737579356  3.945134E-17
4891.79212331875  4.442248E-17
4897.3104887019  3.473446E-17
4902.82885408505  4.723221E-17
4908.3472194682  3.884274E-17
4913.86558485135  4.021893E-17
4919.3839502345  3.854910E-17
4924.90231561765  4.321259E-17
4930.4206810008  5.231471E-17
4935.93904638396  4.870881E-17
4941.4574117671  4.812682E-17
4946.97577715025  4.143566E-17
4952.4941425334  5.262758E-17
4958.01250791655  4.525142E-17
4963.53087329971  5.007936E-17
4969.04923868286  4.491783E-17
4974.56760406601  4.949073E-17
4980.08596944915  3.822970E-17
4985.6043348323  4.716488E-17
4991.12270021545  3.639320E-17
4996.6410655986  4.516155E-17
5002.15943098175  3.775648E-17
5007.67779636491  4.379478E-17
5013.19616174805  4.441440E-17
5018.71452713121  4.960620E-17
5024.23289251435  4.956158E-17
5029.75125789751  4.634960E-17
5035.26962328065  3.635946E-17
5040.7879886638  5.044286E-17
5046.30635404696  4.549713E-17
5051.82471943011  4.430919E-17
5057.34308481326  4.486480E-17
5062.8614501964  4.886277E-17
5068.37981557955  5.879006E-17
5073.89818096271  3.353222E-17
5079.41654634586  3.300084E-17
5084.93491172901  3.523683E-17
5090.45327711216  3.818459E-17
5095.97164249531  5.050777E-17
5101.49000787846  4.586209E-17
5107.00837326161  3.967451E-17
5112.52673864476  4.909043E-17
5118.04510402791  4.234498E-17
5123.56346941106  3.565447E-17
5129.0818347942  3.935057E-17
5134.60020017736  4.814421E-17
5140.1185655605  5.477467E-17
5145.63693094365  4.460414E-17
5151.1552963268  2.757869E-17
5156.67366170996  3.243799E-17
5162.19202709311  3.384271E-17
5167.71039247625  2.856344E-17
5173.2287578594  2.003686E-17
5178.74712324255  3.662918E-17
5184.2654886257  4.030291E-17
5189.78385400885  4.544448E-17
5195.302219392  5.147717E-17
5200.82058477516  3.385013E-17
5206.3389501583  3.884344E-17
5211.85731554145  3.245542E-17
5217.3756809246  3.162988E-17
5222.89404630775  4.945117E-17
5228.4124116909  4.810977E-17
5233.93077707405  4.280382E-17
5239.44914245721  4.935603E-17
5244.96750784035  5.448284E-17
5250.4858732235  5.569742E-17
5256.00423860665  5.517681E-17
5261.52260398981  3.927670E-17
5267.04096937295  4.359829E-17
5272.5593347561  4.583113E-17
5278.07770013926  4.428337E-17
5283.5960655224  4.766984E-17
5289.11443090556  4.207871E-17
5294.6327962887  4.340078E-17
5300.15116167185  5.011877E-17
5305.669527055  4.729671E-17
5311.18789243815  4.224026E-17
5316.70625782131  4.743063E-17
5322.22462320445  5.173334E-17
5327.7429885876  5.991120E-17
5333.26135397075  4.148990E-17
5338.77971935391  4.562797E-17
5344.29808473705  6.047916E-17
5349.8164501202  3.440924E-17
5355.33481550335  5.188047E-17
5360.8531808865  4.372948E-17
5366.37154626966  4.889650E-17
5371.8899116528  5.653541E-17
5377.40827703595  4.589087E-17
5382.9266424191  5.116221E-17
5388.44500780225  5.218644E-17
5393.9633731854  4.880314E-17
5399.48173856855  3.837076E-17
5405.00010395171  4.511569E-17
5410.51846933485  5.092549E-17
5416.03683471801  4.656827E-17
5421.55520010116  5.224104E-17
5427.07356548431  5.164103E-17
5432.59193086745  5.531858E-17
5438.1102962506  6.382988E-17
5443.62866163376  5.708865E-17
5449.1470270169  3.940173E-17
5454.66539240005  3.802740E-17
5460.1837577832  5.188102E-17
5465.70212316635  3.352831E-17
5471.2204885495  5.403908E-17
5476.73885393265  5.966376E-17
5482.25721931581  5.953773E-17
5487.77558469895  3.669812E-17
5493.29395008211  5.424948E-17
5498.81231546525  4.715852E-17
5504.33068084841  5.363595E-17
5509.84904623155  5.253611E-17
5515.3674116147  4.324147E-17
5520.88577699786  5.559919E-17
5526.404142381  3.221529E-17
5531.92250776416  5.277815E-17
5537.44087314731  4.881805E-17
5542.95923853046  5.202550E-17
5548.4776039136  5.641419E-17
5553.99596929675  5.755253E-17
5559.51433467991  3.559993E-17
5565.03270006306  5.621548E-17
5570.55106544621  3.315643E-17
5576.06943082936  4.090471E-17
5581.5877962125  4.488121E-17
5587.10616159565  5.857000E-17
5592.6245269788  4.177624E-17
5598.14289236196  6.057515E-17
5603.6612577451  6.093677E-17
5609.17962312825  5.201647E-17
5614.69798851141  5.856590E-17
5620.21635389456  4.188789E-17
5625.7347192777  3.971800E-17
5631.25308466085  5.522287E-17
5636.77145004401  5.317184E-17
5642.28981542716  4.568294E-17
5647.80818081031  5.074326E-17
5653.32654619346  5.203772E-17
5658.8449115766  5.479831E-17
5664.36327695975  4.641434E-17
5669.88164234291  6.348519E-17
5675.40000772606  4.462011E-17
5680.91837310921  5.633733E-17
5686.43673849236  6.314233E-17
5691.95510387551  5.967446E-17
5697.47346925866  4.335816E-17
5702.99183464181  5.356415E-17
5708.51020002496  4.094043E-17
5714.02856540811  6.278120E-17
5719.54693079126  4.340370E-17
5725.06529617441  5.005545E-17
5730.58366155756  4.654645E-17
5736.1020269407  6.486301E-17
5741.62039232385  6.722086E-17
5747.138757707  5.277991E-17
5752.65712309016  5.837583E-17
5758.17548847331  5.168799E-17
5763.69385385646  5.835828E-17
5769.21221923961  6.173175E-17
5774.73058462276  4.815426E-17
5780.24895000591  3.852509E-17
5785.76731538906  5.416231E-17
5791.28568077221  5.386589E-17
5796.80404615536  5.048716E-17
5802.32241153851  5.816026E-17
5807.84077692166  5.593414E-17
5813.35914230481  5.753805E-17
5818.87750768796  5.648815E-17
5824.39587307111  5.211188E-17
5829.91423845426  5.227385E-17
5835.43260383741  4.365625E-17
5840.95096922056  4.573821E-17
5846.46933460371  4.235164E-17
5851.98769998686  5.257507E-17
5857.50606537001  4.404560E-17
5863.02443075316  4.834642E-17
5868.54279613631  4.914217E-17
5874.06116151946  5.121990E-17
5879.57952690261  4.475781E-17
5885.09789228575  3.795171E-17
5890.61625766891  5.040247E-17
5896.13462305206  4.749332E-17
5901.65298843521  4.449140E-17
5907.17135381836  6.470004E-17
5912.68971920151  7.356082E-17
5918.20808458466  6.285332E-17
5923.72644996781  5.298163E-17
5929.24481535096  4.759914E-17
5934.76318073411  5.499968E-17
5940.28154611726  7.219038E-17
5945.79991150041  7.424132E-17
5951.31827688356  4.958541E-17
5956.83664226671  4.348259E-17
5962.35500764986  4.304995E-17
5967.87337303301  4.941075E-17
5973.39173841616  6.330195E-17
5978.91010379931  5.956072E-17
5984.42846918246  5.191027E-17
5989.94683456561  5.379199E-17
5995.46519994876  6.853504E-17
6000.98356533191  6.225952E-17
6006.50193071506  5.613869E-17
6012.02029609821  4.152038E-17
6017.53866148136  4.446086E-17
6023.05702686451  4.573900E-17
6028.57539224766  3.733088E-17
6034.09375763081  5.547116E-17
6039.61212301396  5.338622E-17
6045.13048839711  4.511796E-17
6050.64885378026  5.604754E-17
6056.16721916341  5.191957E-17
6061.68558454656  5.403754E-17
6067.20394992971  4.896449E-17
6072.72231531286  4.605879E-17
6078.24068069601  4.699239E-17
6083.75904607916  5.312895E-17
6089.27741146231  5.711887E-17
6094.79577684546  4.656440E-17
6100.31414222861  5.186150E-17
6105.83250761176  5.620620E-17
6111.35087299491  3.900937E-17
6116.86923837806  4.566116E-17
6122.38760376121  5.059177E-17
6127.90596914436  5.175147E-17
6133.42433452751  3.999491E-17
6138.94269991066  4.790200E-17
6144.46106529381  5.250314E-17
6149.97943067696  5.402351E-17
6155.49779606011  4.850399E-17
6161.01616144326  4.510710E-17
6166.53452682641  4.096631E-17
6172.05289220956  5.449650E-17
6177.57125759271  5.574682E-17
6183.08962297586  4.962592E-17
6188.60798835901  4.629032E-17
6194.12635374216  4.439746E-17
6199.64471912531  4.072688E-17
6205.16308450846  6.166971E-17
6210.68144989161  6.336686E-17
6216.19981527476  5.025786E-17
6221.71818065791  5.189573E-17
6227.23654604106  5.196460E-17
6232.75491142421  5.243186E-17
6238.27327680736  4.411254E-17
6243.79164219051  4.569308E-17
6249.31000757366  4.207491E-17
6254.82837295681  3.837457E-17
6260.34673833996  5.160952E-17
6265.86510372311  5.838472E-17
6271.38346910626  5.065467E-17
6276.90183448941  4.985793E-17
6282.42019987256  5.351079E-17
6287.93856525571  5.207865E-17
6293.45693063886  4.445394E-17
6298.97529602201  4.344027E-17
6304.49366140516  5.578128E-17
6310.01202678831  4.568097E-17
6315.53039217146  6.033892E-17
6321.04875755461  4.287123E-17
6326.56712293776  4.028184E-17
6332.08548832091  4.364271E-17
6337.60385370406  5.504873E-17
6343.12221908721  5.242805E-17
6348.64058447036  2.925415E-17
6354.15894985351  2.786700E-17
6359.67731523666  4.594776E-17
6365.19568061981  5.542319E-17
6370.71404600296  5.363460E-17
6376.23241138611  4.663146E-17
6381.75077676926  4.272115E-17
6387.26914215241  5.247417E-17
6392.78750753556  4.963278E-17
6398.30587291871  5.760690E-17
6403.82423830186  4.370759E-17
6409.34260368501  5.548435E-17
6414.86096906816  4.554651E-17
6420.37933445131  5.352794E-17
6425.89769983446  5.157001E-17
6431.41606521761  4.769411E-17
6436.93443060076  4.683136E-17
6442.45279598391  4.581790E-17
6447.97116136706  4.147678E-17
6453.48952675021  3.792311E-17
6459.00789213336  5.558202E-17
6464.52625751651  4.267083E-17
6470.04462289966  3.953313E-17
6475.56298828281  4.942278E-17
6481.08135366596  4.397792E-17
6486.59971904911  4.218853E-17
6492.11808443226  4.302184E-17
6497.63644981541  4.757139E-17
6503.15481519856  3.800588E-17
6508.67318058171  2.949264E-17
6514.19154596486  4.776883E-17
6519.70991134801  5.037403E-17
6525.22827673116  4.121463E-17
6530.74664211431  4.193845E-17
6536.26500749746  4.352209E-17
6541.78337288061  3.454437E-17
6547.30173826376  4.060899E-17
6552.82010364691  4.968011E-17
6558.33846903006  3.803635E-17
6563.85683441321  3.288402E-17
6569.37519979636  4.256509E-17
6574.89356517951  4.025359E-17
6580.41193056266  5.532275E-17
6585.93029594581  5.968242E-17
6591.44866132896  4.739195E-17
6596.96702671211  3.903574E-17
6602.48539209526  4.652924E-17
6608.00375747841  4.769541E-17
6613.52212286156  3.196290E-17
6619.04048824471  4.219642E-17
6624.55885362786  4.780128E-17
6630.07721901101  5.558269E-17
6635.59558439416  3.730857E-17
6641.11394977731  3.956024E-17
6646.63231516046  4.462876E-17
6652.15068054361  5.474539E-17
6657.66904592676  5.701393E-17
6663.18741130991  4.450234E-17
6668.70577669306  4.267828E-17
6674.22414207621  4.256083E-17
6679.74250745936  4.094660E-17
6685.26087284251  4.795529E-17
6690.77923822566  5.319851E-17
6696.29760360881  5.969502E-17
6701.81596899196  5.222547E-17
6707.33433437511  4.712048E-17
6712.85269975826  5.945001E-17
6718.37106514141  5.633469E-17
6723.88943052456  4.770629E-17
6729.40779590771  4.844859E-17
6734.92616129086  5.739775E-17
6740.44452667401  5.854154E-17
6745.96289205716  5.003668E-17
6751.48125744031  5.321890E-17
6756.99962282346  4.140091E-17
6762.51798820661  3.600404E-17
6768.03635358976  4.122948E-17
6773.55471897291  5.580410E-17
6779.07308435606  5.120713E-17
6784.59144973921  5.143573E-17
6790.10981512236  4.278712E-17
6795.62818050551  4.813014E-17
6801.14654588866  4.332367E-17
6806.66491127181  5.542037E-17
6812.18327665496  6.089121E-17
6817.70164203811  5.069881E-17
6823.22000742126  4.731171E-17
6828.73837280441  6.093389E-17
6834.25673818756  4.663864E-17
6839.77510357071  4.517120E-17
6845.29346895386  5.155161E-17
6850.81183433701  3.869327E-17
6856.33019972016  4.779662E-17
6861.84856510331  5.234723E-17
6867.36693048646  4.317182E-17
6872.88529586961  4.477491E-17
6878.40366125276  4.502419E-17
6883.92202663591  5.574885E-17
6889.44039201906  5.475691E-17
6894.95875740221  3.673972E-17
6900.47712278536  4.273533E-17
6905.99548816851  4.413981E-17
6911.51385355166  3.536108E-17
6917.03221893481  4.426955E-17
6922.55058431796  6.383177E-17
6928.06894970111  6.330162E-17
6933.58731508426  4.633359E-17
6939.10568046741  5.786048E-17
6944.62404585056  5.751147E-17
6950.14241123371  3.637120E-17
6955.66077661686  3.841686E-17
6961.17914200001  2.868849E-17
6966.69750738316  4.242960E-17
6972.21587276631  6.735214E-17
6977.73423814946  6.081832E-17
6983.25260353261  4.655385E-17
6988.77096891576  4.679882E-17
6994.28933429891  3.837533E-17
6999.80769968206  4.512036E-17
7005.32606506521  5.293603E-17
7010.84443044836  5.254019E-17
7016.36279583151  5.120390E-17
7021.88116121466  6.053756E-17
7027.39952659781  5.012584E-17
7032.91789198096  4.912831E-17
7038.43625736411  5.726383E-17
7043.95462274726  5.104259E-17
7049.47298813041  5.111400E-17
7054.99135351356  5.054221E-17
7060.50971889671  5.221340E-17
7066.02808427986  3.003697E-17
7071.54644966301  5.050791E-17
7077.06481504616  4.239436E-17
7082.58318042931  3.000979E-17
7088.10154581246  5.078683E-17
7093.61991119561  5.215700E-17
7099.13827657876  5.007955E-17
7104.65664196191  5.628394E-17
7110.17500734506  4.398373E-17
7115.69337272821  4.767956E-17
7121.21173811136  4.298706E-17
7126.73010349451  4.528397E-17
7132.24846887766  4.486228E-17
7137.76683426081  4.964763E-17
7143.28519964396  4.639638E-17
7148.80356502711  4.273857E-17
7154.32193041026  5.191056E-17
7159.84029579341  4.601221E-17
7165.35866117656  4.286827E-17
7170.87702655971  5.939692E-17
7176.39539194286  5.490417E-17
7181.91375732601  3.936203E-17
7187.43212270916  4.006481E-17
7192.95048809231  3.147960E-17
7198.46885347546  2.323980E-17
7203.98721885861  3.822429E-17
7209.50558424176  5.511721E-17
7215.02394962491  5.236124E-17
7220.54231500806  4.848401E-17
7226.06068039121  4.203028E-17
7231.57904577436  5.507502E-17
7237.09741115751  6.742971E-17
7242.61577654066  4.784925E-17
7248.13414192381  6.209031E-17
7253.65250730696  3.389398E-17
7259.17087269011  3.862230E-17
7264.68923807326  4.347682E-17
7270.20760345641  5.173146E-17
7275.72596883956  4.425500E-17
7281.24433422271  4.772783E-17
7286.76269960586  6.119195E-17
7292.28106498901  4.220141E-17
7297.79943037216  5.534271E-17
7303.31779575531  5.607098E-17
7308.83616113846  2.532588E-17
7314.35452652161  3.866227E-17
7319.87289190476  5.091738E-17
7325.39125728791  3.997242E-17
7330.90962267106  5.095177E-17
7336.42798805421  5.762981E-17
7341.94635343736  3.881940E-17
7347.46471882051  4.768212E-17
7352.98308420366  5.596165E-17
7358.50144958681  4.987905E-17
7364.01981496996  5.109584E-17
7369.53818035311  4.657989E-17
7375.05654573626  3.380977E-17
7380.57491111941  3.072945E-17
7386.09327650256  3.334100E-17
7391.61164188571  4.418928E-17
7397.13000726886  4.178069E-17
7402.64837265201  4.548765E-17
7408.16673803516  4.505656E-17
7413.68510341831  3.360526E-17
7419.20346880146  3.926843E-17
7424.72183418461  4.353487E-17
7430.24019956776  2.862844E-17
7435.75856495091  2.342931E-17
7441.27693033406  3.995562E-17
7446.79529571721  4.367308E-17
7452.31366110036  4.978899E-17
7457.83202648351  3.382451E-17
7463.35039186666  3.178283E-17
7468.86875724981  4.086645E-17
7474.38712263296  3.467762E-17
7479.90548801611  4.230342E-17
7485.42385339926  5.855924E-17
7490.94221878241  4.434312E-17
7496.46058416556  4.003031E-17
7501.97894954871  5.155977E-17
7507.49731493186  2.211077E-17
7513.01568031501  3.935574E-17
7518.53404569816  5.520014E-17
7524.05241108131  5.019762E-17
7529.57077646446  5.124854E-17
7535.08914184761  2.688553E-17
7540.60750723076  4.091792E-17
7546.12587261391  4.516616E-17
7551.64423799706  4.660232E-17
7557.16260338021  4.442387E-17
7562.68096876336  3.540902E-17
7568.19933414651  2.682584E-17
7573.71769952966  3.954321E-17
7579.23606491281  6.137243E-17
7584.75443029596  4.435045E-17
7590.27279567911  4.132082E-17
7595.79116106226  7.317418E-17
7601.30952644541  6.526796E-17
7606.82789182856  2.660486E-17
7612.34625721171  2.693140E-17
7617.86462259486  6.029561E-17
7623.38298797801  5.296500E-17
7628.90135336116  1.780075E-17
7634.41971874431  2.581671E-17
7639.93808412746  3.934001E-17
7645.45644951061  5.621459E-17
7650.97481489376  3.668576E-17
7656.49318027691  3.834888E-17
7662.01154566006  3.894934E-17
7667.52991104321  1.581661E-17
7673.04827642636  4.328520E-17
7678.56664180951  5.426844E-17
7684.08500719266  4.306520E-17
7689.60337257581  4.844150E-17
7695.12173795896  7.446375E-17
7700.64010334211  5.425559E-17
7706.15846872526  3.818627E-17
7711.67683410841  2.953878E-17
7717.19519949156  5.350125E-17
7722.71356487471  6.182597E-17
7728.23193025786  5.890820E-17
7733.75029564101  4.779262E-17
7739.26866102416  4.123722E-17
7744.78702640731  4.388150E-17
7750.30539179046  4.107506E-17
7755.82375717361  5.298656E-17
7761.34212255676  5.963809E-17
7766.86048793991  4.328357E-17
7772.37885332306  4.676366E-17
7777.89721870621  4.492297E-17
7783.41558408936  3.422047E-17
7788.93394947251  3.986699E-17
7794.45231485566  5.673477E-17
7799.97068023881  5.366640E-17
7805.48904562196  2.601551E-17
7811.00741100511  4.036115E-17
7816.52577638826  4.636481E-17
7822.04414177141  3.145124E-17
7827.56250715456  3.313661E-17
7833.08087253771  3.605293E-17
7838.59923792086  2.696066E-17
7844.11760330401  1.836065E-17
7849.63596868716  6.181457E-17
7855.15433407031  6.031311E-17
7860.67269945346  4.126096E-17
7866.19106483661  4.714332E-17
7871.70943021976  3.161524E-17
7877.22779560291  3.225687E-17
7882.74616098606  3.900686E-17
7888.26452636921  4.259017E-17
7893.78289175236  3.610534E-17
7899.30125713551  3.743008E-17
7904.81962251866  5.071893E-17
7910.33798790181  2.922286E-17
7915.85635328496  6.097689E-18
7921.37471866811  4.163240E-17
7926.89308405126  4.955413E-17
7932.41144943441  3.861822E-17
7937.92981481756  4.638130E-17
7943.44818020071  2.167769E-17
7948.96654558386  3.173451E-17
7954.48491096701  4.353183E-17
7960.00327635016  5.714561E-17
7965.52164173331  4.003912E-17
7971.04000711646  2.253173E-17
7976.55837249961  2.974523E-17
7982.07673788276  3.306654E-17
7987.59510326591  3.546101E-17
7993.11346864906  5.434155E-17
7998.63183403221  5.144771E-17
8004.15019941536  3.512088E-17
8009.66856479851  3.677235E-17
8015.18693018166  2.946432E-17
8020.70529556481  9.482787E-18
8026.22366094796  3.366277E-17
8031.74202633111  3.318961E-17
8037.26039171426  2.681408E-17
8042.77875709741  3.045653E-17
8048.29712248056  2.738326E-17
8053.81548786371  3.696851E-17
8059.33385324686  3.219056E-17
8064.85221863001  3.086023E-17
8070.37058401316  4.260811E-17
8075.88894939631  6.161443E-17
8081.40731477946  4.991841E-17
8086.92568016261  2.967468E-17
8092.44404554576  4.187595E-17
8097.96241092891  3.321990E-17
8103.48077631206  2.421255E-17
8108.99914169521  4.173409E-17
8114.51750707836  5.456811E-17
8120.03587246151  4.572716E-17
8125.55423784466  1.626259E-17
8131.07260322781  4.033133E-17
8136.59096861096  4.665090E-17
8142.10933399411  6.159923E-17
8147.62769937726  3.194941E-17
8153.14606476041  5.371206E-17
8158.66443014356  5.217793E-17
8164.18279552671  3.037559E-17
8169.70116090986  5.662152E-17
8175.21952629301  3.480449E-17
8180.73789167616  3.407060E-17
8186.25625705931  6.012450E-17
8191.77462244246  4.052217E-17
8197.29298782561  5.458269E-17
8202.81135320876  3.508970E-17
8208.32971859191  1.987090E-17
8213.84808397506  3.996434E-17
8219.36644935821  3.069980E-17
8224.88481474136  5.297242E-17
8230.40318012451  7.318189E-17
8235.92154550766  2.855091E-17
8241.43991089081  6.015557E-17
8246.95827627396  2.754691E-17
8252.47664165711  5.398976E-17
8257.99500704026  6.185694E-17
8263.51337242341  3.134156E-17
8269.03173780656  4.570497E-17
8274.55010318971  3.701014E-17
8280.06846857286  2.339959E-17
8285.58683395601  5.106635E-17
8291.10519933916  4.841444E-17
8296.62356472231  2.922214E-17
8302.14193010546  2.704997E-17
8307.66029548861  2.508678E-17
8313.17866087176  4.565023E-17
8318.69702625491  4.256339E-17
8324.21539163806  2.060176E-17
8329.73375702121  2.792802E-17
8335.25212240436  3.108190E-17
8340.77048778751  2.376542E-17
8346.28885317066  3.319631E-17
8351.80721855381  2.307284E-17
8357.32558393696  3.163931E-17
8362.84394932011  6.557656E-17
8368.36231470326  3.264043E-17
8373.88068008641  1.302643E-17
8379.39904546956  6.076821E-17
8384.91741085271  5.569283E-17
8390.43577623586  6.301156E-17
8395.95414161901  9.014043E-17
8401.47250700216  5.946363E-17
8406.99087238531  7.971049E-17
8412.50923776846  4.825412E-17
8418.02760315161  6.190419E-17
8423.54596853476  3.901949E-17
8429.06433391791  2.007909E-17
8434.58269930106  6.646717E-17
8440.10106468421  5.684124E-17
8445.61943006736  1.287005E-17
8451.13779545051  5.033877E-17
8456.65616083366  3.569442E-17
8462.17452621681  -3.812776E-18
8467.69289159996  1.584952E-17
8473.21125698311  3.208916E-17
8478.72962236626  3.320450E-17
8484.24798774941  2.823365E-17
8489.76635313256  2.401079E-17
8495.28471851571  3.838948E-17
8500.80308389886  4.223104E-17
8506.32144928201  4.693741E-17
8511.83981466516  5.966780E-17
8517.35818004831  5.215873E-17
8522.87654543146  5.014867E-17
8528.39491081461  2.458377E-17
8533.91327619776  8.460671E-18
8539.43164158091  2.378630E-17
8544.95000696406  6.870615E-17
8550.46837234721  3.076599E-17
8555.98673773036  2.545044E-17
8561.50510311351  2.353564E-17
8567.02346849666  6.566173E-17
8572.54183387981  3.615875E-17
8578.06019926296  1.903566E-17
8583.57856464611  9.722214E-18
8589.09693002926  3.224015E-17
8594.61529541241  5.146156E-17
8600.13366079556  5.866829E-17
8605.65202617871  3.519469E-17
8611.17039156186  3.569821E-17
8616.68875694501  3.641945E-17
8622.20712232816  5.582371E-17
8627.72548771131  5.907801E-17
8633.24385309446  3.710150E-17
8638.76221847761  4.019653E-17
8644.28058386076  1.922810E-17
8649.79894924391  4.404458E-17
8655.31731462706  7.588814E-17
8660.83568001021  3.374357E-17
8666.35404539336  6.271090E-17
8671.87241077651  3.720791E-17
8677.39077615966  7.720823E-17
8682.90914154281  6.504442E-17
8688.42750692596  4.835931E-17
8693.94587230911  4.521894E-17
8699.46423769226  2.761054E-17
8704.98260307541  4.799944E-17
8710.50096845856  2.847137E-17
8716.01933384171  4.257471E-17
8721.53769922486  4.105241E-17
8727.05606460801  3.176360E-17
8732.57442999116  3.349752E-17
8738.09279537431  4.998448E-17
8743.61116075746  3.867349E-17
8749.12952614061  8.929623E-17
8754.64789152376  3.689626E-17
8760.16625690691  2.310983E-17
8765.68462229006  2.371082E-17
8771.20298767321  2.201743E-17
8776.72135305636  6.737486E-17
8782.23971843951  6.476432E-17
8787.75808382266  2.599527E-17
8793.27644920581  4.799262E-17
8798.79481458896  3.956616E-17
8804.31317997211  2.571537E-17
8809.83154535526  6.226151E-17
8815.34991073841  2.544496E-17
8820.86827612156  7.418684E-17
8826.38664150471  1.012897E-16
8831.90500688786  3.611130E-17
8837.42337227101  1.235774E-17
8842.94173765416  9.225531E-17
8848.46010303731  4.190362E-17
8853.97846842046  5.329412E-17
8859.49683380361  6.108454E-17
8865.01519918676  6.980457E-17
8870.53356456991  2.876323E-17
8876.05192995306  1.439758E-17
8881.57029533621  -1.026427E-17
8887.08866071936  2.334192E-17
8892.60702610251  5.351253E-17
8898.12539148566  6.022350E-17
8903.64375686881  2.348140E-17
8909.16212225196  1.852404E-17
8914.68048763511  3.543547E-17
8920.19885301826  -1.296451E-17
8925.71721840141  3.334319E-18
8931.23558378456  2.248852E-17
8936.75394916771  3.890533E-17
8942.27231455086  6.129864E-17
8947.79067993401  4.998678E-19
8953.30904531716  2.147638E-17
8958.82741070031  4.371393E-17
8964.34577608346  2.495050E-17
8969.86414146661  3.379727E-17
8975.38250684976  4.122036E-17
8980.90087223291  3.916361E-17
8986.41923761606  2.922165E-17
8991.93760299921  7.034615E-17
8997.45596838236  3.012817E-17
9002.97433376551  7.158378E-17
9008.49269914866  5.220529E-17
9014.01106453181  2.043659E-17
9019.52942991496  2.424182E-17
9025.04779529811  4.018316E-17
9030.56616068126  6.996394E-17
9036.08452606441  7.299896E-17
9041.60289144756  5.031112E-17
9047.12125683071  3.029000E-17
9052.63962221386  -2.194459E-19
9058.15798759701  4.886745E-18
9063.67635298016  4.278550E-17
9069.19471836331  2.036280E-17
9074.71308374646  5.565011E-17
9080.23144912961  2.586593E-17
9085.74981451276  3.767173E-17
9091.26817989591  6.028360E-17
9096.78654527906  7.082995E-18
9102.30491066221  5.642720E-17
9107.82327604536  2.460040E-17
9113.34164142851  5.062523E-17
9118.86000681166  6.556735E-17
9124.37837219481  5.533065E-17
9129.89673757796  3.145288E-17
9135.41510296111  3.615193E-17
9140.93346834426  8.544404E-18
9146.45183372741  -1.965846E-19
9151.97019911056  -4.701884E-18
9157.48856449371  4.671782E-18
9163.00692987686  2.604816E-17
9168.52529526001  3.136484E-17
9174.04366064316  6.137647E-17
9179.56202602631  2.660726E-17
9185.08039140946  6.520653E-18
9190.59875679261  4.578252E-17
9196.11712217576  2.224068E-18
9201.63548755891  1.468124E-17
9207.15385294206  3.203483E-17
9212.67221832521  2.302945E-17
9218.19058370836  4.479741E-18
9223.70894909151  -3.125219E-18
9229.22731447466  5.963205E-17
9234.74567985781  6.570092E-17
9240.26404524096  3.228851E-17
9245.78241062411  4.925638E-17
