3666.81567383  3.333746E-17
3672.33526373097  3.799161E-17
3677.85485363194  3.658993E-17
3683.37444353291  2.908921E-17
3688.89403343388  4.622175E-17
3694.41362333485  3.483401E-17
3699.93321323582  4.847932E-17
3705.45280313679  4.180001E-17
3710.97239303776  4.400771E-17
3716.49198293873  4.172457E-17
3722.0115728397  4.483065E-17
3727.53116274067  4.362343E-17
3733.05075264164  4.351126E-17
3738.57034254261  3.413800E-17
3744.08993244358  4.022581E-17
3749.60952234455  2.932610E-17
3755.12911224552  4.331340E-17
3760.64870214649  4.602834E-17
3766.16829204746  3.748478E-17
3771.68788194843  3.549993E-17
3777.2074718494  3.735377E-17
3782.72706175037  3.157293E-17
3788.24665165134  3.255314E-17
3793.76624155231  4.720799E-17
3799.28583145328  4.173269E-17
3804.80542135425  4.127654E-17
3810.32501125522  3.267301E-17
3815.84460115619  4.601140E-17
3821.36419105716  3.807700E-17
3826.88378095813  3.775528E-17
3832.4033708591  4.237849E-17
3837.92296076007  3.765061E-17
3843.44255066104  4.099220E-17
3848.96214056201  3.192841E-17
3854.48173046298  5.470904E-17
3860.00132036395  4.145663E-17
3865.52091026492  4.565850E-17
3871.04050016589  3.644267E-17
3876.56009006686  3.974363E-17
3882.07967996783  3.457321E-17
3887.5992698688  3.508055E-17
3893.11885976977  2.997980E-17
3898.63844967074  2.981625E-17
3904.15803957171  3.399508E-17
3909.67762947268  3.245532E-17
3915.19721937365  3.507522E-17
3920.71680927462  3.830249E-17
3926.23639917559  3.793155E-17
3931.75598907656  3.699794E-17
3937.27557897753  4.087447E-17
3942.7951688785  4.425544E-17
3948.31475877947  4.392046E-17
3953.83434868044  3.724496E-17
3959.35393858141  3.289434E-17
3964.87352848238  3.669197E-17
3970.39311838335  4.503473E-17
3975.91270828432  3.269719E-17
3981.43229818529  3.793234E-17
3986.95188808626  4.326883E-17
3992.47147798723  3.725165E-17
3997.9910678882  4.089285E-17
4003.51065778917  3.378624E-17
4009.03024769014  3.938005E-17
4014.54983759111  3.597020E-17
4020.06942749208  3.989518E-17
4025.58901739305  3.382889E-17
4031.10860729402  3.960481E-17
4036.62819719499  3.296985E-17
4042.14778709596  3.792117E-17
4047.66737699693  3.812054E-17
4053.1869668979  3.388334E-17
4058.70655679887  3.708452E-17
4064.22614669984  3.965414E-17
4069.74573660081  3.376122E-17
4075.26532650178  3.616579E-17
4080.78491640275  3.264107E-17
4086.30450630372  3.748485E-17
4091.82409620469  3.705374E-17
4097.34368610566  4.132013E-17
4102.86327600663  3.643019E-17
4108.3828659076  3.547063E-17
4113.90245580857  3.945003E-17
4119.42204570954  3.884720E-17
4124.94163561051  3.508771E-17
4130.46122551148  3.849609E-17
4135.98081541245  4.037396E-17
4141.50040531342  3.914697E-17
4147.0199952144  3.152817E-17
4152.53958511536  3.317845E-17
4158.05917501633  3.397788E-17
4163.5787649173  4.073771E-17
4169.09835481827  3.206747E-17
4174.61794471924  4.110273E-17
4180.13753462021  3.295015E-17
4185.65712452118  3.342158E-17
4191.17671442215  3.314661E-17
4196.69630432312  3.338293E-17
4202.21589422409  3.226054E-17
4207.73548412506  3.765903E-17
4213.25507402603  3.838911E-17
4218.774663927  3.713168E-17
4224.29425382797  2.842744E-17
4229.81384372894  3.832067E-17
4235.33343362991  3.481310E-17
4240.85302353088  2.908415E-17
4246.37261343185  3.429847E-17
4251.89220333282  3.637839E-17
4257.41179323379  3.219724E-17
4262.93138313476  3.946656E-17
4268.45097303573  3.740850E-17
4273.9705629367  3.968154E-17
4279.49015283767  3.260446E-17
4285.00974273864  3.581622E-17
4290.52933263961  3.245610E-17
4296.04892254058  2.973638E-17
4301.56851244155  3.691983E-17
4307.08810234252  4.051667E-17
4312.60769224349  3.403144E-17
4318.12728214446  2.616468E-17
4323.64687204543  3.082414E-17
4329.1664619464  3.095038E-17
4334.68605184737  2.864403E-17
4340.20564174834  3.106699E-17
4345.72523164931  3.671036E-17
4351.24482155028  3.592476E-17
4356.76441145125  3.429767E-17
4362.28400135222  3.262066E-17
4367.80359125319  4.055384E-17
4373.32318115416  3.255907E-17
4378.84277105513  3.499092E-17
4384.3623609561  3.173141E-17
4389.88195085707  3.473139E-17
4395.40154075804  3.445722E-17
4400.92113065901  3.760872E-17
4406.44072055998  2.367873E-17
4411.96031046095  3.322045E-17
4417.47990036192  2.611830E-17
4422.99949026289  2.598841E-17
4428.51908016386  2.785488E-17
4434.03867006484  2.983338E-17
4439.5582599658  2.577627E-17
4445.07784986677  3.238233E-17
4450.59743976774  3.818963E-17
4456.11702966871  3.251590E-17
4461.63661956968  3.167248E-17
4467.15620947065  2.884548E-17
4472.67579937162  2.880554E-17
4478.19538927259  3.097175E-17
4483.71497917356  2.978690E-17
4489.23456907454  2.687982E-17
4494.7541589755  3.340395E-17
4500.27374887647  3.194203E-17
4505.79333877744  2.799063E-17
4511.31292867841  2.842306E-17
4516.83251857938  2.699258E-17
4522.35210848035  2.895953E-17
4527.87169838132  2.976366E-17
4533.39128828229  2.683696E-17
4538.91087818326  2.628685E-17
4544.43046808424  2.326779E-17
4549.9500579852  2.769656E-17
4555.46964788617  3.002622E-17
4560.98923778714  2.870838E-17
4566.50882768811  2.962804E-17
4572.02841758908  3.070905E-17
4577.54800749005  2.944231E-17
4583.06759739102  3.189887E-17
4588.58718729199  3.326481E-17
4594.10677719296  2.961462E-17
4599.62636709393  2.263258E-17
4605.1459569949  3.163169E-17
4610.66554689587  3.325016E-17
4616.18513679684  3.181765E-17
4621.70472669781  2.689714E-17
4627.22431659878  3.111294E-17
4632.74390649975  2.613946E-17
4638.26349640072  2.970136E-17
4643.78308630169  2.867871E-17
4649.30267620266  2.917177E-17
4654.82226610363  3.312046E-17
4660.3418560046  3.081300E-17
4665.86144590557  3.140749E-17
4671.38103580654  2.808955E-17
4676.90062570751  3.048363E-17
4682.42021560848  2.921550E-17
4687.93980550945  2.512756E-17
4693.45939541042  2.692321E-17
4698.97898531139  3.056573E-17
4704.49857521236  3.070625E-17
4710.01816511333  2.573505E-17
4715.5377550143  2.593250E-17
4721.05734491527  2.996758E-17
4726.57693481625  3.248259E-17
4732.09652471721  3.072867E-17
4737.61611461818  2.798441E-17
4743.13570451916  2.836199E-17
4748.65529442013  2.518707E-17
4754.17488432109  3.434370E-17
4759.69447422206  2.972886E-17
4765.21406412303  3.000970E-17
4770.733654024  2.419623E-17
4776.25324392497  2.694080E-17
4781.77283382594  2.568098E-17
4787.29242372692  2.992723E-17
4792.81201362789  2.962238E-17
4798.33160352885  2.915240E-17
4803.85119342982  2.601268E-17
4809.37078333079  2.709901E-17
4814.89037323177  2.459514E-17
4820.40996313273  2.574529E-17
4825.9295530337  2.760186E-17
4831.44914293468  2.630302E-17
4836.96873283565  2.980417E-17
4842.48832273661  2.625307E-17
4848.00791263758  2.541937E-17
4853.52750253855  2.610958E-17
4859.04709243952  2.843287E-17
4864.56668234049  3.124282E-17
4870.08627224146  3.253885E-17
4875.60586214243  3.038939E-17
4881.1254520434  2.398442E-17
4886.64504194438  3.553135E-17
4892.16463184534  2.749274E-17
4897.68422174631  2.990530E-17
4903.20381164728  2.579646E-17
4908.72340154825  2.521581E-17
4914.24299144922  2.764017E-17
4919.76258135019  2.276601E-17
4925.28217125116  2.640298E-17
4930.80176115214  2.568920E-17
4936.3213510531  2.831741E-17
4941.84094095407  2.398428E-17
4947.36053085505  2.831238E-17
4952.88012075601  2.594923E-17
4958.39971065698  2.487858E-17
4963.91930055795  2.605870E-17
4969.43889045892  2.544762E-17
4974.9584803599  3.039954E-17
4980.47807026086  2.199562E-17
4985.99766016184  2.030023E-17
4991.51725006281  2.597648E-17
4997.03683996377  2.747288E-17
5002.55642986474  2.506298E-17
5008.07601976572  3.019905E-17
5013.59560966669  2.949208E-17
5019.11519956766  2.518591E-17
5024.63478946863  2.472282E-17
5030.1543793696  2.910974E-17
5035.67396927057  2.268605E-17
5041.19355917154  2.812595E-17
5046.7131490725  3.043746E-17
5052.23273897347  2.663143E-17
5057.75232887445  2.732534E-17
5063.27191877542  2.515190E-17
5068.79150867638  2.674711E-17
5074.31109857736  2.819609E-17
5079.83068847833  2.633071E-17
5085.3502783793  2.629202E-17
5090.86986828026  2.747195E-17
5096.38945818123  2.613903E-17
5101.90904808221  2.840190E-17
5107.42863798317  3.130401E-17
5112.94822788415  2.994833E-17
5118.46781778512  2.529109E-17
5123.98740768609  2.254923E-17
5129.50699758706  3.046917E-17
5135.02658748802  2.628312E-17
5140.54617738899  2.453779E-17
5146.06576728997  2.740752E-17
5151.58535719093  3.064656E-17
5157.10494709191  2.997057E-17
5162.62453699288  2.435207E-17
5168.14412689385  2.179552E-17
5173.66371679482  2.747743E-17
5179.18330669578  2.671547E-17
5184.70289659676  2.234956E-17
5190.22248649773  2.809020E-17
5195.7420763987  2.168007E-17
5201.26166629966  2.270677E-17
5206.78125620064  3.021857E-17
5212.30084610161  2.647892E-17
5217.82043600257  3.007039E-17
5223.34002590354  2.733235E-17
5228.85961580452  3.115164E-17
5234.37920570549  2.920049E-17
5239.89879560645  2.432862E-17
5245.41838550743  2.352454E-17
5250.93797540839  2.615725E-17
5256.45756530937  2.623909E-17
5261.97715521034  2.534666E-17
5267.4967451113  2.193194E-17
5273.01633501227  2.938863E-17
5278.53592491325  2.690184E-17
5284.05551481422  2.570782E-17
5289.57510471518  2.679000E-17
5295.09469461616  2.695827E-17
5300.61428451713  2.231707E-17
5306.13387441809  2.517161E-17
5311.65346431906  2.188564E-17
5317.17305422004  2.560769E-17
5322.692644121  2.502453E-17
5328.21223402197  2.764002E-17
5333.73182392295  2.091537E-17
5339.25141382391  2.263066E-17
5344.77100372489  2.242066E-17
5350.29059362586  2.321541E-17
5355.81018352683  1.935903E-17
5361.32977342779  1.829694E-17
5366.84936332877  2.193379E-17
5372.36895322974  2.564620E-17
5377.8885431307  2.189339E-17
5383.40813303168  2.509104E-17
5388.92772293265  2.789750E-17
5394.44731283362  2.260872E-17
5399.96690273459  2.268623E-17
5405.48649263556  2.434887E-17
5411.00608253653  2.738321E-17
5416.52567243749  2.629486E-17
5422.04526233846  2.252418E-17
5427.56485223944  2.710084E-17
5433.08444214041  2.359192E-17
5438.60403204137  2.299709E-17
5444.12362194235  2.751360E-17
5449.64321184332  2.281539E-17
5455.16280174429  2.177814E-17
5460.68239164526  2.550396E-17
5466.20198154623  2.273571E-17
5471.7215714472  2.377223E-17
5477.24116134817  2.597199E-17
5482.76075124914  2.680632E-17
5488.28034115011  3.032516E-17
5493.79993105107  2.975701E-17
5499.31952095205  2.480569E-17
5504.83911085302  2.785150E-17
5510.35870075399  2.680829E-17
5515.87829065496  2.478728E-17
5521.39788055593  2.543360E-17
5526.9174704569  2.710444E-17
5532.43706035787  2.649857E-17
5537.95665025884  2.896109E-17
5543.47624015981  2.860832E-17
5548.99583006077  2.294796E-17
5554.51541996175  2.094673E-17
5560.03500986272  2.323555E-17
5565.55459976368  2.532913E-17
5571.07418966466  2.714207E-17
5576.59377956563  2.648505E-17
5582.1133694666  2.178974E-17
5587.63295936757  1.818655E-17
5593.15254926854  2.347385E-17
5598.67213916951  2.717557E-17
5604.19172907048  2.352888E-17
5609.71131897145  2.710460E-17
5615.23090887242  2.855569E-17
5620.75049877339  2.296175E-17
5626.27008867436  2.333458E-17
5631.78967857533  2.312048E-17
5637.3092684763  2.124524E-17
5642.82885837727  2.284055E-17
5648.34844827824  2.288585E-17
5653.86803817921  2.276513E-17
5659.38762808018  2.472227E-17
5664.90721798115  2.494076E-17
5670.42680788212  2.412198E-17
5675.94639778309  2.783726E-17
5681.46598768406  2.754023E-17
5686.98557758503  2.859704E-17
5692.505167486  2.653522E-17
5698.02475738697  2.276508E-17
5703.54434728794  2.326465E-17
5709.06393718891  2.347875E-17
5714.58352708988  2.048235E-17
5720.10311699085  1.806094E-17
5725.62270689182  2.376418E-17
5731.14229679278  2.507702E-17
5736.66188669375  2.084535E-17
5742.18147659473  2.472948E-17
5747.7010664957  2.347369E-17
5753.22065639667  2.281942E-17
5758.74024629764  2.421455E-17
5764.25983619861  1.932568E-17
5769.77942609958  1.954281E-17
5775.29901600055  2.143477E-17
5780.81860590152  2.393568E-17
5786.33819580249  2.454415E-17
5791.85778570346  2.726824E-17
5797.37737560443  2.506902E-17
5802.8969655054  2.262727E-17
5808.41655540637  2.159348E-17
5813.93614530734  2.171367E-17
5819.45573520831  2.257918E-17
5824.97532510928  2.117644E-17
5830.49491501025  2.456397E-17
5836.01450491122  2.326216E-17
5841.53409481219  2.011564E-17
5847.05368471316  2.324209E-17
5852.57327461413  2.418047E-17
5858.0928645151  2.347916E-17
5863.61245441607  2.074213E-17
5869.13204431704  2.001305E-17
5874.65163421801  1.995871E-17
5880.17122411898  2.249473E-17
5885.69081401995  1.727823E-17
5891.21040392092  2.176664E-17
5896.72999382189  2.223787E-17
5902.24958372286  2.121482E-17
5907.76917362383  1.943557E-17
5913.2887635248  1.835327E-17
5918.80835342577  1.991296E-17
5924.32794332674  1.924254E-17
5929.84753322771  1.875477E-17
5935.36712312868  1.841660E-17
5940.88671302965  2.389232E-17
5946.40630293062  2.484541E-17
5951.92589283159  2.092107E-17
5957.44548273256  2.344817E-17
5962.96507263353  1.981657E-17
5968.4846625345  1.958607E-17
5974.00425243547  1.866870E-17
5979.52384233644  2.150086E-17
5985.04343223741  1.869120E-17
5990.56302213838  1.757214E-17
5996.08261203935  1.875347E-17
6001.60220194032  2.010953E-17
6007.12179184129  2.192769E-17
6012.64138174226  2.379682E-17
6018.16097164323  2.048178E-17
6023.6805615442  1.827921E-17
6029.20015144517  1.704446E-17
6034.71974134614  2.178449E-17
6040.23933124711  1.977090E-17
6045.75892114808  1.851813E-17
6051.27851104905  2.455821E-17
6056.79810095002  2.168173E-17
6062.31769085099  2.416338E-17
6067.83728075196  1.965116E-17
6073.35687065293  2.118674E-17
6078.8764605539  2.237451E-17
6084.39605045487  1.700404E-17
6089.91564035584  1.935064E-17
6095.43523025681  1.833484E-17
6100.95482015778  2.245433E-17
6106.47441005875  1.916163E-17
6111.99399995972  2.254599E-17
6117.51358986069  2.494915E-17
6123.03317976166  2.245111E-17
6128.55276966263  2.407386E-17
6134.07235956359  1.933463E-17
6139.59194946457  1.727105E-17
6145.11153936554  2.362724E-17
6150.63112926651  1.966942E-17
6156.15071916748  2.347584E-17
6161.67030906845  2.465844E-17
6167.18989896942  2.207222E-17
6172.70948887039  1.898190E-17
6178.22907877136  1.922201E-17
6183.74866867233  1.971367E-17
6189.2682585733  1.936928E-17
6194.78784847427  2.363214E-17
6200.30743837524  2.003369E-17
6205.82702827621  1.607502E-17
6211.34661817718  2.260756E-17
6216.86620807815  1.969361E-17
6222.38579797912  1.941428E-17
6227.90538788009  2.122194E-17
6233.42497778106  1.529200E-17
6238.94456768203  1.930471E-17
6244.46415758299  1.955919E-17
6249.98374748397  2.460937E-17
6255.50333738494  1.890660E-17
6261.02292728591  2.039542E-17
6266.54251718688  1.824958E-17
6272.06210708785  1.772519E-17
6277.58169698882  1.835918E-17
6283.10128688979  1.846769E-17
6288.62087679076  1.252621E-17
6294.14046669173  2.485891E-17
6299.6600565927  2.206005E-17
6305.17964649367  2.057821E-17
6310.69923639464  1.924959E-17
6316.21882629561  1.478668E-17
6321.73841619658  1.666133E-17
6327.25800609755  1.905236E-17
6332.77759599852  2.628923E-17
6338.29718589949  2.297574E-17
6343.81677580046  2.075806E-17
6349.33636570143  2.634046E-17
6354.8559556024  1.642763E-17
6360.37554550337  2.023013E-17
6365.89513540434  1.653592E-17
6371.41472530531  2.414587E-17
6376.93431520628  1.939134E-17
6382.45390510725  1.584647E-17
6387.97349500822  2.011463E-17
6393.49308490919  2.219745E-17
6399.01267481016  1.933026E-17
6404.53226471113  1.760529E-17
6410.0518546121  1.983151E-17
6415.57144451307  2.001473E-17
6421.09103441404  2.185517E-17
6426.61062431501  2.053561E-17
6432.13021421598  2.126739E-17
6437.64980411695  1.980324E-17
6443.16939401792  1.754631E-17
6448.68898391889  1.915551E-17
6454.20857381986  2.323480E-17
6459.72816372083  1.966312E-17
6465.2477536218  1.615825E-17
6470.76734352277  2.213336E-17
6476.28693342374  1.436899E-17
6481.80652332471  1.765468E-17
6487.32611322568  1.858967E-17
6492.84570312665  1.558278E-17
6498.36529302762  1.757412E-17
6503.88488292859  1.607092E-17
6509.40447282956  2.033327E-17
6514.92406273053  1.829280E-17
6520.4436526315  2.034546E-17
6525.96324253247  1.817479E-17
6531.48283243344  2.161905E-17
6537.00242233441  1.684172E-17
6542.52201223538  1.583040E-17
6548.04160213635  1.766814E-17
6553.56119203732  2.447414E-17
6559.08078193829  2.115485E-17
6564.60037183926  2.150252E-17
6570.11996174023  1.985921E-17
6575.6395516412  1.906583E-17
6581.15914154217  1.530442E-17
6586.67873144314  1.932639E-17
6592.19832134411  2.351554E-17
6597.71791124508  2.613506E-17
6603.23750114605  2.171043E-17
6608.75709104702  1.635967E-17
6614.27668094799  1.697713E-17
6619.79627084896  2.138427E-17
6625.31586074993  2.305217E-17
6630.8354506509  3.120507E-17
6636.35504055187  2.464946E-17
6641.87463045284  1.852312E-17
6647.39422035381  1.979002E-17
6652.91381025478  1.954163E-17
6658.43340015575  1.899899E-17
6663.95299005672  1.921347E-17
6669.47257995769  2.011308E-17
6674.99216985866  2.367265E-17
6680.51175975963  1.929615E-17
6686.0313496606  2.040578E-17
6691.55093956157  1.954575E-17
6697.07052946254  1.821512E-17
6702.59011936351  2.197222E-17
6708.10970926448  2.125637E-17
6713.62929916545  2.195899E-17
6719.14888906642  2.165527E-17
6724.66847896739  2.220270E-17
6730.18806886836  2.179759E-17
6735.70765876933  2.133295E-17
6741.2272486703  1.343586E-17
6746.74683857127  1.038117E-17
6752.26642847224  1.580746E-17
6757.78601837321  1.769769E-17
6763.30560827418  2.134014E-17
6768.82519817515  1.848031E-17
6774.34478807612  2.316048E-17
6779.86437797709  2.228910E-17
6785.38396787806  1.676544E-17
6790.90355777903  1.969588E-17
6796.42314768  1.502500E-17
6801.94273758097  1.983390E-17
6807.46232748194  2.152825E-17
6812.98191738291  1.569184E-17
6818.50150728388  2.094684E-17
6824.02109718485  1.870883E-17
6829.54068708582  1.956153E-17
6835.06027698679  1.776669E-17
6840.57986688776  1.154720E-17
6846.09945678873  1.828682E-17
6851.6190466897  2.167029E-17
6857.13863659067  1.979333E-17
6862.65822649164  1.667471E-17
6868.17781639261  1.250622E-17
6873.69740629358  1.822946E-17
6879.21699619455  2.180480E-17
6884.73658609552  2.190319E-17
6890.25617599649  1.999513E-17
6895.77576589746  2.279607E-17
6901.29535579843  2.143908E-17
6906.8149456994  2.758244E-17
6912.33453560037  2.220788E-17
6917.85412550134  2.476264E-17
6923.37371540231  2.386809E-17
6928.89330530328  2.132285E-17
6934.41289520425  2.187977E-17
6939.93248510522  1.984522E-17
6945.45207500619  2.132049E-17
6950.97166490716  2.028821E-17
6956.49125480813  2.151588E-17
6962.0108447091  2.033551E-17
6967.53043461007  2.087308E-17
6973.05002451104  1.552613E-17
6978.56961441201  1.791829E-17
6984.08920431298  1.939652E-17
6989.60879421395  1.475150E-17
6995.12838411492  1.831282E-17
7000.64797401589  1.638427E-17
7006.16756391686  1.577047E-17
7011.68715381783  1.997270E-17
7017.2067437188  2.297721E-17
7022.72633361977  2.223246E-17
7028.24592352074  2.062935E-17
7033.76551342171  1.720491E-17
7039.28510332268  1.333764E-17
7044.80469322365  2.086331E-17
7050.32428312462  1.717099E-17
7055.84387302559  1.874473E-17
7061.36346292656  1.460366E-17
7066.88305282753  1.920079E-17
7072.4026427285  2.031849E-17
7077.92223262947  1.545444E-17
7083.44182253044  2.150976E-17
7088.96141243141  1.679995E-17
7094.48100233238  1.575184E-17
7100.00059223335  2.154292E-17
7105.52018213432  1.454741E-17
7111.03977203529  1.940460E-17
7116.55936193626  2.067531E-17
7122.07895183723  1.701987E-17
7127.5985417382  1.457419E-17
7133.11813163917  1.408724E-17
7138.63772154014  1.699741E-17
7144.15731144111  1.322358E-17
7149.67690134208  1.383098E-17
7155.19649124305  2.102981E-17
7160.71608114402  1.589395E-17
7166.23567104499  1.583861E-17
7171.75526094596  1.817437E-17
7177.27485084693  1.451772E-17
7182.7944407479  1.612188E-17
7188.31403064887  1.625518E-17
7193.83362054984  1.242195E-17
7199.35321045081  1.451707E-17
7204.87280035178  1.702231E-17
7210.39239025275  2.070804E-17
7215.91198015372  1.910508E-17
7221.43157005469  1.737198E-17
7226.95115995566  1.926303E-17
7232.47074985663  1.604796E-17
7237.9903397576  1.373470E-17
7243.50992965857  1.852915E-17
7249.02951955954  2.182142E-17
7254.54910946051  1.912456E-17
7260.06869936148  1.600463E-17
7265.58828926245  1.790049E-17
7271.10787916342  1.924644E-17
7276.62746906439  2.494953E-17
7282.14705896536  1.944607E-17
7287.66664886633  7.162458E-18
7293.1862387673  8.149166E-18
7298.70582866827  1.691230E-17
7304.22541856924  1.966604E-17
7309.74500847021  1.575197E-17
7315.26459837118  1.484086E-17
7320.78418827215  1.806115E-17
7326.30377817312  1.741878E-17
7331.82336807409  2.243289E-17
7337.34295797506  2.196069E-17
7342.86254787603  1.664567E-17
7348.382137777  1.636700E-17
7353.90172767797  2.023734E-17
7359.42131757894  2.049079E-17
7364.94090747991  1.686323E-17
7370.46049738088  1.423692E-17
7375.98008728185  1.609372E-17
7381.49967718282  2.023349E-17
7387.01926708379  2.462600E-17
7392.53885698476  1.455304E-17
7398.05844688573  1.824816E-17
7403.5780367867  1.642333E-17
7409.09762668767  1.896037E-17
7414.61721658864  1.995525E-17
7420.13680648961  1.801002E-17
7425.65639639058  1.830054E-17
7431.17598629155  2.106513E-17
7436.69557619252  1.974340E-17
7442.21516609349  2.166994E-17
7447.73475599446  1.975445E-17
7453.25434589543  1.890336E-17
7458.7739357964  2.223745E-17
7464.29352569737  1.987872E-17
7469.81311559834  2.092853E-17
7475.33270549931  1.993714E-17
7480.85229540028  1.458944E-17
7486.37188530125  1.980755E-17
7491.89147520222  2.218874E-17
7497.41106510319  2.040470E-17
7502.93065500416  1.964468E-17
7508.45024490513  2.251523E-17
7513.9698348061  3.197604E-17
7519.48942470707  2.934712E-17
7525.00901460804  2.712041E-17
7530.52860450901  2.555767E-17
7536.04819440998  1.643638E-17
7541.56778431095  2.867930E-17
7547.08737421192  2.145506E-17
7552.60696411289  1.360653E-17
7558.12655401386  1.543850E-17
7563.64614391483  1.624047E-17
7569.1657338158  9.122044E-18
7574.68532371677  1.592838E-17
7580.20491361774  2.040301E-17
7585.72450351871  2.173601E-17
7591.24409341968  2.061203E-17
7596.76368332065  9.722613E-18
7602.28327322162  9.017818E-18
7607.80286312259  1.826165E-17
7613.32245302356  2.172821E-17
7618.84204292453  2.274816E-17
7624.3616328255  2.383621E-17
7629.88122272647  1.400192E-17
7635.40081262744  1.019364E-17
7640.92040252841  1.950282E-17
7646.43999242938  1.976340E-17
7651.95958233035  2.110599E-17
7657.47917223132  1.416918E-17
7662.99876213229  1.643755E-17
7668.51835203326  2.463720E-17
7674.03794193423  1.793180E-17
7679.5575318352  1.634098E-17
7685.07712173617  2.234020E-17
7690.59671163714  2.419602E-17
7696.11630153811  1.140378E-17
7701.63589143908  1.741183E-17
7707.15548134005  1.529777E-17
7712.67507124102  2.204805E-17
7718.19466114199  1.621745E-17
7723.71425104296  1.462758E-17
7729.23384094393  1.673144E-17
7734.7534308449  1.066552E-17
7740.27302074587  1.757628E-17
7745.79261064684  2.527168E-17
7751.31220054781  2.131149E-17
7756.83179044878  1.329787E-17
7762.35138034975  9.307550E-18
7767.87097025072  9.514973E-18
7773.39056015169  9.886071E-18
7778.91015005266  7.652441E-18
7784.42973995363  1.385977E-17
7789.9493298546  2.013059E-17
7795.46891975557  1.583313E-17
7800.98850965654  2.373342E-17
7806.50809955751  1.783434E-17
7812.02768945848  1.770918E-17
7817.54727935945  1.293438E-17
7823.06686926042  1.622298E-17
7828.58645916139  2.094176E-17
7834.10604906236  2.268321E-17
7839.62563896333  1.771507E-17
7845.1452288643  1.108075E-17
7850.66481876527  1.850446E-17
7856.18440866624  1.670168E-17
7861.70399856721  8.107783E-18
7867.22358846818  9.574586E-18
7872.74317836915  1.874124E-17
7878.26276827012  1.143663E-17
7883.78235817109  8.012322E-18
7889.30194807206  1.548843E-17
7894.82153797303  1.854039E-17
7900.341127874  1.934972E-17
7905.86071777497  1.004973E-17
7911.38030767594  7.660262E-18
7916.89989757691  1.856090E-17
7922.41948747788  9.720510E-18
7927.93907737885  1.859546E-17
7933.45866727982  2.649643E-17
7938.97825718079  1.893282E-17
7944.49784708176  1.504882E-17
7950.01743698273  1.844327E-17
7955.5370268837  1.779627E-17
7961.05661678467  2.815048E-17
7966.57620668564  1.958845E-17
7972.09579658661  2.405193E-17
7977.61538648758  1.717530E-17
7983.13497638855  1.969699E-17
7988.65456628952  1.478314E-17
7994.17415619049  1.875696E-17
7999.69374609146  1.254117E-17
8005.21333599243  1.495003E-17
8010.7329258934  1.955575E-17
8016.25251579437  1.371603E-17
8021.77210569534  1.006266E-17
8027.29169559631  1.092759E-17
8032.81128549728  1.084880E-17
8038.33087539825  2.098529E-17
8043.85046529922  1.832403E-17
8049.37005520019  7.805315E-18
8054.88964510116  1.031608E-17
8060.40923500213  1.259565E-17
8065.9288249031  1.536276E-17
8071.44841480407  1.581885E-17
8076.96800470504  2.011887E-17
8082.48759460601  2.040504E-17
8088.00718450698  1.241961E-17
8093.52677440795  1.568996E-17
8099.04636430892  2.132864E-17
8104.56595420989  1.404805E-17
8110.08554411086  1.298787E-17
8115.60513401183  1.316602E-17
8121.1247239128  1.457629E-17
8126.64431381377  8.644117E-18
8132.16390371474  1.666327E-17
8137.68349361571  8.223865E-18
8143.20308351668  8.538515E-18
8148.72267341765  1.329983E-17
8154.24226331862  1.564081E-17
8159.76185321959  1.437156E-17
8165.28144312056  1.291590E-17
8170.80103302153  2.113628E-17
8176.3206229225  2.681892E-17
8181.84021282347  1.538756E-17
8187.35980272444  1.260083E-17
8192.87939262541  1.132347E-17
8198.39898252638  1.509468E-17
8203.91857242735  1.753013E-17
8209.43816232832  8.979816E-18
8214.95775222929  1.153137E-17
8220.47734213026  9.881249E-18
8225.99693203123  1.634032E-17
8231.5165219322  1.748065E-17
8237.03611183317  1.128261E-17
8242.55570173414  1.178172E-17
8248.07529163511  1.949440E-17
8253.59488153608  1.696675E-17
8259.11447143705  2.246506E-17
8264.63406133802  1.416725E-17
8270.15365123899  1.305679E-17
8275.67324113996  1.218563E-17
8281.19283104093  2.275639E-17
8286.7124209419  3.213177E-17
8292.23201084287  3.177435E-17
8297.75160074384  2.479477E-17
8303.27119064481  1.293808E-17
8308.79078054578  1.547056E-17
8314.31037044675  1.235687E-17
8319.82996034772  1.197596E-17
8325.34955024869  1.774443E-17
8330.86914014966  1.805356E-17
8336.38873005063  8.404344E-18
8341.9083199516  8.807401E-18
8347.42790985257  1.077916E-17
8352.94749975354  6.251824E-18
8358.46708965451  9.003536E-18
8363.98667955548  1.713779E-17
8369.50626945645  1.851433E-17
8375.02585935742  1.214658E-17
8380.54544925839  1.764501E-17
8386.06503915936  1.141504E-17
8391.58462906033  1.355087E-17
8397.1042189613  2.840479E-17
8402.62380886227  1.844502E-17
8408.14339876324  9.533663E-18
8413.66298866421  1.484036E-17
8419.18257856518  1.372430E-18
8424.70216846615  1.243655E-17
8430.22175836712  1.853981E-17
8435.74134826809  1.863204E-17
8441.26093816906  1.647785E-17
8446.78052807003  1.095479E-17
8452.300117971  7.825038E-18
8457.81970787197  1.474098E-17
8463.33929777294  9.699600E-18
8468.85888767391  1.113080E-17
8474.37847757488  2.065647E-17
8479.89806747585  1.697670E-17
8485.41765737682  1.378339E-17
8490.93724727779  2.143721E-17
8496.45683717876  1.936134E-17
8501.97642707973  6.349753E-18
8507.4960169807  1.095962E-17
8513.01560688167  1.905937E-17
8518.53519678264  1.570625E-17
8524.05478668361  1.604544E-17
8529.57437658458  1.559983E-17
8535.09396648555  1.004975E-17
8540.61355638652  6.074542E-18
8546.13314628749  7.721916E-18
8551.65273618846  2.136795E-17
8557.17232608943  1.806951E-17
8562.6919159904  1.295211E-17
8568.21150589137  1.224312E-17
8573.73109579234  1.155199E-17
8579.25068569331  1.084123E-17
8584.77027559428  1.701910E-17
8590.28986549525  1.019106E-17
8595.80945539622  1.292415E-17
8601.32904529719  1.152992E-17
8606.84863519816  1.467123E-17
8612.36822509913  1.027740E-17
8617.8878150001  7.921491E-18
8623.40740490107  1.719265E-17
8628.92699480204  2.488368E-17
8634.44658470301  1.766605E-17
8639.96617460398  1.554525E-17
8645.48576450495  1.507524E-17
8651.00535440592  2.121894E-17
8656.52494430689  5.992723E-18
8662.04453420786  1.016278E-17
8667.56412410883  2.137706E-17
8673.0837140098  1.633210E-17
8678.60330391077  2.174925E-17
8684.12289381174  1.529496E-17
8689.64248371271  1.881956E-17
8695.16207361368  2.259954E-17
8700.68166351465  1.694910E-17
8706.20125341562  1.354178E-17
8711.72084331659  1.946120E-17
8717.24043321756  1.534726E-17
8722.76002311853  1.231792E-17
8728.2796130195  1.487429E-17
8733.79920292047  1.571817E-17
8739.31879282144  1.988115E-17
8744.83838272241  9.883885E-18
8750.35797262338  1.302650E-17
8755.87756252435  1.978326E-17
8761.39715242532  1.817684E-17
8766.91674232629  8.175294E-18
8772.43633222726  8.951610E-18
8777.95592212823  1.804076E-17
8783.4755120292  2.770926E-17
8788.99510193017  1.582561E-17
8794.51469183114  1.157762E-17
8800.03428173211  1.115179E-17
8805.55387163308  9.720516E-18
8811.07346153405  5.136447E-18
8816.59305143502  1.214676E-17
8822.11264133599  4.062837E-17
8827.63223123696  2.713092E-17
8833.15182113793  1.123670E-17
8838.6714110389  2.257759E-17
8844.19100093987  5.850586E-18
8849.71059084084  1.818202E-17
8855.23018074181  1.709784E-17
8860.74977064278  2.512903E-17
8866.26936054375  1.903252E-17
8871.78895044472  3.857335E-18
8877.30854034569  1.051900E-17
8882.82813024666  4.057756E-18
8888.34772014763  2.425044E-17
8893.8673100486  2.365092E-18
8899.38689994957  3.071936E-17
8904.90648985054  1.954857E-17
8910.42607975151  1.360059E-17
8915.94566965248  1.131633E-17
8921.46525955345  2.984015E-17
8926.98484945442  8.700478E-18
8932.50443935539  1.060682E-17
8938.02402925636  2.548504E-17
8943.54361915733  2.632026E-17
8949.0632090583  1.541857E-17
8954.58279895927  7.457721E-18
8960.10238886024  1.124772E-17
8965.62197876121  1.444159E-17
8971.14156866218  2.025686E-17
8976.66115856315  2.292885E-17
8982.18074846412  1.760464E-18
8987.70033836509  6.377311E-18
8993.21992826606  1.624596E-17
8998.73951816703  1.100061E-17
9004.259108068  1.991442E-17
9009.77869796897  1.635698E-17
9015.29828786994  1.259758E-17
9020.81787777091  6.403136E-18
9026.33746767188  1.830886E-17
9031.85705757285  1.963314E-17
9037.37664747382  9.687043E-18
9042.89623737479  1.478839E-17
9048.41582727576  7.490838E-18
9053.93541717673  3.052053E-19
9059.4550070777  -1.056553E-18
9064.97459697867  2.019104E-17
9070.49418687964  8.557884E-18
9076.01377678061  1.122426E-17
9081.53336668158  8.409863E-18
9087.05295658255  -4.062590E-18
9092.57254648352  2.776217E-17
9098.09213638449  1.358851E-17
9103.61172628546  1.870756E-17
9109.13131618643  1.784909E-17
9114.6509060874  3.148450E-18
9120.17049598837  6.037714E-18
9125.69008588934  3.122622E-20
9131.20967579031  1.530720E-17
9136.72926569128  1.952812E-17
9142.24885559225  1.561791E-17
9147.76844549322  2.232316E-17
9153.28803539419  1.893797E-17
9158.80762529516  2.167352E-17
9164.32721519613  1.702120E-17
9169.8468050971  1.542756E-17
9175.36639499807  2.121219E-17
9180.88598489904  1.440642E-17
9186.40557480001  9.163273E-18
9191.92516470098  5.872723E-18
9197.44475460195  1.283700E-17
9202.96434450292  1.311923E-17
9208.48393440389  1.047178E-17
9214.00352430486  3.978121E-17
9219.52311420583  2.797947E-17
9225.0427041068  3.321717E-17
9230.56229400777  1.354591E-17
9236.08188390874  9.446056E-18
9241.60147380971  1.172130E-17
9247.12106371068  1.746210E-17
9252.64065361165  1.897614E-17
9258.16024351262  1.197885E-17
9263.67983341359  8.945461E-18
