3666.76269531  8.320717E-16
3672.2826166128  8.806226E-16
3677.8025379156  9.519216E-16
3683.3224592184  8.091010E-16
3688.8423805212  8.202364E-16
3694.362301824  8.474786E-16
3699.8822231268  8.121194E-16
3705.4021444296  8.424009E-16
3710.9220657324  8.234439E-16
3716.4419870352  8.516595E-16
3721.961908338  8.578011E-16
3727.4818296408  8.537488E-16
3733.0017509436  8.686359E-16
3738.5216722464  8.441092E-16
3744.0415935492  8.396500E-16
3749.561514852  7.790627E-16
3755.0814361548  8.682264E-16
3760.6013574576  8.741728E-16
3766.1212787604  8.287631E-16
3771.6412000632  8.217069E-16
3777.161121366  8.527043E-16
3782.6810426688  9.281814E-16
3788.2009639716  8.843325E-16
3793.7208852744  8.917384E-16
3799.2408065772  8.114202E-16
3804.76072788  8.695674E-16
3810.2806491828  8.922296E-16
3815.8005704856  9.135467E-16
3821.3204917884  8.834077E-16
3826.8404130912  8.404039E-16
3832.360334394  8.115931E-16
3837.8802556968  8.394307E-16
3843.4001769996  8.689372E-16
3848.9200983024  9.154665E-16
3854.4400196052  9.454477E-16
3859.959940908  9.724366E-16
3865.4798622108  9.879137E-16
3870.9997835136  9.293444E-16
3876.5197048164  9.148286E-16
3882.0396261192  8.596498E-16
3887.559547422  8.051593E-16
3893.0794687248  7.845161E-16
3898.5993900276  8.047862E-16
3904.1193113304  9.390991E-16
3909.6392326332  9.417166E-16
3915.159153936  1.017060E-15
3920.6790752388  1.073435E-15
3926.1989965416  1.014819E-15
3931.7189178444  9.819578E-16
3937.2388391472  9.616234E-16
3942.75876045  9.985830E-16
3948.2786817528  9.579201E-16
3953.7986030556  9.614695E-16
3959.3185243584  8.865710E-16
3964.8384456612  8.210396E-16
3970.358366964  7.324255E-16
3975.8782882668  7.861642E-16
3981.3982095696  8.070471E-16
3986.9181308724  8.460887E-16
3992.4380521752  9.185799E-16
3997.957973478  9.522870E-16
4003.4778947808  9.970044E-16
4008.9978160836  9.759311E-16
4014.5177373864  1.000844E-15
4020.0376586892  9.914724E-16
4025.557579992  9.732216E-16
4031.0775012948  9.576023E-16
4036.5974225976  9.656296E-16
4042.1173439004  9.756822E-16
4047.6372652032  9.607988E-16
4053.157186506  9.941955E-16
4058.6771078088  9.867556E-16
4064.1970291116  9.743652E-16
4069.7169504144  9.516832E-16
4075.2368717172  9.806099E-16
4080.75679302  9.547049E-16
4086.2767143228  8.637904E-16
4091.7966356256  8.329748E-16
4097.3165569284  7.771851E-16
4102.8364782312  7.114452E-16
4108.356399534  7.073812E-16
4113.8763208368  7.645045E-16
4119.3962421396  7.869151E-16
4124.9161634424  7.984034E-16
4130.4360847452  8.418903E-16
4135.956006048  8.777136E-16
4141.4759273508  9.160247E-16
4146.9958486536  9.047024E-16
4152.5157699564  9.223212E-16
4158.0356912592  9.158791E-16
4163.555612562  9.069907E-16
4169.0755338648  9.279359E-16
4174.5954551676  9.169904E-16
4180.1153764704  8.968392E-16
4185.63529777321  8.885255E-16
4191.155219076  9.227917E-16
4196.6751403788  9.132009E-16
4202.1950616816  8.796756E-16
4207.7149829844  8.890703E-16
4213.2349042872  8.653400E-16
4218.75482559  8.819537E-16
4224.2747468928  8.835569E-16
4229.7946681956  8.458001E-16
4235.3145894984  8.772675E-16
4240.8345108012  8.680669E-16
4246.354432104  8.631525E-16
4251.8743534068  8.610331E-16
4257.3942747096  8.672709E-16
4262.9141960124  8.066490E-16
4268.4341173152  8.780538E-16
4273.954038618  8.463143E-16
4279.4739599208  8.004307E-16
4284.9938812236  8.508672E-16
4290.5138025264  8.427293E-16
4296.0337238292  8.114406E-16
4301.553645132  8.041289E-16
4307.0735664348  7.887255E-16
4312.5934877376  7.766954E-16
4318.1134090404  8.077658E-16
4323.6333303432  7.567248E-16
4329.153251646  7.199703E-16
4334.6731729488  7.027953E-16
4340.1930942516  6.468727E-16
4345.7130155544  6.276364E-16
4351.2329368572  6.151942E-16
4356.75285816  6.303628E-16
4362.2727794628  6.933797E-16
4367.7927007656  7.228134E-16
4373.3126220684  7.567315E-16
4378.8325433712  7.436466E-16
4384.352464674  7.354537E-16
4389.8723859768  7.403255E-16
4395.3923072796  7.647871E-16
4400.9122285824  7.401081E-16
4406.4321498852  7.479977E-16
4411.952071188  7.554331E-16
4417.4719924908  7.387492E-16
4422.9919137936  7.604368E-16
4428.5118350964  7.672721E-16
4434.0317563992  7.613184E-16
4439.551677702  6.883278E-16
4445.0715990048  7.104529E-16
4450.5915203076  7.175698E-16
4456.1114416104  7.185205E-16
4461.6313629132  7.381222E-16
4467.151284216  7.166727E-16
4472.6712055188  7.014545E-16
4478.1911268216  6.937400E-16
4483.7110481244  6.892259E-16
4489.2309694272  7.056540E-16
4494.75089073  6.990202E-16
4500.2708120328  7.563717E-16
4505.7907333356  6.998012E-16
4511.3106546384  7.346688E-16
4516.8305759412  7.114375E-16
4522.350497244  6.971782E-16
4527.8704185468  7.213376E-16
4533.3903398496  7.166497E-16
4538.9102611524  6.584062E-16
4544.4301824552  6.757756E-16
4549.950103758  7.118736E-16
4555.4700250608  7.400272E-16
4560.9899463636  6.976600E-16
4566.5098676664  6.933931E-16
4572.0297889692  7.119171E-16
4577.549710272  7.219013E-16
4583.0696315748  6.963141E-16
4588.5895528776  6.842877E-16
4594.1094741804  6.790713E-16
4599.6293954832  6.866375E-16
4605.149316786  6.807853E-16
4610.66923808881  6.701348E-16
4616.1891593916  7.074438E-16
4621.7090806944  6.589241E-16
4627.2290019972  6.835193E-16
4632.7489233  6.774154E-16
4638.2688446028  6.894482E-16
4643.7887659056  6.622736E-16
4649.3086872084  6.907266E-16
4654.8286085112  6.384838E-16
4660.348529814  6.435675E-16
4665.8684511168  6.605977E-16
4671.3883724196  6.615495E-16
4676.9082937224  6.711135E-16
4682.4282150252  6.565092E-16
4687.948136328  6.515616E-16
4693.4680576308  6.530501E-16
4698.9879789336  6.736868E-16
4704.5079002364  6.587160E-16
4710.02782153921  6.415386E-16
4715.547742842  6.114757E-16
4721.0676641448  6.122088E-16
4726.5875854476  6.157318E-16
4732.1075067504  6.045026E-16
4737.6274280532  6.012959E-16
4743.147349356  6.328886E-16
4748.6672706588  6.374696E-16
4754.1871919616  6.400484E-16
4759.7071132644  6.053470E-16
4765.2270345672  6.036029E-16
4770.74695587  6.130566E-16
4776.2668771728  6.111946E-16
4781.7867984756  6.155447E-16
4787.3067197784  6.035674E-16
4792.8266410812  5.927385E-16
4798.346562384  6.122717E-16
4803.86648368681  5.948913E-16
4809.3864049896  5.915214E-16
4814.9063262924  6.016774E-16
4820.4262475952  5.973970E-16
4825.94616889801  5.765677E-16
4831.4660902008  5.888134E-16
4836.9860115036  5.539181E-16
4842.5059328064  5.390321E-16
4848.0258541092  5.249108E-16
4853.545775412  5.159360E-16
4859.0656967148  5.148777E-16
4864.5856180176  4.811432E-16
4870.1055393204  4.816207E-16
4875.6254606232  4.627536E-16
4881.145381926  4.918390E-16
4886.6653032288  5.258012E-16
4892.1852245316  5.464511E-16
4897.7051458344  5.452878E-16
4903.2250671372  5.435135E-16
4908.74498844  5.340512E-16
4914.2649097428  5.496354E-16
4919.78483104561  5.339785E-16
4925.3047523484  5.428348E-16
4930.8246736512  5.586231E-16
4936.344594954  5.677125E-16
4941.8645162568  5.717299E-16
4947.3844375596  5.799023E-16
4952.90435886241  5.582457E-16
4958.4242801652  5.735263E-16
4963.944201468  5.504373E-16
4969.4641227708  5.281271E-16
4974.9840440736  5.183750E-16
4980.5039653764  5.367479E-16
4986.0238866792  5.372791E-16
4991.543807982  5.322506E-16
4997.0637292848  5.726149E-16
5002.58365058761  5.281146E-16
5008.1035718904  5.244325E-16
5013.62349319321  5.221773E-16
5019.14341449601  5.235825E-16
5024.66333579881  5.277000E-16
5030.1832571016  5.148913E-16
5035.70317840441  5.146385E-16
5041.22309970721  5.240973E-16
5046.74302101001  5.090690E-16
5052.2629423128  5.108103E-16
5057.7828636156  5.119800E-16
5063.3027849184  5.004954E-16
5068.82270622121  5.224911E-16
5074.34262752401  5.085601E-16
5079.86254882681  5.151166E-16
5085.3824701296  5.070693E-16
5090.9023914324  4.864264E-16
5096.42231273521  5.122558E-16
5101.942234038  4.810995E-16
5107.4621553408  5.039663E-16
5112.9820766436  5.128801E-16
5118.50199794641  5.115318E-16
5124.02191924921  4.965801E-16
5129.541840552  5.132802E-16
5135.0617618548  5.008064E-16
5140.5816831576  5.034463E-16
5146.10160446041  4.925560E-16
5151.62152576321  5.145064E-16
5157.14144706601  5.022021E-16
5162.66136836881  4.823617E-16
5168.1812896716  4.842960E-16
5173.7012109744  4.840307E-16
5179.2211322772  4.873516E-16
5184.74105358  4.713439E-16
5190.26097488281  4.980512E-16
5195.78089618561  4.872418E-16
5201.3008174884  4.892866E-16
5206.8207387912  4.570728E-16
5212.34066009401  4.704020E-16
5217.86058139681  4.695722E-16
5223.38050269961  4.791838E-16
5228.9004240024  4.725732E-16
5234.42034530521  4.625479E-16
5239.940266608  4.966038E-16
5245.46018791081  4.590505E-16
5250.9801092136  4.823522E-16
5256.5000305164  4.805124E-16
5262.01995181921  4.709030E-16
5267.53987312201  4.608410E-16
5273.05979442481  4.495926E-16
5278.5797157276  4.465045E-16
5284.09963703041  4.554211E-16
5289.61955833321  4.577313E-16
5295.139479636  4.656623E-16
5300.65940093881  4.475658E-16
5306.1793222416  4.600905E-16
5311.69924354441  4.533924E-16
5317.21916484721  4.403214E-16
5322.73908615  4.279683E-16
5328.25900745281  4.541453E-16
5333.7789287556  4.547581E-16
5339.29885005841  4.482132E-16
5344.8187713612  4.690478E-16
5350.33869266401  4.506659E-16
5355.8586139668  4.299501E-16
5361.37853526961  4.336785E-16
5366.89845657241  4.368931E-16
5372.4183778752  4.243628E-16
5377.93829917801  4.386537E-16
5383.4582204808  4.359027E-16
5388.97814178361  4.367307E-16
5394.49806308641  4.355226E-16
5400.0179843892  4.320939E-16
5405.53790569201  4.284019E-16
5411.05782699481  4.387043E-16
5416.5777482976  4.439343E-16
5422.09766960041  4.311270E-16
5427.6175909032  4.388831E-16
5433.13751220601  4.187244E-16
5438.65743350881  4.195914E-16
5444.17735481161  4.344951E-16
5449.69727611441  4.359258E-16
5455.21719741721  4.324412E-16
5460.73711872001  4.246863E-16
5466.25704002281  4.127023E-16
5471.77696132561  4.212505E-16
5477.2968826284  4.136009E-16
5482.81680393121  4.044369E-16
5488.33672523401  4.136832E-16
5493.8566465368  4.176825E-16
5499.37656783961  4.131018E-16
5504.89648914241  4.193818E-16
5510.41641044521  4.320604E-16
5515.93633174801  4.344430E-16
5521.45625305081  3.923720E-16
5526.97617435361  3.943235E-16
5532.4960956564  4.026030E-16
5538.01601695921  4.048388E-16
5543.53593826201  4.064052E-16
5549.05585956481  3.961901E-16
5554.57578086761  3.865260E-16
5560.09570217041  3.994955E-16
5565.61562347321  4.015396E-16
5571.13554477601  3.947211E-16
5576.65546607881  3.934069E-16
5582.17538738161  3.817667E-16
5587.6953086844  3.739641E-16
5593.21522998721  3.784361E-16
5598.73515129001  3.891095E-16
5604.25507259281  3.696818E-16
5609.77499389561  3.965135E-16
5615.2949151984  3.910042E-16
5620.81483650121  3.614859E-16
5626.334757804  3.707100E-16
5631.85467910681  3.767733E-16
5637.37460040961  3.803296E-16
5642.89452171241  3.632435E-16
5648.41444301521  3.854554E-16
5653.93436431801  3.970564E-16
5659.4542856208  3.846009E-16
5664.9742069236  3.776527E-16
5670.49412822641  3.672700E-16
5676.01404952921  3.765173E-16
5681.53397083201  3.681125E-16
5687.05389213481  3.713458E-16
5692.57381343761  3.782900E-16
5698.09373474041  3.564645E-16
5703.61365604321  3.763574E-16
5709.133577346  3.777872E-16
5714.65349864881  3.683531E-16
5720.17341995161  3.759065E-16
5725.69334125441  3.690814E-16
5731.21326255721  3.634789E-16
5736.73318386001  3.571956E-16
5742.2531051628  3.636374E-16
5747.77302646561  3.671062E-16
5753.29294776841  3.619866E-16
5758.81286907121  3.595846E-16
5764.332790374  3.430722E-16
5769.85271167681  3.554748E-16
5775.3726329796  3.575304E-16
5780.89255428241  3.368981E-16
5786.4124755852  3.388043E-16
5791.93239688801  3.430892E-16
5797.45231819081  3.398396E-16
5802.97223949361  3.555927E-16
5808.49216079641  3.621746E-16
5814.01208209921  3.642794E-16
5819.532003402  3.496257E-16
5825.05192470481  3.267303E-16
5830.57184600761  3.526846E-16
5836.09176731041  3.515811E-16
5841.61168861321  3.108409E-16
5847.13160991601  3.605089E-16
5852.65153121881  3.410363E-16
5858.1714525216  3.498621E-16
5863.69137382441  3.357498E-16
5869.2112951272  3.281281E-16
5874.73121643001  3.311914E-16
5880.25113773281  3.355058E-16
5885.77105903561  3.240831E-16
5891.29098033841  3.312453E-16
5896.81090164121  3.263258E-16
5902.33082294401  3.312048E-16
5907.85074424681  3.425423E-16
5913.37066554961  3.077976E-16
5918.89058685241  3.116623E-16
5924.41050815521  3.449761E-16
5929.93042945801  3.312549E-16
5935.45035076081  3.306782E-16
5940.97027206361  3.538039E-16
5946.49019336641  3.274318E-16
5952.01011466921  3.049864E-16
5957.53003597201  2.983386E-16
5963.0499572748  3.034232E-16
5968.56987857761  2.972257E-16
5974.08979988041  3.042341E-16
5979.60972118321  3.108463E-16
5985.12964248601  3.148545E-16
5990.64956378881  3.130400E-16
5996.16948509161  2.882486E-16
6001.68940639441  3.112161E-16
6007.20932769721  3.020170E-16
6012.72924900001  3.287434E-16
6018.24917030281  3.011552E-16
6023.76909160561  3.370778E-16
6029.28901290841  3.065004E-16
6034.80893421121  3.206988E-16
6040.32885551401  3.238647E-16
6045.84877681681  3.144417E-16
6051.36869811961  3.131924E-16
6056.88861942241  2.909854E-16
6062.40854072521  3.042457E-16
6067.92846202801  2.988176E-16
6073.44838333081  3.076561E-16
6078.96830463361  2.970969E-16
6084.48822593641  3.166999E-16
6090.00814723921  3.227572E-16
6095.52806854201  2.898297E-16
6101.04798984481  2.928357E-16
6106.56791114761  2.881317E-16
6112.08783245041  2.945527E-16
6117.60775375321  3.112656E-16
6123.12767505601  3.102716E-16
6128.64759635881  2.871824E-16
6134.16751766161  3.164488E-16
6139.68743896441  3.068128E-16
6145.20736026721  2.925240E-16
6150.72728157  3.271223E-16
6156.24720287281  3.089586E-16
6161.76712417561  2.920426E-16
6167.28704547841  3.030053E-16
6172.80696678121  2.988156E-16
6178.32688808401  2.866139E-16
6183.84680938681  3.013446E-16
6189.36673068961  2.925776E-16
6194.8866519924  2.801545E-16
6200.40657329521  2.999839E-16
6205.92649459801  2.986751E-16
6211.44641590081  3.016704E-16
6216.96633720361  2.814595E-16
6222.48625850641  2.838653E-16
6228.00617980921  2.883976E-16
6233.52610111201  2.717612E-16
6239.04602241481  2.780759E-16
6244.56594371761  2.896490E-16
6250.08586502041  2.895172E-16
6255.60578632321  2.789941E-16
6261.12570762601  2.751830E-16
6266.64562892881  2.770404E-16
6272.16555023161  2.712622E-16
6277.68547153441  2.604836E-16
6283.20539283721  2.880048E-16
6288.72531414001  2.696596E-16
6294.24523544281  2.897757E-16
6299.76515674561  3.113797E-16
6305.28507804841  2.801345E-16
6310.80499935121  2.681183E-16
6316.32492065401  2.594077E-16
6321.84484195681  2.922674E-16
6327.36476325961  2.871641E-16
6332.88468456241  2.855979E-16
6338.40460586521  2.478328E-16
6343.92452716801  2.516427E-16
6349.44444847081  2.636474E-16
6354.96436977361  3.018001E-16
6360.48429107641  2.893146E-16
6366.00421237921  2.558130E-16
6371.52413368201  2.607295E-16
6377.04405498481  2.551815E-16
6382.56397628761  2.604486E-16
6388.08389759041  2.769410E-16
6393.6038188932  2.576863E-16
6399.12374019601  2.484593E-16
6404.64366149881  2.624344E-16
6410.16358280161  2.760224E-16
6415.68350410441  2.594420E-16
6421.20342540721  2.562048E-16
6426.72334671001  2.484507E-16
6432.24326801281  2.526477E-16
6437.76318931561  2.620287E-16
6443.28311061841  2.513088E-16
6448.80303192121  2.447744E-16
6454.32295322401  2.427813E-16
6459.84287452681  2.534684E-16
6465.36279582961  2.667930E-16
6470.88271713241  2.659644E-16
6476.40263843521  2.556176E-16
6481.92255973801  2.426759E-16
6487.4424810408  2.414951E-16
6492.96240234361  2.496541E-16
6498.48232364641  2.454389E-16
6504.00224494921  2.567754E-16
6509.52216625201  2.558583E-16
6515.04208755481  2.463805E-16
6520.56200885761  2.261517E-16
6526.08193016041  2.228125E-16
6531.60185146321  2.147921E-16
6537.12177276601  2.337129E-16
6542.64169406881  2.533668E-16
6548.16161537161  2.348048E-16
6553.68153667441  2.287042E-16
6559.20145797721  2.334213E-16
6564.72137928001  2.161969E-16
6570.24130058281  2.234460E-16
6575.76122188561  2.321046E-16
6581.28114318841  2.144324E-16
6586.80106449121  2.125974E-16
6592.32098579401  2.331971E-16
6597.84090709681  2.261350E-16
6603.36082839961  2.188000E-16
6608.88074970241  2.321845E-16
6614.40067100521  2.324942E-16
6619.92059230801  2.439310E-16
6625.44051361081  2.561010E-16
6630.96043491361  2.462195E-16
6636.48035621641  2.436163E-16
6642.00027751921  2.355540E-16
6647.52019882201  2.443276E-16
6653.04012012481  2.389117E-16
6658.56004142761  2.328114E-16
6664.07996273041  2.308141E-16
6669.59988403321  2.454700E-16
6675.11980533601  2.396155E-16
6680.63972663881  2.253381E-16
6686.15964794161  2.340137E-16
6691.67956924441  2.280885E-16
6697.19949054721  2.244675E-16
6702.71941185001  2.231816E-16
6708.23933315281  2.766040E-16
6713.75925445561  2.405980E-16
6719.27917575841  2.101940E-16
6724.79909706121  2.002664E-16
6730.31901836401  2.395255E-16
6735.83893966681  2.291541E-16
6741.35886096961  2.486708E-16
6746.87878227241  2.329575E-16
6752.39870357521  2.349322E-16
6757.91862487801  2.243320E-16
6763.43854618081  2.159551E-16
6768.95846748361  2.492355E-16
6774.47838878641  2.505340E-16
6779.99831008921  2.364383E-16
6785.51823139201  2.112654E-16
6791.03815269481  2.041212E-16
6796.55807399761  2.333666E-16
6802.07799530041  2.340494E-16
6807.59791660321  2.102178E-16
6813.11783790601  2.137838E-16
6818.63775920881  2.187989E-16
6824.15768051161  2.073761E-16
6829.67760181441  2.344072E-16
6835.19752311721  2.303976E-16
6840.71744442001  2.213976E-16
6846.23736572281  2.227169E-16
6851.75728702561  2.194123E-16
6857.27720832841  2.203204E-16
6862.79712963121  2.048183E-16
6868.31705093401  2.057356E-16
6873.83697223681  2.038187E-16
6879.35689353961  2.085631E-16
6884.87681484241  2.184027E-16
6890.39673614521  2.515978E-16
6895.91665744801  2.096800E-16
6901.43657875081  2.250464E-16
6906.95650005361  2.136031E-16
6912.47642135641  2.100655E-16
6917.99634265921  2.192861E-16
6923.51626396201  2.158758E-16
6929.03618526481  1.902552E-16
6934.55610656761  2.045714E-16
6940.07602787041  2.246606E-16
6945.59594917321  2.061991E-16
6951.11587047601  2.090478E-16
6956.63579177881  2.169595E-16
6962.15571308161  2.112926E-16
6967.67563438441  2.205337E-16
6973.19555568721  2.057635E-16
6978.71547699001  2.158639E-16
6984.23539829281  2.226703E-16
6989.75531959561  2.133641E-16
6995.27524089841  2.083752E-16
7000.79516220121  1.983913E-16
7006.31508350401  2.018668E-16
7011.83500480681  2.026296E-16
7017.35492610961  2.134782E-16
7022.87484741241  2.152866E-16
7028.39476871521  1.998456E-16
7033.91469001801  1.838794E-16
7039.43461132081  1.852461E-16
7044.95453262361  2.102125E-16
7050.47445392641  1.931959E-16
7055.99437522921  2.030123E-16
7061.51429653201  2.070146E-16
7067.03421783481  2.062870E-16
7072.55413913761  1.967310E-16
7078.07406044041  1.645839E-16
7083.59398174321  1.918846E-16
7089.11390304601  2.104649E-16
7094.63382434881  2.026265E-16
7100.15374565161  1.926644E-16
7105.67366695441  1.774685E-16
7111.19358825721  1.893948E-16
7116.71350956001  2.045932E-16
7122.23343086281  2.195962E-16
7127.75335216561  2.041542E-16
7133.27327346841  1.980554E-16
7138.79319477121  1.940657E-16
7144.31311607401  2.007798E-16
7149.83303737681  1.960586E-16
7155.35295867961  1.713119E-16
7160.87287998241  1.798168E-16
7166.39280128521  1.991547E-16
7171.91272258801  1.866701E-16
7177.43264389081  1.816080E-16
7182.95256519361  1.997066E-16
7188.47248649641  2.040672E-16
7193.99240779921  1.927240E-16
7199.51232910201  1.994120E-16
7205.03225040481  2.052445E-16
7210.55217170761  1.886009E-16
7216.07209301041  1.940337E-16
7221.59201431321  2.084079E-16
7227.11193561601  1.909712E-16
7232.63185691881  2.036921E-16
7238.15177822161  1.826487E-16
7243.67169952441  1.785191E-16
7249.19162082721  2.033882E-16
7254.71154213001  2.147338E-16
7260.23146343281  1.793306E-16
7265.75138473561  1.896603E-16
7271.27130603841  1.880776E-16
7276.79122734121  1.660693E-16
7282.31114864401  1.897675E-16
7287.83106994681  1.899491E-16
7293.35099124961  1.849121E-16
7298.87091255241  1.874144E-16
7304.39083385521  1.938397E-16
7309.91075515801  1.845095E-16
7315.43067646081  1.771469E-16
7320.95059776361  1.758447E-16
7326.47051906641  1.985618E-16
7331.99044036921  2.042217E-16
7337.51036167201  1.819500E-16
7343.03028297481  1.686236E-16
7348.55020427761  1.783900E-16
7354.07012558041  1.988078E-16
7359.59004688321  1.957487E-16
7365.10996818601  1.938921E-16
7370.62988948881  1.854198E-16
7376.14981079161  1.849590E-16
7381.66973209441  1.678717E-16
7387.18965339721  1.890539E-16
7392.70957470001  2.005396E-16
7398.22949600281  1.686795E-16
7403.74941730561  1.756336E-16
7409.26933860841  1.615245E-16
7414.78925991121  1.771500E-16
7420.30918121401  1.845252E-16
7425.82910251681  1.856675E-16
7431.34902381961  1.989351E-16
7436.86894512241  1.764100E-16
7442.38886642521  1.684797E-16
7447.90878772801  1.780663E-16
7453.42870903081  1.653493E-16
7458.94863033361  1.839175E-16
7464.46855163641  1.755937E-16
7469.98847293921  1.738655E-16
7475.50839424201  1.785097E-16
7481.02831554481  1.923409E-16
7486.54823684761  1.862565E-16
7492.06815815041  1.752418E-16
7497.58807945321  1.877629E-16
7503.10800075601  1.664703E-16
7508.62792205881  1.680804E-16
7514.14784336161  1.706201E-16
7519.66776466441  1.674463E-16
7525.18768596721  1.790342E-16
7530.70760727001  1.824407E-16
7536.22752857281  1.732375E-16
7541.74744987561  1.829515E-16
7547.26737117841  1.776029E-16
7552.78729248121  1.901336E-16
7558.30721378401  1.846871E-16
7563.82713508681  1.552887E-16
7569.34705638961  1.646913E-16
7574.86697769241  1.818940E-16
7580.38689899521  1.907193E-16
7585.90682029801  1.685573E-16
7591.42674160081  2.122026E-16
7596.94666290361  2.190238E-16
7602.46658420641  2.440647E-16
7607.98650550921  2.021487E-16
7613.50642681201  1.590691E-16
7619.02634811481  2.066242E-16
7624.54626941761  1.882777E-16
7630.06619072041  1.987057E-16
7635.58611202321  1.924257E-16
7641.10603332601  1.376433E-16
7646.62595462881  1.787992E-16
7652.14587593161  1.952561E-16
7657.66579723441  1.774022E-16
7663.18571853721  1.699330E-16
7668.70563984001  1.341394E-16
7674.22556114281  1.240078E-16
7679.74548244561  1.573177E-16
7685.26540374841  1.715161E-16
7690.78532505121  1.725928E-16
7696.30524635401  1.456346E-16
7701.82516765681  1.492660E-16
7707.34508895961  1.267137E-16
7712.86501026241  1.564150E-16
7718.38493156521  1.520838E-16
7723.90485286801  1.665279E-16
7729.42477417081  1.626526E-16
7734.94469547361  1.480685E-16
7740.46461677641  1.533915E-16
7745.98453807921  1.721100E-16
7751.50445938201  1.820880E-16
7757.02438068481  1.723436E-16
7762.54430198761  1.593281E-16
7768.06422329041  1.432707E-16
7773.58414459321  1.337416E-16
7779.10406589601  1.324957E-16
7784.62398719881  1.449088E-16
7790.14390850161  1.588021E-16
7795.66382980441  1.385989E-16
7801.18375110721  1.489038E-16
7806.70367241001  1.597505E-16
7812.22359371281  1.498809E-16
7817.74351501561  1.494741E-16
7823.26343631841  1.911324E-16
7828.78335762121  1.580094E-16
7834.30327892401  1.453798E-16
7839.82320022681  1.418187E-16
7845.34312152961  1.552400E-16
7850.86304283241  1.458030E-16
7856.38296413521  1.502721E-16
7861.90288543801  1.621771E-16
7867.42280674081  1.383303E-16
7872.94272804361  1.398118E-16
7878.46264934641  1.385639E-16
7883.98257064921  1.364344E-16
7889.50249195201  1.489896E-16
7895.02241325481  1.632412E-16
7900.54233455761  1.654825E-16
7906.06225586041  1.441671E-16
7911.58217716321  1.319839E-16
7917.10209846601  1.280300E-16
7922.62201976881  1.366670E-16
7928.14194107161  1.498815E-16
7933.66186237441  1.439524E-16
7939.18178367721  1.473252E-16
7944.70170498001  1.403773E-16
7950.22162628281  1.293985E-16
7955.74154758561  1.384143E-16
7961.26146888841  1.385855E-16
7966.78139019121  1.499087E-16
7972.30131149401  1.546320E-16
7977.82123279681  1.188046E-16
7983.34115409961  1.571229E-16
7988.86107540241  1.355593E-16
7994.38099670521  1.435588E-16
7999.90091800801  1.482445E-16
8005.42083931081  1.492106E-16
8010.94076061361  1.440785E-16
8016.46068191641  1.193967E-16
8021.98060321921  1.237481E-16
8027.50052452201  1.466746E-16
8033.02044582481  1.283775E-16
8038.54036712761  1.264018E-16
8044.06028843041  1.487033E-16
8049.58020973321  1.315403E-16
8055.10013103601  1.313780E-16
8060.62005233881  1.292003E-16
8066.13997364161  1.296449E-16
8071.65989494441  1.473790E-16
8077.17981624721  1.561934E-16
8082.69973755001  1.597612E-16
8088.21965885281  1.377411E-16
8093.73958015561  1.319783E-16
8099.25950145841  1.556341E-16
8104.77942276121  1.545323E-16
8110.29934406401  1.431337E-16
8115.81926536681  1.549291E-16
8121.33918666961  1.179154E-16
8126.85910797241  1.343217E-16
8132.37902927521  1.258285E-16
8137.89895057801  1.292046E-16
8143.41887188081  1.357440E-16
8148.93879318361  1.282798E-16
8154.45871448641  1.442044E-16
8159.97863578921  1.287385E-16
8165.49855709201  1.312142E-16
8171.01847839481  1.350911E-16
8176.53839969761  1.194801E-16
8182.05832100041  1.075012E-16
8187.57824230321  1.353924E-16
8193.09816360601  1.570908E-16
8198.61808490881  1.303807E-16
8204.13800621161  1.124878E-16
8209.65792751441  1.432369E-16
8215.17784881721  1.639229E-16
8220.69777012001  1.298251E-16
8226.21769142281  1.076619E-16
8231.73761272561  1.312533E-16
8237.25753402841  1.218302E-16
8242.77745533121  1.209092E-16
8248.29737663401  1.365874E-16
8253.81729793681  1.431937E-16
8259.33721923961  1.304446E-16
8264.85714054241  1.413091E-16
8270.37706184521  1.385964E-16
8275.89698314801  1.308515E-16
8281.41690445081  1.482752E-16
8286.93682575361  1.125536E-16
8292.45674705641  1.643880E-16
8297.97666835921  1.615156E-16
8303.49658966201  1.286451E-16
8309.01651096481  1.283215E-16
8314.53643226761  1.035325E-16
8320.05635357041  1.441543E-16
8325.57627487321  1.491864E-16
8331.09619617601  1.327404E-16
8336.61611747881  1.212586E-16
8342.13603878161  1.305590E-16
8347.65596008441  1.233764E-16
8353.17588138721  1.116922E-16
8358.69580269001  1.097460E-16
8364.21572399281  1.131682E-16
8369.73564529561  1.238921E-16
8375.25556659841  1.119025E-16
8380.77548790121  1.128459E-16
8386.29540920401  1.141307E-16
8391.81533050681  1.078608E-16
8397.33525180961  1.067308E-16
8402.85517311241  1.252629E-16
8408.37509441521  9.291022E-17
8413.89501571801  1.093290E-16
8419.41493702081  1.329547E-16
8424.93485832361  8.201107E-17
8430.45477962641  1.282261E-16
8435.97470092921  1.171757E-16
8441.49462223201  1.187389E-16
8447.01454353481  1.077364E-16
8452.53446483761  1.219570E-16
8458.05438614041  1.188599E-16
8463.57430744321  9.405028E-17
8469.09422874601  9.104780E-17
8474.61415004881  8.784325E-17
8480.13407135161  9.389181E-17
8485.65399265441  1.069916E-16
8491.17391395721  1.264285E-16
8496.69383526001  1.127160E-16
8502.21375656281  1.205840E-16
8507.73367786561  1.029310E-16
8513.25359916841  8.937804E-17
8518.77352047121  1.193107E-16
8524.29344177401  9.513821E-17
8529.81336307681  1.046364E-16
8535.33328437961  1.049095E-16
8540.85320568241  1.092573E-16
8546.37312698521  1.055563E-16
8551.89304828801  1.464285E-16
8557.41296959081  1.161799E-16
8562.93289089361  1.067570E-16
8568.45281219641  1.244477E-16
8573.97273349921  9.544606E-17
8579.49265480201  1.090138E-16
8585.01257610481  1.188660E-16
8590.53249740761  1.251108E-16
8596.05241871041  1.435691E-16
8601.57234001321  1.161902E-16
8607.09226131601  1.218137E-16
8612.61218261881  1.171429E-16
8618.13210392161  1.314120E-16
8623.65202522441  1.422188E-16
8629.17194652721  1.424432E-16
8634.69186783001  1.444630E-16
8640.21178913281  1.137184E-16
8645.73171043561  1.103080E-16
8651.25163173841  1.031282E-16
8656.77155304121  8.953189E-17
8662.29147434401  1.230349E-16
8667.81139564681  1.444709E-16
8673.33131694961  1.207014E-16
8678.85123825241  1.229536E-16
8684.37115955521  9.822737E-17
8689.89108085801  9.865602E-17
8695.41100216081  1.226002E-16
8700.93092346361  1.156110E-16
8706.45084476641  1.089911E-16
8711.97076606921  1.125767E-16
8717.49068737201  9.754069E-17
8723.01060867481  1.048801E-16
8728.53052997761  1.234760E-16
8734.05045128041  1.179287E-16
8739.57037258321  1.468903E-16
8745.09029388601  1.030528E-16
8750.61021518881  1.440213E-16
8756.13013649161  9.398393E-17
8761.65005779441  8.739387E-17
8767.16997909721  1.160946E-16
8772.68990040001  7.867840E-17
8778.20982170281  9.146298E-17
8783.72974300561  1.225327E-16
8789.24966430841  9.969436E-17
8794.76958561121  9.155612E-17
8800.28950691401  1.121614E-16
8805.80942821681  1.075263E-16
8811.32934951961  1.325168E-16
8816.84927082241  9.972042E-17
8822.36919212521  8.243965E-17
8827.88911342801  1.246269E-16
8833.40903473081  9.910643E-17
8838.92895603361  8.121554E-17
8844.44887733641  7.476461E-17
8849.96879863921  8.995480E-17
8855.48871994201  8.320374E-17
8861.00864124481  1.093538E-16
8866.52856254761  1.048343E-16
8872.04848385041  9.055063E-17
8877.56840515321  6.871663E-17
8883.08832645601  6.437157E-17
8888.60824775881  8.553001E-17
8894.12816906161  9.303820E-17
8899.64809036441  8.805929E-17
8905.16801166721  1.016003E-16
8910.68793297001  6.397956E-17
8916.20785427281  7.240896E-17
8921.72777557561  8.996893E-17
8927.24769687841  1.187002E-16
8932.76761818121  1.004576E-16
8938.28753948401  9.443867E-17
8943.80746078681  7.299576E-17
8949.32738208961  7.031821E-17
8954.84730339241  1.094904E-16
8960.36722469521  7.348268E-17
8965.88714599801  6.477900E-17
8971.40706730081  9.159259E-17
8976.92698860361  1.006537E-16
8982.44690990641  6.177333E-17
8987.96683120921  1.172475E-16
8993.48675251201  1.470059E-16
8999.00667381481  1.071177E-16
9004.52659511761  1.004605E-16
9010.04651642041  8.581051E-17
9015.56643772321  6.496205E-17
9021.08635902601  7.092806E-17
9026.60628032881  1.022981E-16
9032.12620163161  9.905166E-17
9037.64612293441  8.482887E-17
9043.16604423721  1.029150E-16
9048.68596554001  9.566357E-17
9054.20588684281  8.214368E-17
9059.72580814561  8.542902E-17
9065.24572944841  1.091553E-16
9070.76565075121  7.459091E-17
9076.28557205401  7.913996E-17
9081.80549335681  1.087403E-16
9087.32541465961  1.080222E-16
9092.84533596241  9.316851E-17
9098.36525726521  1.137272E-16
9103.88517856801  1.212593E-16
9109.40509987081  1.410034E-16
9114.92502117361  7.356631E-17
9120.44494247641  4.856246E-17
9125.96486377921  1.120843E-16
9131.48478508201  9.521331E-17
9137.00470638481  6.868151E-17
9142.52462768761  7.885808E-17
9148.04454899041  7.711192E-17
9153.56447029321  7.034372E-17
9159.08439159601  9.004912E-17
9164.60431289881  1.102171E-16
9170.12423420161  1.067728E-16
9175.64415550441  8.817837E-17
9181.16407680721  9.406604E-17
9186.68399811001  7.252189E-17
9192.20391941281  5.839155E-17
9197.72384071561  6.438826E-17
9203.24376201841  6.875636E-17
9208.76368332121  1.168291E-16
9214.28360462401  1.128608E-16
9219.80352592681  1.078643E-16
9225.32344722961  7.372146E-17
9230.84336853241  6.908485E-17
9236.36328983521  8.242787E-17
9241.88321113801  6.108433E-17
9247.40313244081  5.898241E-17
9252.92305374361  9.871121E-17
9258.44297504641  7.376212E-17
9263.96289634921  9.880938E-17
