3665.89868164  1.385049E-16
3671.41803741393  1.062124E-16
3676.93739318786  1.112234E-16
3682.45674896179  1.132506E-16
3687.97610473572  1.342928E-16
3693.49546050965  1.063832E-16
3699.01481628358  1.043911E-16
3704.53417205751  1.218616E-16
3710.05352783144  8.588101E-17
3715.57288360537  1.212180E-16
3721.0922393793  1.375369E-16
3726.61159515323  1.151417E-16
3732.13095092716  1.163045E-16
3737.65030670109  1.143911E-16
3743.16966247502  1.334942E-16
3748.68901824895  1.228142E-16
3754.20837402288  1.291023E-16
3759.72772979681  1.083474E-16
3765.24708557074  1.290366E-16
3770.76644134467  1.144498E-16
3776.2857971186  1.165919E-16
3781.80515289253  1.113315E-16
3787.32450866646  1.196732E-16
3792.84386444039  1.295989E-16
3798.36322021432  1.357308E-16
3803.88257598825  1.116720E-16
3809.40193176218  1.229627E-16
3814.92128753611  1.303620E-16
3820.44064331004  1.114092E-16
3825.95999908397  1.025682E-16
3831.4793548579  1.234078E-16
3836.99871063183  9.966718E-17
3842.51806640576  1.132812E-16
3848.03742217969  1.220398E-16
3853.55677795362  1.081743E-16
3859.07613372755  1.169759E-16
3864.59548950148  9.887441E-17
3870.11484527541  1.139788E-16
3875.63420104934  9.833119E-17
3881.15355682327  1.170392E-16
3886.6729125972  1.112398E-16
3892.19226837113  1.035779E-16
3897.71162414506  1.079514E-16
3903.23097991899  1.190284E-16
3908.75033569292  9.124864E-17
3914.26969146685  1.180276E-16
3919.78904724078  1.138524E-16
3925.30840301471  1.109592E-16
3930.82775878864  1.079429E-16
3936.34711456257  9.327718E-17
3941.8664703365  9.346661E-17
3947.38582611043  1.031275E-16
3952.90518188436  9.649651E-17
3958.42453765829  1.097590E-16
3963.94389343222  1.140525E-16
3969.46324920615  1.170815E-16
3974.98260498008  1.148254E-16
3980.50196075401  1.070132E-16
3986.02131652794  1.092027E-16
3991.54067230187  1.046429E-16
3997.0600280758  1.003545E-16
4002.57938384973  1.075813E-16
4008.09873962366  8.436868E-17
4013.61809539759  1.241897E-16
4019.13745117152  9.207523E-17
4024.65680694545  1.028021E-16
4030.17616271938  1.086223E-16
4035.69551849331  9.938185E-17
4041.21487426724  1.093077E-16
4046.73423004117  1.034714E-16
4052.2535858151  1.015758E-16
4057.77294158903  8.638601E-17
4063.29229736296  1.054579E-16
4068.81165313689  9.254951E-17
4074.33100891082  1.046530E-16
4079.85036468475  1.185515E-16
4085.36972045868  1.074676E-16
4090.88907623261  8.857926E-17
4096.40843200654  1.182159E-16
4101.92778778047  1.187007E-16
4107.4471435544  9.911322E-17
4112.96649932833  8.876050E-17
4118.48585510226  1.034957E-16
4124.00521087619  9.877475E-17
4129.52456665012  1.125511E-16
4135.04392242405  1.047240E-16
4140.56327819798  1.122632E-16
4146.08263397191  1.205249E-16
4151.60198974584  1.019897E-16
4157.12134551977  9.781327E-17
4162.6407012937  1.108580E-16
4168.16005706763  1.142711E-16
4173.67941284156  1.077158E-16
4179.19876861549  1.111444E-16
4184.71812438942  1.312580E-16
4190.23748016335  1.258431E-16
4195.75683593728  1.357305E-16
4201.27619171121  1.267757E-16
4206.79554748514  1.241055E-16
4212.31490325907  1.102456E-16
4217.834259033  1.163882E-16
4223.35361480693  1.009976E-16
4228.87297058086  9.618838E-17
4234.39232635479  1.112953E-16
4239.91168212872  9.914919E-17
4245.43103790265  9.810507E-17
4250.95039367658  9.000203E-17
4256.46974945051  9.324696E-17
4261.98910522444  1.069492E-16
4267.50846099837  1.218391E-16
4273.0278167723  1.099410E-16
4278.54717254623  1.104193E-16
4284.06652832016  1.148604E-16
4289.58588409409  1.052672E-16
4295.10523986802  9.721787E-17
4300.62459564195  1.017537E-16
4306.14395141588  9.848917E-17
4311.66330718981  9.649223E-17
4317.18266296374  1.012114E-16
4322.70201873767  9.772855E-17
4328.2213745116  1.007052E-16
4333.74073028553  1.149319E-16
4339.26008605946  1.121100E-16
4344.77944183339  1.134051E-16
4350.29879760732  1.047098E-16
4355.81815338125  1.011806E-16
4361.33750915518  1.114271E-16
4366.85686492911  1.071979E-16
4372.37622070304  7.915678E-17
4377.89557647697  9.186825E-17
4383.4149322509  8.938285E-17
4388.93428802483  9.979859E-17
4394.45364379876  9.814863E-17
4399.97299957269  1.186763E-16
4405.49235534662  1.039334E-16
4411.01171112055  9.074729E-17
4416.53106689448  1.007481E-16
4422.05042266841  1.025126E-16
4427.56977844234  9.718089E-17
4433.08913421627  1.084483E-16
4438.6084899902  1.042812E-16
4444.12784576413  1.060840E-16
4449.64720153806  1.044573E-16
4455.16655731199  8.758470E-17
4460.68591308592  1.080138E-16
4466.20526885985  1.042678E-16
4471.72462463378  1.032529E-16
4477.24398040771  9.987206E-17
4482.76333618164  1.016429E-16
4488.28269195557  9.526261E-17
4493.8020477295  1.028347E-16
4499.32140350343  1.206776E-16
4504.84075927736  1.080431E-16
4510.36011505129  1.093158E-16
4515.87947082522  9.741322E-17
4521.39882659915  1.065842E-16
4526.91818237308  9.625019E-17
4532.43753814702  9.832795E-17
4537.95689392094  1.077208E-16
4543.47624969487  1.086919E-16
4548.9956054688  9.085848E-17
4554.51496124273  1.004658E-16
4560.03431701666  1.277544E-16
4565.55367279059  1.039712E-16
4571.07302856452  1.198055E-16
4576.59238433845  1.165749E-16
4582.11174011238  1.164837E-16
4587.63109588631  1.145050E-16
4593.15045166025  1.041298E-16
4598.66980743417  1.159252E-16
4604.1891632081  1.066750E-16
4609.70851898203  1.008341E-16
4615.22787475596  9.810954E-17
4620.74723052989  1.056961E-16
4626.26658630382  1.076485E-16
4631.78594207775  1.090575E-16
4637.30529785168  1.048091E-16
4642.82465362561  1.071061E-16
4648.34400939954  9.109281E-17
4653.86336517347  9.021172E-17
4659.3827209474  9.334701E-17
4664.90207672133  9.349675E-17
4670.42143249526  9.708987E-17
4675.94078826919  9.432761E-17
4681.46014404312  9.691055E-17
4686.97949981705  1.005284E-16
4692.49885559098  9.642372E-17
4698.01821136491  9.834021E-17
4703.53756713885  9.113803E-17
4709.05692291277  9.850381E-17
4714.57627868671  9.747120E-17
4720.09563446064  9.515105E-17
4725.61499023456  9.199563E-17
4731.1343460085  1.051280E-16
4736.65370178242  8.861993E-17
4742.17305755635  9.847422E-17
4747.69241333028  1.000956E-16
4753.21176910421  8.931148E-17
4758.73112487814  1.130865E-16
4764.25048065207  1.055446E-16
4769.769836426  8.875127E-17
4775.28919219993  9.072699E-17
4780.80854797386  8.750652E-17
4786.32790374779  9.839607E-17
4791.84725952173  9.772678E-17
4797.36661529565  1.040081E-16
4802.88597106958  9.365209E-17
4808.40532684351  1.019826E-16
4813.92468261744  1.061317E-16
4819.44403839137  9.744030E-17
4824.9633941653  9.296015E-17
4830.48274993923  8.910635E-17
4836.00210571317  9.429222E-17
4841.5214614871  9.805600E-17
4847.04081726102  9.126930E-17
4852.56017303496  9.773241E-17
4858.07952880889  9.400307E-17
4863.59888458281  9.132565E-17
4869.11824035674  9.810858E-17
4874.63759613068  7.886537E-17
4880.1569519046  8.314805E-17
4885.67630767854  9.024265E-17
4891.19566345246  7.727071E-17
4896.71501922639  9.023936E-17
4902.23437500032  8.193503E-17
4907.75373077425  9.080608E-17
4913.27308654819  9.957048E-17
4918.79244232212  9.164763E-17
4924.31179809604  9.068447E-17
4929.83115386997  9.062204E-17
4935.3505096439  9.132714E-17
4940.86986541783  8.865404E-17
4946.38922119176  9.454439E-17
4951.90857696569  8.828879E-17
4957.42793273962  8.789908E-17
4962.94728851355  9.232721E-17
4968.46664428748  8.996111E-17
4973.98600006141  9.487311E-17
4979.50535583535  9.563157E-17
4985.02471160928  9.529546E-17
4990.5440673832  8.819954E-17
4996.06342315713  9.363600E-17
5001.58277893106  7.781846E-17
5007.102134705  8.973499E-17
5012.62149047893  9.241463E-17
5018.14084625285  8.459462E-17
5023.66020202678  8.382476E-17
5029.17955780072  8.130899E-17
5034.69891357465  9.802460E-17
5040.21826934858  9.086466E-17
5045.73762512251  8.348211E-17
5051.25698089644  9.707293E-17
5056.77633667037  9.638432E-17
5062.2956924443  9.403706E-17
5067.81504821823  9.272290E-17
5073.33440399215  9.782290E-17
5078.85375976609  9.388820E-17
5084.37311554001  9.056869E-17
5089.89247131395  9.631765E-17
5095.41182708788  9.832266E-17
5100.93118286181  8.699013E-17
5106.45053863573  8.740391E-17
5111.96989440966  8.651968E-17
5117.4892501836  9.211778E-17
5123.00860595752  8.711157E-17
5128.52796173146  8.715925E-17
5134.04731750539  8.323833E-17
5139.56667327931  8.611033E-17
5145.08602905324  9.493296E-17
5150.60538482718  8.635412E-17
5156.12474060111  8.255892E-17
5161.64409637504  9.078322E-17
5167.16345214897  9.031301E-17
5172.6828079229  8.645518E-17
5178.20216369683  8.487342E-17
5183.72151947076  9.249050E-17
5189.24087524468  9.419589E-17
5194.76023101862  8.529121E-17
5200.27958679255  8.386217E-17
5205.79894256647  8.153933E-17
5211.3182983404  9.135136E-17
5216.83765411434  9.458158E-17
5222.35700988827  9.816106E-17
5227.8763656622  8.949714E-17
5233.39572143613  7.924444E-17
5238.91507721006  8.212462E-17
5244.43443298399  8.529307E-17
5249.95378875792  8.502987E-17
5255.47314453185  8.474209E-17
5260.99250030578  8.604402E-17
5266.5118560797  7.748732E-17
5272.03121185363  8.073833E-17
5277.55056762757  7.931564E-17
5283.0699234015  8.329960E-17
5288.58927917542  7.880401E-17
5294.10863494936  8.485608E-17
5299.62799072329  8.164330E-17
5305.14734649722  8.689382E-17
5310.66670227114  7.448655E-17
5316.18605804507  7.669217E-17
5321.70541381901  8.736943E-17
5327.22476959293  7.579027E-17
5332.74412536686  8.000665E-17
5338.2634811408  8.032819E-17
5343.78283691473  7.790012E-17
5349.30219268866  8.026773E-17
5354.82154846259  8.816975E-17
5360.34090423652  8.105669E-17
5365.86026001045  7.648207E-17
5371.37961578438  8.004308E-17
5376.89897155831  8.864938E-17
5382.41832733224  8.027344E-17
5387.93768310617  8.905130E-17
5393.45703888009  8.133597E-17
5398.97639465403  7.796826E-17
5404.49575042796  8.235360E-17
5410.01510620188  8.608407E-17
5415.53446197582  8.456347E-17
5421.05381774975  7.422526E-17
5426.57317352368  8.684366E-17
5432.09252929761  8.208824E-17
5437.61188507154  7.681740E-17
5443.13124084547  8.389986E-17
5448.6505966194  7.675210E-17
5454.16995239332  8.194990E-17
5459.68930816726  7.885508E-17
5465.20866394119  7.807645E-17
5470.72801971512  8.169189E-17
5476.24737548905  7.284415E-17
5481.76673126298  8.129174E-17
5487.28608703691  7.877837E-17
5492.80544281084  7.854540E-17
5498.32479858477  6.984640E-17
5503.8441543587  8.255846E-17
5509.36351013263  8.341089E-17
5514.88286590655  7.739204E-17
5520.40222168049  8.487896E-17
5525.92157745442  7.833784E-17
5531.44093322834  7.598443E-17
5536.96028900228  7.918399E-17
5542.47964477621  8.223668E-17
5547.99900055014  6.978658E-17
5553.51835632407  7.109654E-17
5559.037712098  8.421791E-17
5564.55706787193  8.598428E-17
5570.07642364586  8.635236E-17
5575.59577941979  8.105954E-17
5581.11513519372  7.966093E-17
5586.63449096765  7.236141E-17
5592.15384674158  7.676459E-17
5597.6732025155  7.082212E-17
5603.19255828944  8.427063E-17
5608.71191406337  8.445419E-17
5614.2312698373  8.407787E-17
5619.75062561123  8.548626E-17
5625.26998138516  8.601899E-17
5630.78933715909  8.557890E-17
5636.30869293301  8.386251E-17
5641.82804870695  7.883025E-17
5647.34740448088  8.273948E-17
5652.8667602548  7.919380E-17
5658.38611602874  7.993126E-17
5663.90547180267  7.677453E-17
5669.4248275766  7.759952E-17
5674.94418335053  7.291256E-17
5680.46353912446  8.254277E-17
5685.98289489839  7.288546E-17
5691.50225067232  7.334252E-17
5697.02160644625  7.518149E-17
5702.54096222018  7.189667E-17
5708.06031799411  7.098889E-17
5713.57967376804  6.928726E-17
5719.09902954196  7.736969E-17
5724.6183853159  6.950527E-17
5730.13774108983  7.428177E-17
5735.65709686376  7.549557E-17
5741.17645263769  6.918083E-17
5746.69580841162  7.211394E-17
5752.21516418555  5.977597E-17
5757.73451995948  7.048400E-17
5763.25387573341  6.983886E-17
5768.77323150734  6.948665E-17
5774.29258728126  6.668355E-17
5779.8119430552  7.245388E-17
5785.33129882913  7.260434E-17
5790.85065460306  7.768957E-17
5796.37001037699  6.587746E-17
5801.88936615092  6.818628E-17
5807.40872192485  7.593091E-17
5812.92807769878  7.729853E-17
5818.44743347271  7.463101E-17
5823.96678924664  6.831306E-17
5829.48614502057  7.096593E-17
5835.0055007945  6.710507E-17
5840.52485656842  7.259641E-17
5846.04421234236  7.716978E-17
5851.56356811629  6.329954E-17
5857.08292389022  7.184596E-17
5862.60227966415  7.845039E-17
5868.12163543808  7.347153E-17
5873.64099121201  7.386511E-17
5879.16034698594  8.663060E-17
5884.67970275987  7.956580E-17
5890.1990585338  7.281612E-17
5895.71841430773  7.031961E-17
5901.23777008166  7.059917E-17
5906.75712585559  7.040938E-17
5912.27648162952  6.201984E-17
5917.79583740345  6.540104E-17
5923.31519317738  6.882194E-17
5928.83454895131  6.446607E-17
5934.35390472524  5.953715E-17
5939.87326049917  6.801151E-17
5945.3926162731  7.502005E-17
5950.91197204703  7.103653E-17
5956.43132782096  7.040526E-17
5961.95068359488  6.815082E-17
5967.47003936882  6.940688E-17
5972.98939514275  7.188419E-17
5978.50875091668  7.712835E-17
5984.02810669061  6.848229E-17
5989.54746246454  5.484921E-17
5995.06681823847  7.225228E-17
6000.5861740124  8.300930E-17
6006.10552978633  7.775003E-17
6011.62488556026  7.317152E-17
6017.14424133419  7.087431E-17
6022.66359710812  5.910380E-17
6028.18295288205  7.711130E-17
6033.70230865598  7.487352E-17
6039.22166442991  7.674622E-17
6044.74102020384  6.937192E-17
6050.26037597777  6.686703E-17
6055.7797317517  6.734026E-17
6061.29908752563  6.968773E-17
6066.81844329956  7.771705E-17
6072.33779907349  6.780440E-17
6077.85715484742  7.087636E-17
6083.37651062135  6.702146E-17
6088.89586639528  7.362417E-17
6094.41522216921  6.172843E-17
6099.93457794314  6.870002E-17
6105.45393371707  5.586522E-17
6110.973289491  7.076082E-17
6116.49264526493  6.622878E-17
6122.01200103886  6.646206E-17
6127.53135681279  6.979532E-17
6133.05071258672  6.729356E-17
6138.57006836065  5.861768E-17
6144.08942413458  5.994028E-17
6149.60877990851  6.880433E-17
6155.12813568244  6.010879E-17
6160.64749145637  6.936600E-17
6166.1668472303  6.510441E-17
6171.68620300423  6.892492E-17
6177.20555877816  7.297831E-17
6182.72491455209  7.351073E-17
6188.24427032602  6.563291E-17
6193.76362609995  6.742958E-17
6199.28298187388  8.034866E-17
6204.80233764781  7.144673E-17
6210.32169342174  6.497308E-17
6215.84104919567  6.761658E-17
6221.3604049696  6.311296E-17
6226.87976074353  6.392652E-17
6232.39911651746  6.340802E-17
6237.91847229139  5.838347E-17
6243.43782806532  6.296451E-17
6248.95718383925  6.288083E-17
6254.47653961318  6.752851E-17
6259.99589538711  6.780091E-17
6265.51525116104  6.527133E-17
6271.03460693497  6.000332E-17
6276.5539627089  5.520643E-17
6282.07331848283  5.451375E-17
6287.59267425676  6.646692E-17
6293.11203003069  7.392725E-17
6298.63138580462  5.405788E-17
6304.15074157855  6.578474E-17
6309.67009735248  6.260033E-17
6315.18945312641  4.434489E-17
6320.70880890034  6.471745E-17
6326.22816467427  6.414182E-17
6331.7475204482  5.733950E-17
6337.26687622213  6.497711E-17
6342.78623199606  7.556828E-17
6348.30558776999  6.585156E-17
6353.82494354392  5.985979E-17
6359.34429931785  6.376517E-17
6364.86365509178  5.020363E-17
6370.38301086571  6.625245E-17
6375.90236663964  7.367476E-17
6381.42172241357  5.878164E-17
6386.9410781875  6.779972E-17
6392.46043396143  5.689722E-17
6397.97978973536  5.785037E-17
6403.49914550929  5.953967E-17
6409.01850128322  6.185991E-17
6414.53785705715  6.441032E-17
6420.05721283108  6.236084E-17
6425.57656860501  7.232791E-17
6431.09592437894  6.665702E-17
6436.61528015287  6.155583E-17
6442.1346359268  5.776473E-17
6447.65399170073  6.238622E-17
6453.17334747466  6.042719E-17
6458.69270324859  6.415088E-17
6464.21205902252  6.756192E-17
6469.73141479645  5.575575E-17
6475.25077057038  6.450771E-17
6480.77012634431  6.681894E-17
6486.28948211824  5.352014E-17
6491.80883789217  7.178084E-17
6497.3281936661  6.990393E-17
6502.84754944003  6.203456E-17
6508.36690521396  5.318333E-17
6513.88626098789  5.750019E-17
6519.40561676182  6.600766E-17
6524.92497253575  6.131294E-17
6530.44432830968  5.095090E-17
6535.96368408361  4.986622E-17
6541.48303985754  6.817427E-17
6547.00239563147  5.281515E-17
6552.5217514054  5.373520E-17
6558.04110717933  6.733498E-17
6563.56046295326  6.685849E-17
6569.07981872719  6.371782E-17
6574.59917450112  5.965674E-17
6580.11853027505  5.926090E-17
6585.63788604898  6.021106E-17
6591.15724182291  6.466222E-17
6596.67659759684  6.468462E-17
6602.19595337077  6.103508E-17
6607.7153091447  5.636429E-17
6613.23466491863  5.832511E-17
6618.75402069256  6.029016E-17
6624.27337646649  5.670292E-17
6629.79273224042  5.753230E-17
6635.31208801435  5.406606E-17
6640.83144378828  5.909710E-17
6646.35079956221  5.895144E-17
6651.87015533614  6.531631E-17
6657.38951111007  6.450286E-17
6662.908866884  6.132288E-17
6668.42822265793  6.472321E-17
6673.94757843186  5.338827E-17
6679.46693420579  5.359157E-17
6684.98628997972  5.999161E-17
6690.50564575365  5.446313E-17
6696.02500152758  6.339729E-17
6701.54435730151  6.591107E-17
6707.06371307544  5.142395E-17
6712.58306884937  6.030474E-17
6718.1024246233  7.050815E-17
6723.62178039723  6.196292E-17
6729.14113617116  5.660190E-17
6734.66049194509  5.765275E-17
6740.17984771902  6.179659E-17
6745.69920349295  5.507523E-17
6751.21855926688  6.147031E-17
6756.73791504081  5.783610E-17
6762.25727081474  5.531602E-17
6767.77662658867  6.041095E-17
6773.2959823626  5.465951E-17
6778.81533813653  5.493775E-17
6784.33469391046  5.614412E-17
6789.85404968439  4.891548E-17
6795.37340545832  5.617618E-17
6800.89276123225  5.337977E-17
6806.41211700618  5.987173E-17
6811.93147278011  7.003787E-17
6817.45082855404  5.913346E-17
6822.97018432797  5.394333E-17
6828.4895401019  6.160205E-17
6834.00889587583  5.065711E-17
6839.52825164976  4.915018E-17
6845.04760742369  5.083251E-17
6850.56696319762  4.855392E-17
6856.08631897155  5.619247E-17
6861.60567474548  6.136969E-17
6867.12503051941  4.981317E-17
6872.64438629334  4.641317E-17
6878.16374206727  4.923185E-17
6883.6830978412  5.785874E-17
6889.20245361513  5.677766E-17
6894.72180938906  5.297997E-17
6900.24116516299  5.271692E-17
6905.76052093692  4.968656E-17
6911.27987671085  5.711116E-17
6916.79923248478  4.419344E-17
6922.31858825871  5.600262E-17
6927.83794403264  5.204136E-17
6933.35729980657  6.031182E-17
6938.8766555805  6.436185E-17
6944.39601135443  6.397212E-17
6949.91536712836  5.169710E-17
6955.43472290229  5.108743E-17
6960.95407867622  5.135332E-17
6966.47343445015  4.884926E-17
6971.99279022408  5.874705E-17
6977.51214599801  5.512113E-17
6983.03150177194  5.492436E-17
6988.55085754587  5.796256E-17
6994.0702133198  5.863977E-17
6999.58956909373  5.790393E-17
7005.10892486766  5.959339E-17
7010.62828064159  5.627645E-17
7016.14763641552  5.360298E-17
7021.66699218945  5.894013E-17
7027.18634796338  5.692711E-17
7032.70570373731  6.216898E-17
7038.22505951124  6.647917E-17
7043.74441528517  5.192802E-17
7049.2637710591  5.444890E-17
7054.78312683303  5.601863E-17
7060.30248260696  4.874969E-17
7065.82183838089  5.376030E-17
7071.34119415482  5.967452E-17
7076.86054992875  6.042372E-17
7082.37990570268  5.287683E-17
7087.89926147661  4.678766E-17
7093.41861725054  5.134243E-17
7098.93797302447  5.219063E-17
7104.4573287984  5.995218E-17
7109.97668457233  5.306285E-17
7115.49604034626  4.773919E-17
7121.01539612019  5.270880E-17
7126.53475189412  6.236122E-17
7132.05410766805  5.212388E-17
7137.57346344198  5.713429E-17
7143.09281921591  5.630131E-17
7148.61217498984  5.673902E-17
7154.13153076377  6.245436E-17
7159.6508865377  4.973794E-17
7165.17024231163  4.389133E-17
7170.68959808556  5.408675E-17
7176.20895385949  4.468207E-17
7181.72830963342  4.526533E-17
7187.24766540735  5.588719E-17
7192.76702118128  4.582860E-17
7198.28637695521  5.227624E-17
7203.80573272914  4.556852E-17
7209.32508850307  5.543120E-17
7214.844444277  5.817936E-17
7220.36380005093  5.021957E-17
7225.88315582486  4.627324E-17
7231.40251159879  5.686248E-17
7236.92186737272  6.153483E-17
7242.44122314665  5.043019E-17
7247.96057892058  6.049875E-17
7253.47993469451  4.973521E-17
7258.99929046844  5.839018E-17
7264.51864624237  5.973703E-17
7270.0380020163  6.380700E-17
7275.55735779023  5.498314E-17
7281.07671356416  4.323912E-17
7286.59606933809  7.429311E-17
7292.11542511202  6.239161E-17
7297.63478088595  5.516998E-17
7303.15413665988  4.444754E-17
7308.67349243381  3.616748E-17
7314.19284820774  5.353802E-17
7319.71220398167  5.775410E-17
7325.2315597556  4.399019E-17
7330.75091552953  3.544889E-17
7336.27027130346  4.921693E-17
7341.78962707739  6.434439E-17
7347.30898285132  5.800837E-17
7352.82833862525  5.881078E-17
7358.34769439918  7.553517E-17
7363.86705017311  7.822685E-17
7369.38640594704  7.817655E-17
7374.90576172097  8.046472E-17
7380.4251174949  9.407340E-17
7385.94447326883  7.495004E-17
7391.46382904276  5.207655E-17
7396.98318481669  5.590355E-17
7402.50254059062  5.594880E-17
7408.02189636455  5.514111E-17
7413.54125213848  5.469980E-17
7419.06060791241  4.502432E-17
7424.57996368634  4.024193E-17
7430.09931946027  5.184219E-17
7435.6186752342  5.940654E-17
7441.13803100813  4.657830E-17
7446.65738678206  5.122461E-17
7452.17674255599  5.735557E-17
7457.69609832992  5.215614E-17
7463.21545410385  4.993214E-17
7468.73480987778  4.134408E-17
7474.25416565171  4.638092E-17
7479.77352142564  5.432354E-17
7485.29287719957  5.298295E-17
7490.8122329735  6.057929E-17
7496.33158874743  5.427460E-17
7501.85094452136  3.950406E-17
7507.37030029529  4.571630E-17
7512.88965606922  5.129924E-17
7518.40901184315  4.757181E-17
7523.92836761708  5.886076E-17
7529.44772339101  4.769080E-17
7534.96707916494  5.537746E-17
7540.48643493887  5.994938E-17
7546.0057907128  6.957200E-17
7551.52514648673  5.993909E-17
7557.04450226066  6.436994E-17
7562.56385803459  5.614921E-17
7568.08321380852  5.491976E-17
7573.60256958245  5.234100E-17
7579.12192535638  4.536885E-17
7584.64128113031  3.923874E-17
7590.16063690424  4.444261E-17
7595.67999267817  4.781541E-17
7601.1993484521  5.144400E-17
7606.71870422603  7.148496E-17
7612.23805999996  5.565978E-17
7617.75741577389  3.667629E-17
7623.27677154782  6.191770E-17
7628.79612732175  5.753712E-17
7634.31548309568  5.772944E-17
7639.83483886961  3.666112E-17
7645.35419464354  3.902199E-17
7650.87355041747  5.747997E-17
7656.3929061914  6.159437E-17
7661.91226196533  4.815900E-17
7667.43161773926  4.528309E-17
7672.95097351319  4.154245E-17
7678.47032928712  4.986600E-17
7683.98968506105  5.555652E-17
7689.50904083498  4.764765E-17
7695.02839660891  5.098872E-17
7700.54775238284  5.579927E-17
7706.06710815677  5.340069E-17
7711.5864639307  3.998220E-17
7717.10581970463  4.165134E-17
7722.62517547856  6.410114E-17
7728.14453125249  6.476171E-17
7733.66388702642  6.230633E-17
7739.18324280035  5.429555E-17
7744.70259857428  6.146440E-17
7750.22195434821  6.611319E-17
7755.74131012214  5.896784E-17
7761.26066589607  6.174697E-17
7766.78002167  5.442932E-17
7772.29937744393  3.133175E-17
7777.81873321786  4.243189E-17
7783.33808899179  6.543231E-17
7788.85744476572  7.467922E-17
7794.37680053965  5.154815E-17
7799.89615631358  6.345304E-17
7805.41551208751  5.721832E-17
7810.93486786144  7.298324E-17
7816.45422363537  3.866515E-17
7821.9735794093  4.311596E-17
7827.49293518323  5.791214E-17
7833.01229095716  4.424115E-17
7838.53164673109  3.803095E-17
7844.05100250502  4.592437E-17
7849.57035827895  2.444759E-17
7855.08971405288  3.605979E-17
7860.60906982681  4.427978E-17
7866.12842560074  4.630296E-17
7871.64778137467  3.789183E-17
7877.1671371486  3.303170E-17
7882.68649292253  2.977242E-17
7888.20584869646  4.083644E-17
7893.72520447039  3.969865E-17
7899.24456024432  3.160902E-17
7904.76391601825  2.654454E-17
7910.28327179218  1.825484E-17
7915.80262756611  5.894511E-18
7921.32198334004  3.251220E-17
7926.84133911397  1.605758E-17
7932.3606948879  2.192704E-17
7937.88005066183  5.212734E-17
7943.39940643576  4.324248E-17
7948.91876220969  3.563569E-17
7954.43811798362  5.971404E-17
7959.95747375755  4.838282E-17
7965.47682953148  5.515317E-17
7970.99618530541  6.800775E-17
7976.51554107934  4.826127E-17
7982.03489685327  5.194036E-17
7987.5542526272  2.517528E-17
7993.07360840113  4.127721E-17
7998.59296417506  5.930508E-17
8004.11231994899  3.810747E-17
8009.63167572292  2.645659E-17
8015.15103149685  3.160379E-17
8020.67038727078  -6.030086E-18
8026.18974304471  6.451725E-18
8031.70909881864  2.085854E-17
8037.22845459257  2.501573E-17
8042.7478103665  2.349236E-17
8048.26716614043  4.149066E-17
8053.78652191436  3.706033E-17
8059.30587768829  2.196748E-17
8064.82523346222  1.678007E-17
8070.34458923615  1.253152E-17
8075.86394501008  2.928425E-17
8081.38330078401  3.908000E-17
8086.90265655794  3.299997E-17
8092.42201233187  3.518343E-17
8097.9413681058  3.295275E-17
8103.46072387973  3.451459E-17
8108.98007965366  4.792144E-17
8114.49943542759  4.584139E-17
8120.01879120152  5.534580E-17
8125.53814697545  3.627482E-17
8131.05750274938  2.982336E-17
8136.57685852331  4.546837E-17
8142.09621429724  5.157788E-17
8147.61557007117  4.408128E-17
8153.1349258451  4.392001E-17
8158.65428161903  4.516352E-17
8164.17363739296  2.527369E-17
8169.69299316689  2.089595E-17
8175.21234894082  3.488388E-17
8180.73170471475  3.694770E-17
8186.25106048868  5.153440E-17
8191.77041626261  4.079167E-17
8197.28977203654  3.727561E-17
8202.80912781047  4.150210E-17
8208.3284835844  3.473452E-17
8213.84783935833  5.375767E-17
8219.36719513226  3.889863E-17
8224.88655090619  4.453363E-17
8230.40590668012  4.084128E-17
8235.92526245405  3.253087E-17
8241.44461822798  3.522717E-17
8246.96397400191  2.983278E-17
8252.48332977584  5.100660E-17
8258.00268554977  3.670165E-17
8263.5220413237  3.558085E-17
8269.04139709763  3.968894E-17
8274.56075287156  1.577444E-17
8280.08010864549  3.803553E-17
8285.59946441942  7.495698E-17
8291.11882019335  6.533919E-17
8296.63817596728  4.875616E-17
8302.15753174121  5.581379E-17
8307.67688751514  4.174193E-17
8313.19624328907  4.970461E-17
8318.715599063  5.257067E-17
8324.23495483693  3.910533E-17
8329.75431061086  4.226692E-17
8335.27366638479  4.877255E-17
8340.79302215872  4.053717E-17
8346.31237793265  9.813189E-18
8351.83173370658  -2.140819E-17
8357.35108948051  1.353161E-17
8362.87044525444  2.014994E-17
8368.38980102837  3.299199E-17
8373.9091568023  4.268056E-17
8379.42851257623  3.310510E-17
8384.94786835016  3.496756E-17
8390.46722412409  3.008882E-17
8395.98657989802  1.027964E-17
8401.50593567195  5.481168E-17
8407.02529144588  4.719419E-17
8412.54464721981  2.873630E-17
8418.06400299374  3.067980E-18
8423.58335876767  -1.638347E-18
8429.1027145416  1.167413E-17
8434.62207031553  1.317350E-17
8440.14142608946  2.608411E-17
8445.66078186339  4.233532E-17
8451.18013763732  2.943063E-17
8456.69949341125  3.514445E-19
8462.21884918518  1.423554E-17
8467.73820495911  3.217499E-17
8473.25756073304  1.957341E-17
8478.77691650697  1.761324E-17
8484.2962722809  4.035152E-17
8489.81562805483  2.858457E-17
8495.33498382876  1.060262E-17
8500.85433960269  2.844656E-17
8506.37369537662  1.353976E-17
8511.89305115055  5.805969E-17
8517.41240692448  3.670096E-17
8522.93176269841  4.036303E-17
8528.45111847234  3.269066E-17
8533.97047424627  3.703506E-17
8539.4898300202  3.504564E-17
8545.00918579413  3.360333E-17
8550.52854156806  2.696852E-17
8556.04789734199  4.568764E-17
8561.56725311592  3.978297E-17
8567.08660888985  3.453305E-17
8572.60596466378  4.419757E-17
8578.12532043771  3.190787E-17
8583.64467621164  4.599349E-17
8589.16403198557  3.924145E-17
8594.6833877595  3.602741E-17
8600.20274353343  3.299382E-17
8605.72209930736  4.091215E-17
8611.24145508129  2.699810E-17
8616.76081085522  1.494295E-17
8622.28016662915  3.985558E-17
8627.79952240308  4.615899E-17
8633.31887817701  4.480085E-17
8638.83823395094  3.896364E-17
8644.35758972487  3.009211E-17
8649.8769454988  8.906244E-18
8655.39630127273  -1.975355E-17
8660.91565704666  3.661777E-18
8666.43501282059  2.731286E-17
8671.95436859452  2.772025E-17
8677.47372436845  2.913536E-17
8682.99308014238  4.568374E-17
8688.51243591631  3.064617E-17
8694.03179169024  3.326992E-17
8699.55114746417  6.782411E-17
8705.0705032381  5.378395E-17
8710.58985901203  4.837304E-17
8716.10921478596  3.823133E-17
8721.62857055989  5.148411E-17
8727.14792633382  1.762671E-17
8732.66728210775  2.339830E-17
8738.18663788168  2.010757E-17
8743.70599365561  4.246439E-17
8749.22534942954  5.911078E-17
8754.74470520347  5.181699E-17
8760.2640609774  4.031050E-17
8765.78341675133  2.185747E-18
8771.30277252526  -1.548136E-17
8776.82212829919  -2.631992E-17
8782.34148407312  8.156264E-19
8787.86083984705  4.888067E-17
8793.38019562098  5.477387E-17
8798.89955139491  3.969613E-17
8804.41890716884  3.077977E-17
8809.93826294277  6.095985E-17
8815.4576187167  7.440374E-17
8820.97697449063  1.335069E-16
8826.49633026456  1.459224E-16
8832.01568603849  8.569414E-17
8837.53504181242  9.336835E-17
8843.05439758635  3.611321E-17
8848.57375336028  3.226379E-17
8854.09310913421  7.256634E-17
8859.61246490814  7.803653E-17
8865.13182068207  3.725021E-17
8870.651176456  5.042455E-17
8876.17053222993  -2.470965E-19
8881.68988800386  -6.468325E-18
8887.20924377779  -3.210913E-17
8892.72859955172  4.163772E-17
8898.24795532565  2.978296E-17
8903.76731109958  5.615774E-17
8909.28666687351  3.867149E-17
8914.80602264744  -1.751817E-17
8920.32537842137  1.174392E-17
8925.8447341953  5.679159E-17
8931.36408996923  3.384755E-17
8936.88344574316  8.124312E-18
8942.40280151709  2.502307E-17
8947.92215729102  -1.785230E-17
8953.44151306495  -1.595249E-17
8958.96086883888  2.709003E-17
8964.48022461281  3.418466E-17
8969.99958038674  3.238507E-17
8975.51893616067  6.871655E-18
8981.0382919346  3.969660E-18
8986.55764770853  1.109758E-17
8992.07700348246  1.827217E-17
8997.59635925639  5.776596E-17
9003.11571503032  5.189148E-17
9008.63507080425  4.634156E-17
9014.15442657818  3.620263E-17
9019.67378235211  3.111761E-17
9025.19313812604  1.596817E-17
9030.71249389997  4.919864E-17
9036.2318496739  6.151748E-17
9041.75120544783  3.752134E-17
9047.27056122176  1.550342E-17
9052.78991699569  3.187113E-17
9058.30927276962  2.908454E-17
9063.82862854355  7.858801E-18
9069.34798431748  2.046486E-17
9074.86734009141  5.896448E-17
9080.38669586534  8.646947E-18
9085.90605163927  4.755452E-17
9091.4254074132  1.146550E-17
9096.94476318713  2.771348E-17
9102.46411896106  5.350571E-17
9107.98347473499  4.573644E-17
9113.50283050892  5.859923E-17
9119.02218628285  1.110323E-17
9124.54154205678  1.431206E-17
9130.06089783071  4.431882E-17
9135.58025360464  2.285436E-17
9141.09960937857  3.119901E-17
9146.6189651525  1.802367E-17
9152.13832092643  7.471001E-18
9157.65767670036  1.893237E-17
9163.17703247429  3.020688E-18
9168.69638824822  1.080381E-17
9174.21574402215  4.054364E-17
9179.73509979608  2.630340E-17
9185.25445557001  1.235548E-17
9190.77381134394  3.127108E-17
9196.29316711787  4.113613E-17
9201.8125228918  3.493738E-17
9207.33187866573  4.791560E-17
9212.85123443966  2.506847E-17
9218.37059021359  7.528062E-17
9223.88994598752  5.045878E-17
9229.40930176145  3.003040E-17
9234.92865753538  4.916072E-17
9240.44801330931  2.930744E-17
9245.96736908324  2.383250E-17
9251.48672485717  3.742439E-17
9257.0060806311  2.123426E-17
9262.52543640503  0.
