3666.57202148  4.525930E-17
3672.09030484716  6.523846E-17
3677.60858821432  4.715685E-17
3683.12687158148  4.208461E-19
3688.64515494864  3.407032E-17
3694.1634383158  5.233444E-17
3699.68172168296  2.414190E-17
3705.20000505012  4.632786E-17
3710.71828841728  5.390855E-17
3716.23657178444  6.217091E-17
3721.7548551516  6.487360E-17
3727.27313851876  1.812829E-17
3732.79142188592  7.679637E-17
3738.30970525308  5.228628E-17
3743.82798862024  6.806246E-17
3749.3462719874  3.931906E-17
3754.86455535456  3.695774E-17
3760.38283872172  3.493463E-17
3765.90112208888  2.488307E-17
3771.41940545604  4.451380E-17
3776.9376888232  4.467742E-17
3782.45597219036  7.481664E-17
3787.97425555752  3.619488E-17
3793.49253892468  5.647499E-17
3799.01082229184  5.210044E-17
3804.529105659  4.732679E-17
3810.04738902616  4.028208E-17
3815.56567239332  7.496269E-17
3821.08395576048  7.295266E-17
3826.60223912764  7.428108E-17
3832.1205224948  5.201711E-17
3837.63880586196  7.497269E-17
3843.15708922912  5.423649E-17
3848.67537259628  4.982715E-17
3854.19365596344  4.885273E-17
3859.7119393306  3.165940E-17
3865.23022269776  4.655979E-17
3870.74850606492  5.799853E-17
3876.26678943208  4.855353E-17
3881.78507279924  2.100016E-17
3887.3033561664  4.923036E-17
3892.82163953356  4.812748E-17
3898.33992290072  4.368722E-17
3903.85820626788  5.477097E-17
3909.37648963504  4.234009E-17
3914.8947730022  5.342343E-17
3920.41305636936  4.008122E-17
3925.93133973652  4.867040E-17
3931.44962310368  7.472892E-17
3936.96790647084  6.093488E-17
3942.486189838  6.084132E-17
3948.00447320516  3.503732E-17
3953.52275657232  2.975716E-17
3959.04103993948  6.419554E-17
3964.55932330664  4.235600E-17
3970.0776066738  5.758812E-17
3975.59589004096  5.836780E-17
3981.11417340812  4.882413E-17
3986.63245677528  4.127313E-17
3992.15074014244  3.664922E-17
3997.6690235096  5.441347E-17
4003.18730687676  5.398808E-17
4008.70559024392  4.543471E-17
4014.22387361108  5.737308E-17
4019.74215697824  5.705402E-17
4025.2604403454  5.400763E-17
4030.77872371256  3.609132E-17
4036.29700707972  4.210559E-17
4041.81529044688  6.408998E-17
4047.33357381404  6.496236E-17
4052.8518571812  5.493862E-17
4058.37014054836  5.321509E-17
4063.88842391552  4.225525E-17
4069.40670728268  4.028874E-17
4074.92499064984  5.338546E-17
4080.443274017  4.623152E-17
4085.96155738416  5.658911E-17
4091.47984075132  5.810539E-17
4096.99812411848  2.984104E-17
4102.51640748564  3.308040E-17
4108.0346908528  3.833716E-17
4113.55297421996  4.064536E-17
4119.07125758712  4.403628E-17
4124.58954095428  5.357689E-17
4130.10782432144  4.370389E-17
4135.6261076886  5.161206E-17
4141.14439105576  5.837956E-17
4146.66267442292  3.338394E-17
4152.18095779008  4.614473E-17
4157.69924115724  5.507437E-17
4163.2175245244  6.349796E-17
4168.73580789156  5.055469E-17
4174.25409125872  6.017822E-17
4179.77237462588  3.517208E-17
4185.29065799304  4.296150E-17
4190.8089413602  4.626708E-17
4196.32722472736  4.616683E-17
4201.84550809452  5.898690E-17
4207.36379146168  5.684680E-17
4212.88207482884  4.992183E-17
4218.400358196  5.849600E-17
4223.91864156316  5.263635E-17
4229.43692493032  6.483671E-17
4234.95520829748  5.100043E-17
4240.47349166464  3.533968E-17
4245.9917750318  4.946315E-17
4251.51005839896  4.399966E-17
4257.02834176612  6.503785E-17
4262.54662513328  8.905038E-17
4268.06490850044  7.173378E-17
4273.5831918676  6.779255E-17
4279.10147523476  9.183288E-17
4284.61975860192  6.368968E-17
4290.13804196908  5.546834E-17
4295.65632533624  5.668579E-17
4301.1746087034  6.687224E-17
4306.69289207056  7.012613E-17
4312.21117543772  5.951911E-17
4317.72945880488  6.800830E-17
4323.24774217204  5.926534E-17
4328.7660255392  4.738370E-17
4334.28430890636  6.118416E-17
4339.80259227352  4.284383E-17
4345.32087564068  6.852367E-17
4350.83915900784  7.194110E-17
4356.357442375  7.087248E-17
4361.87572574216  6.578757E-17
4367.39400910932  5.276365E-17
4372.91229247648  6.975130E-17
4378.43057584364  5.316374E-17
4383.9488592108  5.883634E-17
4389.46714257796  7.249607E-17
4394.98542594512  5.969698E-17
4400.50370931228  5.996312E-17
4406.02199267944  4.576789E-17
4411.5402760466  5.831678E-17
4417.05855941376  7.243756E-17
4422.57684278092  6.980138E-17
4428.09512614808  7.304303E-17
4433.61340951524  7.515275E-17
4439.1316928824  5.604259E-17
4444.64997624956  9.119296E-17
4450.16825961672  6.012258E-17
4455.68654298388  6.815829E-17
4461.20482635104  6.076243E-17
4466.7231097182  7.731918E-17
4472.24139308536  7.398077E-17
4477.75967645252  4.984522E-17
4483.27795981968  6.458590E-17
4488.79624318684  8.013742E-17
4494.31452655401  7.689810E-17
4499.83280992116  5.462511E-17
4505.35109328832  5.945722E-17
4510.86937665548  6.406213E-17
4516.38766002264  8.376042E-17
4521.9059433898  6.684652E-17
4527.42422675696  6.522299E-17
4532.94251012412  6.340998E-17
4538.46079349128  5.823599E-17
4543.97907685844  5.422463E-17
4549.4973602256  4.844135E-17
4555.01564359276  4.831107E-17
4560.53392695992  3.760767E-17
4566.05221032708  8.196958E-17
4571.57049369424  6.562759E-17
4577.0887770614  7.733521E-17
4582.60706042857  8.237773E-17
4588.12534379572  7.337023E-17
4593.64362716288  7.036340E-17
4599.16191053005  6.393108E-17
4604.6801938972  8.016910E-17
4610.19847726436  8.123467E-17
4615.71676063152  8.294992E-17
4621.23504399868  8.824428E-17
4626.75332736584  7.995146E-17
4632.271610733  6.958087E-17
4637.78989410016  9.112834E-17
4643.30817746732  8.304721E-17
4648.82646083448  9.146206E-17
4654.34474420164  7.303720E-17
4659.8630275688  8.082866E-17
4665.38131093596  5.703999E-17
4670.89959430312  8.604637E-17
4676.41787767028  8.623118E-17
4681.93616103744  8.137025E-17
4687.4544444046  6.706383E-17
4692.97272777176  8.428448E-17
4698.49101113892  7.011828E-17
4704.00929450608  5.643466E-17
4709.52757787324  6.865029E-17
4715.0458612404  5.570115E-17
4720.56414460756  7.307492E-17
4726.08242797472  7.502346E-17
4731.60071134188  7.734818E-17
4737.11899470904  5.803116E-17
4742.6372780762  6.717811E-17
4748.15556144336  7.351841E-17
4753.67384481053  6.076405E-17
4759.19212817768  7.901950E-17
4764.71041154484  7.084384E-17
4770.22869491201  7.918388E-17
4775.74697827916  8.023023E-17
4781.26526164632  6.662142E-17
4786.78354501349  8.968452E-17
4792.30182838064  6.711691E-17
4797.8201117478  6.382271E-17
4803.33839511497  7.765080E-17
4808.85667848212  6.755131E-17
4814.37496184928  6.608177E-17
4819.89324521644  6.834302E-17
4825.4115285836  6.738059E-17
4830.92981195076  8.723195E-17
4836.44809531793  6.572912E-17
4841.96637868508  7.485838E-17
4847.48466205224  6.429688E-17
4853.0029454194  9.003307E-17
4858.52122878656  7.333538E-17
4864.03951215372  6.069258E-17
4869.55779552089  6.274315E-17
4875.07607888804  8.758789E-17
4880.5943622552  7.446961E-17
4886.11264562236  7.280478E-17
4891.63092898952  7.026727E-17
4897.14921235668  7.810698E-17
4902.66749572385  6.476891E-17
4908.185779091  6.465293E-17
4913.70406245816  7.762190E-17
4919.22234582533  7.886872E-17
4924.74062919248  6.450090E-17
4930.25891255964  7.375945E-17
4935.77719592681  6.147133E-17
4941.29547929396  6.520258E-17
4946.81376266112  6.513509E-17
4952.33204602828  7.269781E-17
4957.85032939544  7.259822E-17
4963.3686127626  5.052003E-17
4968.88689612976  6.881889E-17
4974.40517949692  6.884381E-17
4979.92346286408  7.018383E-17
4985.44174623124  6.222145E-17
4990.9600295984  6.044425E-17
4996.47831296556  7.471739E-17
5001.99659633272  8.936944E-17
5007.51487969988  8.195423E-17
5013.03316306704  7.365836E-17
5018.5514464342  7.646166E-17
5024.06972980136  7.867446E-17
5029.58801316852  7.164924E-17
5035.10629653568  7.056989E-17
5040.62457990284  4.233380E-17
5046.14286327  5.317293E-17
5051.66114663716  5.591302E-17
5057.17943000432  7.233208E-17
5062.69771337148  8.421705E-17
5068.21599673864  7.774123E-17
5073.7342801058  6.959794E-17
5079.25256347296  7.305642E-17
5084.77084684012  6.662239E-17
5090.28913020728  6.326786E-17
5095.80741357444  8.381101E-17
5101.32569694161  7.342905E-17
5106.84398030876  6.559978E-17
5112.36226367593  5.614460E-17
5117.88054704308  6.137628E-17
5123.39883041024  6.760622E-17
5128.9171137774  8.706710E-17
5134.43539714456  8.095273E-17
5139.95368051172  8.145623E-17
5145.47196387889  6.876924E-17
5150.99024724604  7.589307E-17
5156.5085306132  7.748038E-17
5162.02681398037  7.299276E-17
5167.54509734752  7.830193E-17
5173.06338071468  6.944898E-17
5178.58166408185  7.426391E-17
5184.099947449  7.669867E-17
5189.61823081617  6.121945E-17
5195.13651418333  8.457931E-17
5200.65479755049  6.130502E-17
5206.17308091765  6.432701E-17
5211.69136428481  8.221842E-17
5217.20964765196  8.199176E-17
5222.72793101913  8.308590E-17
5228.24621438628  7.683077E-17
5233.76449775344  8.064417E-17
5239.28278112061  7.077338E-17
5244.80106448777  7.781847E-17
5250.31934785492  6.356270E-17
5255.83763122209  6.171698E-17
5261.35591458925  7.527555E-17
5266.8741979564  7.874161E-17
5272.39248132357  9.222090E-17
5277.91076469073  7.384820E-17
5283.42904805789  8.139436E-17
5288.94733142505  6.893404E-17
5294.4656147922  9.008068E-17
5299.98389815936  7.481998E-17
5305.50218152653  6.936238E-17
5311.02046489369  6.950502E-17
5316.53874826085  7.155877E-17
5322.05703162801  6.596478E-17
5327.57531499517  7.222749E-17
5333.09359836233  6.567718E-17
5338.61188172949  6.287909E-17
5344.13016509665  8.183893E-17
5349.64844846381  7.801835E-17
5355.16673183097  8.169602E-17
5360.68501519813  7.492733E-17
5366.20329856529  7.962365E-17
5371.72158193245  9.141130E-17
5377.23986529961  7.897294E-17
5382.75814866677  7.953857E-17
5388.27643203393  8.690384E-17
5393.79471540108  6.915377E-17
5399.31299876825  6.681178E-17
5404.83128213541  8.005426E-17
5410.34956550256  9.018313E-17
5415.86784886972  7.920056E-17
5421.38613223689  7.790453E-17
5426.90441560404  5.772786E-17
5432.4226989712  6.824756E-17
5437.94098233837  8.173020E-17
5443.45926570553  7.843493E-17
5448.97754907268  6.537573E-17
5454.49583243985  7.148857E-17
5460.01411580701  9.903423E-17
5465.53239917416  6.863728E-17
5471.05068254133  8.084526E-17
5476.56896590848  7.153032E-17
5482.08724927564  7.009461E-17
5487.60553264281  8.346305E-17
5493.12381600996  7.283496E-17
5498.64209937712  6.674871E-17
5504.16038274429  7.190925E-17
5509.67866611145  6.929417E-17
5515.1969494786  7.310211E-17
5520.71523284577  6.690075E-17
5526.23351621292  6.310571E-17
5531.75179958009  6.580060E-17
5537.27008294725  6.212594E-17
5542.78836631441  7.311068E-17
5548.30664968157  6.341479E-17
5553.82493304873  5.738662E-17
5559.34321641588  6.153913E-17
5564.86149978304  1.020640E-16
5570.37978315021  4.839450E-17
5575.89806651736  6.380728E-17
5581.41634988453  8.465425E-17
5586.93463325169  6.089541E-17
5592.45291661884  7.691384E-17
5597.971199986  6.639470E-17
5603.48948335317  7.917617E-17
5609.00776672033  8.160806E-17
5614.52605008749  7.366059E-17
5620.04433345465  6.607899E-17
5625.56261682181  6.530574E-17
5631.08090018897  5.947882E-17
5636.59918355613  6.997148E-17
5642.11746692329  7.835997E-17
5647.63575029044  8.494122E-17
5653.15403365761  7.895293E-17
5658.67231702477  7.683593E-17
5664.19060039192  7.845623E-17
5669.70888375909  8.438734E-17
5675.22716712625  6.705207E-17
5680.74545049341  7.505924E-17
5686.26373386057  6.842511E-17
5691.78201722773  8.636657E-17
5697.30030059489  7.480011E-17
5702.81858396205  7.447404E-17
5708.33686732921  7.522926E-17
5713.85515069637  9.005495E-17
5719.37343406353  6.930727E-17
5724.89171743069  7.190000E-17
5730.41000079784  6.311927E-17
5735.92828416501  7.006464E-17
5741.44656753216  7.983882E-17
5746.96485089932  6.533980E-17
5752.48313426649  6.339257E-17
5758.00141763365  7.245630E-17
5763.5197010008  7.376341E-17
5769.03798436797  6.293267E-17
5774.55626773513  8.037439E-17
5780.07455110229  7.111550E-17
5785.59283446945  6.648775E-17
5791.11111783661  7.684036E-17
5796.62940120377  7.872685E-17
5802.14768457093  5.918712E-17
5807.66596793809  7.184531E-17
5813.18425130525  8.001748E-17
5818.70253467241  7.642439E-17
5824.22081803957  8.115545E-17
5829.73910140673  8.807432E-17
5835.25738477388  6.780104E-17
5840.77566814105  8.355483E-17
5846.29395150821  4.729712E-17
5851.81223487537  5.948399E-17
5857.33051824253  7.775228E-17
5862.84880160969  5.868377E-17
5868.36708497685  6.674967E-17
5873.88536834401  6.358394E-17
5879.40365171117  6.312743E-17
5884.92193507833  6.444016E-17
5890.44021844549  7.561609E-17
5895.95850181265  7.684196E-17
5901.4767851798  6.654278E-17
5906.99506854696  7.274605E-17
5912.51335191413  6.719864E-17
5918.03163528129  5.491422E-17
5923.54991864845  5.542296E-17
5929.06820201561  4.818130E-17
5934.58648538276  5.138905E-17
5940.10476874993  7.550209E-17
5945.62305211709  6.752310E-17
5951.14133548425  6.307985E-17
5956.65961885141  5.926455E-17
5962.17790221857  7.827435E-17
5967.69618558573  9.760519E-17
5973.21446895289  6.852444E-17
5978.73275232005  8.694593E-17
5984.25103568721  7.638947E-17
5989.76931905437  8.504295E-17
5995.28760242153  8.119761E-17
6000.80588578869  7.508429E-17
6006.32416915584  8.299370E-17
6011.84245252301  7.490772E-17
6017.36073589017  5.996141E-17
6022.87901925733  8.757777E-17
6028.39730262449  7.603657E-17
6033.91558599165  6.246046E-17
6039.43386935881  7.800986E-17
6044.95215272597  6.183034E-17
6050.47043609313  6.653221E-17
6055.98871946029  7.166444E-17
6061.50700282745  6.695639E-17
6067.02528619461  7.654195E-17
6072.54356956176  6.679865E-17
6078.06185292893  7.659435E-17
6083.58013629609  1.002791E-16
6089.09841966325  8.027078E-17
6094.61670303041  5.671312E-17
6100.13498639757  7.715616E-17
6105.65326976473  5.129975E-17
6111.17155313189  7.628268E-17
6116.68983649905  6.925304E-17
6122.20811986621  7.901434E-17
6127.72640323337  6.971361E-17
6133.24468660053  6.852199E-17
6138.76296996769  7.867010E-17
6144.28125333485  8.617651E-17
6149.79953670201  5.670878E-17
6155.31782006917  5.194094E-17
6160.83610343633  6.893194E-17
6166.35438680348  6.848819E-17
6171.87267017065  6.837783E-17
6177.39095353781  6.016598E-17
6182.90923690496  6.609215E-17
6188.42752027213  6.442324E-17
6193.94580363929  4.822689E-17
6199.46408700645  7.302955E-17
6204.98237037361  6.228511E-17
6210.50065374077  6.204571E-17
6216.01893710793  8.035810E-17
6221.53722047509  6.294891E-17
6227.05550384225  6.270971E-17
6232.57378720941  7.588892E-17
6238.09207057657  6.432425E-17
6243.61035394373  6.278997E-17
6249.12863731089  5.910169E-17
6254.64692067805  7.171502E-17
6260.16520404521  7.386176E-17
6265.68348741237  6.496908E-17
6271.20177077953  6.588358E-17
6276.72005414669  6.417924E-17
6282.23833751385  7.440897E-17
6287.75662088101  6.025872E-17
6293.27490424817  6.607588E-17
6298.79318761533  6.256267E-17
6304.31147098249  4.524640E-17
6309.82975434965  7.066296E-17
6315.34803771681  6.514785E-17
6320.86632108397  7.097739E-17
6326.38460445113  7.397472E-17
6331.90288781829  7.795628E-17
6337.42117118545  7.020166E-17
6342.93945455261  5.043948E-17
6348.45773791977  7.447777E-17
6353.97602128693  6.183693E-17
6359.49430465409  7.629162E-17
6365.01258802125  7.681745E-17
6370.53087138841  6.634417E-17
6376.04915475557  6.851868E-17
6381.56743812273  7.569816E-17
6387.08572148989  6.461604E-17
6392.60400485705  7.231851E-17
6398.12228822421  6.105249E-17
6403.64057159137  5.549259E-17
6409.15885495853  6.732632E-17
6414.67713832568  6.316980E-17
6420.19542169285  7.313494E-17
6425.71370506001  7.212998E-17
6431.23198842717  7.372323E-17
6436.75027179433  7.692775E-17
6442.26855516149  6.993132E-17
6447.78683852865  7.215749E-17
6453.30512189581  6.163175E-17
6458.82340526297  5.899015E-17
6464.34168863013  5.169812E-17
6469.85997199729  5.791873E-17
6475.37825536445  6.805243E-17
6480.89653873161  7.243157E-17
6486.41482209877  6.123777E-17
6491.93310546593  6.958863E-17
6497.45138883309  6.467521E-17
6502.96967220025  5.354470E-17
6508.48795556741  7.138270E-17
6514.00623893457  7.313142E-17
6519.52452230173  7.269864E-17
6525.04280566889  6.741421E-17
6530.56108903605  6.453437E-17
6536.07937240321  6.242542E-17
6541.59765577037  6.511960E-17
6547.11593913753  6.249920E-17
6552.63422250469  6.778546E-17
6558.15250587185  6.500450E-17
6563.67078923901  6.294342E-17
6569.18907260617  5.994785E-17
6574.70735597333  6.673452E-17
6580.22563934049  6.962308E-17
6585.74392270765  6.189269E-17
6591.26220607481  7.047645E-17
6596.78048944197  5.940341E-17
6602.29877280913  7.028924E-17
6607.81705617629  7.362928E-17
6613.33533954345  5.922981E-17
6618.85362291061  5.857386E-17
6624.37190627777  7.331007E-17
6629.89018964493  6.350076E-17
6635.40847301209  6.517531E-17
6640.92675637925  6.910588E-17
6646.44503974641  6.271983E-17
6651.96332311357  7.210350E-17
6657.48160648073  6.907122E-17
6662.99988984789  5.816027E-17
6668.51817321505  5.866804E-17
6674.03645658221  7.243539E-17
6679.55473994937  6.772348E-17
6685.07302331653  6.810369E-17
6690.59130668369  7.507712E-17
6696.10959005085  5.826537E-17
6701.62787341801  5.208659E-17
6707.14615678517  6.799446E-17
6712.66444015233  7.846474E-17
6718.18272351949  8.167927E-17
6723.70100688665  6.164294E-17
6729.21929025381  5.446314E-17
6734.73757362097  6.521662E-17
6740.25585698813  7.550474E-17
6745.77414035529  5.971980E-17
6751.29242372245  6.152560E-17
6756.8107070896  7.817297E-17
6762.32899045677  7.222200E-17
6767.84727382393  6.304395E-17
6773.36555719109  6.996664E-17
6778.88384055825  5.859213E-17
6784.40212392541  5.854082E-17
6789.92040729257  6.261483E-17
6795.43869065973  4.011307E-17
6800.95697402689  4.595852E-17
6806.47525739405  5.472864E-17
6811.99354076121  8.121390E-17
6817.51182412837  8.469206E-17
6823.03010749553  6.955689E-17
6828.54839086269  7.457316E-17
6834.06667422985  7.465454E-17
6839.58495759701  6.258701E-17
6845.10324096417  6.647530E-17
6850.62152433133  6.510557E-17
6856.13980769849  6.078818E-17
6861.65809106565  6.379391E-17
6867.17637443281  5.209618E-17
6872.69465779997  4.336737E-17
6878.21294116713  5.931825E-17
6883.73122453429  6.701797E-17
6889.24950790145  6.290537E-17
6894.76779126861  5.425042E-17
6900.28607463577  4.743282E-17
6905.80435800293  6.410026E-17
6911.32264137009  6.486318E-17
6916.84092473725  5.399936E-17
6922.35920810441  5.790205E-17
6927.87749147157  7.050306E-17
6933.39577483873  5.674926E-17
6938.91405820589  6.024914E-17
6944.43234157305  7.753791E-17
6949.95062494021  7.506837E-17
6955.46890830737  5.669436E-17
6960.98719167453  5.591108E-17
6966.50547504169  6.336642E-17
6972.02375840885  6.612907E-17
6977.54204177601  5.244807E-17
6983.06032514317  6.162275E-17
6988.57860851033  5.581383E-17
6994.09689187749  7.832530E-17
6999.61517524465  6.227930E-17
7005.13345861181  5.838459E-17
7010.65174197897  6.597348E-17
7016.17002534613  5.306191E-17
7021.68830871329  6.835519E-17
7027.20659208045  6.347108E-17
7032.72487544761  4.266027E-17
7038.24315881477  5.648083E-17
7043.76144218193  7.423736E-17
7049.27972554909  7.138999E-17
7054.79800891625  5.692054E-17
7060.31629228341  7.004953E-17
7065.83457565057  6.086883E-17
7071.35285901773  7.119971E-17
7076.87114238489  6.769104E-17
7082.38942575205  6.586457E-17
7087.90770911921  4.087573E-17
7093.42599248637  5.788133E-17
7098.94427585353  6.577098E-17
7104.46255922069  6.297713E-17
7109.98084258785  6.453792E-17
7115.49912595501  4.752407E-17
7121.01740932217  7.649797E-17
7126.53569268933  6.286896E-17
7132.05397605649  5.930152E-17
7137.57225942365  4.613576E-17
7143.09054279081  4.884798E-17
7148.60882615797  6.516976E-17
7154.12710952513  5.069102E-17
7159.64539289229  2.692025E-17
7165.16367625945  4.662375E-17
7170.68195962661  6.420452E-17
7176.20024299377  5.224136E-17
7181.71852636093  4.520545E-17
7187.23680972809  4.912586E-17
7192.75509309525  6.168587E-17
7198.27337646241  6.624224E-17
7203.79165982957  8.619492E-17
7209.30994319673  7.057516E-17
7214.82822656389  5.647789E-17
7220.34650993105  5.127933E-17
7225.86479329821  4.581157E-17
7231.38307666537  6.156486E-17
7236.90136003253  6.978135E-17
7242.41964339969  3.706020E-17
7247.93792676685  7.075578E-17
7253.45621013401  5.838052E-17
7258.97449350117  6.689191E-17
7264.49277686833  8.081851E-17
7270.01106023549  1.121926E-16
7275.52934360265  5.267072E-17
7281.04762696981  5.296583E-17
7286.56591033697  7.790078E-17
7292.08419370413  5.385277E-17
7297.60247707129  4.799747E-17
7303.12076043845  3.158791E-17
7308.63904380561  4.436574E-17
7314.15732717277  5.987527E-17
7319.67561053993  5.631586E-17
7325.19389390709  6.555696E-17
7330.71217727425  5.774296E-17
7336.23046064141  4.520664E-17
7341.74874400857  5.608570E-17
7347.26702737573  5.461967E-17
7352.78531074289  4.476163E-17
7358.30359411005  6.230814E-17
7363.82187747721  6.892203E-17
7369.34016084437  7.328205E-17
7374.85844421153  6.785487E-17
7380.37672757869  5.776288E-17
7385.89501094585  6.566247E-17
7391.41329431301  7.141775E-17
7396.93157768017  7.581516E-17
7402.44986104733  8.290351E-17
7407.96814441449  4.243040E-17
7413.48642778165  5.271368E-17
7419.00471114881  3.995031E-17
7424.52299451597  5.989229E-17
7430.04127788313  6.090043E-17
7435.55956125029  6.922476E-17
7441.07784461745  6.508998E-17
7446.59612798461  5.989003E-17
7452.11441135177  4.980370E-17
7457.63269471893  5.266723E-17
7463.15097808609  6.373643E-17
7468.66926145325  3.912165E-17
7474.18754482041  5.397919E-17
7479.70582818757  6.148983E-17
7485.22411155473  5.828618E-17
7490.74239492189  4.232165E-17
7496.26067828905  5.696501E-17
7501.77896165621  6.332108E-17
7507.29724502337  8.692923E-17
7512.81552839053  9.130443E-17
7518.33381175769  6.899420E-17
7523.85209512485  7.082882E-17
7529.37037849201  6.530017E-17
7534.88866185917  7.788141E-17
7540.40694522633  7.831342E-17
7545.92522859349  5.841765E-17
7551.44351196065  5.690734E-17
7556.96179532781  5.440756E-17
7562.48007869497  7.193410E-17
7567.99836206213  7.475305E-17
7573.51664542929  5.456363E-17
7579.03492879645  5.615310E-17
7584.55321216361  5.713203E-17
7590.07149553077  5.584501E-17
7595.58977889793  5.465382E-17
7601.10806226509  5.076474E-17
7606.62634563225  3.069262E-17
7612.14462899941  3.927615E-17
7617.66291236657  6.806575E-17
7623.18119573373  5.558834E-17
7628.69947910089  6.186770E-17
7634.21776246805  5.178358E-17
7639.73604583521  3.192942E-17
7645.25432920237  6.232513E-17
7650.77261256953  6.013339E-17
7656.29089593669  7.650245E-17
7661.80917930385  8.441100E-17
7667.32746267101  6.445259E-17
7672.84574603817  6.741247E-17
7678.36402940533  5.955996E-17
7683.88231277249  5.904599E-17
7689.40059613965  7.787218E-17
7694.91887950681  6.441114E-17
7700.43716287397  5.965065E-17
7705.95544624113  5.617906E-17
7711.47372960829  5.544018E-17
7716.99201297545  4.326576E-17
7722.51029634261  3.734179E-17
7728.02857970977  3.592900E-17
7733.54686307693  6.729090E-17
7739.06514644409  3.917072E-17
7744.58342981125  4.259562E-17
7750.10171317841  7.055704E-17
7755.61999654557  4.204566E-17
7761.13827991273  2.515365E-17
7766.65656327989  5.280573E-17
7772.17484664705  6.034855E-17
7777.69313001421  4.468081E-17
7783.21141338137  6.713299E-17
7788.72969674853  6.598049E-17
7794.24798011569  8.636805E-17
7799.76626348285  6.893358E-17
7805.28454685001  6.849818E-17
7810.80283021717  1.045605E-16
7816.32111358433  4.511002E-17
7821.83939695149  3.541149E-17
7827.35768031865  3.363876E-17
7832.87596368581  2.328434E-17
7838.39424705297  3.924413E-17
7843.91253042013  9.658763E-18
7849.43081378729  -8.893392E-19
7854.94909715445  6.372188E-17
7860.46738052161  8.485452E-17
7865.98566388877  6.704967E-17
7871.50394725593  5.700094E-17
7877.02223062309  4.763130E-17
7882.54051399025  6.461278E-17
7888.05879735741  5.275574E-17
7893.57708072457  2.444249E-17
7899.09536409173  9.186360E-18
7904.61364745889  -1.874016E-17
7910.13193082605  -1.673172E-17
7915.65021419321  -2.824756E-17
7921.16849756037  -3.901234E-17
7926.68678092753  5.171616E-18
7932.20506429469  3.806944E-17
7937.72334766185  1.587678E-17
7943.24163102901  4.283611E-17
7948.75991439617  5.748748E-17
7954.27819776333  6.579412E-17
7959.79648113049  7.162707E-17
7965.31476449765  8.254586E-17
7970.83304786481  9.123258E-17
7976.35133123197  8.179421E-17
7981.86961459913  7.944018E-17
7987.38789796629  2.514900E-17
7992.90618133345  1.670248E-17
7998.42446470061  4.869113E-17
8003.94274806777  3.934099E-17
8009.46103143493  1.529285E-17
8014.97931480209  -1.318099E-18
8020.49759816925  -1.240482E-17
8026.01588153641  1.443201E-17
8031.53416490357  2.648867E-17
8037.05244827073  2.703199E-17
8042.57073163789  3.410096E-17
8048.08901500505  2.696035E-17
8053.60729837221  2.486157E-17
8059.12558173937  4.563080E-17
8064.64386510653  4.873017E-17
8070.16214847369  3.045270E-17
8075.68043184085  4.138724E-17
8081.19871520801  3.466304E-17
8086.71699857517  3.941551E-17
8092.23528194233  2.977853E-17
8097.75356530949  2.533171E-17
8103.27184867665  4.653708E-17
8108.79013204381  4.464560E-17
8114.30841541097  6.589536E-17
8119.82669877813  5.082089E-17
8125.34498214529  3.674168E-17
8130.86326551245  3.632457E-17
8136.38154887961  3.526049E-17
8141.89983224677  4.674970E-17
8147.41811561393  2.212875E-17
8152.93639898109  4.491955E-17
8158.45468234825  6.954990E-17
8163.97296571541  4.769572E-17
8169.49124908257  5.260773E-17
8175.00953244973  3.498145E-17
8180.52781581689  2.023347E-17
8186.04609918405  2.645099E-17
8191.56438255121  4.014410E-17
8197.08266591837  6.153015E-17
8202.60094928553  4.458145E-17
8208.11923265269  2.218064E-17
8213.63751601985  2.257194E-17
8219.15579938701  6.156836E-17
8224.67408275417  4.983438E-17
8230.19236612133  5.394327E-17
8235.71064948849  4.895900E-17
8241.22893285565  3.520406E-17
8246.74721622281  4.181013E-17
8252.26549958997  5.567252E-17
8257.78378295713  6.308562E-17
8263.30206632429  5.191831E-17
8268.82034969145  2.389817E-18
8274.33863305861  3.518585E-17
8279.85691642577  1.915945E-17
8285.37519979293  1.252164E-16
8290.89348316009  1.786726E-16
8296.41176652725  9.319414E-17
8301.93004989441  8.337589E-17
8307.44833326157  7.770769E-17
8312.96661662873  5.899082E-17
8318.48489999589  4.275249E-17
8324.00318336305  2.454021E-17
8329.52146673021  3.992429E-17
8335.03975009737  -3.005922E-19
8340.55803346453  -7.721889E-17
8346.07631683169  -9.634330E-17
8351.59460019885  -1.347799E-16
8357.11288356601  -4.251724E-17
8362.63116693317  -3.069723E-17
8368.14945030033  1.758809E-17
8373.66773366749  2.644887E-17
8379.18601703465  -6.865273E-18
8384.70430040181  2.492277E-17
8390.22258376897  4.208952E-17
8395.74086713613  7.601847E-17
8401.25915050329  1.273497E-16
8406.77743387045  1.015624E-16
8412.29571723761  1.097330E-16
8417.81400060477  -5.060285E-17
8423.33228397193  -8.082869E-17
8428.85056733909  -2.675162E-17
8434.36885070625  2.069776E-17
8439.88713407341  4.206981E-17
8445.40541744057  1.492121E-17
8450.92370080773  -3.823100E-17
8456.44198417489  -9.645481E-17
8461.96026754205  -8.171069E-17
8467.47855090921  -2.161044E-17
8472.99683427637  -3.022446E-17
8478.51511764353  -4.008878E-17
8484.03340101069  1.796934E-17
8489.55168437785  -1.360820E-17
8495.06996774501  -4.384075E-17
8500.58825111217  -2.496604E-18
8506.10653447933  -2.275471E-17
8511.62481784649  1.279694E-17
8517.14310121365  4.497451E-17
8522.66138458081  4.415237E-17
8528.17966794797  4.269349E-17
8533.69795131513  1.382832E-17
8539.21623468229  -8.673406E-18
8544.73451804945  2.828568E-17
8550.25280141661  5.671824E-17
8555.77108478377  5.130757E-17
8561.28936815093  4.373265E-17
8566.80765151809  5.820314E-17
8572.32593488525  3.583272E-17
8577.84421825241  5.166302E-17
8583.36250161957  4.621249E-17
8588.88078498673  5.245773E-17
8594.39906835389  9.062263E-17
8599.91735172105  9.455977E-17
8605.43563508821  4.749745E-17
8610.95391845537  3.157184E-17
8616.47220182253  4.966749E-17
8621.99048518969  1.030828E-16
8627.50876855685  1.180615E-16
8633.02705192401  1.035827E-16
8638.54533529117  6.394076E-17
8644.06361865833  -1.729341E-18
8649.58190202549  -6.236738E-18
8655.10018539265  3.625631E-17
8660.61846875981  4.046131E-17
8666.13675212697  9.989051E-17
8671.65503549413  8.847476E-17
8677.17331886129  1.652989E-17
8682.69160222845  5.715737E-17
8688.20988559561  4.942929E-17
8693.72816896277  3.897615E-17
8699.24645232993  4.304028E-17
8704.76473569709  6.155124E-17
8710.28301906425  5.501147E-17
8715.80130243141  5.255571E-17
8721.31958579857  4.868925E-17
8726.83786916573  2.459369E-17
8732.35615253289  6.437571E-17
8737.87443590005  5.113599E-17
8743.39271926721  8.057953E-17
8748.91100263437  7.681240E-17
8754.42928600153  -6.405160E-17
8759.94756936869  -1.834022E-16
8765.46585273585  -1.994244E-16
8770.98413610301  -9.256356E-17
8776.50241947017  3.032454E-17
8782.02070283733  9.370177E-17
8787.53898620449  9.206635E-17
8793.05726957165  6.242608E-17
8798.57555293881  5.766500E-17
8804.09383630597  4.507307E-17
8809.61211967313  1.397529E-16
8815.13040304029  3.355734E-16
8820.64868640745  3.342481E-16
8826.16696977461  2.256363E-16
8831.68525314177  1.083576E-16
8837.20353650893  9.753477E-17
8842.72181987609  7.794803E-17
8848.24010324325  3.084574E-17
8853.75838661041  9.968547E-17
8859.27666997757  1.101514E-16
8864.79495334473  5.783679E-17
8870.31323671189  -4.338516E-17
8875.83152007905  -7.531681E-17
8881.34980344621  -3.924769E-17
8886.86808681337  5.794147E-17
8892.38637018053  1.698259E-16
8897.90465354769  6.867639E-17
8903.42293691485  -4.783390E-17
8908.94122028201  -1.594375E-16
8914.45950364917  -1.097767E-16
8919.97778701633  6.840335E-18
8925.49607038349  9.351020E-17
8931.01435375065  5.908605E-17
8936.53263711781  2.861310E-17
8942.05092048497  -5.218229E-17
8947.56920385213  -8.120723E-17
8953.08748721929  -8.363345E-17
8958.60577058645  -3.032695E-17
8964.12405395361  4.789140E-17
8969.64233732077  5.633301E-17
8975.16062068793  6.091416E-17
8980.67890405509  -9.488333E-18
8986.19718742225  2.920203E-17
8991.71547078941  1.247619E-16
8997.23375415657  1.444489E-16
9002.75203752373  1.281871E-16
9008.27032089089  1.039297E-16
9013.78860425805  8.734195E-17
9019.30688762521  2.502109E-17
9024.82517099237  4.048287E-17
9030.34345435953  1.041625E-16
9035.86173772669  7.576047E-17
9041.38002109385  1.209510E-17
9046.89830446101  4.614277E-17
9052.41658782817  4.836832E-18
9057.93487119533  2.171900E-17
9063.45315456249  3.397305E-17
9068.97143792965  5.205019E-17
9074.48972129681  4.305292E-17
9080.00800466397  2.872849E-17
9085.52628803113  3.528934E-17
9091.04457139829  3.705357E-17
9096.56285476545  7.874610E-17
9102.08113813261  6.232194E-17
9107.59942149977  2.191708E-17
9113.11770486693  3.571118E-17
9118.63598823409  7.863586E-18
9124.15427160125  5.579134E-17
9129.67255496841  4.339256E-18
9135.19083833557  4.947417E-17
9140.70912170273  1.355151E-17
9146.22740506989  7.878745E-17
9151.74568843705  4.309887E-17
9157.26397180421  2.487544E-17
9162.78225517137  4.723295E-17
9168.30053853853  2.557646E-17
9173.81882190569  6.184079E-17
9179.33710527285  9.073816E-17
9184.85538864001  9.652974E-17
9190.37367200717  1.322090E-16
9195.89195537433  1.025962E-16
9201.41023874149  8.793666E-17
9206.92852210865  1.459052E-16
9212.44680547581  7.917980E-17
9217.96508884297  8.554027E-17
9223.48337221013  4.523544E-17
9229.00165557729  6.279689E-17
9234.51993894445  6.475121E-17
9240.03822231161  5.378920E-17
9245.55650567877  1.978361E-17
9251.07478904593  5.842046E-17
9256.59307241309  1.117176E-17
9262.11135578025  2.614301E-17
