3665.93212891  2.634788E-17
3671.45148802179  4.429425E-17
3676.97084713358  4.517662E-17
3682.49020624537  5.347172E-17
3688.00956535716  4.672097E-17
3693.52892446895  4.926228E-17
3699.04828358074  3.573665E-17
3704.56764269253  5.416100E-17
3710.08700180432  3.166580E-17
3715.60636091611  3.814081E-17
3721.1257200279  3.910632E-17
3726.64507913969  3.979154E-17
3732.16443825148  4.469425E-17
3737.68379736327  4.844795E-17
3743.20315647506  3.508700E-17
3748.72251558685  3.750084E-17
3754.24187469864  4.591153E-17
3759.76123381043  4.399592E-17
3765.28059292222  4.991538E-17
3770.79995203401  4.703042E-17
3776.3193111458  2.978552E-17
3781.83867025759  3.399881E-17
3787.35802936938  3.988340E-17
3792.87738848117  5.022742E-17
3798.39674759296  4.684147E-17
3803.91610670475  3.272997E-17
3809.43546581654  4.687904E-17
3814.95482492833  3.726151E-17
3820.47418404012  3.855199E-17
3825.99354315191  3.152714E-17
3831.5129022637  3.812663E-17
3837.03226137549  4.725532E-17
3842.55162048728  4.087501E-17
3848.07097959907  4.089998E-17
3853.59033871086  3.615596E-17
3859.10969782265  5.193812E-17
3864.62905693444  4.838044E-17
3870.14841604623  4.988984E-17
3875.66777515802  4.455307E-17
3881.18713426981  3.544075E-17
3886.7064933816  4.470726E-17
3892.22585249339  3.742946E-17
3897.74521160518  4.275597E-17
3903.26457071697  5.272769E-17
3908.78392982876  4.829205E-17
3914.30328894055  4.542192E-17
3919.82264805234  3.921606E-17
3925.34200716413  3.894289E-17
3930.86136627592  2.806068E-17
3936.38072538771  2.933914E-17
3941.9000844995  3.352581E-17
3947.41944361129  3.612283E-17
3952.93880272308  4.554929E-17
3958.45816183487  3.979889E-17
3963.97752094666  4.295552E-17
3969.49688005845  5.082002E-17
3975.01623917024  3.913013E-17
3980.53559828203  3.706502E-17
3986.05495739382  4.110236E-17
3991.57431650561  4.277366E-17
3997.0936756174  4.491341E-17
4002.61303472919  4.523513E-17
4008.13239384098  3.391370E-17
4013.65175295277  4.458767E-17
4019.17111206456  4.763353E-17
4024.69047117635  4.208829E-17
4030.20983028814  4.691885E-17
4035.72918939993  3.450185E-17
4041.24854851172  2.896391E-17
4046.76790762351  3.438769E-17
4052.2872667353  3.428020E-17
4057.80662584709  3.526275E-17
4063.32598495888  4.373750E-17
4068.84534407067  4.035435E-17
4074.36470318246  3.708276E-17
4079.88406229425  4.315048E-17
4085.40342140604  1.434538E-17
4090.92278051783  3.921248E-17
4096.44213962962  3.063872E-17
4101.96149874141  4.206435E-17
4107.4808578532  4.343987E-17
4113.00021696499  3.507934E-17
4118.51957607678  3.295790E-17
4124.03893518857  2.553341E-17
4129.55829430036  3.727072E-17
4135.07765341215  3.543066E-17
4140.59701252394  4.184310E-17
4146.11637163573  4.145645E-17
4151.63573074752  5.073214E-17
4157.15508985931  3.627634E-17
4162.6744489711  2.694460E-17
4168.19380808289  3.253637E-17
4173.71316719468  4.375546E-17
4179.23252630647  2.266947E-17
4184.75188541826  3.685229E-17
4190.27124453005  2.960410E-17
4195.79060364184  3.905546E-17
4201.30996275363  4.005900E-17
4206.82932186542  3.158414E-17
4212.34868097721  4.393567E-17
4217.868040089  4.176228E-17
4223.38739920079  4.048704E-17
4228.90675831258  4.447992E-17
4234.42611742437  4.051062E-17
4239.94547653616  4.447347E-17
4245.46483564795  4.627557E-17
4250.98419475974  3.650238E-17
4256.50355387153  3.225871E-17
4262.02291298332  3.777875E-17
4267.54227209511  3.065729E-17
4273.0616312069  3.982374E-17
4278.58099031869  2.615996E-17
4284.10034943048  3.428243E-17
4289.61970854227  3.491179E-17
4295.13906765406  4.386066E-17
4300.65842676585  3.941812E-17
4306.17778587764  3.706588E-17
4311.69714498943  2.503030E-17
4317.21650410122  4.116295E-17
4322.73586321301  3.286999E-17
4328.2552223248  4.055767E-17
4333.77458143659  2.991801E-17
4339.29394054838  2.954550E-17
4344.81329966017  3.729266E-17
4350.33265877196  3.585072E-17
4355.85201788375  3.506539E-17
4361.37137699554  3.864970E-17
4366.89073610734  3.729941E-17
4372.41009521912  3.804713E-17
4377.92945433091  3.983475E-17
4383.4488134427  3.213073E-17
4388.96817255449  4.016756E-17
4394.48753166628  4.239768E-17
4400.00689077808  3.166903E-17
4405.52624988986  4.164359E-17
4411.04560900165  3.802976E-17
4416.56496811344  2.544965E-17
4422.08432722523  3.083678E-17
4427.60368633702  4.068467E-17
4433.12304544881  3.651101E-17
4438.6424045606  2.581544E-17
4444.16176367239  3.451165E-17
4449.68112278418  2.683863E-17
4455.20048189597  3.359037E-17
4460.71984100776  2.785191E-17
4466.23920011955  2.927781E-17
4471.75855923135  3.438241E-17
4477.27791834313  2.889840E-17
4482.79727745492  3.309652E-17
4488.31663656671  3.286672E-17
4493.8359956785  2.313890E-17
4499.35535479029  2.364295E-17
4504.87471390209  3.195841E-17
4510.39407301387  3.696215E-17
4515.91343212566  3.856028E-17
4521.43279123745  2.787699E-17
4526.95215034924  2.676931E-17
4532.47150946103  3.506985E-17
4537.99086857282  3.130891E-17
4543.51022768461  3.460566E-17
4549.0295867964  3.382142E-17
4554.54894590819  3.728626E-17
4560.06830501998  3.369928E-17
4565.58766413177  3.623897E-17
4571.10702324356  3.504998E-17
4576.62638235535  3.250768E-17
4582.14574146714  2.153320E-17
4587.66510057894  3.522120E-17
4593.18445969072  3.269360E-17
4598.70381880251  3.523904E-17
4604.2231779143  3.126611E-17
4609.74253702609  2.962869E-17
4615.26189613788  2.734774E-17
4620.78125524968  3.087444E-17
4626.30061436146  2.713279E-17
4631.81997347325  3.380607E-17
4637.33933258505  3.623687E-17
4642.85869169683  3.267708E-17
4648.37805080862  3.306701E-17
4653.89740992041  3.231170E-17
4659.4167690322  2.763119E-17
4664.93612814399  3.296121E-17
4670.45548725578  3.219474E-17
4675.97484636757  2.621368E-17
4681.49420547937  3.692924E-17
4687.01356459115  3.943940E-17
4692.53292370294  2.646333E-17
4698.05228281473  3.072194E-17
4703.57164192652  3.199920E-17
4709.09100103831  3.066646E-17
4714.61036015011  2.391768E-17
4720.12971926189  3.276866E-17
4725.64907837368  3.365152E-17
4731.16843748547  3.025454E-17
4736.68779659726  3.048220E-17
4742.20715570905  3.383744E-17
4747.72651482085  2.821095E-17
4753.24587393263  2.102745E-17
4758.76523304442  3.465715E-17
4764.28459215622  3.156056E-17
4769.803951268  2.883371E-17
4775.32331037979  3.076034E-17
4780.84266949158  2.910364E-17
4786.36202860337  2.625471E-17
4791.88138771516  2.784590E-17
4797.40074682695  3.037738E-17
4802.92010593874  2.944175E-17
4808.43946505053  2.915721E-17
4813.95882416232  2.985319E-17
4819.47818327412  2.696117E-17
4824.9975423859  2.446145E-17
4830.51690149769  2.877501E-17
4836.03626060948  3.517847E-17
4841.55561972128  2.862758E-17
4847.07497883307  2.652142E-17
4852.59433794485  3.067787E-17
4858.11369705664  2.944003E-17
4863.63305616843  2.659624E-17
4869.15241528022  2.806546E-17
4874.67177439202  2.724219E-17
4880.1911335038  2.627458E-17
4885.71049261559  1.974193E-17
4891.22985172738  2.913388E-17
4896.74921083917  3.027916E-17
4902.26856995096  2.007672E-17
4907.78792906275  3.701518E-17
4913.30728817455  2.992324E-17
4918.82664728633  2.672602E-17
4924.34600639812  2.699365E-17
4929.86536550991  3.058995E-17
4935.3847246217  2.685465E-17
4940.90408373349  2.138532E-17
4946.42344284529  2.519520E-17
4951.94280195708  3.318322E-17
4957.46216106886  3.353429E-17
4962.98152018065  2.891929E-17
4968.50087929244  3.265880E-17
4974.02023840423  2.773326E-17
4979.53959751603  3.051971E-17
4985.05895662782  2.809138E-17
4990.5783157396  2.108405E-17
4996.0976748514  2.648681E-17
5001.61703396318  2.412230E-17
5007.13639307497  2.314889E-17
5012.65575218677  2.480696E-17
5018.17511129856  2.339313E-17
5023.69447041035  2.877610E-17
5029.21382952214  2.898284E-17
5034.73318863392  2.691648E-17
5040.25254774571  3.128532E-17
5045.77190685751  2.388057E-17
5051.2912659693  2.578587E-17
5056.81062508109  2.408913E-17
5062.32998419288  3.474143E-17
5067.84934330466  2.711031E-17
5073.36870241645  2.240592E-17
5078.88806152825  2.903482E-17
5084.40742064004  2.699691E-17
5089.92677975182  1.652786E-17
5095.44613886362  3.124241E-17
5100.96549797541  2.380655E-17
5106.4848570872  2.416767E-17
5112.00421619899  3.005808E-17
5117.52357531077  2.822974E-17
5123.04293442257  3.323635E-17
5128.56229353435  2.976648E-17
5134.08165264614  1.812858E-17
5139.60101175793  2.733492E-17
5145.12037086972  2.738604E-17
5150.63972998152  2.262111E-17
5156.15908909331  2.190420E-17
5161.6784482051  2.155253E-17
5167.19780731689  2.195110E-17
5172.71716642867  2.059646E-17
5178.23652554047  3.200590E-17
5183.75588465226  3.371428E-17
5189.27524376405  2.294227E-17
5194.79460287583  2.233098E-17
5200.31396198762  2.752169E-17
5205.83332109942  2.937059E-17
5211.3526802112  2.325527E-17
5216.872039323  2.386778E-17
5222.39139843479  2.469555E-17
5227.91075754658  2.002301E-17
5233.43011665836  1.983528E-17
5238.94947577016  1.870059E-17
5244.46883488194  1.958680E-17
5249.98819399374  2.058767E-17
5255.50755310552  2.410094E-17
5261.02691221732  2.566361E-17
5266.54627132911  1.978553E-17
5272.0656304409  2.391695E-17
5277.58498955268  2.606431E-17
5283.10434866448  2.418940E-17
5288.62370777627  2.438391E-17
5294.14306688806  2.699887E-17
5299.66242599984  2.907424E-17
5305.18178511163  2.097160E-17
5310.70114422343  2.107255E-17
5316.22050333522  2.585851E-17
5321.73986244701  2.760893E-17
5327.2592215588  2.624663E-17
5332.77858067059  2.005236E-17
5338.29793978238  2.366644E-17
5343.81729889417  2.492830E-17
5349.33665800596  2.787467E-17
5354.85601711775  2.583886E-17
5360.37537622953  1.723949E-17
5365.89473534132  1.808017E-17
5371.41409445312  2.503555E-17
5376.9334535649  2.162673E-17
5382.45281267669  2.147026E-17
5387.97217178849  3.368568E-17
5393.49153090028  2.003711E-17
5399.01089001207  2.465763E-17
5404.53024912386  1.710334E-17
5410.04960823565  2.608015E-17
5415.56896734744  2.144102E-17
5421.08832645923  1.992174E-17
5426.60768557102  2.061571E-17
5432.1270446828  3.099934E-17
5437.6464037946  2.521103E-17
5443.16576290639  2.774436E-17
5448.68512201818  2.191037E-17
5454.20448112997  2.702721E-17
5459.72384024176  2.664051E-17
5465.24319935354  3.022515E-17
5470.76255846534  2.827647E-17
5476.28191757713  2.706873E-17
5481.80127668891  1.909632E-17
5487.32063580071  2.811178E-17
5492.8399949125  1.911844E-17
5498.35935402429  2.716507E-17
5503.87871313608  2.480279E-17
5509.39807224787  1.582124E-17
5514.91743135966  2.332125E-17
5520.43679047145  1.957841E-17
5525.95614958324  2.207587E-17
5531.47550869503  1.972595E-17
5536.99486780682  1.441050E-17
5542.51422691861  2.549075E-17
5548.03358603039  2.372064E-17
5553.55294514219  2.161340E-17
5559.07230425398  2.725209E-17
5564.59166336577  2.375424E-17
5570.11102247756  2.317136E-17
5575.63038158935  1.342612E-17
5581.14974070114  1.578996E-17
5586.66909981293  3.306421E-17
5592.18845892471  2.302063E-17
5597.70781803651  5.213562E-18
5603.2271771483  1.438326E-17
5608.74653626008  2.180274E-17
5614.26589537188  1.769638E-17
5619.78525448367  2.347736E-17
5625.30461359546  1.703287E-17
5630.82397270725  2.004890E-17
5636.34333181904  1.067879E-17
5641.86269093083  1.813022E-17
5647.38205004262  1.495031E-17
5652.90140915441  2.004439E-17
5658.4207682662  2.345078E-17
5663.94012737799  1.498719E-17
5669.45948648978  2.057992E-17
5674.97884560157  1.584927E-17
5680.49820471336  2.245141E-17
5686.01756382515  2.021997E-17
5691.53692293694  1.651377E-17
5697.05628204873  2.402559E-17
5702.57564116052  1.866637E-17
5708.09500027231  2.341173E-17
5713.6143593841  1.838465E-17
5719.13371849588  1.606134E-17
5724.65307760768  2.848391E-17
5730.17243671947  1.290024E-17
5735.69179583126  1.447798E-17
5741.21115494305  1.962128E-17
5746.73051405484  2.833366E-17
5752.24987316663  2.053175E-17
5757.76923227842  1.960686E-17
5763.28859139021  1.367300E-17
5768.807950502  1.970858E-17
5774.32730961379  2.341528E-17
5779.84666872557  2.070123E-17
5785.36602783737  1.863592E-17
5790.88538694916  1.348465E-17
5796.40474606095  1.708444E-17
5801.92410517274  1.465785E-17
5807.44346428453  2.157791E-17
5812.96282339632  2.346363E-17
5818.48218250811  2.350478E-17
5824.0015416199  1.950366E-17
5829.52090073169  9.922405E-18
5835.04025984348  1.874405E-17
5840.55961895526  2.762749E-17
5846.07897806706  1.821623E-17
5851.59833717885  2.501512E-17
5857.11769629064  1.230181E-17
5862.63705540243  1.235617E-17
5868.15641451422  1.692138E-17
5873.67577362601  2.923371E-17
5879.1951327378  2.863489E-17
5884.71449184959  2.591961E-17
5890.23385096138  2.725313E-17
5895.75321007317  2.488128E-17
5901.27256918496  2.346410E-17
5906.79192829675  8.145994E-18
5912.31128740854  1.508283E-17
5917.83064652033  1.022480E-17
5923.35000563212  1.870703E-17
5928.86936474391  2.279380E-17
5934.3887238557  1.466044E-17
5939.90808296749  1.917411E-17
5945.42744207928  9.385767E-18
5950.94680119107  1.201818E-17
5956.46616030286  2.486533E-17
5961.98551941465  9.794347E-18
5967.50487852644  7.498174E-18
5973.02423763823  1.635015E-17
5978.54359675002  1.508421E-17
5984.06295586181  1.886863E-17
5989.5823149736  1.623468E-17
5995.10167408539  2.398005E-17
6000.62103319718  2.414452E-17
6006.14039230897  2.562422E-17
6011.65975142076  1.725945E-17
6017.17911053255  1.276991E-17
6022.69846964434  2.175300E-17
6028.21782875613  1.821672E-17
6033.73718786792  9.901730E-18
6039.25654697971  2.219340E-17
6044.7759060915  1.062146E-17
6050.29526520329  1.345729E-17
6055.81462431508  2.550166E-17
6061.33398342687  1.391023E-17
6066.85334253866  2.363964E-17
6072.37270165045  1.288904E-17
6077.89206076224  1.356167E-17
6083.41141987403  1.265032E-17
6088.93077898582  1.295402E-17
6094.45013809761  1.636391E-17
6099.9694972094  1.687297E-17
6105.48885632119  1.860628E-17
6111.00821543298  2.307952E-17
6116.52757454477  1.278715E-17
6122.04693365656  2.447849E-17
6127.56629276835  1.891087E-17
6133.08565188014  1.068287E-17
6138.60501099193  8.766446E-18
6144.12437010372  1.320114E-17
6149.64372921551  1.670760E-17
6155.1630883273  2.009228E-17
6160.68244743909  1.702110E-17
6166.20180655088  1.193642E-17
6171.72116566267  2.284403E-17
6177.24052477446  1.917896E-17
6182.75988388625  1.353739E-17
6188.27924299804  1.308128E-17
6193.79860210983  8.969731E-18
6199.31796122162  1.477278E-17
6204.83732033341  1.629331E-17
6210.3566794452  1.088489E-17
6215.87603855699  1.738441E-17
6221.39539766878  1.388933E-17
6226.91475678057  1.290724E-17
6232.43411589236  1.725108E-17
6237.95347500415  2.054355E-17
6243.47283411594  2.125072E-17
6248.99219322773  2.064847E-17
6254.51155233952  8.124398E-18
6260.03091145131  4.608525E-18
6265.5502705631  1.407493E-17
6271.06962967489  1.895472E-17
6276.58898878668  1.322074E-17
6282.10834789847  2.786692E-17
6287.62770701026  3.410016E-17
6293.14706612205  8.821197E-18
6298.66642523384  2.186142E-18
6304.18578434563  1.056485E-17
6309.70514345742  1.474469E-17
6315.22450256921  2.149060E-17
6320.743861681  1.051356E-17
6326.26322079279  1.911538E-17
6331.78257990458  2.180252E-17
6337.30193901637  1.816241E-17
6342.82129812816  1.781102E-17
6348.34065723995  1.992366E-17
6353.86001635174  2.255379E-17
6359.37937546353  1.511487E-17
6364.89873457532  1.747492E-17
6370.41809368711  1.098359E-17
6375.9374527989  1.640213E-17
6381.45681191069  1.735034E-17
6386.97617102248  1.542426E-17
6392.49553013427  1.842625E-17
6398.01488924606  1.496725E-17
6403.53424835785  1.729884E-17
6409.05360746964  1.189473E-17
6414.57296658143  1.578210E-17
6420.09232569322  2.306167E-17
6425.61168480501  1.867777E-17
6431.1310439168  1.767698E-17
6436.65040302859  1.501057E-17
6442.16976214038  1.193578E-17
6447.68912125217  1.106647E-17
6453.20848036396  1.501472E-17
6458.72783947575  1.336830E-17
6464.24719858754  1.572009E-17
6469.76655769933  1.103911E-17
6475.28591681112  1.935928E-17
6480.80527592291  1.980552E-17
6486.3246350347  1.687189E-17
6491.84399414649  2.054927E-17
6497.36335325828  1.116659E-17
6502.88271237007  1.017265E-17
6508.40207148186  1.976694E-17
6513.92143059365  1.753431E-17
6519.44078970544  9.252302E-18
6524.96014881723  1.274368E-17
6530.47950792902  9.046263E-18
6535.99886704081  1.329620E-17
6541.5182261526  2.249118E-17
6547.03758526439  8.402172E-18
6552.55694437618  1.637041E-17
6558.07630348797  6.977524E-18
6563.59566259976  1.019944E-17
6569.11502171155  1.842639E-17
6574.63438082334  2.129240E-17
6580.15373993513  1.888029E-17
6585.67309904692  1.263933E-17
6591.19245815871  1.047788E-17
6596.7118172705  5.553757E-18
6602.23117638229  8.647669E-18
6607.75053549408  8.332325E-18
6613.26989460587  8.223598E-18
6618.78925371766  1.005002E-17
6624.30861282945  1.464379E-17
6629.82797194124  1.311125E-17
6635.34733105303  1.553077E-17
6640.86669016482  1.381779E-17
6646.38604927661  1.614540E-17
6651.9054083884  1.258450E-17
6657.42476750019  1.232836E-17
6662.94412661198  1.900546E-17
6668.46348572377  1.607241E-17
6673.98284483556  1.675198E-17
6679.50220394735  1.523961E-17
6685.02156305914  1.264764E-17
6690.54092217093  1.052822E-17
6696.06028128272  1.278332E-17
6701.57964039451  2.025260E-17
6707.0989995063  1.829563E-17
6712.61835861809  1.994161E-17
6718.13771772988  1.240879E-17
6723.65707684167  9.497221E-18
6729.17643595346  1.849077E-17
6734.69579506525  1.317477E-17
6740.21515417704  2.164325E-17
6745.73451328883  1.077538E-17
6751.25387240062  8.687428E-18
6756.77323151241  1.146319E-17
6762.2925906242  1.798764E-17
6767.81194973599  1.985635E-17
6773.33130884778  8.685061E-18
6778.85066795957  1.065386E-17
6784.37002707136  9.198961E-18
6789.88938618315  1.929984E-17
6795.40874529494  1.295868E-17
6800.92810440673  1.779991E-17
6806.44746351852  1.782190E-17
6811.96682263031  1.508063E-17
6817.4861817421  1.102508E-17
6823.00554085389  1.675168E-17
6828.52489996568  9.795257E-18
6834.04425907747  8.095445E-18
6839.56361818926  2.226563E-17
6845.08297730105  1.905786E-17
6850.60233641284  1.786345E-17
6856.12169552463  1.127069E-17
6861.64105463642  1.181109E-17
6867.16041374821  1.845077E-17
6872.67977286  4.328136E-18
6878.19913197179  3.730522E-18
6883.71849108358  1.209717E-17
6889.23785019537  6.117537E-18
6894.75720930716  1.125309E-17
6900.27656841895  6.770855E-18
6905.79592753074  1.555885E-17
6911.31528664253  9.340796E-18
6916.83464575432  1.342843E-17
6922.35400486611  1.094925E-17
6927.8733639779  1.549577E-17
6933.39272308969  7.795099E-18
6938.91208220148  9.149634E-18
6944.43144131327  1.504882E-17
6949.95080042506  1.961241E-17
6955.47015953685  1.133807E-17
6960.98951864864  1.591023E-17
6966.50887776043  1.179927E-17
6972.02823687222  7.661898E-18
6977.54759598401  1.901939E-17
6983.0669550958  2.051346E-17
6988.58631420759  8.974011E-18
6994.10567331938  1.219560E-17
6999.62503243117  2.027510E-17
7005.14439154296  1.386862E-17
7010.66375065475  6.070246E-18
7016.18310976654  1.572014E-17
7021.70246887833  1.777371E-17
7027.22182799012  1.445945E-17
7032.74118710191  1.060333E-17
7038.2605462137  9.146763E-18
7043.77990532549  1.495317E-17
7049.29926443728  1.477796E-17
7054.81862354907  1.757021E-17
7060.33798266086  1.850784E-18
7065.85734177265  8.289168E-18
7071.37670088444  1.593202E-17
7076.89605999623  1.300674E-17
7082.41541910802  1.557316E-17
7087.93477821981  6.526812E-18
7093.4541373316  1.693488E-17
7098.97349644339  1.601218E-17
7104.49285555518  1.649188E-17
7110.01221466697  7.010994E-18
7115.53157377876  2.689660E-18
7121.05093289055  1.745245E-17
7126.57029200234  1.692564E-17
7132.08965111413  1.037705E-17
7137.60901022592  1.179078E-17
7143.12836933771  1.032727E-17
7148.6477284495  1.746760E-17
7154.16708756129  1.700602E-17
7159.68644667308  4.785895E-18
7165.20580578487  2.942553E-18
7170.72516489666  8.925250E-18
7176.24452400845  1.345479E-17
7181.76388312024  1.077949E-17
7187.28324223203  8.333811E-18
7192.80260134382  1.321632E-17
7198.32196045561  1.960384E-17
7203.8413195674  1.824408E-17
7209.36067867919  1.921625E-17
7214.88003779098  1.492922E-17
7220.39939690277  9.411878E-18
7225.91875601456  3.655349E-18
7231.43811512635  1.858286E-18
7236.95747423814  1.446448E-18
7242.47683334993  5.483829E-18
7247.99619246172  4.147027E-18
7253.51555157351  1.137339E-17
7259.0349106853  1.377016E-17
7264.55426979709  1.820059E-17
7270.07362890888  3.053981E-17
7275.59298802067  2.412817E-17
7281.11234713246  2.328798E-17
7286.63170624425  3.533037E-17
7292.15106535604  3.370300E-17
7297.67042446783  7.683537E-18
7303.18978357962  9.618918E-19
7308.70914269141  3.003198E-18
7314.2285018032  -1.469743E-19
7319.74786091499  1.283483E-17
7325.26722002678  1.433538E-17
7330.78657913857  5.171695E-18
7336.30593825036  1.072140E-17
7341.82529736215  1.993903E-17
7347.34465647394  2.466327E-17
7352.86401558573  2.161755E-17
7358.38337469752  2.252578E-17
7363.90273380931  2.171476E-17
7369.4220929211  1.916473E-17
7374.94145203289  3.435400E-17
7380.46081114468  1.432163E-17
7385.98017025647  3.083353E-17
7391.49952936826  1.903948E-17
7397.01888848005  5.657091E-18
7402.53824759184  1.061965E-17
7408.05760670363  1.475530E-17
7413.57696581542  1.346284E-17
7419.09632492721  -1.346290E-19
7424.615684039  7.229048E-18
7430.13504315079  1.249823E-17
7435.65440226258  1.345396E-17
7441.17376137437  7.360404E-18
7446.69312048616  5.122651E-18
7452.21247959795  1.315600E-17
7457.73183870974  2.755721E-18
7463.25119782153  3.790542E-18
7468.77055693332  1.278573E-17
7474.28991604511  4.582708E-18
7479.8092751569  1.382300E-17
7485.32863426869  1.406058E-17
7490.84799338048  4.623810E-18
7496.36735249227  1.105478E-17
7501.88671160406  1.415592E-17
7507.40607071585  7.837502E-18
7512.92542982764  1.116404E-17
7518.44478893943  2.113296E-17
7523.96414805122  1.448874E-17
7529.48350716301  1.778281E-17
7535.0028662748  2.750469E-17
7540.52222538659  1.428914E-17
7546.04158449838  3.682582E-18
7551.56094361017  6.302650E-18
7557.08030272196  7.547210E-18
7562.59966183375  6.219658E-18
7568.11902094554  5.012730E-18
7573.63838005733  6.343649E-18
7579.15773916912  1.058264E-17
7584.67709828091  4.294735E-18
7590.1964573927  3.617373E-18
7595.71581650449  1.005792E-17
7601.23517561628  1.637932E-17
7606.75453472807  2.009221E-17
7612.27389383986  2.251575E-17
7617.79325295165  2.267949E-17
7623.31261206344  2.372446E-17
7628.83197117523  2.191174E-17
7634.35133028702  1.323354E-17
7639.87068939881  1.106434E-17
7645.3900485106  5.708731E-18
7650.90940762239  1.191018E-17
7656.42876673418  1.039199E-17
7661.94812584597  7.051489E-18
7667.46748495776  9.994850E-18
7672.98684406955  1.926090E-17
7678.50620318134  1.029127E-17
7684.02556229313  1.791988E-17
7689.54492140492  1.494847E-17
7695.06428051671  1.177911E-17
7700.5836396285  2.408139E-17
7706.10299874029  1.941346E-17
7711.62235785208  4.401256E-18
7717.14171696387  2.365841E-17
7722.66107607566  2.171045E-17
7728.18043518745  5.799608E-18
7733.69979429924  1.643474E-17
7739.21915341103  1.888352E-17
7744.73851252282  1.595985E-17
7750.25787163461  3.008857E-17
7755.7772307464  3.834370E-17
7761.29658985819  3.065852E-17
7766.81594896998  1.758525E-17
7772.33530808177  4.342499E-18
7777.85466719356  1.880306E-17
7783.37402630535  1.430661E-17
7788.89338541714  1.305643E-17
7794.41274452893  1.400800E-17
7799.93210364072  2.146572E-17
7805.45146275251  1.960681E-17
7810.9708218643  4.496533E-17
7816.49018097609  2.611142E-17
7822.00954008788  1.430511E-17
7827.52889919967  9.297197E-18
7833.04825831146  1.014009E-17
7838.56761742325  5.721966E-18
7844.08697653504  7.582696E-18
7849.60633564683  1.366226E-17
7855.12569475862  1.465035E-17
7860.64505387041  1.965151E-17
7866.1644129822  1.315133E-17
7871.68377209399  6.586208E-19
7877.20313120578  -6.016913E-18
7882.72249031757  -6.910862E-18
7888.24184942936  -1.669047E-17
7893.76120854115  -1.010649E-17
7899.28056765294  -5.572172E-18
7904.79992676473  -3.005887E-17
7910.31928587652  -5.231113E-17
7915.83864498831  -2.446458E-17
7921.3580041001  -5.069472E-18
7926.87736321189  -2.396543E-17
7932.39672232368  -2.492191E-17
7937.91608143547  2.000695E-18
7943.43544054726  3.480984E-18
7948.95479965905  5.134360E-18
7954.47415877084  9.424465E-18
7959.99351788263  2.906110E-17
7965.51287699442  2.264911E-17
7971.03223610621  3.200459E-17
7976.551595218  9.286536E-18
7982.07095432979  3.070780E-17
7987.59031344158  -1.160567E-18
7993.10967255337  -1.317146E-17
7998.62903166516  -1.035044E-18
8004.14839077695  5.540618E-18
8009.66774988874  -1.555719E-17
8015.18710900053  -1.433120E-17
8020.70646811232  -1.467078E-17
8026.22582722411  -1.086827E-17
8031.7451863359  -1.293415E-17
8037.26454544769  -1.315534E-17
8042.78390455948  -6.398840E-18
8048.30326367127  1.379730E-18
8053.82262278306  9.993088E-18
8059.34198189485  1.660696E-18
8064.86134100664  -4.967859E-19
8070.38070011843  5.588372E-18
8075.90005923022  7.592435E-18
8081.41941834201  2.501020E-18
8086.9387774538  3.369471E-18
8092.45813656559  1.057327E-17
8097.97749567738  1.500370E-17
8103.49685478917  6.110395E-18
8109.01621390096  -4.426341E-18
8114.53557301275  7.168140E-18
8120.05493212454  2.519076E-17
8125.57429123633  1.241765E-17
8131.09365034812  8.685822E-18
8136.61300945991  1.320799E-17
8142.1323685717  1.668294E-17
8147.65172768349  1.602200E-17
8153.17108679528  1.936268E-17
8158.69044590707  1.070049E-17
8164.20980501886  1.291084E-17
8169.72916413065  9.796898E-18
8175.24852324244  5.206179E-18
8180.76788235423  1.749305E-17
8186.28724146602  1.823211E-17
8191.80660057781  -6.328127E-19
8197.3259596896  3.648668E-18
8202.84531880139  1.334247E-17
8208.36467791318  6.941337E-18
8213.88403702497  1.297135E-17
8219.40339613676  1.374225E-17
8224.92275524855  8.418850E-18
8230.44211436034  3.405618E-18
8235.96147347213  1.959700E-18
8241.48083258392  3.344592E-18
8247.00019169571  9.827755E-19
8252.5195508075  7.423233E-18
8258.03890991929  1.595448E-17
8263.55826903108  1.100059E-17
8269.07762814287  3.966429E-18
8274.59698725466  -5.432615E-18
8280.11634636645  -1.441980E-17
8285.63570547824  2.689828E-18
8291.15506459003  5.516908E-17
8296.67442370182  4.243919E-17
8302.19378281361  1.509488E-17
8307.7131419254  1.730888E-17
8313.23250103719  8.567771E-18
8318.75186014898  -2.224185E-18
8324.27121926077  7.027175E-18
8329.79057837256  1.283266E-17
8335.30993748435  1.361483E-17
8340.82929659614  1.392620E-17
8346.34865570793  -4.210290E-18
8351.86801481972  -3.384991E-17
8357.38737393151  -9.830555E-18
8362.9067330433  -5.155255E-18
8368.42609215509  -1.882445E-18
8373.94545126688  -1.343617E-17
8379.46481037867  1.106638E-18
8384.98416949046  -3.706886E-18
8390.50352860225  1.533554E-18
8396.02288771404  -1.395054E-17
8401.54224682583  1.988913E-17
8407.06160593762  3.908202E-17
8412.58096504941  2.014825E-17
8418.1003241612  -1.150476E-17
8423.61968327299  -2.172602E-17
8429.13904238478  -2.176186E-17
8434.65840149657  -1.030066E-17
8440.17776060836  -9.932486E-18
8445.69711972015  -9.086205E-18
8451.21647883194  -1.638663E-17
8456.73583794373  -2.166969E-17
8462.25519705552  -5.615143E-18
8467.77455616731  1.657563E-18
8473.2939152791  -1.417723E-18
8478.81327439089  2.813677E-19
8484.33263350268  -1.729728E-18
8489.85199261447  2.726797E-18
8495.37135172626  -1.431649E-17
8500.89071083805  -8.824721E-18
8506.41006994984  2.985204E-18
8511.92942906163  3.730828E-18
8517.44878817342  -5.446839E-18
8522.96814728521  -8.581230E-18
8528.487506397  1.969836E-18
8534.00686550879  2.586943E-18
8539.52622462058  -5.557176E-18
8545.04558373237  -4.524237E-19
8550.56494284416  2.093353E-18
8556.08430195595  3.772232E-18
8561.60366106774  5.375698E-19
8567.12302017953  1.648622E-18
8572.64237929132  4.136451E-18
8578.16173840311  1.864959E-19
8583.6810975149  1.427845E-18
8589.20045662669  5.324833E-18
8594.71981573848  3.900814E-18
8600.23917485027  1.098936E-17
8605.75853396206  1.791173E-18
8611.27789307385  -6.494132E-18
8616.79725218564  -1.317806E-17
8622.31661129743  -1.442059E-17
8627.83597040922  -8.307707E-18
8633.35532952101  -3.462357E-18
8638.8746886328  5.489057E-18
8644.39404774459  -5.351189E-18
8649.91340685638  -2.242188E-17
8655.43276596817  -1.900365E-17
8660.95212507996  -2.551405E-17
8666.47148419175  4.347834E-18
8671.99084330354  4.005788E-18
8677.51020241533  -5.518990E-18
8683.02956152712  1.093990E-17
8688.54892063891  1.960106E-17
8694.0682797507  -7.273557E-18
8699.58763886249  2.240681E-17
8705.10699797428  1.692949E-17
8710.62635708607  7.440332E-18
8716.14571619786  8.478941E-18
8721.66507530965  2.196065E-18
8727.18443442144  -2.812190E-18
8732.70379353323  -2.305805E-18
8738.22315264502  -3.258533E-18
8743.74251175681  2.452837E-17
8749.2618708686  3.338383E-17
8754.78122998039  6.590315E-17
8760.30058909218  1.900523E-17
8765.81994820397  -2.455590E-18
8771.33930731576  -4.385255E-17
8776.85866642755  -4.080705E-17
8782.37802553934  -2.440677E-17
8787.89738465113  -2.747698E-17
8793.41674376292  8.472532E-19
8798.93610287471  -1.600328E-18
8804.4554619865  -7.927868E-19
8809.97482109829  3.117214E-17
8815.49418021008  5.633690E-17
8821.01353932187  1.235761E-16
8826.53289843366  1.056574E-16
8832.05225754545  8.011858E-17
8837.57161665724  6.443413E-17
8843.09097576903  6.172024E-17
8848.61033488082  6.084659E-18
8854.12969399261  -3.378322E-18
8859.6490531044  1.110285E-17
8865.16841221619  4.904110E-17
8870.68777132798  1.705450E-18
8876.20713043977  -4.019917E-17
8881.72648955156  -3.904323E-17
8887.24584866335  -2.117115E-17
8892.76520777514  6.509766E-18
8898.28456688693  2.137118E-17
8903.80392599872  4.745692E-18
8909.32328511051  -3.505852E-18
8914.8426442223  -3.063175E-17
8920.36200333409  -3.239079E-17
8925.88136244588  -2.187325E-17
8931.40072155767  -3.036675E-17
8936.92008066946  -3.607610E-18
8942.43943978125  1.143906E-17
8947.95879889304  -2.035825E-17
8953.47815800483  -4.199180E-17
8958.99751711662  -3.654517E-17
8964.51687622841  -2.250669E-17
8970.0362353402  1.649642E-17
8975.55559445199  2.722779E-18
8981.07495356378  -1.601677E-17
8986.59431267557  -1.465814E-17
8992.11367178736  -4.954794E-17
8997.63303089915  -2.677105E-17
9003.15239001094  1.324198E-17
9008.67174912273  7.844538E-18
9014.19110823452  6.866049E-18
9019.71046734631  1.171121E-17
9025.2298264581  6.288766E-18
9030.74918556989  1.693023E-17
9036.26854468168  2.238711E-17
9041.78790379347  4.294138E-17
9047.30726290526  2.668240E-17
9052.82662201705  -1.675737E-17
9058.34598112884  2.670142E-17
9063.86534024063  -1.142260E-18
9069.38469935242  -9.099189E-18
9074.90405846421  -3.648770E-18
9080.423417576  9.577061E-19
9085.94277668779  -5.468218E-18
9091.46213579958  -1.597507E-17
9096.98149491137  1.899647E-17
9102.50085402316  1.263561E-17
9108.02021313495  6.167829E-18
9113.53957224674  5.984734E-18
9119.05893135853  1.576666E-17
9124.57829047032  2.401276E-17
9130.09764958211  1.945635E-17
9135.6170086939  7.132397E-18
9141.13636780569  -2.987886E-18
9146.65572691748  1.950426E-18
9152.17508602927  -6.215108E-18
9157.69444514106  -6.071537E-19
9163.21380425285  9.766589E-18
9168.73316336464  8.820734E-18
9174.25252247643  1.297898E-17
9179.77188158822  1.078330E-17
9185.29124070001  9.725763E-18
9190.8105998118  2.008067E-17
9196.32995892359  2.274243E-17
9201.84931803538  -5.459358E-20
9207.36867714717  4.118122E-18
9212.88803625896  2.738234E-18
9218.40739537075  1.852118E-17
9223.92675448254  1.839676E-17
9229.44611359433  1.023793E-17
9234.96547270612  4.502903E-18
9240.48483181791  1.280746E-17
9246.0041909297  1.603318E-17
9251.52355004149  5.435023E-18
9257.04290915328  8.179350E-18
9262.56226826507  0.
