3656.24389648  6.553577E-17
3661.76219605962  1.025138E-16
3667.28049563924  8.385888E-17
3672.79879521886  4.234554E-17
3678.31709479848  5.276732E-17
3683.8353943781  2.622983E-17
3689.35369395772  4.112006E-17
3694.87199353734  6.133685E-17
3700.39029311696  5.956477E-17
3705.90859269658  5.741431E-17
3711.4268922762  6.798645E-17
3716.94519185582  5.393250E-17
3722.46349143544  4.420689E-17
3727.98179101506  3.629883E-17
3733.50009059468  6.209263E-17
3739.0183901743  3.753828E-17
3744.53668975392  5.450696E-17
3750.05498933354  6.582372E-17
3755.57328891316  6.972352E-17
3761.09158849278  5.250632E-17
3766.6098880724  5.745432E-17
3772.12818765202  7.937445E-17
3777.64648723164  4.244831E-17
3783.16478681126  5.972333E-17
3788.68308639088  3.880615E-17
3794.2013859705  7.676345E-17
3799.71968555012  4.837715E-17
3805.23798512974  6.318071E-17
3810.75628470936  4.556079E-17
3816.27458428898  4.306637E-17
3821.7928838686  6.007162E-17
3827.31118344822  5.396265E-17
3832.82948302784  5.207016E-17
3838.34778260746  4.215344E-17
3843.86608218708  6.888963E-17
3849.3843817667  3.854118E-17
3854.90268134632  6.894139E-17
3860.42098092594  7.249595E-17
3865.93928050556  5.507639E-17
3871.45758008518  4.537798E-17
3876.9758796648  6.321713E-17
3882.49417924442  5.241636E-17
3888.01247882404  6.479246E-17
3893.53077840366  5.860244E-17
3899.04907798328  5.669962E-17
3904.5673775629  6.353571E-17
3910.08567714252  6.768104E-17
3915.60397672214  7.392788E-17
3921.12227630176  7.472948E-17
3926.64057588138  6.946184E-17
3932.158875461  8.376998E-17
3937.67717504062  7.730543E-17
3943.19547462024  9.540301E-17
3948.71377419986  6.913803E-17
3954.23207377948  6.861560E-17
3959.7503733591  6.591008E-17
3965.26867293872  6.947939E-17
3970.78697251834  6.289081E-17
3976.30527209796  7.460986E-17
3981.82357167758  8.560943E-17
3987.3418712572  7.006791E-17
3992.86017083682  6.203739E-17
3998.37847041644  6.615553E-17
4003.89676999606  6.893793E-17
4009.41506957568  6.166930E-17
4014.9333691553  5.698730E-17
4020.45166873492  5.345915E-17
4025.96996831454  6.803745E-17
4031.48826789416  5.283583E-17
4037.00656747378  6.076737E-17
4042.5248670534  7.942914E-17
4048.04316663302  6.276590E-17
4053.56146621264  7.602824E-17
4059.07976579226  8.629866E-17
4064.59806537188  8.833148E-17
4070.1163649515  6.864988E-17
4075.63466453112  7.346076E-17
4081.15296411074  7.127608E-17
4086.67126369036  7.755064E-17
4092.18956326998  6.015850E-17
4097.7078628496  5.411807E-17
4103.22616242923  6.602832E-17
4108.74446200884  5.627501E-17
4114.26276158846  5.094787E-17
4119.78106116808  4.210893E-17
4125.2993607477  4.258944E-17
4130.81766032732  5.289671E-17
4136.33595990694  7.480049E-17
4141.85425948656  6.443739E-17
4147.37255906618  7.374262E-17
4152.8908586458  5.943924E-17
4158.40915822542  7.438913E-17
4163.92745780504  6.482913E-17
4169.44575738466  6.779453E-17
4174.96405696428  7.324138E-17
4180.4823565439  6.487353E-17
4186.00065612352  8.791567E-17
4191.51895570314  7.572560E-17
4197.03725528276  1.038967E-16
4202.55555486238  7.799747E-17
4208.073854442  1.003428E-16
4213.59215402162  6.624602E-17
4219.11045360124  4.700206E-17
4224.62875318086  5.141341E-17
4230.14705276048  5.157549E-17
4235.6653523401  6.150010E-17
4241.18365191973  8.205517E-17
4246.70195149934  7.539723E-17
4252.22025107896  7.549389E-17
4257.73855065858  5.357373E-17
4263.2568502382  5.105783E-17
4268.77514981782  6.673089E-17
4274.29344939744  7.644823E-17
4279.81174897706  9.335460E-17
4285.33004855668  9.910455E-17
4290.8483481363  1.076982E-16
4296.36664771592  1.160929E-16
4301.88494729554  1.271728E-16
4307.40324687516  1.170627E-16
4312.92154645478  1.239175E-16
4318.4398460344  1.338548E-16
4323.95814561402  1.123418E-16
4329.47644519364  1.114300E-16
4334.99474477326  1.183766E-16
4340.51304435288  1.131864E-16
4346.0313439325  1.142292E-16
4351.54964351212  1.154905E-16
4357.06794309174  9.860199E-17
4362.58624267136  1.129944E-16
4368.10454225098  1.104814E-16
4373.6228418306  9.398743E-17
4379.14114141022  1.159204E-16
4384.65944098985  1.170240E-16
4390.17774056946  1.253660E-16
4395.69604014908  1.317314E-16
4401.2143397287  1.119429E-16
4406.73263930832  1.056715E-16
4412.25093888794  1.194676E-16
4417.76923846756  1.273059E-16
4423.28753804718  1.221836E-16
4428.8058376268  1.284594E-16
4434.32413720642  1.160775E-16
4439.84243678604  1.166406E-16
4445.36073636566  1.263365E-16
4450.87903594528  1.132740E-16
4456.3973355249  1.255784E-16
4461.91563510452  1.245403E-16
4467.43393468414  1.182709E-16
4472.95223426376  1.219460E-16
4478.47053384338  1.176898E-16
4483.988833423  1.177331E-16
4489.50713300262  1.181704E-16
4495.02543258224  1.168291E-16
4500.54373216186  1.204070E-16
4506.06203174148  1.091954E-16
4511.5803313211  1.133248E-16
4517.09863090072  1.133373E-16
4522.61693048034  1.301674E-16
4528.13523005996  1.275125E-16
4533.65352963958  1.282543E-16
4539.17182921921  1.091335E-16
4544.69012879882  1.125309E-16
4550.20842837844  1.213939E-16
4555.72672795806  1.290541E-16
4561.24502753768  1.377489E-16
4566.76332711731  1.371380E-16
4572.28162669692  1.270253E-16
4577.79992627655  1.198820E-16
4583.31822585616  1.205786E-16
4588.83652543578  1.321970E-16
4594.3548250154  1.125709E-16
4599.87312459502  1.154448E-16
4605.39142417464  1.112916E-16
4610.90972375427  1.065028E-16
4616.42802333388  1.137157E-16
4621.9463229135  1.036962E-16
4627.46462249312  9.996216E-17
4632.98292207274  1.125034E-16
4638.50122165236  1.259979E-16
4644.01952123198  1.363105E-16
4649.5378208116  1.435449E-16
4655.05612039122  1.332102E-16
4660.57441997084  1.337064E-16
4666.09271955046  1.377871E-16
4671.61101913008  1.387183E-16
4677.12931870971  1.433503E-16
4682.64761828932  1.510374E-16
4688.16591786895  1.502281E-16
4693.68421744856  1.443388E-16
4699.20251702818  1.512266E-16
4704.7208166078  1.319595E-16
4710.23911618742  1.357671E-16
4715.75741576704  1.353862E-16
4721.27571534667  1.388581E-16
4726.79401492628  1.392723E-16
4732.3123145059  1.441961E-16
4737.83061408552  1.519433E-16
4743.34891366514  1.449813E-16
4748.86721324477  1.547235E-16
4754.38551282439  1.487506E-16
4759.903812404  1.482951E-16
4765.42211198362  1.567181E-16
4770.94041156324  1.543746E-16
4776.45871114286  1.580711E-16
4781.97701072248  1.488165E-16
4787.4953103021  1.455944E-16
4793.01360988172  1.511318E-16
4798.53190946134  1.512354E-16
4804.05020904096  1.702272E-16
4809.56850862058  1.589245E-16
4815.0868082002  1.674492E-16
4820.60510777982  1.717796E-16
4826.12340735945  1.640587E-16
4831.64170693907  1.747352E-16
4837.16000651868  1.805681E-16
4842.6783060983  1.785990E-16
4848.19660567793  1.772698E-16
4853.71490525754  1.900848E-16
4859.23320483716  1.637790E-16
4864.75150441679  1.671484E-16
4870.2698039964  1.631588E-16
4875.78810357603  1.791319E-16
4881.30640315564  1.802094E-16
4886.82470273526  1.723045E-16
4892.34300231488  1.755774E-16
4897.8613018945  1.840909E-16
4903.37960147412  1.906128E-16
4908.89790105374  1.838183E-16
4914.41620063336  1.889829E-16
4919.93450021298  1.879724E-16
4925.4527997926  1.681088E-16
4930.97109937222  1.630420E-16
4936.48939895184  1.810151E-16
4942.00769853146  1.829965E-16
4947.52599811109  1.820633E-16
4953.0442976907  1.868429E-16
4958.56259727032  1.890017E-16
4964.08089684994  1.864855E-16
4969.59919642957  1.834179E-16
4975.11749600919  1.833150E-16
4980.6357955888  1.791178E-16
4986.15409516843  1.779069E-16
4991.67239474804  1.873770E-16
4997.19069432766  1.743174E-16
5002.70899390728  1.750151E-16
5008.22729348691  1.761059E-16
5013.74559306653  1.837985E-16
5019.26389264614  1.739704E-16
5024.78219222576  1.864331E-16
5030.30049180538  1.713607E-16
5035.81879138501  1.708480E-16
5041.33709096463  1.744595E-16
5046.85539054425  1.665766E-16
5052.37369012387  1.700409E-16
5057.89198970349  1.663946E-16
5063.41028928311  1.728802E-16
5068.92858886272  1.831200E-16
5074.44688844235  1.849554E-16
5079.96518802197  1.792640E-16
5085.48348760159  1.827854E-16
5091.00178718121  1.872188E-16
5096.52008676082  1.892571E-16
5102.03838634044  1.876016E-16
5107.55668592007  1.849406E-16
5113.07498549968  1.868484E-16
5118.59328507931  1.797184E-16
5124.11158465892  1.862655E-16
5129.62988423855  1.951553E-16
5135.14818381817  1.732818E-16
5140.66648339778  1.793932E-16
5146.1847829774  1.756521E-16
5151.70308255703  1.896420E-16
5157.22138213665  1.916149E-16
5162.73968171626  1.979968E-16
5168.25798129589  1.917393E-16
5173.77628087551  1.882722E-16
5179.29458045513  1.835053E-16
5184.81288003474  1.866356E-16
5190.33117961437  1.954899E-16
5195.84947919399  1.851883E-16
5201.36777877361  1.870278E-16
5206.88607835323  1.771557E-16
5212.40437793285  1.720825E-16
5217.92267751246  1.715295E-16
5223.44097709208  1.621410E-16
5228.95927667171  1.684859E-16
5234.47757625133  1.725276E-16
5239.99587583094  1.668088E-16
5245.51417541056  1.748973E-16
5251.03247499019  1.850167E-16
5256.5507745698  1.813179E-16
5262.06907414943  1.876711E-16
5267.58737372905  1.883927E-16
5273.10567330867  1.878212E-16
5278.62397288829  1.895068E-16
5284.14227246791  1.884628E-16
5289.66057204753  1.733536E-16
5295.17887162715  1.946133E-16
5300.69717120677  1.858814E-16
5306.21547078639  1.908893E-16
5311.73377036601  1.968032E-16
5317.25206994563  1.769604E-16
5322.77036952525  1.857971E-16
5328.28866910487  1.862244E-16
5333.80696868449  1.905304E-16
5339.32526826411  1.819765E-16
5344.84356784373  1.799701E-16
5350.36186742335  1.845286E-16
5355.88016700297  1.871530E-16
5361.39846658258  1.873458E-16
5366.91676616221  1.701584E-16
5372.43506574183  1.736076E-16
5377.95336532144  1.731587E-16
5383.47166490106  1.647622E-16
5388.98996448068  1.665845E-16
5394.50826406031  1.709792E-16
5400.02656363992  1.627188E-16
5405.54486321954  1.738391E-16
5411.06316279917  1.825763E-16
5416.58146237879  1.768030E-16
5422.09976195841  1.790012E-16
5427.61806153803  1.892054E-16
5433.13636111765  1.817707E-16
5438.65466069727  1.894621E-16
5444.17296027689  1.799689E-16
5449.69125985651  1.714163E-16
5455.20955943613  1.767822E-16
5460.72785901575  1.834245E-16
5466.24615859537  1.713728E-16
5471.76445817498  1.751707E-16
5477.2827577546  1.856266E-16
5482.80105733423  1.781499E-16
5488.31935691385  1.871784E-16
5493.83765649347  1.674353E-16
5499.35595607309  1.715931E-16
5504.87425565271  1.705037E-16
5510.39255523233  1.714575E-16
5515.91085481195  1.896385E-16
5521.42915439157  1.674994E-16
5526.94745397119  1.742109E-16
5532.46575355081  1.668261E-16
5537.98405313043  1.784844E-16
5543.50235271005  1.648210E-16
5549.02065228967  1.624138E-16
5554.53895186929  1.419792E-16
5560.05725144891  1.558890E-16
5565.57555102853  1.517603E-16
5571.09385060815  1.598409E-16
5576.61215018777  1.747728E-16
5582.13044976739  1.685515E-16
5587.64874934701  1.954159E-16
5593.16704892663  1.848806E-16
5598.68534850625  1.818017E-16
5604.20364808587  1.875053E-16
5609.72194766549  1.889606E-16
5615.2402472451  1.812576E-16
5620.75854682472  2.089492E-16
5626.27684640435  1.925244E-16
5631.79514598397  1.918427E-16
5637.31344556359  1.959221E-16
5642.83174514321  1.916880E-16
5648.35004472283  1.823000E-16
5653.86834430245  1.720859E-16
5659.38664388207  1.662614E-16
5664.90494346169  2.019583E-16
5670.42324304131  1.977096E-16
5675.94154262093  1.985535E-16
5681.45984220055  2.024758E-16
5686.97814178017  2.001101E-16
5692.49644135979  2.130409E-16
5698.0147409394  2.130181E-16
5703.53304051903  2.039049E-16
5709.05134009865  1.928062E-16
5714.56963967827  1.996155E-16
5720.08793925789  2.041152E-16
5725.60623883751  1.872560E-16
5731.12453841713  1.920200E-16
5736.64283799675  2.035758E-16
5742.16113757637  2.111090E-16
5747.67943715599  2.147483E-16
5753.19773673561  1.973587E-16
5758.71603631523  1.989074E-16
5764.23433589485  2.002948E-16
5769.75263547447  1.951675E-16
5775.27093505409  2.021337E-16
5780.78923463371  2.080945E-16
5786.30753421333  1.930986E-16
5791.82583379295  1.895449E-16
5797.34413337257  1.912872E-16
5802.86243295219  1.964194E-16
5808.38073253181  1.864222E-16
5813.89903211143  2.034585E-16
5819.41733169105  2.090052E-16
5824.93563127067  2.100995E-16
5830.45393085029  2.062933E-16
5835.97223042991  1.983971E-16
5841.49053000953  2.064838E-16
5847.00882958915  1.865785E-16
5852.52712916877  1.938705E-16
5858.04542874839  1.972408E-16
5863.56372832801  1.987536E-16
5869.08202790763  1.812678E-16
5874.60032748725  2.023195E-16
5880.11862706687  1.992140E-16
5885.63692664649  1.794342E-16
5891.15522622611  1.902310E-16
5896.67352580573  2.136120E-16
5902.19182538535  2.012796E-16
5907.71012496497  1.904203E-16
5913.22842454459  1.935935E-16
5918.74672412421  2.005933E-16
5924.26502370383  1.963944E-16
5929.78332328345  1.972807E-16
5935.30162286307  1.949223E-16
5940.81992244269  1.983353E-16
5946.33822202231  2.052404E-16
5951.85652160193  2.032544E-16
5957.37482118155  2.154699E-16
5962.89312076117  2.101903E-16
5968.41142034079  2.028548E-16
5973.92971992041  2.102692E-16
5979.44801950003  2.020398E-16
5984.96631907965  1.892383E-16
5990.48461865927  2.040863E-16
5996.00291823889  1.973471E-16
6001.52121781851  1.959499E-16
6007.03951739813  1.897512E-16
6012.55781697775  2.022052E-16
6018.07611655737  2.189558E-16
6023.59441613699  1.989861E-16
6029.11271571661  2.040498E-16
6034.63101529623  1.925237E-16
6040.14931487585  1.938132E-16
6045.66761445547  1.963251E-16
6051.18591403509  2.062979E-16
6056.70421361471  2.051524E-16
6062.22251319433  1.945441E-16
6067.74081277395  1.986356E-16
6073.25911235357  2.040589E-16
6078.77741193319  1.967959E-16
6084.29571151281  1.980516E-16
6089.81401109243  1.945543E-16
6095.33231067205  2.054064E-16
6100.85061025167  2.062894E-16
6106.36890983129  2.154467E-16
6111.88720941091  1.976785E-16
6117.40550899053  1.984864E-16
6122.92380857015  1.879097E-16
6128.44210814977  1.868034E-16
6133.96040772939  1.975719E-16
6139.47870730901  1.964915E-16
6144.99700688863  2.173655E-16
6150.51530646825  2.130462E-16
6156.03360604787  2.080799E-16
6161.55190562749  2.028462E-16
6167.07020520711  2.133959E-16
6172.58850478673  2.117945E-16
6178.10680436635  2.031022E-16
6183.62510394597  1.928057E-16
6189.14340352559  2.086276E-16
6194.66170310521  2.009584E-16
6200.18000268483  2.037211E-16
6205.69830226445  2.063251E-16
6211.21660184407  1.989732E-16
6216.73490142369  1.954102E-16
6222.25320100331  2.035760E-16
6227.77150058293  2.083804E-16
6233.28980016255  2.102703E-16
6238.80809974217  2.088420E-16
6244.32639932179  2.109576E-16
6249.84469890141  2.151981E-16
6255.36299848103  2.213268E-16
6260.88129806065  2.125278E-16
6266.39959764027  2.062863E-16
6271.91789721989  2.135039E-16
6277.43619679951  1.958264E-16
6282.95449637913  1.833580E-16
6288.47279595875  1.744846E-16
6293.99109553837  1.771793E-16
6299.50939511799  2.088436E-16
6305.02769469761  2.135932E-16
6310.54599427723  2.248663E-16
6316.06429385685  1.828131E-16
6321.58259343647  1.686380E-16
6327.10089301609  1.755712E-16
6332.61919259571  1.918438E-16
6338.13749217533  2.053103E-16
6343.65579175495  1.991106E-16
6349.17409133457  2.033659E-16
6354.69239091419  1.962460E-16
6360.21069049381  2.176943E-16
6365.72899007343  2.110378E-16
6371.24728965305  1.992228E-16
6376.76558923267  2.234886E-16
6382.28388881229  1.971241E-16
6387.80218839191  2.051115E-16
6393.32048797153  1.982171E-16
6398.83878755115  2.072214E-16
6404.35708713077  2.052322E-16
6409.87538671039  1.884949E-16
6415.39368629001  2.002552E-16
6420.91198586963  2.056264E-16
6426.43028544925  1.993531E-16
6431.94858502887  2.066003E-16
6437.46688460849  1.977903E-16
6442.98518418811  1.930742E-16
6448.50348376773  2.003319E-16
6454.02178334735  1.878934E-16
6459.54008292697  2.037025E-16
6465.05838250659  2.062239E-16
6470.57668208621  1.986120E-16
6476.09498166583  2.007387E-16
6481.61328124545  1.969875E-16
6487.13158082507  1.964724E-16
6492.64988040469  2.110045E-16
6498.16817998431  2.108620E-16
6503.68647956393  1.976206E-16
6509.20477914355  2.100426E-16
6514.72307872317  2.059713E-16
6520.24137830279  2.043127E-16
6525.75967788241  2.015975E-16
6531.27797746203  1.886823E-16
6536.79627704165  1.954270E-16
6542.31457662127  2.013967E-16
6547.83287620089  1.950705E-16
6553.35117578051  1.882683E-16
6558.86947536013  1.967066E-16
6564.38777493975  2.123121E-16
6569.90607451937  2.131401E-16
6575.42437409899  1.830729E-16
6580.94267367861  1.890028E-16
6586.46097325823  1.793132E-16
6591.97927283785  1.901041E-16
6597.49757241747  1.912298E-16
6603.01587199709  1.786405E-16
6608.53417157671  1.751352E-16
6614.05247115633  1.877272E-16
6619.57077073595  1.911953E-16
6625.08907031557  1.755436E-16
6630.60736989519  1.868976E-16
6636.12566947481  1.868855E-16
6641.64396905443  1.921403E-16
6647.16226863405  1.871543E-16
6652.68056821367  1.967546E-16
6658.19886779329  1.920423E-16
6663.71716737291  1.894312E-16
6669.23546695253  1.781832E-16
6674.75376653215  1.782460E-16
6680.27206611177  1.814004E-16
6685.79036569139  1.760243E-16
6691.30866527101  1.879286E-16
6696.82696485063  1.822903E-16
6702.34526443025  1.887091E-16
6707.86356400987  1.939330E-16
6713.38186358949  1.715455E-16
6718.90016316911  1.889204E-16
6724.41846274873  1.944405E-16
6729.93676232835  1.799399E-16
6735.45506190797  1.857538E-16
6740.97336148759  2.032574E-16
6746.49166106721  1.998625E-16
6752.00996064683  1.948688E-16
6757.52826022645  1.862460E-16
6763.04655980607  1.930668E-16
6768.56485938569  1.799776E-16
6774.08315896531  1.872977E-16
6779.60145854493  1.828026E-16
6785.11975812455  1.945631E-16
6790.63805770417  1.930909E-16
6796.15635728379  1.926767E-16
6801.67465686341  1.869321E-16
6807.19295644303  2.029833E-16
6812.71125602265  1.832423E-16
6818.22955560227  1.854575E-16
6823.74785518189  1.882692E-16
6829.26615476151  1.884742E-16
6834.78445434113  1.910781E-16
6840.30275392075  2.014487E-16
6845.82105350037  1.968448E-16
6851.33935307999  1.927364E-16
6856.85765265961  1.983471E-16
6862.37595223923  1.858358E-16
6867.89425181885  1.747474E-16
6873.41255139847  1.784519E-16
6878.93085097809  1.806666E-16
6884.44915055771  1.966174E-16
6889.96745013733  2.009393E-16
6895.48574971695  1.837578E-16
6901.00404929657  1.866204E-16
6906.52234887619  1.898171E-16
6912.04064845581  1.871085E-16
6917.55894803543  1.952284E-16
6923.07724761505  1.955009E-16
6928.59554719467  2.040033E-16
6934.11384677429  2.047282E-16
6939.63214635391  1.964959E-16
6945.15044593353  1.873261E-16
6950.66874551315  1.980218E-16
6956.18704509277  1.891846E-16
6961.70534467239  1.772528E-16
6967.22364425201  1.950885E-16
6972.74194383163  2.003427E-16
6978.26024341125  1.911739E-16
6983.77854299087  2.060627E-16
6989.29684257049  1.951122E-16
6994.81514215011  2.083927E-16
7000.33344172973  2.072327E-16
7005.85174130935  2.052259E-16
7011.37004088897  1.993915E-16
7016.88834046859  2.016529E-16
7022.40664004821  2.007749E-16
7027.92493962783  1.957878E-16
7033.44323920745  1.803117E-16
7038.96153878707  1.742537E-16
7044.47983836669  1.893321E-16
7049.99813794631  1.978089E-16
7055.51643752593  1.886132E-16
7061.03473710555  1.820713E-16
7066.55303668517  1.875261E-16
7072.07133626479  1.883899E-16
7077.58963584441  1.951633E-16
7083.10793542403  2.059471E-16
7088.62623500365  1.869411E-16
7094.14453458327  1.979807E-16
7099.66283416289  2.023705E-16
7105.18113374251  1.907692E-16
7110.69943332213  2.040305E-16
7116.21773290175  1.820720E-16
7121.73603248137  1.987947E-16
7127.25433206099  1.980609E-16
7132.77263164061  1.996462E-16
7138.29093122023  1.903374E-16
7143.80923079985  1.885602E-16
7149.32753037947  1.913263E-16
7154.84582995909  2.034188E-16
7160.36412953871  1.959361E-16
7165.88242911833  1.821567E-16
7171.40072869795  1.831962E-16
7176.91902827757  1.822274E-16
7182.43732785719  1.760138E-16
7187.95562743681  1.717472E-16
7193.47392701643  1.709367E-16
7198.99222659605  1.721700E-16
7204.51052617567  1.833703E-16
7210.02882575529  1.949997E-16
7215.54712533491  1.934035E-16
7221.06542491453  1.862325E-16
7226.58372449415  1.820184E-16
7232.10202407377  1.851662E-16
7237.62032365339  1.838275E-16
7243.13862323301  1.860538E-16
7248.65692281263  1.927125E-16
7254.17522239225  1.849611E-16
7259.69352197187  1.890370E-16
7265.21182155149  1.934103E-16
7270.73012113111  1.858726E-16
7276.24842071073  1.962904E-16
7281.76672029035  1.843537E-16
7287.28501986997  1.929347E-16
7292.80331944959  1.832341E-16
7298.32161902921  1.816274E-16
7303.83991860883  1.782814E-16
7309.35821818845  1.663503E-16
7314.87651776807  1.840019E-16
7320.39481734769  1.871800E-16
7325.91311692731  1.818452E-16
7331.43141650693  1.738245E-16
7336.94971608655  1.864850E-16
7342.46801566617  1.919376E-16
7347.98631524579  1.962062E-16
7353.50461482541  1.999150E-16
7359.02291440503  1.872780E-16
7364.54121398465  1.879688E-16
7370.05951356427  1.862778E-16
7375.57781314389  1.955551E-16
7381.09611272351  1.985627E-16
7386.61441230313  1.814790E-16
7392.13271188275  1.935843E-16
7397.65101146237  1.951547E-16
7403.16931104199  2.015824E-16
7408.68761062161  1.877588E-16
7414.20591020123  1.924210E-16
7419.72420978085  1.909396E-16
7425.24250936047  1.922457E-16
7430.76080894009  1.979634E-16
7436.27910851971  2.057886E-16
7441.79740809933  1.968375E-16
7447.31570767895  1.981292E-16
7452.83400725857  1.931840E-16
7458.35230683819  1.954933E-16
7463.87060641781  2.040055E-16
7469.38890599743  2.044894E-16
7474.90720557705  1.974883E-16
7480.42550515667  1.936136E-16
7485.94380473629  1.933971E-16
7491.46210431591  1.996431E-16
7496.98040389553  2.074677E-16
7502.49870347515  1.954115E-16
7508.01700305477  1.995690E-16
7513.53530263439  2.087792E-16
7519.05360221401  2.001101E-16
7524.57190179363  2.043965E-16
7530.09020137325  1.969268E-16
7535.60850095287  2.016912E-16
7541.12680053249  2.008960E-16
7546.64510011211  1.991117E-16
7552.16339969173  2.060759E-16
7557.68169927135  2.112226E-16
7563.19999885097  2.178162E-16
7568.71829843059  2.031579E-16
7574.23659801021  1.807572E-16
7579.75489758983  1.908084E-16
7585.27319716945  1.840605E-16
7590.79149674907  1.832189E-16
7596.30979632869  1.717535E-16
7601.82809590831  1.422801E-16
7607.34639548793  1.181020E-16
7612.86469506755  1.353628E-16
7618.38299464717  1.690289E-16
7623.90129422679  1.820428E-16
7629.41959380641  1.668980E-16
7634.93789338603  1.584345E-16
7640.45619296565  1.659696E-16
7645.97449254527  1.606861E-16
7651.49279212489  1.681939E-16
7657.01109170451  1.767298E-16
7662.52939128413  1.748473E-16
7668.04769086375  1.819774E-16
7673.56599044337  1.762337E-16
7679.08429002299  1.819990E-16
7684.60258960261  1.883763E-16
7690.12088918223  1.690656E-16
7695.63918876185  1.758455E-16
7701.15748834147  1.819037E-16
7706.67578792109  1.928815E-16
7712.19408750071  1.758761E-16
7717.71238708033  1.760044E-16
7723.23068665995  1.716273E-16
7728.74898623957  1.673996E-16
7734.26728581919  1.870751E-16
7739.78558539881  1.906034E-16
7745.30388497843  1.930084E-16
7750.82218455805  1.833487E-16
7756.34048413767  1.785345E-16
7761.85878371729  1.848439E-16
7767.37708329691  1.794660E-16
7772.89538287653  1.922232E-16
7778.41368245615  1.841373E-16
7783.93198203577  1.640329E-16
7789.45028161539  1.732537E-16
7794.96858119501  1.841355E-16
7800.48688077463  2.060780E-16
7806.00518035425  2.036635E-16
7811.52347993387  1.825092E-16
7817.04177951349  1.853715E-16
7822.56007909311  1.888769E-16
7828.07837867273  1.783353E-16
7833.59667825235  1.725808E-16
7839.11497783197  1.793164E-16
7844.63327741159  1.740808E-16
7850.15157699121  1.875206E-16
7855.66987657083  2.023447E-16
7861.18817615045  1.824384E-16
7866.70647573007  1.934595E-16
7872.22477530969  1.798351E-16
7877.74307488931  1.754259E-16
7883.26137446893  1.752994E-16
7888.77967404855  1.668006E-16
7894.29797362817  1.615415E-16
7899.81627320779  1.666447E-16
7905.33457278741  1.691478E-16
7910.85287236703  1.663829E-16
7916.37117194665  1.720725E-16
7921.88947152627  1.994907E-16
7927.40777110589  2.028872E-16
7932.92607068551  1.819846E-16
7938.44437026513  1.917872E-16
7943.96266984475  2.021297E-16
7949.48096942437  1.899646E-16
7954.99926900399  1.901355E-16
7960.51756858361  1.912538E-16
7966.03586816323  1.902522E-16
7971.55416774285  1.925966E-16
7977.07246732247  1.852864E-16
7982.59076690209  2.004719E-16
7988.10906648171  1.940743E-16
7993.62736606133  1.931089E-16
7999.14566564095  1.856301E-16
8004.66396522057  1.747546E-16
8010.18226480019  1.807845E-16
8015.70056437981  1.755215E-16
8021.21886395943  1.975625E-16
8026.73716353905  1.812198E-16
8032.25546311867  1.767102E-16
8037.77376269829  1.745542E-16
8043.29206227791  1.895639E-16
8048.81036185753  1.898101E-16
8054.32866143715  2.035231E-16
8059.84696101677  1.996792E-16
8065.36526059639  1.845721E-16
8070.88356017601  2.027228E-16
8076.40185975563  2.073029E-16
8081.92015933525  1.866343E-16
8087.43845891487  1.960614E-16
8092.95675849449  2.052918E-16
8098.47505807411  1.879808E-16
8103.99335765373  1.886722E-16
8109.51165723335  1.855779E-16
8115.02995681297  1.883215E-16
8120.54825639259  1.918007E-16
8126.06655597221  1.994847E-16
8131.58485555183  1.973781E-16
8137.10315513145  1.854771E-16
8142.62145471107  1.937049E-16
8148.13975429069  1.795918E-16
8153.65805387031  1.863259E-16
8159.17635344993  1.721320E-16
8164.69465302955  1.630950E-16
8170.21295260917  1.685148E-16
8175.73125218879  1.892605E-16
8181.24955176841  1.946658E-16
8186.76785134803  1.936996E-16
8192.28615092765  2.037301E-16
8197.80445050727  2.027568E-16
8203.32275008689  1.868676E-16
8208.84104966651  1.838683E-16
8214.35934924613  1.772013E-16
8219.87764882575  1.762650E-16
8225.39594840537  1.738472E-16
8230.91424798499  1.648865E-16
8236.43254756461  1.673858E-16
8241.95084714423  1.826837E-16
8247.46914672385  1.830235E-16
8252.98744630347  1.866076E-16
8258.50574588309  1.690575E-16
8264.02404546271  1.671653E-16
8269.54234504233  1.697277E-16
8275.06064462195  1.774100E-16
8280.57894420157  1.654172E-16
8286.09724378119  1.759799E-16
8291.61554336081  1.610043E-16
8297.13384294043  1.588264E-16
8302.65214252005  2.010156E-16
8308.17044209967  2.088098E-16
8313.68874167929  1.928145E-16
8319.20704125891  1.854457E-16
8324.72534083853  1.748292E-16
8330.24364041815  1.769873E-16
8335.76193999777  1.719597E-16
8341.28023957739  1.614220E-16
8346.79853915701  1.758381E-16
8352.31683873663  1.912978E-16
8357.83513831625  1.857391E-16
8363.35343789587  1.576597E-16
8368.87173747549  1.544593E-16
8374.39003705511  1.794196E-16
8379.90833663473  1.752449E-16
8385.42663621435  1.793739E-16
8390.94493579397  1.959360E-16
8396.46323537359  1.870553E-16
8401.98153495321  1.735235E-16
8407.49983453283  1.385805E-16
8413.01813411245  1.944807E-16
8418.53643369207  1.828257E-16
8424.05473327169  1.676107E-16
8429.57303285131  1.436562E-16
8435.09133243093  1.820831E-16
8440.60963201055  1.719601E-16
8446.12793159017  1.690153E-16
8451.64623116979  1.853721E-16
8457.16453074941  1.687433E-16
8462.68283032903  1.460328E-16
8468.20112990865  1.719988E-16
8473.71942948827  1.793644E-16
8479.23772906789  1.793804E-16
8484.75602864751  1.824816E-16
8490.27432822713  1.751256E-16
8495.79262780675  1.650722E-16
8501.31092738637  1.746625E-16
8506.82922696599  1.745439E-16
8512.34752654561  1.693837E-16
8517.86582612523  1.662893E-16
8523.38412570485  1.709035E-16
8528.90242528447  1.929956E-16
8534.42072486409  1.911902E-16
8539.93902444371  2.081021E-16
8545.45732402333  1.817293E-16
8550.97562360295  1.933263E-16
8556.49392318257  1.748211E-16
8562.01222276219  1.978089E-16
8567.53052234181  1.830122E-16
8573.04882192143  1.989520E-16
8578.56712150105  1.895857E-16
8584.08542108067  1.577158E-16
8589.60372066029  1.748055E-16
8595.12202023991  1.825124E-16
8600.64031981953  2.048334E-16
8606.15861939915  1.875375E-16
8611.67691897877  1.776020E-16
8617.19521855839  1.765454E-16
8622.71351813801  1.925143E-16
8628.23181771763  2.190343E-16
8633.75011729725  1.952260E-16
8639.26841687687  1.628731E-16
8644.78671645649  1.844562E-16
8650.30501603611  1.931898E-16
8655.82331561573  1.911835E-16
8661.34161519535  1.849208E-16
8666.85991477497  1.688270E-16
8672.37821435459  1.879906E-16
8677.89651393421  1.939431E-16
8683.41481351383  1.988762E-16
8688.93311309345  1.692648E-16
8694.45141267307  1.591655E-16
8699.96971225269  1.932736E-16
8705.48801183231  1.946216E-16
8711.00631141193  1.812724E-16
8716.52461099155  1.775341E-16
8722.04291057117  1.972387E-16
8727.56121015079  1.992122E-16
8733.07950973041  1.794557E-16
8738.59780931003  1.793132E-16
8744.11610888965  1.949380E-16
8749.63440846927  2.231184E-16
8755.15270804889  1.785165E-16
8760.67100762851  1.519768E-16
8766.18930720813  2.099373E-16
8771.70760678775  1.980418E-16
8777.22590636737  1.871447E-16
8782.74420594699  1.798203E-16
8788.26250552661  1.679160E-16
8793.78080510623  1.980416E-16
8799.29910468585  1.969160E-16
8804.81740426547  1.705918E-16
8810.33570384509  1.732186E-16
8815.85400342471  2.265503E-16
8821.37230300433  2.376023E-16
8826.89060258395  1.994659E-16
8832.40890216357  2.179406E-16
8837.92720174319  2.308896E-16
8843.44550132281  2.154209E-16
8848.96380090243  2.048663E-16
8854.48210048205  1.642438E-16
8860.00040006167  1.847165E-16
8865.51869964129  1.907086E-16
8871.03699922091  2.205364E-16
8876.55529880053  2.234084E-16
8882.07359838015  2.136577E-16
8887.59189795977  1.930373E-16
8893.11019753939  2.210685E-16
8898.62849711901  2.090854E-16
8904.14679669863  1.699658E-16
8909.66509627825  1.710090E-16
8915.18339585787  1.604278E-16
8920.70169543749  1.437159E-16
8926.21999501711  1.710184E-16
8931.73829459673  1.710965E-16
8937.25659417635  1.630851E-16
8942.77489375597  1.686438E-16
8948.29319333559  1.489185E-16
8953.81149291521  1.728730E-16
8959.32979249483  1.682359E-16
8964.84809207445  1.794005E-16
8970.36639165407  1.779790E-16
8975.88469123369  1.703634E-16
8981.40299081331  2.002777E-16
8986.92129039293  1.804616E-16
8992.43958997255  1.627308E-16
8997.95788955217  1.854859E-16
9003.47618913179  1.774325E-16
9008.99448871141  1.996655E-16
9014.51278829103  2.253779E-16
9020.03108787065  2.052194E-16
9025.54938745027  1.890318E-16
9031.06768702989  2.012773E-16
9036.58598660951  1.873391E-16
9042.10428618913  2.122126E-16
9047.62258576875  2.072733E-16
9053.14088534837  1.801217E-16
9058.65918492799  1.398663E-16
9064.17748450761  1.500135E-16
9069.69578408723  1.468684E-16
9075.21408366685  1.735885E-16
9080.73238324647  1.466340E-16
9086.25068282609  1.648067E-16
9091.76898240571  1.787538E-16
9097.28728198533  1.550398E-16
9102.80558156495  1.631466E-16
9108.32388114457  1.909352E-16
9113.84218072419  1.815584E-16
9119.36048030381  1.367390E-16
9124.87877988343  1.774145E-16
9130.39707946305  1.747308E-16
9135.91537904267  1.653134E-16
9141.43367862229  1.657306E-16
9146.95197820191  1.812341E-16
9152.47027778153  1.827076E-16
9157.98857736115  1.393863E-16
9163.50687694077  1.462091E-16
9169.02517652039  1.428211E-16
9174.54347610001  1.396114E-16
9180.06177567963  1.682395E-16
9185.58007525925  2.011350E-16
9191.09837483887  2.195471E-16
9196.61667441849  1.989033E-16
9202.13497399811  1.936306E-16
9207.65327357773  1.889190E-16
9213.17157315735  1.594404E-16
9218.68987273697  1.627477E-16
9224.20817231659  1.886283E-16
9229.72647189621  1.640513E-16
9235.24477147583  1.809839E-16
9240.76307105545  1.905551E-16
9246.28137063507  1.311586E-16
9251.79967021469  1.904950E-16
