3660.47192383  7.893472E-17
3665.98860025593  8.648525E-17
3671.50527668186  5.168009E-17
3677.02195310779  6.353675E-17
3682.53862953372  1.015621E-16
3688.05530595965  8.668296E-17
3693.57198238558  5.106375E-17
3699.08865881151  4.886186E-17
3704.60533523744  1.022759E-16
3710.12201166337  9.724809E-17
3715.6386880893  9.181093E-17
3721.15536451523  6.623645E-17
3726.67204094116  7.083087E-17
3732.18871736709  4.186542E-17
3737.70539379302  7.339675E-17
3743.22207021895  7.039069E-17
3748.73874664488  1.043488E-16
3754.25542307081  1.123773E-16
3759.77209949674  1.202256E-16
3765.28877592267  1.143079E-16
3770.8054523486  1.381314E-16
3776.32212877453  1.093755E-16
3781.83880520046  1.296358E-16
3787.35548162639  1.165401E-16
3792.87215805232  1.466580E-16
3798.38883447825  1.408625E-16
3803.90551090418  1.196430E-16
3809.42218733011  1.295265E-16
3814.93886375604  8.810187E-17
3820.45554018197  1.217458E-16
3825.9722166079  9.750605E-17
3831.48889303383  1.114273E-16
3837.00556945976  8.743486E-17
3842.52224588569  1.113905E-16
3848.03892231162  9.363831E-17
3853.55559873755  8.832204E-17
3859.07227516348  1.180027E-16
3864.58895158941  1.149279E-16
3870.10562801534  1.200125E-16
3875.62230444127  1.292816E-16
3881.1389808672  1.397439E-16
3886.65565729313  1.327572E-16
3892.17233371906  1.432095E-16
3897.68901014499  1.469690E-16
3903.20568657092  1.513285E-16
3908.72236299685  1.587131E-16
3914.23903942278  1.302790E-16
3919.75571584871  1.260637E-16
3925.27239227464  8.499743E-17
3930.78906870057  6.969420E-17
3936.3057451265  8.069085E-17
3941.82242155243  7.897030E-17
3947.33909797836  8.840686E-17
3952.85577440429  1.051434E-16
3958.37245083022  9.308573E-17
3963.88912725615  9.204139E-17
3969.40580368208  8.248826E-17
3974.92248010801  8.966104E-17
3980.43915653394  1.173745E-16
3985.95583295987  1.751726E-16
3991.4725093858  1.958584E-16
3996.98918581173  2.094039E-16
4002.50586223766  2.298749E-16
4008.02253866359  2.680412E-16
4013.53921508952  2.631307E-16
4019.05589151545  2.694664E-16
4024.57256794138  2.612462E-16
4030.08924436731  2.811884E-16
4035.60592079324  2.669997E-16
4041.12259721917  2.688004E-16
4046.6392736451  2.799712E-16
4052.15595007103  2.699425E-16
4057.67262649696  2.592453E-16
4063.18930292289  2.890234E-16
4068.70597934882  2.824003E-16
4074.22265577475  2.919792E-16
4079.73933220068  3.010486E-16
4085.25600862661  3.111025E-16
4090.77268505254  3.364058E-16
4096.28936147847  4.112561E-16
4101.8060379044  4.402478E-16
4107.32271433033  4.315088E-16
4112.83939075626  4.306159E-16
4118.35606718219  3.524099E-16
4123.87274360812  2.752959E-16
4129.38942003405  2.520984E-16
4134.90609645998  2.402033E-16
4140.42277288591  2.482330E-16
4145.93944931184  2.603905E-16
4151.45612573777  2.832096E-16
4156.9728021637  3.140567E-16
4162.48947858963  3.272795E-16
4168.00615501556  2.975560E-16
4173.52283144149  2.842302E-16
4179.03950786742  2.534918E-16
4184.55618429335  2.611867E-16
4190.07286071928  2.637480E-16
4195.58953714521  2.887482E-16
4201.10621357114  2.737913E-16
4206.62288999707  2.646227E-16
4212.139566423  2.263920E-16
4217.65624284893  1.700529E-16
4223.17291927486  1.333570E-16
4228.68959570079  1.383065E-16
4234.20627212672  1.306141E-16
4239.72294855265  1.568343E-16
4245.23962497858  1.877351E-16
4250.75630140451  2.123927E-16
4256.27297783044  2.013578E-16
4261.78965425637  2.134230E-16
4267.3063306823  1.918160E-16
4272.82300710823  1.635923E-16
4278.33968353416  1.618860E-16
4283.85635996009  1.479209E-16
4289.37303638602  1.566263E-16
4294.88971281195  1.738521E-16
4300.40638923788  1.813643E-16
4305.92306566381  1.574847E-16
4311.43974208974  1.601033E-16
4316.95641851568  1.458623E-16
4322.4730949416  1.560695E-16
4327.98977136753  1.553360E-16
4333.50644779346  1.904700E-16
4339.02312421939  2.217331E-16
4344.53980064532  2.470995E-16
4350.05647707125  2.287621E-16
4355.57315349718  2.039136E-16
4361.08982992311  1.737007E-16
4366.60650634904  1.582614E-16
4372.12318277497  1.725044E-16
4377.6398592009  1.709877E-16
4383.15653562683  1.945401E-16
4388.67321205276  1.973775E-16
4394.18988847869  1.989706E-16
4399.70656490462  1.803705E-16
4405.22324133055  1.735272E-16
4410.73991775648  1.642546E-16
4416.25659418241  1.668513E-16
4421.77327060834  1.592553E-16
4427.28994703427  1.378800E-16
4432.8066234602  1.071884E-16
4438.32329988613  8.605200E-17
4443.83997631206  1.073827E-16
4449.35665273799  1.130553E-16
4454.87332916392  1.191457E-16
4460.39000558985  1.125234E-16
4465.90668201578  9.241911E-17
4471.42335844171  9.143009E-17
4476.94003486764  8.883904E-17
4482.45671129357  1.032646E-16
4487.97338771951  1.098206E-16
4493.49006414543  1.172838E-16
4499.00674057136  1.160646E-16
4504.52341699729  9.994486E-17
4510.04009342322  1.160712E-16
4515.55676984915  1.054979E-16
4521.07344627508  1.066697E-16
4526.59012270101  1.102498E-16
4532.10679912694  1.438756E-16
4537.62347555287  1.412446E-16
4543.1401519788  1.373361E-16
4548.65682840473  1.340850E-16
4554.17350483066  1.403348E-16
4559.69018125659  1.524925E-16
4565.20685768252  1.509646E-16
4570.72353410845  1.719925E-16
4576.24021053438  1.586569E-16
4581.75688696031  1.499856E-16
4587.27356338624  1.331639E-16
4592.79023981217  8.932039E-17
4598.3069162381  6.810896E-17
4603.82359266403  8.430938E-17
4609.34026908996  8.699247E-17
4614.85694551589  1.054941E-16
4620.37362194183  1.129447E-16
4625.89029836775  1.020813E-16
4631.40697479368  9.765174E-17
4636.92365121961  8.310717E-17
4642.44032764554  7.195368E-17
4647.95700407147  1.041139E-16
4653.4736804974  1.015810E-16
4658.99035692333  1.194426E-16
4664.50703334926  1.146884E-16
4670.02370977519  1.098049E-16
4675.54038620113  1.167483E-16
4681.05706262706  1.247835E-16
4686.57373905298  1.253281E-16
4692.09041547891  1.338128E-16
4697.60709190484  1.494516E-16
4703.12376833077  1.411602E-16
4708.6404447567  1.659750E-16
4714.15712118263  1.571309E-16
4719.67379760856  1.544002E-16
4725.1904740345  1.609156E-16
4730.70715046042  1.639295E-16
4736.22382688635  1.785308E-16
4741.74050331228  1.871720E-16
4747.25717973821  1.968819E-16
4752.77385616414  1.960394E-16
4758.29053259007  1.740268E-16
4763.807209016  1.362068E-16
4769.32388544193  9.736141E-17
4774.84056186786  6.677987E-17
4780.35723829379  5.624444E-17
4785.87391471972  7.403812E-17
4791.39059114565  9.425149E-17
4796.90726757158  1.063823E-16
4802.42394399751  1.113551E-16
4807.94062042344  9.365132E-17
4813.45729684937  9.399170E-17
4818.9739732753  8.425731E-17
4824.49064970123  9.423463E-17
4830.00732612716  1.007878E-16
4835.5240025531  1.080615E-16
4841.04067897902  1.384835E-16
4846.55735540495  1.265288E-16
4852.07403183088  1.238652E-16
4857.59070825681  1.233843E-16
4863.10738468274  1.167583E-16
4868.62406110867  1.444835E-16
4874.1407375346  1.561632E-16
4879.65741396053  1.581509E-16
4885.17409038646  1.826901E-16
4890.69076681239  2.048485E-16
4896.20744323832  2.214381E-16
4901.72411966425  2.214262E-16
4907.24079609019  2.588319E-16
4912.75747251611  2.899580E-16
4918.27414894204  3.274725E-16
4923.79082536798  3.663465E-16
4929.30750179391  4.130634E-16
4934.82417821983  4.672417E-16
4940.34085464577  5.386921E-16
4945.85753107169  5.386686E-16
4951.37420749762  4.715175E-16
4956.89088392355  3.517259E-16
4962.40756034948  2.522460E-16
4967.92423677541  1.251395E-16
4973.44091320134  6.366415E-17
4978.95758962727  6.907445E-17
4984.47426605321  8.809535E-17
4989.99094247913  9.431577E-17
4995.50761890506  1.024099E-16
5001.02429533099  8.631852E-17
5006.54097175693  9.838952E-17
5012.05764818286  9.061922E-17
5017.57432460879  1.106128E-16
5023.09100103471  1.091286E-16
5028.60767746064  1.335273E-16
5034.12435388657  1.777589E-16
5039.64103031251  1.866696E-16
5045.15770673843  2.103849E-16
5050.67438316437  2.362567E-16
5056.1910595903  2.471992E-16
5061.70773601623  2.630810E-16
5067.22441244215  2.905727E-16
5072.74108886809  3.087472E-16
5078.25776529401  3.502088E-16
5083.77444171994  3.720002E-16
5089.29111814587  3.965899E-16
5094.80779457181  4.168180E-16
5100.32447099774  4.270084E-16
5105.84114742367  4.313849E-16
5111.3578238496  4.825913E-16
5116.87450027553  5.131408E-16
5122.39117670145  5.759389E-16
5127.90785312739  5.911427E-16
5133.42452955332  6.062628E-16
5138.94120597925  6.676561E-16
5144.45788240518  6.758547E-16
5149.9745588311  7.077790E-16
5155.49123525703  7.201075E-16
5161.00791168297  6.534275E-16
5166.5245881089  5.350691E-16
5172.04126453482  3.782745E-16
5177.55794096076  2.479812E-16
5183.07461738669  1.434123E-16
5188.59129381262  1.131552E-16
5194.10797023854  1.536957E-16
5199.62464666448  1.648817E-16
5205.1413230904  1.963647E-16
5210.65799951634  2.258736E-16
5216.17467594226  2.378487E-16
5221.6913523682  2.526482E-16
5227.20802879413  2.658510E-16
5232.72470522006  2.789198E-16
5238.24138164599  2.850877E-16
5243.75805807192  2.914321E-16
5249.27473449785  3.047809E-16
5254.79141092377  3.126271E-16
5260.3080873497  3.265641E-16
5265.82476377564  3.301411E-16
5271.34144020156  3.479828E-16
5276.85811662749  3.552380E-16
5282.37479305343  3.636227E-16
5287.89146947936  4.050222E-16
5293.40814590529  4.450578E-16
5298.92482233122  4.628659E-16
5304.44149875714  4.664464E-16
5309.95817518308  4.684074E-16
5315.47485160901  4.725581E-16
5320.99152803494  4.714810E-16
5326.50820446086  4.547751E-16
5332.0248808868  4.617946E-16
5337.54155731273  4.901926E-16
5343.05823373865  5.279593E-16
5348.57491016459  5.539697E-16
5354.09158659052  5.384433E-16
5359.60826301645  5.218709E-16
5365.12493944237  5.371986E-16
5370.64161586831  5.205269E-16
5376.15829229423  5.119844E-16
5381.67496872017  5.443403E-16
5387.19164514609  5.885886E-16
5392.70832157203  6.448795E-16
5398.22499799796  6.352678E-16
5403.74167442389  6.470686E-16
5409.25835084982  6.424355E-16
5414.77502727575  6.520928E-16
5420.29170370168  6.684222E-16
5425.80838012761  6.850676E-16
5431.32505655353  7.180542E-16
5436.84173297947  7.003634E-16
5442.35840940539  6.455879E-16
5447.87508583133  5.536972E-16
5453.39176225726  4.670610E-16
5458.90843868319  3.794993E-16
5464.42511510912  3.198675E-16
5469.94179153505  3.201597E-16
5475.45846796097  3.466795E-16
5480.97514438691  3.688447E-16
5486.49182081283  3.737678E-16
5492.00849723876  3.926461E-16
5497.5251736647  4.040099E-16
5503.04185009063  4.006819E-16
5508.55852651656  3.990728E-16
5514.07520294248  4.044279E-16
5519.59187936842  4.548033E-16
5525.10855579435  4.874581E-16
5530.62523222028  5.287074E-16
5536.14190864621  5.519049E-16
5541.65858507214  5.733214E-16
5547.17526149807  5.800039E-16
5552.691937924  5.853419E-16
5558.20861434993  5.839862E-16
5563.72529077586  5.609919E-16
5569.24196720179  5.044168E-16
5574.75864362772  4.708576E-16
5580.27532005365  4.405625E-16
5585.79199647958  4.295837E-16
5591.3086729055  3.972352E-16
5596.82534933144  3.446126E-16
5602.34202575736  3.563772E-16
5607.8587021833  3.353809E-16
5613.37537860923  3.191562E-16
5618.89205503516  3.305813E-16
5624.40873146109  3.149874E-16
5629.92540788702  3.247015E-16
5635.44208431295  3.317811E-16
5640.95876073888  3.761312E-16
5646.47543716481  4.094230E-16
5651.99211359074  4.152166E-16
5657.50879001667  4.284982E-16
5663.0254664426  4.462229E-16
5668.54214286853  4.489500E-16
5674.05881929446  4.587302E-16
5679.57549572039  4.753407E-16
5685.09217214632  5.319180E-16
5690.60884857225  5.656122E-16
5696.12552499818  6.036686E-16
5701.64220142411  6.321236E-16
5707.15887785004  6.512933E-16
5712.67555427597  6.783021E-16
5718.1922307019  6.975332E-16
5723.70890712782  7.008262E-16
5729.22558355375  6.756081E-16
5734.74225997969  6.849212E-16
5740.25893640562  6.726730E-16
5745.77561283155  6.636805E-16
5751.29228925748  6.472918E-16
5756.80896568341  6.651165E-16
5762.32564210934  6.897480E-16
5767.84231853527  6.905469E-16
5773.3589949612  7.147913E-16
5778.87567138713  7.524958E-16
5784.39234781306  8.031088E-16
5789.90902423899  8.782124E-16
5795.42570066492  9.464049E-16
5800.94237709085  9.434902E-16
5806.45905351678  9.352951E-16
5811.97572994271  9.143721E-16
5817.49240636864  8.815772E-16
5823.00908279457  8.449828E-16
5828.5257592205  8.140108E-16
5834.04243564643  7.696582E-16
5839.55911207235  6.669058E-16
5845.07578849829  5.469122E-16
5850.59246492422  4.536371E-16
5856.10914135015  3.784596E-16
5861.62581777608  3.092141E-16
5867.14249420201  2.925267E-16
5872.65917062794  2.896739E-16
5878.17584705387  2.747881E-16
5883.6925234798  2.523712E-16
5889.20919990573  2.337654E-16
5894.72587633166  2.263836E-16
5900.24255275759  2.265463E-16
5905.75922918352  2.387162E-16
5911.27590560945  2.640433E-16
5916.79258203538  2.849421E-16
5922.30925846131  3.245554E-16
5927.82593488724  3.761817E-16
5933.34261131317  4.014521E-16
5938.8592877391  4.128383E-16
5944.37596416503  4.468497E-16
5949.89264059096  4.583985E-16
5955.40931701689  4.724920E-16
5960.92599344282  4.850608E-16
5966.44266986875  5.052872E-16
5971.95934629468  5.455954E-16
5977.47602272061  5.855302E-16
5982.99269914654  6.270454E-16
5988.50937557247  6.654618E-16
5994.0260519984  6.883564E-16
5999.54272842433  7.339829E-16
6005.05940485026  7.689723E-16
6010.57608127619  7.808371E-16
6016.09275770212  8.318702E-16
6021.60943412805  8.629777E-16
6027.12611055398  8.867800E-16
6032.64278697991  8.961394E-16
6038.15946340584  9.371686E-16
6043.67613983177  9.760977E-16
6049.1928162577  1.017258E-15
6054.70949268363  1.050155E-15
6060.22616910956  1.075241E-15
6065.74284553549  1.112937E-15
6071.25952196142  1.103793E-15
6076.77619838735  1.090071E-15
6082.29287481328  1.096116E-15
6087.80955123921  1.086801E-15
6093.32622766514  1.090790E-15
6098.84290409106  1.117433E-15
6104.359580517  1.190952E-15
6109.87625694293  1.245734E-15
6115.39293336886  1.307885E-15
6120.90960979479  1.367663E-15
6126.42628622072  1.406038E-15
6131.94296264665  1.458331E-15
6137.45963907258  1.412127E-15
6142.97631549851  1.284301E-15
6148.49299192444  1.068087E-15
6154.00966835037  8.570888E-16
6159.5263447763  6.498497E-16
6165.04302120223  4.925305E-16
6170.55969762816  4.218420E-16
6176.07637405409  3.980273E-16
6181.59305048002  3.962505E-16
6187.10972690595  3.828303E-16
6192.62640333188  3.831210E-16
6198.14307975781  4.111284E-16
6203.65975618374  4.067307E-16
6209.17643260967  4.446112E-16
6214.6931090356  4.366929E-16
6220.20978546153  4.278621E-16
6225.72646188746  4.270892E-16
6231.24313831339  4.419955E-16
6236.75981473932  4.806637E-16
6242.27649116525  5.105472E-16
6247.79316759118  5.732896E-16
6253.30984401711  6.316923E-16
6258.82652044304  6.859438E-16
6264.34319686897  7.223241E-16
6269.8598732949  7.707966E-16
6275.37654972083  8.100894E-16
6280.89322614676  8.081950E-16
6286.40990257269  8.398145E-16
6291.92657899862  8.916488E-16
6297.44325542455  9.345328E-16
6302.95993185048  9.862432E-16
6308.47660827641  1.033035E-15
6313.99328470234  1.071955E-15
6319.50996112827  1.094369E-15
6325.0266375542  1.119267E-15
6330.54331398013  1.188762E-15
6336.05999040606  1.229666E-15
6341.57666683199  1.230538E-15
6347.09334325792  1.225723E-15
6352.61001968385  1.170960E-15
6358.12669610978  1.186930E-15
6363.64337253571  1.176372E-15
6369.16004896164  1.259983E-15
6374.67672538757  1.351743E-15
6380.1934018135  1.432854E-15
6385.71007823943  1.524474E-15
6391.22675466536  1.608838E-15
6396.74343109129  1.688755E-15
6402.26010751722  1.758333E-15
6407.77678394315  1.758684E-15
6413.29346036908  1.699274E-15
6418.81013679501  1.672735E-15
6424.32681322094  1.649039E-15
6429.84348964687  1.727139E-15
6435.3601660728  1.841594E-15
6440.87684249873  1.908757E-15
6446.39351892466  2.045231E-15
6451.91019535059  2.129228E-15
6457.42687177652  2.230368E-15
6462.94354820244  2.334929E-15
6468.46022462838  2.374263E-15
6473.97690105431  2.372670E-15
6479.49357748024  2.319519E-15
6485.01025390617  2.271266E-15
6490.5269303321  2.339004E-15
6496.04360675803  2.426932E-15
6501.56028318396  2.553450E-15
6507.07695960989  2.672100E-15
6512.59363603582  2.742332E-15
6518.11031246175  2.877484E-15
6523.62698888768  2.967636E-15
6529.14366531361  3.039556E-15
6534.66034173954  3.094671E-15
6540.17701816547  2.992009E-15
6545.6936945914  2.921856E-15
6551.21037101732  2.770512E-15
6556.72704744326  2.577764E-15
6562.24372386919  2.448021E-15
6567.76040029512  2.341100E-15
6573.27707672105  2.280585E-15
6578.79375314698  2.223920E-15
6584.31042957291  2.243078E-15
6589.82710599884  2.229911E-15
6595.34378242477  2.180990E-15
6600.8604588507  2.165303E-15
6606.37713527663  2.139119E-15
6611.89381170256  2.111358E-15
6617.41048812849  2.073482E-15
6622.92716455442  2.042080E-15
6628.44384098035  2.024904E-15
6633.96051740628  1.933647E-15
6639.47719383221  1.787330E-15
6644.99387025814  1.662759E-15
6650.51054668407  1.491037E-15
6656.02722311  1.412970E-15
6661.54389953593  1.351755E-15
6667.06057596186  1.294371E-15
6672.57725238779  1.265828E-15
6678.09392881372  1.253273E-15
6683.61060523965  1.190075E-15
6689.12728166558  1.148877E-15
6694.64395809151  1.175450E-15
6700.16063451744  1.190368E-15
6705.67731094337  1.177770E-15
6711.1939873693  1.134404E-15
6716.71066379523  1.052961E-15
6722.22734022116  1.011660E-15
6727.74401664709  1.048574E-15
6733.26069307302  1.109132E-15
6738.77736949895  1.201847E-15
6744.29404592488  1.311501E-15
6749.81072235081  1.360567E-15
6755.32739877674  1.470312E-15
6760.84407520267  1.561847E-15
6766.3607516286  1.632363E-15
6771.87742805453  1.710288E-15
6777.39410448046  1.694798E-15
6782.91078090639  1.722203E-15
6788.42745733232  1.662163E-15
6793.94413375825  1.720884E-15
6799.46081018418  1.838067E-15
6804.97748661011  1.949789E-15
6810.49416303604  2.043818E-15
6816.01083946197  2.158383E-15
6821.5275158879  2.272527E-15
6827.04419231383  2.367019E-15
6832.56086873976  2.471352E-15
6838.07754516569  2.510996E-15
6843.59422159162  2.558412E-15
6849.11089801755  2.592491E-15
6854.62757444348  2.555583E-15
6860.14425086941  2.512427E-15
6865.66092729534  2.589384E-15
6871.17760372127  2.765802E-15
6876.6942801472  3.017064E-15
6882.21095657313  3.320017E-15
6887.72763299906  3.579852E-15
6893.24430942499  3.793309E-15
6898.76098585092  3.955517E-15
6904.27766227685  4.219918E-15
6909.79433870278  4.411240E-15
6915.31101512871  4.457023E-15
6920.82769155464  4.514610E-15
6926.34436798057  4.617509E-15
6931.8610444065  4.662312E-15
6937.37772083243  4.902680E-15
6942.89439725836  5.130094E-15
6948.41107368429  5.326992E-15
6953.92775011022  5.573485E-15
6959.44442653615  5.761471E-15
6964.96110296208  6.011697E-15
6970.47777938801  6.198063E-15
6975.99445581394  6.340356E-15
6981.51113223987  6.426487E-15
6987.0278086658  6.425064E-15
6992.54448509173  6.348838E-15
6998.06116151766  6.346839E-15
7003.57783794359  6.391858E-15
7009.09451436952  6.447540E-15
7014.61119079545  6.482204E-15
7020.12786722138  6.502200E-15
7025.64454364731  6.420978E-15
7031.16122007324  6.343523E-15
7036.67789649917  6.197177E-15
7042.1945729251  5.699282E-15
7047.71124935103  4.945794E-15
7053.22792577696  4.103705E-15
7058.74460220289  3.326115E-15
7064.26127862882  2.723752E-15
7069.77795505475  2.375339E-15
7075.29463148068  2.332730E-15
7080.81130790661  2.264765E-15
7086.32798433254  2.113202E-15
7091.84466075847  1.980487E-15
7097.3613371844  1.867115E-15
7102.87801361033  1.882892E-15
7108.39469003626  1.994824E-15
7113.91136646219  2.064900E-15
7119.42804288812  1.999563E-15
7124.94471931405  1.853533E-15
7130.46139573998  1.647351E-15
7135.97807216591  1.577143E-15
7141.49474859184  1.566460E-15
7147.01142501777  1.651845E-15
7152.5281014437  1.812451E-15
7158.04477786963  1.956645E-15
7163.56145429556  2.052651E-15
7169.07813072149  2.153534E-15
7174.59480714742  2.287022E-15
7180.11148357335  2.434501E-15
7185.62815999928  2.571123E-15
7191.14483642521  2.679329E-15
7196.66151285114  2.755367E-15
7202.17818927707  2.841379E-15
7207.694865703  2.937400E-15
7213.21154212893  3.061260E-15
7218.72821855486  3.277086E-15
7224.24489498079  3.460259E-15
7229.76157140672  3.604688E-15
7235.27824783265  3.768997E-15
7240.79492425858  4.083628E-15
7246.31160068451  4.431858E-15
7251.82827711044  4.761777E-15
7257.34495353637  5.049484E-15
7262.8616299623  5.158312E-15
7268.37830638823  5.322297E-15
7273.89498281416  5.510751E-15
7279.41165924009  5.766527E-15
7284.92833566602  5.975540E-15
7290.44501209195  6.361984E-15
7295.96168851788  6.937030E-15
7301.47836494381  7.429500E-15
7306.99504136974  7.953925E-15
7312.51171779567  8.613924E-15
7318.0283942216  9.171462E-15
7323.54507064753  9.680529E-15
7329.06174707346  1.009372E-14
7334.57842349939  1.027007E-14
7340.09509992532  1.023535E-14
7345.61177635125  1.007426E-14
7351.12845277718  1.012455E-14
7356.64512920311  1.041319E-14
7362.16180562904  1.068390E-14
7367.67848205497  1.100228E-14
7373.1951584809  1.122959E-14
7378.71183490683  1.133914E-14
7384.22851133276  1.144132E-14
7389.74518775869  1.149971E-14
7395.26186418462  1.143556E-14
7400.77854061055  1.138272E-14
7406.29521703648  1.112196E-14
7411.81189346241  1.100535E-14
7417.32856988834  1.110122E-14
7422.84524631427  1.113181E-14
7428.3619227402  1.100341E-14
7433.87859916613  1.085241E-14
7439.39527559206  1.078758E-14
7444.91195201799  1.075150E-14
7450.42862844392  1.075637E-14
7455.94530486985  1.100425E-14
7461.46198129578  1.114120E-14
7466.97865772171  1.122747E-14
7472.49533414764  1.160758E-14
7478.01201057357  1.206810E-14
7483.5286869995  1.255297E-14
7489.04536342543  1.290718E-14
7494.56203985136  1.308285E-14
7500.07871627729  1.325031E-14
7505.59539270322  1.326655E-14
7511.11206912915  1.356714E-14
7516.62874555508  1.405492E-14
7522.14542198101  1.444078E-14
7527.66209840694  1.478731E-14
7533.17877483287  1.521003E-14
7538.6954512588  1.586058E-14
7544.21212768473  1.649241E-14
7549.72880411066  1.721845E-14
7555.24548053659  1.774669E-14
7560.76215696252  1.778971E-14
7566.27883338845  1.771457E-14
7571.79550981438  1.741362E-14
7577.31218624031  1.642700E-14
7582.82886266624  1.460388E-14
7588.34553909217  1.221943E-14
7593.8622155181  9.581907E-15
7599.37889194403  7.412801E-15
7604.89556836996  6.845292E-15
7610.41224479589  8.078196E-15
7615.92892122182  9.791285E-15
7621.44559764775  1.002310E-14
7626.96227407368  9.116143E-15
7632.47895049961  8.214094E-15
7637.99562692554  7.783226E-15
7643.51230335147  8.271041E-15
7649.0289797774  9.193300E-15
7654.54565620333  9.723808E-15
7660.06233262926  9.404528E-15
7665.57900905519  8.694428E-15
7671.09568548112  7.889831E-15
7676.61236190705  7.314254E-15
7682.12903833298  7.086626E-15
7687.64571475891  7.239651E-15
7693.16239118484  7.445242E-15
7698.67906761077  7.516007E-15
7704.1957440367  7.522256E-15
7709.71242046263  7.715061E-15
7715.22909688856  7.887673E-15
7720.74577331449  8.245995E-15
7726.26244974042  8.775060E-15
7731.77912616635  9.020358E-15
7737.29580259228  9.085931E-15
7742.81247901821  8.900267E-15
7748.32915544414  8.608869E-15
7753.84583187007  8.485776E-15
7759.362508296  8.447540E-15
7764.87918472193  8.505392E-15
7770.39586114786  8.742817E-15
7775.91253757379  8.967832E-15
7781.42921399972  9.157090E-15
7786.94589042565  9.416342E-15
7792.46256685158  9.648895E-15
7797.97924327751  1.010039E-14
7803.49591970344  1.069054E-14
7809.01259612937  1.108694E-14
7814.5292725553  1.126092E-14
7820.04594898123  1.127424E-14
7825.56262540716  1.112363E-14
7831.07930183309  1.072816E-14
7836.59597825902  1.039542E-14
7842.11265468495  1.021972E-14
7847.62933111088  1.014763E-14
7853.14600753681  1.007858E-14
7858.66268396274  9.914014E-15
7864.17936038867  9.816342E-15
7869.6960368146  9.801628E-15
7875.21271324053  9.715138E-15
7880.72938966646  9.711651E-15
7886.24606609239  9.813376E-15
7891.76274251832  9.888237E-15
7897.27941894425  9.899082E-15
7902.79609537018  9.735074E-15
7908.31277179611  9.395868E-15
7913.82944822204  9.200263E-15
7919.34612464797  9.304001E-15
7924.8628010739  9.537133E-15
7930.37947749983  9.791196E-15
7935.89615392576  1.004227E-14
7941.41283035169  1.021127E-14
7946.92950677762  1.024368E-14
7952.44618320355  1.005268E-14
7957.96285962948  1.022813E-14
7963.47953605541  1.064315E-14
7968.99621248134  1.086072E-14
7974.51288890727  1.086455E-14
7980.0295653332  1.059522E-14
7985.54624175913  1.059959E-14
7991.06291818506  1.053772E-14
7996.57959461099  1.082376E-14
8002.09627103692  1.146401E-14
8007.61294746285  1.224665E-14
8013.12962388878  1.290415E-14
8018.64630031471  1.354611E-14
8024.16297674064  1.420358E-14
8029.67965316657  1.480091E-14
8035.1963295925  1.560183E-14
8040.71300601843  1.645022E-14
8046.22968244436  1.720557E-14
8051.74635887029  1.795468E-14
8057.26303529622  1.863162E-14
8062.77971172215  1.937207E-14
8068.29638814808  2.030017E-14
8073.81306457401  2.147932E-14
8079.32974099994  2.257607E-14
8084.84641742587  2.345544E-14
8090.3630938518  2.440463E-14
8095.87977027773  2.527779E-14
8101.39644670366  2.629786E-14
8106.91312312959  2.740244E-14
8112.42979955552  2.876414E-14
8117.94647598145  2.981296E-14
8123.46315240738  3.083549E-14
8128.97982883331  3.179898E-14
8134.49650525924  3.283673E-14
8140.01318168517  3.366419E-14
8145.5298581111  3.493261E-14
8151.04653453703  3.541325E-14
8156.56321096296  3.579680E-14
8162.07988738889  3.608903E-14
8167.59656381482  3.637048E-14
8173.11324024075  3.704128E-14
8178.62991666668  3.786919E-14
8184.14659309261  3.816630E-14
8189.66326951854  3.742357E-14
8195.17994594447  3.550180E-14
8200.6966223704  3.255431E-14
8206.21329879633  2.962633E-14
8211.72997522226  2.754414E-14
8217.24665164819  2.651109E-14
8222.76332807412  2.689208E-14
8228.28000450005  2.801486E-14
8233.79668092598  2.946278E-14
8239.31335735191  3.054013E-14
8244.83003377784  3.050613E-14
8250.34671020377  3.078651E-14
8255.8633866297  3.059593E-14
8261.38006305563  3.038540E-14
8266.89673948156  2.958138E-14
8272.41341590749  2.874899E-14
8277.93009233342  2.747537E-14
8283.44676875935  2.620792E-14
8288.96344518528  2.565678E-14
8294.48012161121  2.534833E-14
8299.99679803714  2.514960E-14
8305.51347446307  2.492320E-14
8311.030150889  2.509124E-14
8316.54682731493  2.566466E-14
8322.06350374086  2.631270E-14
8327.58018016679  2.689250E-14
8333.09685659272  2.708746E-14
8338.61353301865  2.683025E-14
8344.13020944458  2.639008E-14
8349.64688587051  2.608541E-14
8355.16356229644  2.625248E-14
8360.68023872237  2.689935E-14
8366.1969151483  2.732600E-14
8371.71359157423  2.761936E-14
8377.23026800016  2.742037E-14
8382.74694442609  2.665491E-14
8388.26362085202  2.608903E-14
8393.78029727795  2.590890E-14
8399.29697370388  2.668668E-14
8404.81365012981  2.748534E-14
8410.33032655574  2.835528E-14
8415.84700298167  2.837018E-14
8421.3636794076  2.721138E-14
8426.88035583353  2.488514E-14
8432.39703225946  2.175557E-14
8437.91370868539  1.889849E-14
8443.43038511132  1.653031E-14
8448.94706153725  1.461175E-14
8454.46373796318  1.345278E-14
8459.98041438911  1.263826E-14
8465.49709081504  1.221911E-14
8471.01376724097  1.264835E-14
8476.5304436669  1.344811E-14
8482.04712009283  1.418277E-14
8487.56379651876  1.484629E-14
8493.08047294469  1.532229E-14
8498.59714937062  1.540036E-14
8504.11382579655  1.513329E-14
8509.63050222248  1.502348E-14
8515.14717864841  1.523563E-14
8520.66385507434  1.565040E-14
8526.18053150027  1.599765E-14
8531.6972079262  1.605612E-14
8537.21388435213  1.619412E-14
8542.73056077806  1.687551E-14
8548.24723720399  1.747017E-14
8553.76391362992  1.827153E-14
8559.28059005585  1.905552E-14
8564.79726648178  1.941826E-14
8570.31394290771  1.925643E-14
8575.83061933364  1.933723E-14
8581.34729575957  1.934927E-14
8586.8639721855  1.949548E-14
8592.38064861143  2.021086E-14
8597.89732503736  2.100627E-14
8603.41400146329  2.163918E-14
8608.93067788922  2.222696E-14
8614.44735431515  2.268505E-14
8619.96403074108  2.312934E-14
8625.48070716701  2.378440E-14
8630.99738359294  2.439509E-14
8636.51406001887  2.478360E-14
8642.0307364448  2.485371E-14
8647.54741287073  2.476194E-14
8653.06408929666  2.465070E-14
8658.58076572259  2.457518E-14
8664.09744214852  2.495192E-14
8669.61411857445  2.547667E-14
8675.13079500038  2.597142E-14
8680.64747142631  2.630630E-14
8686.16414785224  2.648320E-14
8691.68082427817  2.720685E-14
8697.1975007041  2.797076E-14
8702.71417713003  2.901113E-14
8708.23085355596  3.008793E-14
8713.74752998189  3.126723E-14
8719.26420640782  3.178109E-14
8724.78088283375  3.222369E-14
8730.29755925968  3.243792E-14
8735.81423568561  3.289280E-14
8741.33091211154  3.384736E-14
8746.84758853747  3.524574E-14
8752.3642649634  3.634005E-14
8757.88094138933  3.690734E-14
8763.39761781526  3.701943E-14
8768.91429424119  3.710994E-14
8774.43097066712  3.785307E-14
8779.94764709305  3.934931E-14
8785.46432351898  4.095352E-14
8790.98099994491  4.187604E-14
8796.49767637084  4.238744E-14
8802.01435279677  4.269222E-14
8807.5310292227  4.280501E-14
8813.04770564863  4.319257E-14
8818.56438207456  4.406939E-14
8824.08105850049  4.524606E-14
8829.59773492642  4.610015E-14
8835.11441135235  4.673501E-14
8840.63108777828  4.696382E-14
8846.14776420421  4.580583E-14
8851.66444063014  4.283411E-14
8857.18111705607  3.881269E-14
8862.697793482  3.492934E-14
8868.21446990793  3.110047E-14
8873.73114633386  2.830614E-14
8879.24782275979  2.760322E-14
8884.76449918572  2.816090E-14
8890.28117561165  2.971961E-14
8895.79785203758  3.146511E-14
8901.31452846351  3.247326E-14
8906.83120488944  3.305650E-14
8912.34788131537  3.342138E-14
8917.8645577413  3.427539E-14
8923.38123416723  3.468751E-14
8928.89791059316  3.493461E-14
8934.41458701909  3.482128E-14
8939.93126344502  3.400572E-14
8945.44793987095  3.274877E-14
8950.96461629688  3.205622E-14
8956.48129272281  3.217966E-14
8961.99796914874  3.323613E-14
8967.51464557467  3.486557E-14
8973.0313220006  3.585221E-14
8978.54799842653  3.653015E-14
8984.06467485246  3.738874E-14
8989.58135127839  3.853174E-14
8995.09802770432  4.046853E-14
9000.61470413025  4.257547E-14
9006.13138055618  4.357658E-14
9011.64805698211  4.345423E-14
9017.16473340804  4.349471E-14
9022.68140983397  4.378939E-14
9028.1980862599  4.533838E-14
9033.71476268583  4.725386E-14
9039.23143911176  4.814686E-14
9044.74811553769  4.859937E-14
9050.26479196362  4.818647E-14
9055.78146838955  4.806275E-14
9061.29814481548  4.827285E-14
9066.81482124141  4.889922E-14
9072.33149766734  5.005539E-14
9077.84817409327  5.060122E-14
9083.3648505192  5.122900E-14
9088.88152694513  5.157709E-14
9094.39820337106  5.258624E-14
9099.91487979699  5.391280E-14
9105.43155622292  5.519174E-14
9110.94823264885  5.520876E-14
9116.46490907478  5.451046E-14
9121.98158550071  5.390416E-14
9127.49826192664  5.412785E-14
9133.01493835257  5.517046E-14
9138.5316147785  5.579903E-14
9144.04829120443  5.569436E-14
9149.56496763036  5.543191E-14
9155.08164405629  5.509013E-14
9160.59832048222  5.563717E-14
9166.11499690815  5.622551E-14
9171.63167333408  5.577517E-14
9177.14834976001  5.546643E-14
9182.66502618594  5.559805E-14
9188.18170261187  5.618827E-14
9193.6983790378  5.617590E-14
9199.21505546373  5.482958E-14
9204.73173188966  5.296471E-14
9210.24840831559  5.128849E-14
9215.76508474152  5.048576E-14
9221.28176116745  4.954229E-14
9226.79843759338  4.896442E-14
9232.31511401931  4.826937E-14
9237.83179044524  4.761795E-14
9243.34846687117  4.740034E-14
9248.8651432971  4.714134E-14
9254.38181972303  4.703120E-14
