3659.70996094  0.
3665.22726154577  1.589194E-17
3670.74456215154  2.603926E-17
3676.26186275731  9.252472E-19
3681.77916336308  5.502463E-17
3687.29646396885  3.766199E-17
3692.81376457462  4.411466E-17
3698.33106518039  3.668846E-17
3703.84836578616  2.240923E-17
3709.36566639193  4.497451E-17
3714.8829669977  4.010417E-17
3720.40026760347  2.356310E-17
3725.91756820924  3.072014E-17
3731.43486881501  8.868832E-18
3736.95216942078  4.450753E-17
3742.46947002655  1.705729E-17
3747.98677063232  3.440934E-17
3753.50407123809  2.278819E-17
3759.02137184386  2.952212E-17
3764.53867244963  3.349475E-17
3770.0559730554  1.930428E-17
3775.57327366117  2.888777E-17
3781.09057426694  1.807481E-17
3786.60787487271  -4.888284E-18
3792.12517547848  2.407378E-17
3797.64247608425  2.934736E-17
3803.15977669002  2.073397E-17
3808.67707729579  1.347067E-17
3814.19437790156  2.111308E-17
3819.71167850733  1.472990E-17
3825.2289791131  2.496668E-17
3830.74627971887  2.897316E-17
3836.26358032464  3.257740E-17
3841.78088093041  1.942283E-17
3847.29818153618  2.886502E-17
3852.81548214195  2.775932E-17
3858.33278274772  1.816881E-17
3863.85008335349  3.207793E-17
3869.36738395926  2.801319E-17
3874.88468456503  1.378805E-17
3880.4019851708  2.940960E-17
3885.91928577657  7.087156E-18
3891.43658638234  3.177192E-17
3896.95388698811  3.952870E-17
3902.47118759388  3.390108E-17
3907.98848819965  1.098651E-17
3913.50578880542  2.196010E-17
3919.02308941119  5.535622E-17
3924.54039001696  3.541354E-17
3930.05769062273  3.385646E-17
3935.5749912285  2.261692E-17
3941.09229183427  3.075058E-17
3946.60959244004  2.113182E-17
3952.12689304581  2.906361E-17
3957.64419365158  2.943008E-17
3963.16149425735  2.793894E-17
3968.67879486312  1.595518E-17
3974.19609546889  2.278663E-17
3979.71339607466  3.582841E-17
3985.23069668043  3.711833E-17
3990.7479972862  3.890611E-17
3996.26529789197  2.845489E-17
4001.78259849774  4.876223E-17
4007.29989910351  3.565615E-17
4012.81719970928  3.928870E-17
4018.33450031505  1.491383E-17
4023.85180092082  4.539778E-17
4029.36910152659  4.418519E-17
4034.88640213236  2.896245E-17
4040.40370273813  1.793794E-17
4045.9210033439  3.884509E-17
4051.43830394967  3.717637E-17
4056.95560455544  2.734183E-17
4062.47290516121  2.220435E-17
4067.99020576698  3.320219E-17
4073.50750637275  1.695361E-17
4079.02480697852  1.740885E-17
4084.54210758429  4.381500E-17
4090.05940819006  3.450161E-17
4095.57670879583  2.617401E-17
4101.0940094016  2.999474E-17
4106.61131000737  5.432940E-17
4112.12861061314  4.228269E-17
4117.64591121891  3.948626E-17
4123.16321182468  2.715153E-17
4128.68051243045  4.025983E-17
4134.19781303622  3.409905E-17
4139.71511364199  4.318758E-17
4145.23241424776  3.730626E-17
4150.74971485353  3.394739E-17
4156.2670154593  3.687359E-17
4161.78431606507  2.690731E-17
4167.30161667084  1.868355E-17
4172.81891727661  2.789770E-17
4178.33621788238  1.751643E-17
4183.85351848815  1.436851E-17
4189.37081909392  3.527561E-17
4194.88811969969  2.621545E-17
4200.40542030546  3.582347E-17
4205.92272091123  3.105321E-17
4211.440021517  2.817366E-17
4216.95732212277  3.456430E-17
4222.47462272854  3.200560E-17
4227.99192333431  4.128998E-17
4233.50922394008  3.896350E-17
4239.02652454585  3.448663E-17
4244.54382515162  3.381721E-17
4250.06112575739  5.057945E-17
4255.57842636316  4.035410E-17
4261.09572696893  3.419753E-17
4266.6130275747  3.863929E-17
4272.13032818047  2.265530E-17
4277.64762878624  2.266115E-17
4283.16492939201  2.566533E-17
4288.68222999778  3.009339E-17
4294.19953060355  3.522812E-17
4299.71683120932  3.988327E-17
4305.23413181509  3.701142E-17
4310.75143242086  4.367697E-17
4316.26873302663  3.383186E-17
4321.7860336324  3.086524E-17
4327.30333423817  3.774958E-17
4332.82063484394  3.341644E-17
4338.33793544971  4.019068E-17
4343.85523605548  5.617911E-17
4349.37253666125  5.204578E-17
4354.88983726702  4.760508E-17
4360.40713787279  4.438319E-17
4365.92443847856  4.378035E-17
4371.44173908433  6.284184E-17
4376.9590396901  5.505217E-17
4382.47634029587  5.415052E-17
4387.99364090164  4.844239E-17
4393.51094150741  5.978098E-17
4399.02824211318  5.120163E-17
4404.54554271895  5.400963E-17
4410.06284332472  5.285328E-17
4415.58014393049  5.073745E-17
4421.09744453626  5.410810E-17
4426.61474514203  5.394555E-17
4432.13204574781  5.778536E-17
4437.64934635357  7.113590E-17
4443.16664695934  6.805126E-17
4448.68394756511  5.476604E-17
4454.20124817088  5.565525E-17
4459.71854877665  5.886346E-17
4465.23584938242  4.606645E-17
4470.75314998819  5.858943E-17
4476.27045059396  6.003993E-17
4481.78775119973  6.189071E-17
4487.3050518055  5.221561E-17
4492.82235241128  5.319949E-17
4498.33965301704  4.546651E-17
4503.85695362281  6.160807E-17
4509.37425422858  5.246378E-17
4514.89155483435  4.926993E-17
4520.40885544012  4.835713E-17
4525.92615604589  5.859669E-17
4531.44345665166  6.100753E-17
4536.96075725743  6.004224E-17
4542.47805786321  5.765252E-17
4547.99535846897  5.571703E-17
4553.51265907474  6.327769E-17
4559.02995968051  5.608455E-17
4564.54726028628  6.337079E-17
4570.06456089205  5.936333E-17
4575.58186149783  5.202353E-17
4581.09916210359  6.761944E-17
4586.61646270936  5.703455E-17
4592.13376331513  5.518987E-17
4597.65106392091  5.276513E-17
4603.16836452667  4.913570E-17
4608.68566513244  5.515131E-17
4614.20296573821  5.950696E-17
4619.72026634398  6.130981E-17
4625.23756694975  6.179506E-17
4630.75486755553  5.781981E-17
4636.27216816129  5.723417E-17
4641.78946876706  6.818548E-17
4647.30676937283  6.382499E-17
4652.8240699786  5.678304E-17
4658.34137058437  6.387209E-17
4663.85867119014  5.505200E-17
4669.37597179591  5.557601E-17
4674.89327240168  5.023704E-17
4680.41057300745  5.035070E-17
4685.92787361322  5.612851E-17
4691.44517421899  6.214269E-17
4696.96247482476  5.280693E-17
4702.47977543053  6.699256E-17
4707.9970760363  6.843131E-17
4713.51437664207  6.978010E-17
4719.03167724784  7.016867E-17
4724.54897785361  6.691476E-17
4730.06627845938  7.261126E-17
4735.58357906515  5.791830E-17
4741.10087967092  6.536502E-17
4746.61818027669  7.090404E-17
4752.13548088246  5.968970E-17
4757.65278148823  6.920104E-17
4763.170082094  6.938242E-17
4768.68738269977  6.775292E-17
4774.20468330555  6.845883E-17
4779.72198391131  6.401806E-17
4785.23928451708  6.882174E-17
4790.75658512286  6.889855E-17
4796.27388572862  7.408821E-17
4801.79118633439  7.734571E-17
4807.30848694016  7.311074E-17
4812.82578754593  7.830002E-17
4818.3430881517  7.709071E-17
4823.86038875747  7.449285E-17
4829.37768936324  7.394008E-17
4834.89498996901  6.953308E-17
4840.41229057478  8.029111E-17
4845.92959118056  7.345609E-17
4851.44689178632  7.842594E-17
4856.96419239209  7.527858E-17
4862.48149299786  7.705291E-17
4867.99879360363  8.351523E-17
4873.51609420941  7.645043E-17
4879.03339481517  8.171687E-17
4884.55069542095  8.125249E-17
4890.06799602671  7.532656E-17
4895.58529663248  9.633416E-17
4901.10259723825  8.874330E-17
4906.61989784402  8.675355E-17
4912.13719844979  8.042825E-17
4917.65449905556  8.248263E-17
4923.17179966133  8.244671E-17
4928.68910026711  7.956711E-17
4934.20640087287  6.918969E-17
4939.72370147864  8.536486E-17
4945.24100208441  8.155669E-17
4950.75830269018  7.974470E-17
4956.27560329596  8.353521E-17
4961.79290390173  8.154158E-17
4967.31020450749  8.713198E-17
4972.82750511326  8.063447E-17
4978.34480571903  8.196667E-17
4983.86210632481  8.709126E-17
4989.37940693058  8.945481E-17
4994.89670753634  8.564815E-17
5000.41400814211  7.913137E-17
5005.93130874788  8.547995E-17
5011.44860935366  9.125661E-17
5016.96590995943  8.407611E-17
5022.4832105652  9.091632E-17
5028.00051117097  9.337675E-17
5033.51781177673  1.020446E-16
5039.03511238251  8.902543E-17
5044.55241298828  9.229358E-17
5050.06971359405  8.447630E-17
5055.58701419982  9.000757E-17
5061.10431480559  8.669454E-17
5066.62161541135  8.334635E-17
5072.13891601713  8.436371E-17
5077.6562166229  9.044121E-17
5083.17351722866  9.283122E-17
5088.69081783443  8.561109E-17
5094.20811844021  8.881600E-17
5099.72541904598  8.775015E-17
5105.24271965175  8.769163E-17
5110.76002025752  8.334721E-17
5116.27732086329  8.843829E-17
5121.79462146906  8.158086E-17
5127.31192207483  9.059046E-17
5132.8292226806  9.810631E-17
5138.34652328637  9.475036E-17
5143.86382389213  9.465236E-17
5149.38112449791  8.927326E-17
5154.89842510367  9.075734E-17
5160.41572570945  9.355053E-17
5165.93302631522  9.079361E-17
5171.45032692098  9.161025E-17
5176.96762752675  8.545418E-17
5182.48492813253  1.016696E-16
5188.0022287383  1.011267E-16
5193.51952934406  9.068046E-17
5199.03682994983  9.857288E-17
5204.55413055561  1.039248E-16
5210.07143116138  9.689673E-17
5215.58873176715  9.649049E-17
5221.10603237291  9.348231E-17
5226.62333297868  9.526091E-17
5232.14063358446  9.985276E-17
5237.65793419023  9.625326E-17
5243.17523479599  8.810885E-17
5248.69253540177  1.011655E-16
5254.20983600754  9.346214E-17
5259.72713661331  8.871320E-17
5265.24443721907  9.162124E-17
5270.76173782485  9.274097E-17
5276.27903843062  8.507600E-17
5281.79633903639  8.776524E-17
5287.31363964216  9.371472E-17
5292.83094024793  1.013054E-16
5298.3482408537  8.650751E-17
5303.86554145947  8.842911E-17
5309.38284206524  8.809137E-17
5314.90014267101  9.829592E-17
5320.41744327678  9.127826E-17
5325.93474388255  8.468276E-17
5331.45204448831  9.386275E-17
5336.96934509409  8.726216E-17
5342.48664569986  8.153974E-17
5348.00394630563  9.452737E-17
5353.5212469114  8.708827E-17
5359.03854751717  9.561475E-17
5364.55584812294  9.071436E-17
5370.0731487287  9.443372E-17
5375.59044933447  1.075501E-16
5381.10774994025  1.009041E-16
5386.62505054602  1.000822E-16
5392.14235115179  9.266136E-17
5397.65965175756  9.571862E-17
5403.17695236333  9.409319E-17
5408.6942529691  8.836403E-17
5414.21155357487  8.689848E-17
5419.72885418064  8.938015E-17
5425.24615478641  8.912272E-17
5430.76345539218  9.227949E-17
5436.28075599794  9.168914E-17
5441.79805660371  8.975202E-17
5447.31535720949  9.872301E-17
5452.83265781526  8.512236E-17
5458.34995842103  8.587749E-17
5463.8672590268  9.547448E-17
5469.38455963257  8.916511E-17
5474.90186023834  8.577105E-17
5480.41916084411  8.776995E-17
5485.93646144988  9.391123E-17
5491.45376205565  8.941299E-17
5496.97106266142  8.517848E-17
5502.48836326719  1.042378E-16
5508.00566387295  8.847221E-17
5513.52296447873  8.413099E-17
5519.0402650845  9.646457E-17
5524.55756569027  7.956230E-17
5530.07486629604  9.340974E-17
5535.59216690181  9.453348E-17
5541.10946750758  9.231307E-17
5546.62676811334  8.864736E-17
5552.14406871911  8.751474E-17
5557.66136932489  8.909128E-17
5563.17866993066  1.029111E-16
5568.69597053643  8.719612E-17
5574.2132711422  8.749199E-17
5579.73057174797  9.224660E-17
5585.24787235374  9.307162E-17
5590.76517295951  7.977767E-17
5596.28247356528  7.126220E-17
5601.79977417105  8.734850E-17
5607.31707477682  7.986189E-17
5612.83437538259  7.646761E-17
5618.35167598836  7.568252E-17
5623.86897659413  7.934451E-17
5629.3862771999  8.077493E-17
5634.90357780566  7.120202E-17
5640.42087841144  8.111039E-17
5645.93817901721  8.972476E-17
5651.45547962298  8.401841E-17
5656.97278022875  9.413711E-17
5662.49008083452  9.686474E-17
5668.00738144029  8.694452E-17
5673.52468204606  8.587581E-17
5679.04198265183  9.287969E-17
5684.55928325759  9.852491E-17
5690.07658386337  9.348114E-17
5695.59388446914  9.867531E-17
5701.11118507491  9.148507E-17
5706.62848568068  8.906379E-17
5712.14578628645  9.709386E-17
5717.66308689221  8.978425E-17
5723.18038749799  9.706604E-17
5728.69768810376  9.115812E-17
5734.21498870953  9.867230E-17
5739.7322893153  9.741117E-17
5745.24958992107  9.205259E-17
5750.76689052684  9.689060E-17
5756.28419113261  9.678977E-17
5761.80149173838  1.084317E-16
5767.31879234415  1.027917E-16
5772.83609294992  9.658076E-17
5778.35339355569  1.140936E-16
5783.87069416146  1.052486E-16
5789.38799476722  9.802355E-17
5794.90529537299  9.622032E-17
5800.42259597877  9.813750E-17
5805.93989658454  1.008578E-16
5811.45719719031  1.057027E-16
5816.97449779608  1.081404E-16
5822.49179840185  1.081708E-16
5828.00909900762  1.102521E-16
5833.52639961339  1.089790E-16
5839.04370021916  1.051983E-16
5844.56100082493  9.434842E-17
5850.0783014307  1.016198E-16
5855.59560203647  1.005582E-16
5861.11290264224  1.023360E-16
5866.63020324801  9.946544E-17
5872.14750385378  9.918488E-17
5877.66480445955  9.219414E-17
5883.18210506532  9.598815E-17
5888.69940567109  1.083800E-16
5894.21670627686  1.084617E-16
5899.73400688263  9.490317E-17
5905.2513074884  1.023524E-16
5910.76860809417  1.026583E-16
5916.28590869994  1.037799E-16
5921.80320930571  9.961413E-17
5927.32050991148  9.552461E-17
5932.83781051725  9.714740E-17
5938.35511112302  9.667864E-17
5943.87241172879  1.037311E-16
5949.38971233456  1.058843E-16
5954.90701294033  1.064051E-16
5960.4243135461  9.950894E-17
5965.94161415187  9.840757E-17
5971.45891475764  1.019539E-16
5976.97621536341  1.020207E-16
5982.49351596918  1.011810E-16
5988.01081657495  9.894400E-17
5993.52811718071  9.969221E-17
5999.04541778649  1.053433E-16
6004.56271839226  1.062429E-16
6010.08001899803  1.105995E-16
6015.5973196038  1.133541E-16
6021.11462020957  9.800814E-17
6026.63192081534  1.076559E-16
6032.14922142111  9.960854E-17
6037.66652202688  9.541718E-17
6043.18382263265  9.366876E-17
6048.70112323842  1.069460E-16
6054.21842384419  1.062536E-16
6059.73572444996  1.025669E-16
6065.25302505573  9.737409E-17
6070.7703256615  9.527075E-17
6076.28762626727  9.346038E-17
6081.80492687304  9.362369E-17
6087.32222747881  9.570206E-17
6092.83952808458  9.991709E-17
6098.35682869035  1.068698E-16
6103.87412929612  1.063486E-16
6109.39142990189  1.036840E-16
6114.90873050766  1.006176E-16
6120.42603111343  9.858703E-17
6125.9433317192  1.004760E-16
6131.46063232497  1.031478E-16
6136.97793293074  1.019499E-16
6142.49523353651  9.635822E-17
6148.01253414228  1.065449E-16
6153.52983474805  9.767429E-17
6159.04713535382  9.895985E-17
6164.56443595959  1.022177E-16
6170.08173656536  1.069142E-16
6175.59903717113  9.914871E-17
6181.1163377769  1.032880E-16
6186.63363838267  1.010854E-16
6192.15093898844  1.037087E-16
6197.66823959421  9.413249E-17
6203.18554019998  9.657621E-17
6208.70284080575  9.141783E-17
6214.22014141152  8.765741E-17
6219.73744201729  1.002268E-16
6225.25474262306  9.596872E-17
6230.77204322883  9.980534E-17
6236.2893438346  1.065075E-16
6241.80664444037  1.091377E-16
6247.32394504614  1.054179E-16
6252.84124565191  9.695361E-17
6258.35854625768  1.050347E-16
6263.87584686345  1.028223E-16
6269.39314746922  1.070588E-16
6274.91044807499  1.048742E-16
6280.42774868076  1.071516E-16
6285.94504928653  1.154957E-16
6291.4623498923  1.027701E-16
6296.97965049807  1.001310E-16
6302.49695110384  1.000160E-16
6308.01425170961  1.072290E-16
6313.53155231538  1.162570E-16
6319.04885292115  9.868849E-17
6324.56615352691  1.052198E-16
6330.08345413269  1.116525E-16
6335.60075473846  1.194341E-16
6341.11805534423  1.047979E-16
6346.63535595  1.070549E-16
6352.15265655577  1.055483E-16
6357.66995716154  1.121973E-16
6363.18725776731  1.062106E-16
6368.70455837308  9.399981E-17
6374.22185897885  1.042495E-16
6379.73915958462  1.085137E-16
6385.25646019039  9.924088E-17
6390.77376079616  1.012713E-16
6396.29106140193  9.268088E-17
6401.8083620077  9.492800E-17
6407.32566261347  9.193142E-17
6412.84296321924  8.529163E-17
6418.36026382501  9.775441E-17
6423.87756443078  9.676514E-17
6429.39486503655  9.843451E-17
6434.91216564232  1.081096E-16
6440.42946624809  1.026703E-16
6445.94676685386  1.112743E-16
6451.46406745963  1.058624E-16
6456.9813680654  9.474696E-17
6462.49866867117  9.808868E-17
6468.01596927694  9.871252E-17
6473.53326988271  9.967462E-17
6479.05057048848  1.056303E-16
6484.56787109425  1.020458E-16
6490.08517170002  9.892606E-17
6495.60247230579  1.086751E-16
6501.11977291156  1.053218E-16
6506.63707351733  9.956281E-17
6512.1543741231  1.025195E-16
6517.67167472887  1.004683E-16
6523.18897533464  9.765988E-17
6528.70627594041  1.042302E-16
6534.22357654618  1.036720E-16
6539.74087715195  1.031043E-16
6545.25817775772  9.996497E-17
6550.77547836349  1.033007E-16
6556.29277896926  9.898107E-17
6561.81007957503  9.510575E-17
6567.3273801808  1.144102E-16
6572.84468078657  1.101863E-16
6578.36198139234  1.056757E-16
6583.87928199811  1.006910E-16
6589.39658260388  1.113362E-16
6594.91388320965  1.008641E-16
6600.43118381542  1.124202E-16
6605.94848442119  1.074636E-16
6611.46578502696  1.021302E-16
6616.98308563273  9.951525E-17
6622.5003862385  1.003255E-16
6628.01768684427  1.106271E-16
6633.53498745004  9.752067E-17
6639.05228805581  9.727833E-17
6644.56958866158  9.450039E-17
6650.08688926735  9.989541E-17
6655.60418987312  1.063595E-16
6661.12149047889  1.081024E-16
6666.63879108466  9.982580E-17
6672.15609169043  1.035395E-16
6677.6733922962  1.072208E-16
6683.19069290197  9.559002E-17
6688.70799350774  9.958001E-17
6694.22529411351  1.042735E-16
6699.74259471928  9.868194E-17
6705.25989532505  1.001832E-16
6710.77719593082  9.903383E-17
6716.29449653659  9.839483E-17
6721.81179714236  9.600573E-17
6727.32909774813  9.754288E-17
6732.8463983539  9.421604E-17
6738.36369895967  8.881788E-17
6743.88099956544  1.017068E-16
6749.39830017121  9.987444E-17
6754.91560077698  9.505010E-17
6760.43290138275  1.009586E-16
6765.95020198852  9.659485E-17
6771.46750259429  9.084610E-17
6776.98480320006  9.928383E-17
6782.50210380583  9.080810E-17
6788.0194044116  1.000533E-16
6793.53670501737  9.511433E-17
6799.05400562314  1.000333E-16
6804.57130622891  9.277366E-17
6810.08860683468  8.077462E-17
6815.60590744045  9.395000E-17
6821.12320804622  1.027756E-16
6826.64050865199  9.766110E-17
6832.15780925776  9.914951E-17
6837.67510986353  1.035997E-16
6843.1924104693  9.585567E-17
6848.70971107507  1.017682E-16
6854.22701168084  1.021695E-16
6859.74431228661  8.926598E-17
6865.26161289238  8.428785E-17
6870.77891349815  9.584278E-17
6876.29621410392  9.954921E-17
6881.81351470969  9.582819E-17
6887.33081531546  9.178895E-17
6892.84811592123  8.701802E-17
6898.365416527  9.203669E-17
6903.88271713277  8.888389E-17
6909.40001773854  1.035604E-16
6914.91731834431  1.034017E-16
6920.43461895008  1.045152E-16
6925.95191955585  1.022603E-16
6931.46922016162  9.202231E-17
6936.98652076739  1.037202E-16
6942.50382137316  1.050022E-16
6948.02112197893  1.111836E-16
6953.5384225847  1.060890E-16
6959.05572319047  1.069947E-16
6964.57302379624  1.031036E-16
6970.09032440201  9.421259E-17
6975.60762500778  9.967871E-17
6981.12492561355  1.060849E-16
6986.64222621932  9.967723E-17
6992.15952682509  1.026884E-16
6997.67682743086  1.030580E-16
7003.19412803663  1.048932E-16
7008.7114286424  1.075201E-16
7014.22872924817  1.063962E-16
7019.74602985394  1.042649E-16
7025.26333045971  1.073245E-16
7030.78063106548  1.063388E-16
7036.29793167125  9.173331E-17
7041.81523227702  9.856064E-17
7047.33253288279  1.052078E-16
7052.84983348856  1.013629E-16
7058.36713409433  1.073847E-16
7063.8844347001  1.042249E-16
7069.40173530587  1.045373E-16
7074.91903591164  1.151688E-16
7080.43633651741  9.550648E-17
7085.95363712318  1.058189E-16
7091.47093772895  9.894664E-17
7096.98823833472  1.112616E-16
7102.50553894049  1.092665E-16
7108.02283954626  1.104084E-16
7113.54014015203  1.100983E-16
7119.0574407578  9.942360E-17
7124.57474136357  9.416533E-17
7130.09204196934  9.459187E-17
7135.60934257511  9.759385E-17
7141.12664318088  9.738403E-17
7146.64394378665  9.407572E-17
7152.16124439242  9.767201E-17
7157.67854499819  1.105635E-16
7163.19584560396  1.083601E-16
7168.71314620973  9.301551E-17
7174.2304468155  1.014365E-16
7179.74774742127  9.865916E-17
7185.26504802704  1.019237E-16
7190.78234863281  1.114651E-16
7196.29964923858  1.056706E-16
7201.81694984435  1.125818E-16
7207.33425045012  1.075862E-16
7212.85155105589  1.013507E-16
7218.36885166166  1.135257E-16
7223.88615226743  1.053349E-16
7229.4034528732  1.046674E-16
7234.92075347897  9.204872E-17
7240.43805408474  9.700863E-17
7245.95535469051  1.062306E-16
7251.47265529628  9.862368E-17
7256.98995590205  9.968369E-17
7262.50725650782  9.868920E-17
7268.02455711359  9.912439E-17
7273.54185771936  1.144965E-16
7279.05915832513  1.187851E-16
7284.5764589309  1.132851E-16
7290.09375953667  1.214281E-16
7295.61106014244  1.061703E-16
7301.12836074821  9.576284E-17
7306.64566135398  9.462934E-17
7312.16296195975  9.273416E-17
7317.68026256552  1.062832E-16
7323.19756317129  1.009809E-16
7328.71486377706  9.997218E-17
7334.23216438283  1.030110E-16
7339.7494649886  1.017996E-16
7345.26676559437  1.042206E-16
7350.78406620014  1.033861E-16
7356.30136680591  1.067991E-16
7361.81866741168  1.075537E-16
7367.33596801745  9.515667E-17
7372.85326862322  1.068209E-16
7378.37056922899  1.077264E-16
7383.88786983476  1.042650E-16
7389.40517044053  1.016791E-16
7394.9224710463  9.946249E-17
7400.43977165207  9.144099E-17
7405.95707225784  1.053578E-16
7411.47437286361  1.018761E-16
7416.99167346938  1.086974E-16
7422.50897407515  1.095826E-16
7428.02627468092  1.000078E-16
7433.54357528669  9.859401E-17
7439.06087589246  1.053142E-16
7444.57817649823  1.039636E-16
7450.095477104  9.698111E-17
7455.61277770977  1.012220E-16
7461.13007831554  1.029206E-16
7466.64737892131  9.516021E-17
7472.16467952708  9.836152E-17
7477.68198013285  1.039260E-16
7483.19928073862  1.031380E-16
7488.71658134439  1.039754E-16
7494.23388195016  1.025680E-16
7499.75118255593  1.010241E-16
7505.2684831617  1.050042E-16
7510.78578376747  1.034484E-16
7516.30308437324  1.045400E-16
7521.82038497901  1.096972E-16
7527.33768558478  1.199154E-16
7532.85498619055  1.144216E-16
7538.37228679632  1.071407E-16
7543.88958740209  1.055817E-16
7549.40688800786  9.908889E-17
7554.92418861363  1.100912E-16
7560.4414892194  1.142176E-16
7565.95878982517  1.036252E-16
7571.47609043094  1.045935E-16
7576.99339103671  1.004635E-16
7582.51069164248  1.001063E-16
7588.02799224825  9.674802E-17
7593.54529285402  9.322907E-17
7599.06259345979  9.151920E-17
7604.57989406556  1.114762E-16
7610.09719467133  9.399940E-17
7615.6144952771  7.495382E-17
7621.13179588287  8.195195E-17
7626.64909648864  8.942773E-17
7632.16639709441  9.123236E-17
7637.68369770018  9.024206E-17
7643.20099830595  1.006262E-16
7648.71829891172  9.539592E-17
7654.23559951749  1.055267E-16
7659.75290012326  9.622987E-17
7665.27020072903  9.843542E-17
7670.7875013348  1.156621E-16
7676.30480194057  9.724502E-17
7681.82210254634  1.073655E-16
7687.33940315211  1.052731E-16
7692.85670375788  1.055537E-16
7698.37400436365  1.108833E-16
7703.89130496942  9.492005E-17
7709.40860557519  1.068483E-16
7714.92590618096  9.412218E-17
7720.44320678673  1.088837E-16
7725.9605073925  1.000663E-16
7731.47780799827  9.232927E-17
7736.99510860404  1.155327E-16
7742.51240920981  1.042184E-16
7748.02970981558  9.094499E-17
7753.54701042135  1.084138E-16
7759.06431102712  1.018453E-16
7764.58161163289  9.165482E-17
7770.09891223866  9.731957E-17
7775.61621284443  9.075743E-17
7781.1335134502  9.754226E-17
7786.65081405597  1.114650E-16
7792.16811466174  1.085289E-16
7797.68541526751  9.482340E-17
7803.20271587328  9.802610E-17
7808.72001647905  1.134430E-16
7814.23731708482  9.058762E-17
7819.75461769059  1.066758E-16
7825.27191829636  1.028711E-16
7830.78921890213  9.325737E-17
7836.3065195079  8.151380E-17
7841.82382011367  8.393752E-17
7847.34112071944  8.561139E-17
7852.85842132521  9.316940E-17
7858.37572193098  1.034164E-16
7863.89302253675  8.770634E-17
7869.41032314252  9.059966E-17
7874.92762374829  8.970228E-17
7880.44492435406  9.122023E-17
7885.96222495983  8.553736E-17
7891.4795255656  8.911257E-17
7896.99682617137  9.661980E-17
7902.51412677714  8.132444E-17
7908.03142738291  7.185995E-17
7913.54872798868  7.590342E-17
7919.06602859445  8.110804E-17
7924.58332920022  7.449949E-17
7930.10062980599  7.069380E-17
7935.61793041176  7.047325E-17
7941.13523101753  9.865461E-17
7946.6525316233  9.286272E-17
7952.16983222907  1.172238E-16
7957.68713283484  1.026378E-16
7963.20443344061  1.088407E-16
7968.72173404638  1.253939E-16
7974.23903465215  1.109951E-16
7979.75633525792  1.046523E-16
7985.27363586369  8.634238E-17
7990.79093646946  7.059470E-17
7996.30823707523  8.505397E-17
8001.825537681  7.054433E-17
8007.34283828677  8.183262E-17
8012.86013889254  7.763597E-17
8018.37743949831  7.596968E-17
8023.89474010408  7.757857E-17
8029.41204070985  7.890459E-17
8034.92934131562  9.524287E-17
8040.44664192139  9.388499E-17
8045.96394252716  9.220317E-17
8051.48124313293  9.799079E-17
8056.9985437387  9.132551E-17
8062.51584434447  9.488152E-17
8068.03314495024  1.019037E-16
8073.55044555601  1.040403E-16
8079.06774616178  9.700383E-17
8084.58504676755  9.883813E-17
8090.10234737332  1.148961E-16
8095.61964797909  1.031745E-16
8101.13694858486  1.061252E-16
8106.65424919063  1.001989E-16
8112.1715497964  9.568138E-17
8117.68885040217  1.013683E-16
8123.20615100794  1.123279E-16
8128.72345161371  1.052644E-16
8134.24075221948  1.034671E-16
8139.75805282525  1.031458E-16
8145.27535343102  1.113747E-16
8150.79265403679  1.046528E-16
8156.30995464256  1.081030E-16
8161.82725524833  1.137075E-16
8167.3445558541  1.107330E-16
8172.86185645987  9.808293E-17
8178.37915706564  1.018255E-16
8183.89645767141  1.139261E-16
8189.41375827718  1.047697E-16
8194.93105888295  9.590607E-17
8200.44835948872  1.085240E-16
8205.96566009449  1.046513E-16
8211.48296070026  9.900355E-17
8217.00026130603  1.061503E-16
8222.5175619118  1.026285E-16
8228.03486251757  1.146195E-16
8233.55216312334  1.046360E-16
8239.06946372911  1.044898E-16
8244.58676433488  8.731865E-17
8250.10406494065  9.163186E-17
8255.62136554642  1.038928E-16
8261.13866615219  9.520617E-17
8266.65596675796  1.041496E-16
8272.17326736373  8.605156E-17
8277.6905679695  1.078334E-16
8283.20786857527  8.877768E-17
8288.72516918104  1.015279E-16
8294.24246978681  1.083922E-16
8299.75977039258  1.171764E-16
8305.27707099835  1.113982E-16
8310.79437160412  1.182765E-16
8316.31167220989  1.122421E-16
8321.82897281566  9.087932E-17
8327.34627342143  8.672401E-17
8332.8635740272  7.901250E-17
8338.38087463297  7.590320E-17
8343.89817523874  6.841821E-17
8349.41547584451  7.550051E-17
8354.93277645028  6.675651E-17
8360.45007705605  6.932875E-17
8365.96737766182  8.190208E-17
8371.48467826759  7.838248E-17
8377.00197887336  8.058196E-17
8382.51927947913  9.123551E-17
8388.0365800849  8.004162E-17
8393.55388069067  7.541244E-17
8399.07118129644  1.062984E-16
8404.58848190221  8.692089E-17
8410.10578250798  9.213015E-17
8415.62308311375  7.846748E-17
8421.14038371952  6.945364E-17
8426.65768432529  7.962170E-17
8432.17498493106  6.560757E-17
8437.69228553683  5.834690E-17
8443.2095861426  8.298128E-17
8448.72688674837  6.699285E-17
8454.24418735414  5.918691E-17
8459.76148795991  7.390483E-17
8465.27878856568  8.852102E-17
8470.79608917145  7.455900E-17
8476.31338977722  6.215511E-17
8481.83069038299  8.282817E-17
8487.34799098876  8.542104E-17
8492.86529159453  8.144125E-17
8498.3825922003  8.027008E-17
8503.89989280607  8.981920E-17
8509.41719341184  8.862062E-17
8514.93449401761  7.729776E-17
8520.45179462338  7.914443E-17
8525.96909522915  8.712341E-17
8531.48639583492  9.122277E-17
8537.00369644069  9.233801E-17
8542.52099704646  1.037878E-16
8548.03829765223  8.837785E-17
8553.555598258  8.020945E-17
8559.07289886377  8.347327E-17
8564.59019946954  9.022864E-17
8570.10750007531  9.974802E-17
8575.62480068108  8.871604E-17
8581.14210128685  9.205463E-17
8586.65940189262  8.714820E-17
8592.17670249839  8.398968E-17
8597.69400310416  7.995242E-17
8603.21130370993  8.982721E-17
8608.7286043157  8.653381E-17
8614.24590492147  8.418017E-17
8619.76320552724  9.290866E-17
8625.28050613301  9.509157E-17
8630.79780673878  9.135162E-17
8636.31510734455  9.710813E-17
8641.83240795032  1.052436E-16
8647.34970855609  9.391085E-17
8652.86700916186  9.525197E-17
8658.38430976763  1.047211E-16
8663.9016103734  9.970736E-17
8669.41891097917  7.979856E-17
8674.93621158494  8.325991E-17
8680.45351219071  9.565840E-17
8685.97081279648  1.033252E-16
8691.48811340225  1.047279E-16
8697.00541400802  1.128138E-16
8702.52271461379  1.060260E-16
8708.04001521956  9.899910E-17
8713.55731582533  1.090705E-16
8719.0746164311  1.044031E-16
8724.59191703687  1.014012E-16
8730.10921764264  9.584883E-17
8735.62651824841  1.018945E-16
8741.14381885418  1.069383E-16
8746.66111945995  1.191019E-16
8752.17842006572  1.079027E-16
8757.69572067149  8.202186E-17
8763.21302127726  6.964125E-17
8768.73032188303  7.401991E-17
8774.2476224888  9.042452E-17
8779.76492309457  7.173444E-17
8785.28222370034  5.785087E-17
8790.79952430611  7.085184E-17
8796.31682491188  9.709488E-17
8801.83412551765  1.035299E-16
8807.35142612342  1.012488E-16
8812.86872672919  1.448030E-16
8818.38602733496  1.723718E-16
8823.90332794073  1.631518E-16
8829.4206285465  1.419103E-16
8834.93792915227  1.496100E-16
8840.45522975804  1.422380E-16
8845.97253036381  1.452645E-16
8851.48983096958  1.094159E-16
8857.00713157535  1.345128E-16
8862.52443218112  1.132983E-16
8868.04173278689  9.195192E-17
8873.55903339266  9.058657E-17
8879.07633399843  1.049266E-16
8884.5936346042  1.036725E-16
8890.11093520997  8.728309E-17
8895.62823581574  9.776968E-17
8901.14553642151  1.007386E-16
8906.66283702728  7.802103E-17
8912.18013763305  8.646523E-17
8917.69743823882  9.514901E-17
8923.21473884459  9.305054E-17
8928.73203945036  7.190131E-17
8934.24934005613  7.396507E-17
8939.7666406619  9.263811E-17
8945.28394126767  8.525534E-17
8950.80124187344  8.556509E-17
8956.31854247921  6.749621E-17
8961.83584308498  8.825153E-17
8967.35314369075  7.817736E-17
8972.87044429652  7.072710E-17
8978.38774490229  8.504032E-17
8983.90504550806  8.475257E-17
8989.42234611383  1.034373E-16
8994.9396467196  1.098177E-16
9000.45694732537  1.013123E-16
9005.97424793114  1.011436E-16
9011.49154853691  1.206441E-16
9017.00884914268  1.131056E-16
9022.52614974845  1.107455E-16
9028.04345035422  9.441225E-17
9033.56075095999  1.028459E-16
9039.07805156576  8.379701E-17
9044.59535217153  1.019132E-16
9050.1126527773  1.049481E-16
9055.62995338307  7.724152E-17
9061.14725398884  6.564607E-17
9066.66455459461  7.232594E-17
9072.18185520038  7.959414E-17
9077.69915580615  9.350514E-17
9083.21645641192  8.684115E-17
9088.73375701769  9.391678E-17
9094.25105762346  1.039171E-16
9099.76835822923  7.771223E-17
9105.285658835  9.118281E-17
9110.80295944077  8.517974E-17
9116.32026004654  8.779174E-17
9121.83756065231  9.121126E-17
9127.35486125808  9.456390E-17
9132.87216186385  9.799563E-17
9138.38946246962  8.983569E-17
9143.90676307539  8.571044E-17
9149.42406368116  8.933510E-17
9154.94136428693  1.006950E-16
9160.4586648927  9.631312E-17
9165.97596549847  8.637779E-17
9171.49326610424  8.460956E-17
9177.01056671001  9.170071E-17
9182.52786731578  1.004255E-16
9188.04516792155  1.032426E-16
9193.56246852732  9.995311E-17
9199.07976913309  8.843862E-17
9204.59706973886  8.327223E-17
9210.11437034463  9.718667E-17
9215.6316709504  6.684484E-17
9221.14897155617  7.719063E-17
9226.66627216194  9.534607E-17
9232.18357276771  8.462358E-17
9237.70087337348  7.338682E-17
9243.21817397925  7.063170E-17
9248.73547458502  7.861133E-17
9254.25277519079  7.772459E-17
