3661.94628906  -5.720410E-18
3667.46254110086  5.657463E-17
3672.97879314172  3.563005E-17
3678.49504518258  3.015825E-17
3684.01129722344  6.527699E-17
3689.5275492643  1.968930E-17
3695.04380130516  2.840967E-17
3700.56005334602  4.148545E-17
3706.07630538688  1.430930E-17
3711.59255742774  2.322263E-17
3717.1088094686  1.921510E-17
3722.62506150946  1.652654E-17
3728.14131355032  2.860574E-17
3733.65756559118  6.206720E-18
3739.17381763204  2.648551E-17
3744.6900696729  7.019684E-18
3750.20632171376  3.042782E-17
3755.72257375462  1.003254E-18
3761.23882579548  1.096738E-17
3766.75507783634  1.130379E-17
3772.2713298772  8.224803E-18
3777.78758191806  2.964428E-17
3783.30383395892  2.735811E-17
3788.82008599978  1.640944E-17
3794.33633804064  2.406434E-17
3799.8525900815  3.635961E-17
3805.36884212236  3.310733E-17
3810.88509416322  2.819515E-17
3816.40134620408  7.341102E-18
3821.91759824494  1.434119E-17
3827.4338502858  2.404365E-17
3832.95010232666  1.687514E-17
3838.46635436752  2.667407E-17
3843.98260640838  1.628508E-17
3849.49885844924  1.819028E-17
3855.0151104901  1.886476E-17
3860.53136253096  1.001200E-17
3866.04761457182  1.892326E-17
3871.56386661268  2.237926E-17
3877.08011865354  1.154104E-17
3882.5963706944  2.431492E-17
3888.11262273526  1.855332E-17
3893.62887477612  2.674102E-17
3899.14512681698  2.583641E-17
3904.66137885784  3.410696E-17
3910.1776308987  1.604818E-17
3915.69388293956  8.784712E-18
3921.21013498042  1.752068E-17
3926.72638702128  1.622805E-17
3932.24263906214  2.448171E-17
3937.758891103  1.890448E-17
3943.27514314386  4.003037E-17
3948.79139518472  8.963203E-18
3954.30764722558  2.555823E-17
3959.82389926644  6.618726E-18
3965.3401513073  2.617828E-17
3970.85640334816  1.848558E-17
3976.37265538902  2.598843E-17
3981.88890742988  2.927718E-17
3987.40515947074  2.523968E-17
3992.9214115116  2.691834E-17
3998.43766355246  3.609155E-17
4003.95391559332  3.231801E-17
4009.47016763418  3.373571E-17
4014.98641967504  4.736541E-17
4020.5026717159  4.413961E-17
4026.01892375676  4.303101E-17
4031.53517579762  4.148462E-17
4037.05142783848  3.005261E-17
4042.56767987934  3.099018E-17
4048.0839319202  2.893462E-17
4053.60018396106  4.404636E-17
4059.11643600192  5.162427E-17
4064.63268804278  4.221098E-17
4070.14894008364  4.203170E-17
4075.6651921245  4.467847E-17
4081.18144416536  3.696309E-17
4086.69769620622  4.600971E-17
4092.21394824708  5.694149E-17
4097.73020028794  5.279005E-17
4103.2464523288  5.203845E-17
4108.76270436966  4.561312E-17
4114.27895641052  3.620999E-17
4119.79520845138  5.076730E-17
4125.31146049224  4.710551E-17
4130.8277125331  4.043360E-17
4136.34396457396  4.576169E-17
4141.86021661482  5.891533E-17
4147.37646865568  4.441105E-17
4152.89272069654  2.999162E-17
4158.4089727374  4.817667E-17
4163.92522477826  5.441739E-17
4169.44147681912  3.654396E-17
4174.95772885998  5.156993E-17
4180.47398090084  5.888298E-17
4185.9902329417  5.345697E-17
4191.50648498256  5.243722E-17
4197.02273702342  4.780048E-17
4202.53898906428  3.964733E-17
4208.05524110514  6.246605E-17
4213.571493146  5.194543E-17
4219.08774518686  4.452254E-17
4224.60399722772  4.098875E-17
4230.12024926858  5.124899E-17
4235.63650130944  4.897987E-17
4241.1527533503  4.154815E-17
4246.66900539116  4.867653E-17
4252.18525743202  5.124133E-17
4257.70150947288  5.145947E-17
4263.21776151374  4.720478E-17
4268.7340135546  4.570137E-17
4274.25026559546  3.249427E-17
4279.76651763632  4.346451E-17
4285.28276967718  4.309342E-17
4290.79902171804  6.108006E-17
4296.3152737589  4.591652E-17
4301.83152579976  5.728682E-17
4307.34777784062  4.787536E-17
4312.86402988148  5.404289E-17
4318.38028192234  5.055079E-17
4323.8965339632  5.401622E-17
4329.41278600406  5.729149E-17
4334.92903804492  5.853368E-17
4340.44529008578  5.455238E-17
4345.96154212664  5.976240E-17
4351.4777941675  6.523059E-17
4356.99404620836  6.840940E-17
4362.51029824922  5.595705E-17
4368.02655029008  5.883063E-17
4373.54280233094  6.597291E-17
4379.0590543718  5.930892E-17
4384.57530641266  6.581582E-17
4390.09155845352  5.962291E-17
4395.60781049438  6.478758E-17
4401.12406253524  5.138067E-17
4406.6403145761  5.926837E-17
4412.15656661696  7.964988E-17
4417.67281865782  6.740542E-17
4423.18907069869  6.051886E-17
4428.70532273954  6.339893E-17
4434.2215747804  6.408129E-17
4439.73782682126  7.374147E-17
4445.25407886212  6.674295E-17
4450.77033090298  7.738216E-17
4456.28658294385  6.604528E-17
4461.8028349847  7.686951E-17
4467.31908702556  7.909707E-17
4472.83533906642  7.325708E-17
4478.35159110728  7.192351E-17
4483.86784314814  6.644476E-17
4489.384095189  8.338787E-17
4494.90034722986  7.611598E-17
4500.41659927072  8.243365E-17
4505.93285131158  7.351104E-17
4511.44910335244  7.616879E-17
4516.9653553933  7.712976E-17
4522.48160743416  7.548215E-17
4527.99785947502  7.696331E-17
4533.51411151588  8.327408E-17
4539.03036355674  7.853885E-17
4544.5466155976  7.951904E-17
4550.06286763846  8.133493E-17
4555.57911967932  7.861837E-17
4561.09537172018  8.988417E-17
4566.61162376104  7.871778E-17
4572.1278758019  9.231262E-17
4577.64412784276  7.990128E-17
4583.16037988362  8.578744E-17
4588.67663192448  8.579261E-17
4594.19288396534  9.170893E-17
4599.7091360062  8.843228E-17
4605.22538804706  7.996680E-17
4610.74164008792  8.875264E-17
4616.25789212878  8.820007E-17
4621.77414416964  9.535446E-17
4627.2903962105  9.216325E-17
4632.80664825136  8.751681E-17
4638.32290029223  8.670465E-17
4643.83915233308  8.735586E-17
4649.35540437394  9.335577E-17
4654.8716564148  9.388596E-17
4660.38790845566  8.560538E-17
4665.90416049652  9.302338E-17
4671.42041253738  9.529749E-17
4676.93666457824  9.134492E-17
4682.4529166191  9.214470E-17
4687.96916865996  9.395471E-17
4693.48542070083  9.635710E-17
4699.00167274168  8.431177E-17
4704.51792478255  9.772551E-17
4710.0341768234  8.163040E-17
4715.55042886426  8.450654E-17
4721.06668090513  8.990333E-17
4726.58293294599  9.833532E-17
4732.09918498684  9.113387E-17
4737.6154370277  9.519376E-17
4743.13168906857  1.029555E-16
4748.64794110942  9.658543E-17
4754.16419315028  9.255018E-17
4759.68044519114  9.185811E-17
4765.196697232  8.662341E-17
4770.71294927286  9.595137E-17
4776.22920131372  9.001101E-17
4781.74545335458  8.996707E-17
4787.26170539544  8.814690E-17
4792.7779574363  8.829429E-17
4798.29420947717  9.687428E-17
4803.81046151802  9.837153E-17
4809.32671355888  8.208274E-17
4814.84296559975  8.970476E-17
4820.35921764061  8.578985E-17
4825.87546968147  9.312632E-17
4831.39172172232  9.207577E-17
4836.90797376319  8.360522E-17
4842.42422580405  9.210302E-17
4847.9404778449  1.005597E-16
4853.45672988576  9.370096E-17
4858.97298192662  1.012752E-16
4864.48923396748  9.452199E-17
4870.00548600834  1.052756E-16
4875.52173804921  9.898898E-17
4881.03799009006  9.406397E-17
4886.55424213093  9.459213E-17
4892.07049417179  9.050559E-17
4897.58674621264  1.055909E-16
4903.1029982535  9.444599E-17
4908.61925029436  9.539116E-17
4914.13550233522  1.014089E-16
4919.65175437609  9.536354E-17
4925.16800641694  9.307676E-17
4930.6842584578  9.201647E-17
4936.20051049866  8.519447E-17
4941.71676253953  9.703833E-17
4947.23301458038  9.893165E-17
4952.74926662124  9.432683E-17
4958.2655186621  9.736809E-17
4963.78177070296  9.989409E-17
4969.29802274383  9.722281E-17
4974.81427478469  1.018621E-16
4980.33052682554  9.917384E-17
4985.84677886641  1.015679E-16
4991.36303090726  9.644264E-17
4996.87928294812  9.440420E-17
5002.39553498898  9.068216E-17
5007.91178702985  9.091319E-17
5013.42803907071  9.559238E-17
5018.94429111156  9.381904E-17
5024.46054315243  8.190840E-17
5029.97679519329  8.728455E-17
5035.49304723415  9.490799E-17
5041.00929927501  9.442055E-17
5046.52555131587  9.238602E-17
5052.04180335673  8.684125E-17
5057.55805539759  9.779007E-17
5063.07430743845  8.922950E-17
5068.59055947931  8.926323E-17
5074.10681152017  9.079624E-17
5079.62306356103  9.846606E-17
5085.13931560189  9.518334E-17
5090.65556764275  9.311855E-17
5096.1718196836  9.272150E-17
5101.68807172447  9.050998E-17
5107.20432376533  9.597335E-17
5112.72057580618  8.966724E-17
5118.23682784705  8.696536E-17
5123.75307988791  9.282369E-17
5129.26933192877  8.990752E-17
5134.78558396963  8.802422E-17
5140.30183601049  8.605444E-17
5145.81808805134  8.086813E-17
5151.33434009221  8.183197E-17
5156.85059213307  8.362601E-17
5162.36684417393  8.021221E-17
5167.88309621479  8.428280E-17
5173.39934825565  7.941655E-17
5178.9156002965  7.412154E-17
5184.43185233737  7.741880E-17
5189.94810437822  8.596531E-17
5195.46435641909  8.542278E-17
5200.98060845995  8.781897E-17
5206.4968605008  9.390891E-17
5212.01311254166  9.392235E-17
5217.52936458253  9.574660E-17
5223.04561662339  9.944000E-17
5228.56186866424  1.088975E-16
5234.07812070511  1.164083E-16
5239.59437274597  1.172981E-16
5245.11062478682  1.102540E-16
5250.62687682769  1.108623E-16
5256.14312886855  1.214247E-16
5261.65938090941  1.096257E-16
5267.17563295027  1.085881E-16
5272.69188499113  1.042014E-16
5278.20813703199  1.043791E-16
5283.72438907285  1.048657E-16
5289.24064111371  1.088887E-16
5294.75689315457  1.113548E-16
5300.27314519543  1.115435E-16
5305.78939723629  1.098570E-16
5311.30564927714  1.070120E-16
5316.82190131801  1.170504E-16
5322.33815335887  1.068341E-16
5327.85440539973  1.170773E-16
5333.37065744058  1.180958E-16
5338.88690948145  1.128748E-16
5344.4031615223  1.079332E-16
5349.91941356317  1.074603E-16
5355.43566560403  1.131826E-16
5360.95191764489  1.160160E-16
5366.46816968575  1.104946E-16
5371.98442172661  1.106271E-16
5377.50067376747  1.207553E-16
5383.01692580833  1.209953E-16
5388.53317784919  1.228143E-16
5394.04942989004  1.164672E-16
5399.56568193091  1.167076E-16
5405.08193397177  1.182297E-16
5410.59818601263  1.170379E-16
5416.11443805349  1.182733E-16
5421.63069009435  1.152815E-16
5427.14694213521  1.208682E-16
5432.66319417607  1.259315E-16
5438.17944621693  1.152482E-16
5443.69569825779  1.118719E-16
5449.21195029865  1.169840E-16
5454.72820233951  1.142248E-16
5460.24445438037  1.173229E-16
5465.76070642123  1.148271E-16
5471.27695846209  1.164055E-16
5476.79321050295  1.258457E-16
5482.30946254381  1.206602E-16
5487.82571458467  1.248869E-16
5493.34196662552  1.246109E-16
5498.85821866639  1.189203E-16
5504.37447070725  1.355634E-16
5509.89072274811  1.247180E-16
5515.40697478897  1.236760E-16
5520.92322682983  1.259621E-16
5526.43947887069  1.195996E-16
5531.95573091155  1.286802E-16
5537.47198295241  1.266420E-16
5542.98823499327  1.273817E-16
5548.50448703413  1.362421E-16
5554.02073907499  1.192023E-16
5559.53699111585  1.268677E-16
5565.05324315671  1.298727E-16
5570.56949519757  1.174708E-16
5576.08574723843  1.312485E-16
5581.60199927928  1.183825E-16
5587.11825132015  1.120910E-16
5592.63450336101  1.248999E-16
5598.15075540187  1.275552E-16
5603.66700744273  1.235201E-16
5609.18325948358  1.139886E-16
5614.69951152445  1.272900E-16
5620.21576356531  1.258387E-16
5625.73201560617  1.330698E-16
5631.24826764703  1.336884E-16
5636.76451968789  1.375325E-16
5642.28077172875  1.336944E-16
5647.79702376961  1.298084E-16
5653.31327581047  1.427097E-16
5658.82952785133  1.370764E-16
5664.34577989219  1.271727E-16
5669.86203193305  1.313943E-16
5675.37828397391  1.295624E-16
5680.89453601477  1.390320E-16
5686.41078805563  1.358108E-16
5691.92704009649  1.363064E-16
5697.44329213735  1.250351E-16
5702.95954417821  1.359636E-16
5708.47579621907  1.356424E-16
5713.99204825993  1.295893E-16
5719.50830030079  1.359094E-16
5725.02455234165  1.371713E-16
5730.54080438251  1.271918E-16
5736.05705642337  1.398947E-16
5741.57330846423  1.201261E-16
5747.08956050509  1.343795E-16
5752.60581254595  1.290711E-16
5758.12206458681  1.292902E-16
5763.63831662767  1.373266E-16
5769.15456866853  1.445795E-16
5774.67082070939  1.288349E-16
5780.18707275025  1.233246E-16
5785.70332479111  1.381739E-16
5791.21957683197  1.354997E-16
5796.73582887283  1.278999E-16
5802.25208091369  1.347930E-16
5807.76833295455  1.411497E-16
5813.28458499541  1.413522E-16
5818.80083703627  1.439355E-16
5824.31708907713  1.399771E-16
5829.83334111799  1.349142E-16
5835.34959315885  1.348749E-16
5840.86584519971  1.410188E-16
5846.38209724057  1.367346E-16
5851.89834928143  1.381376E-16
5857.41460132229  1.381209E-16
5862.93085336315  1.412243E-16
5868.44710540401  1.422789E-16
5873.96335744487  1.341216E-16
5879.47960948573  1.407345E-16
5884.99586152659  1.419958E-16
5890.51211356744  1.240684E-16
5896.02836560831  1.302886E-16
5901.54461764917  1.367203E-16
5907.06086969003  1.408813E-16
5912.57712173089  1.381339E-16
5918.09337377175  1.334174E-16
5923.60962581261  1.381177E-16
5929.12587785347  1.394822E-16
5934.64212989433  1.392345E-16
5940.15838193519  1.434430E-16
5945.67463397605  1.399381E-16
5951.19088601691  1.412897E-16
5956.70713805777  1.460769E-16
5962.22339009863  1.380290E-16
5967.73964213949  1.333344E-16
5973.25589418035  1.379155E-16
5978.77214622121  1.407142E-16
5984.28839826207  1.381821E-16
5989.80465030293  1.427027E-16
5995.32090234379  1.430963E-16
6000.83715438465  1.385920E-16
6006.35340642551  1.318171E-16
6011.86965846637  1.428637E-16
6017.38591050723  1.432987E-16
6022.90216254809  1.366552E-16
6028.41841458895  1.426764E-16
6033.93466662981  1.409524E-16
6039.45091867067  1.511564E-16
6044.96717071153  1.399408E-16
6050.48342275239  1.356199E-16
6055.99967479325  1.422525E-16
6061.51592683411  1.462830E-16
6067.03217887497  1.384687E-16
6072.54843091583  1.377794E-16
6078.06468295669  1.377964E-16
6083.58093499755  1.400397E-16
6089.09718703841  1.403738E-16
6094.61343907927  1.352034E-16
6100.12969112013  1.495490E-16
6105.64594316099  1.497929E-16
6111.16219520185  1.344883E-16
6116.67844724271  1.419196E-16
6122.19469928357  1.342004E-16
6127.71095132443  1.385223E-16
6133.22720336529  1.358333E-16
6138.74345540614  1.369697E-16
6144.25970744701  1.374691E-16
6149.77595948787  1.304264E-16
6155.29221152873  1.343465E-16
6160.80846356959  1.346379E-16
6166.32471561045  1.283010E-16
6171.84096765131  1.309361E-16
6177.35721969217  1.440976E-16
6182.87347173303  1.376282E-16
6188.38972377389  1.355295E-16
6193.90597581475  1.462486E-16
6199.42222785561  1.483121E-16
6204.93847989647  1.484070E-16
6210.45473193733  1.422470E-16
6215.97098397819  1.405080E-16
6221.48723601905  1.432620E-16
6227.00348805991  1.422492E-16
6232.51974010077  1.418359E-16
6238.03599214163  1.445029E-16
6243.55224418249  1.447080E-16
6249.06849622335  1.414724E-16
6254.58474826421  1.390360E-16
6260.10100030507  1.342936E-16
6265.61725234593  1.330451E-16
6271.13350438679  1.291630E-16
6276.64975642765  1.385499E-16
6282.16600846851  1.371297E-16
6287.68226050937  1.406342E-16
6293.19851255023  1.472360E-16
6298.71476459109  1.368380E-16
6304.23101663195  1.467048E-16
6309.74726867281  1.439988E-16
6315.26352071367  1.270551E-16
6320.77977275453  1.277679E-16
6326.29602479539  1.467630E-16
6331.81227683625  1.340697E-16
6337.32852887711  1.419460E-16
6342.84478091797  1.439853E-16
6348.36103295883  1.485425E-16
6353.87728499969  1.369867E-16
6359.39353704055  1.453451E-16
6364.90978908141  1.351871E-16
6370.42604112227  1.379662E-16
6375.94229316313  1.472191E-16
6381.45854520399  1.381252E-16
6386.97479724485  1.417661E-16
6392.49104928571  1.403440E-16
6398.00730132657  1.399530E-16
6403.52355336743  1.437512E-16
6409.03980540829  1.407268E-16
6414.55605744915  1.428069E-16
6420.07230949001  1.471863E-16
6425.58856153087  1.429782E-16
6431.10481357173  1.399733E-16
6436.62106561259  1.450199E-16
6442.13731765345  1.397019E-16
6447.65356969431  1.415832E-16
6453.16982173517  1.363246E-16
6458.68607377603  1.457053E-16
6464.20232581689  1.529599E-16
6469.71857785775  1.390322E-16
6475.23482989861  1.390105E-16
6480.75108193947  1.436175E-16
6486.26733398033  1.437953E-16
6491.78358602119  1.435582E-16
6497.29983806205  1.438244E-16
6502.81609010291  1.462940E-16
6508.33234214377  1.380494E-16
6513.84859418463  1.431414E-16
6519.36484622549  1.473865E-16
6524.88109826635  1.375836E-16
6530.39735030721  1.450147E-16
6535.91360234807  1.440498E-16
6541.42985438893  1.466216E-16
6546.94610642979  1.516737E-16
6552.46235847065  1.520181E-16
6557.97861051151  1.464749E-16
6563.49486255237  1.440196E-16
6569.01111459323  1.407217E-16
6574.52736663409  1.397793E-16
6580.04361867495  1.400407E-16
6585.55987071581  1.437379E-16
6591.07612275667  1.449120E-16
6596.59237479753  1.462885E-16
6602.10862683839  1.483909E-16
6607.62487887925  1.398078E-16
6613.14113092011  1.374930E-16
6618.65738296097  1.437900E-16
6624.17363500183  1.358700E-16
6629.68988704269  1.436829E-16
6635.20613908355  1.361888E-16
6640.72239112441  1.426088E-16
6646.23864316527  1.345836E-16
6651.75489520613  1.375661E-16
6657.27114724699  1.452757E-16
6662.78739928785  1.439241E-16
6668.30365132871  1.483529E-16
6673.81990336957  1.439615E-16
6679.33615541043  1.363157E-16
6684.85240745129  1.382209E-16
6690.36865949215  1.414951E-16
6695.88491153301  1.411882E-16
6701.40116357387  1.384634E-16
6706.91741561473  1.438345E-16
6712.43366765559  1.499507E-16
6717.94991969645  1.387077E-16
6723.46617173731  1.377867E-16
6728.98242377817  1.335899E-16
6734.49867581903  1.399670E-16
6740.01492785989  1.439007E-16
6745.53117990075  1.506629E-16
6751.04743194161  1.435125E-16
6756.56368398247  1.399519E-16
6762.07993602333  1.394137E-16
6767.59618806419  1.446717E-16
6773.11244010505  1.396861E-16
6778.62869214591  1.492065E-16
6784.14494418677  1.487179E-16
6789.66119622763  1.423173E-16
6795.17744826849  1.535990E-16
6800.69370030935  1.380579E-16
6806.20995235021  1.385589E-16
6811.72620439107  1.383350E-16
6817.24245643193  1.412082E-16
6822.75870847279  1.470747E-16
6828.27496051365  1.333935E-16
6833.79121255451  1.303883E-16
6839.30746459537  1.412109E-16
6844.82371663623  1.409871E-16
6850.33996867709  1.450271E-16
6855.85622071795  1.432949E-16
6861.37247275881  1.279270E-16
6866.88872479967  1.268262E-16
6872.40497684053  1.313772E-16
6877.92122888139  1.370447E-16
6883.43748092225  1.422186E-16
6888.95373296311  1.354628E-16
6894.46998500397  1.423507E-16
6899.98623704483  1.365851E-16
6905.50248908569  1.408428E-16
6911.01874112655  1.416251E-16
6916.53499316741  1.435839E-16
6922.05124520827  1.537229E-16
6927.56749724913  1.451048E-16
6933.08374928999  1.300924E-16
6938.60000133085  1.486976E-16
6944.11625337171  1.503181E-16
6949.63250541257  1.351806E-16
6955.14875745343  1.455679E-16
6960.66500949429  1.460967E-16
6966.18126153515  1.396308E-16
6971.69751357601  1.425029E-16
6977.21376561687  1.399364E-16
6982.73001765773  1.410690E-16
6988.24626969859  1.424055E-16
6993.76252173945  1.399381E-16
6999.27877378031  1.438561E-16
7004.79502582117  1.486246E-16
7010.31127786203  1.411849E-16
7015.82752990289  1.449779E-16
7021.34378194375  1.464453E-16
7026.86003398461  1.418423E-16
7032.37628602547  1.441238E-16
7037.89253806633  1.423081E-16
7043.40879010719  1.533619E-16
7048.92504214805  1.438571E-16
7054.44129418891  1.407919E-16
7059.95754622977  1.394868E-16
7065.47379827063  1.397789E-16
7070.99005031149  1.377556E-16
7076.50630235235  1.389059E-16
7082.02255439321  1.407165E-16
7087.53880643407  1.419498E-16
7093.05505847493  1.450877E-16
7098.57131051579  1.445560E-16
7104.08756255665  1.510939E-16
7109.60381459751  1.470325E-16
7115.12006663837  1.427948E-16
7120.63631867923  1.461746E-16
7126.15257072009  1.454559E-16
7131.66882276095  1.374499E-16
7137.18507480181  1.417728E-16
7142.70132684267  1.388985E-16
7148.21757888353  1.354814E-16
7153.73383092439  1.513132E-16
7159.25008296525  1.503189E-16
7164.76633500611  1.422388E-16
7170.28258704697  1.434623E-16
7175.79883908783  1.443212E-16
7181.31509112869  1.398953E-16
7186.83134316955  1.302861E-16
7192.34759521041  1.262445E-16
7197.86384725127  1.268841E-16
7203.38009929213  1.309057E-16
7208.89635133299  1.398825E-16
7214.41260337385  1.443569E-16
7219.92885541471  1.366539E-16
7225.44510745557  1.404512E-16
7230.96135949643  1.460438E-16
7236.47761153729  1.357566E-16
7241.99386357815  1.458083E-16
7247.51011561901  1.392724E-16
7253.02636765987  1.392464E-16
7258.54261970073  1.386655E-16
7264.05887174159  1.500519E-16
7269.57512378245  1.490830E-16
7275.09137582331  1.456906E-16
7280.60762786417  1.459644E-16
7286.12387990503  1.464572E-16
7291.64013194589  1.489593E-16
7297.15638398675  1.478736E-16
7302.67263602761  1.577627E-16
7308.18888806847  1.584688E-16
7313.70514010933  1.469929E-16
7319.22139215019  1.502625E-16
7324.73764419105  1.446057E-16
7330.25389623191  1.511347E-16
7335.77014827277  1.500685E-16
7341.28640031363  1.365315E-16
7346.80265235449  1.491503E-16
7352.31890439535  1.517901E-16
7357.83515643621  1.520623E-16
7363.35140847707  1.375601E-16
7368.86766051793  1.475920E-16
7374.38391255879  1.601073E-16
7379.90016459965  1.518687E-16
7385.41641664051  1.495679E-16
7390.93266868137  1.330077E-16
7396.44892072223  1.529879E-16
7401.96517276309  1.585505E-16
7407.48142480395  1.452288E-16
7412.99767684481  1.491415E-16
7418.51392888567  1.462457E-16
7424.03018092653  1.547673E-16
7429.54643296739  1.519195E-16
7435.06268500825  1.490516E-16
7440.57893704911  1.370907E-16
7446.09518908997  1.398355E-16
7451.61144113083  1.480556E-16
7457.12769317169  1.408619E-16
7462.64394521255  1.401468E-16
7468.16019725341  1.508251E-16
7473.67644929427  1.517095E-16
7479.19270133513  1.453098E-16
7484.70895337599  1.428409E-16
7490.22520541685  1.395507E-16
7495.74145745771  1.523427E-16
7501.25770949857  1.496145E-16
7506.77396153943  1.471593E-16
7512.29021358029  1.389826E-16
7517.80646562115  1.519528E-16
7523.32271766201  1.378241E-16
7528.83896970287  1.543224E-16
7534.35522174373  1.444905E-16
7539.87147378459  1.577437E-16
7545.38772582545  1.429586E-16
7550.90397786631  1.448849E-16
7556.42022990717  1.477662E-16
7561.93648194803  1.470159E-16
7567.45273398889  1.482348E-16
7572.96898602975  1.442879E-16
7578.48523807061  1.348148E-16
7584.00149011147  1.486836E-16
7589.51774215233  1.351641E-16
7595.03399419319  1.207541E-16
7600.55024623405  1.200557E-16
7606.06649827491  1.011921E-16
7611.58275031577  1.141915E-16
7617.09900235663  1.204938E-16
7622.61525439749  1.164901E-16
7628.13150643835  1.309601E-16
7633.64775847921  1.225108E-16
7639.16401052007  1.226329E-16
7644.68026256093  1.377509E-16
7650.19651460179  1.205774E-16
7655.71276664265  1.310333E-16
7661.22901868351  1.426884E-16
7666.74527072437  1.536583E-16
7672.26152276523  1.465599E-16
7677.77777480609  1.495223E-16
7683.29402684695  1.446998E-16
7688.81027888781  1.406248E-16
7694.32653092867  1.538432E-16
7699.84278296953  1.601352E-16
7705.35903501039  1.465775E-16
7710.87528705125  1.321238E-16
7716.39153909211  1.372114E-16
7721.90779113297  1.555625E-16
7727.42404317383  1.517777E-16
7732.94029521469  1.474367E-16
7738.45654725555  1.485448E-16
7743.97279929641  1.457075E-16
7749.48905133727  1.497525E-16
7755.00530337813  1.508485E-16
7760.52155541899  1.532067E-16
7766.03780745985  1.455658E-16
7771.55405950071  1.449992E-16
7777.07031154157  1.455611E-16
7782.58656358243  1.491973E-16
7788.10281562329  1.433881E-16
7793.61906766415  1.341590E-16
7799.13531970501  1.381969E-16
7804.65157174587  1.454657E-16
7810.16782378673  1.425254E-16
7815.68407582759  1.429482E-16
7821.20032786845  1.403143E-16
7826.71657990931  1.456837E-16
7832.23283195017  1.464102E-16
7837.74908399103  1.379751E-16
7843.26533603189  1.417587E-16
7848.78158807275  1.295914E-16
7854.29784011361  1.209904E-16
7859.81409215447  1.300780E-16
7865.33034419533  1.465756E-16
7870.84659623619  1.513647E-16
7876.36284827705  1.328557E-16
7881.87910031791  1.357980E-16
7887.39535235877  1.437460E-16
7892.91160439963  1.295083E-16
7898.42785644049  1.308718E-16
7903.94410848135  1.329627E-16
7909.46036052221  1.209016E-16
7914.97661256307  1.184145E-16
7920.49286460393  1.164464E-16
7926.00911664479  1.397709E-16
7931.52536868565  1.458444E-16
7937.04162072651  1.405878E-16
7942.55787276737  1.433649E-16
7948.07412480823  1.516811E-16
7953.59037684909  1.420581E-16
7959.10662888995  1.396997E-16
7964.62288093081  1.457418E-16
7970.13913297167  1.566035E-16
7975.65538501253  1.440615E-16
7981.17163705339  1.305949E-16
7986.68788909425  1.318184E-16
7992.20414113511  1.309119E-16
7997.72039317597  1.302071E-16
8003.23664521683  1.317640E-16
8008.75289725769  1.432093E-16
8014.26914929855  1.430085E-16
8019.78540133941  1.208483E-16
8025.30165338027  1.255095E-16
8030.81790542113  1.389247E-16
8036.33415746199  1.331764E-16
8041.85040950285  1.386910E-16
8047.36666154371  1.369962E-16
8052.88291358457  1.444789E-16
8058.39916562543  1.348871E-16
8063.91541766629  1.359097E-16
8069.43166970715  1.307227E-16
8074.94792174801  1.400704E-16
8080.46417378887  1.306396E-16
8085.98042582973  1.343769E-16
8091.49667787059  1.351287E-16
8097.01292991145  1.346452E-16
8102.52918195231  1.291299E-16
8108.04543399317  1.380059E-16
8113.56168603403  1.360752E-16
8119.07793807489  1.296319E-16
8124.59419011575  1.344414E-16
8130.11044215661  1.311054E-16
8135.62669419747  1.354792E-16
8141.14294623833  1.383490E-16
8146.65919827919  1.396127E-16
8152.17545032005  1.328048E-16
8157.69170236091  1.229280E-16
8163.20795440177  1.260662E-16
8168.72420644263  1.296059E-16
8174.24045848349  1.217671E-16
8179.75671052435  1.307210E-16
8185.27296256521  1.468975E-16
8190.78921460607  1.373240E-16
8196.30546664693  1.264865E-16
8201.82171868779  1.308209E-16
8207.33797072865  1.324636E-16
8212.85422276951  1.255083E-16
8218.37047481037  1.314452E-16
8223.88672685123  1.201629E-16
8229.40297889209  1.372742E-16
8234.91923093295  1.252371E-16
8240.43548297381  1.207494E-16
8245.95173501467  1.281291E-16
8251.46798705553  1.219851E-16
8256.98423909639  1.423054E-16
8262.50049113725  1.345485E-16
8268.01674317811  1.379607E-16
8273.53299521897  1.290171E-16
8279.04924725983  1.231776E-16
8284.56549930069  1.353768E-16
8290.08175134155  1.562794E-16
8295.59800338241  1.462158E-16
8301.11425542327  1.350262E-16
8306.63050746413  1.408964E-16
8312.14675950499  1.374465E-16
8317.66301154585  1.326954E-16
8323.17926358671  1.342101E-16
8328.69551562757  1.480639E-16
8334.21176766843  1.476914E-16
8339.72801970929  1.298417E-16
8345.24427175015  1.245574E-16
8350.76052379101  1.193277E-16
8356.27677583187  1.214528E-16
8361.79302787273  1.248510E-16
8367.30927991359  1.243015E-16
8372.82553195445  1.343550E-16
8378.34178399531  1.262243E-16
8383.85803603617  1.378049E-16
8389.37428807703  1.037274E-16
8394.89054011789  1.216425E-16
8400.40679215875  1.215226E-16
8405.92304419961  1.558667E-16
8411.43929624047  1.362351E-16
8416.95554828133  1.165404E-16
8422.47180032219  1.215439E-16
8427.98805236305  1.215715E-16
8433.50430440391  1.219658E-16
8439.02055644477  1.420722E-16
8444.53680848563  1.415049E-16
8450.05306052649  1.299809E-16
8455.56931256735  1.231647E-16
8461.08556460821  1.213645E-16
8466.60181664907  1.242760E-16
8472.11806868993  1.204538E-16
8477.63432073079  1.287632E-16
8483.15057277165  1.217122E-16
8488.66682481251  1.182794E-16
8494.18307685337  1.486677E-16
8499.69932889423  1.147911E-16
8505.21558093509  1.135785E-16
8510.73183297595  1.301730E-16
8516.24808501681  1.338350E-16
8521.76433705767  1.173009E-16
8527.28058909853  1.405499E-16
8532.79684113939  1.218746E-16
8538.31309318025  1.407216E-16
8543.82934522111  1.111268E-16
8549.34559726197  1.210325E-16
8554.86184930283  1.180914E-16
8560.37810134369  1.287133E-16
8565.89435338455  1.251326E-16
8571.41060542541  1.270810E-16
8576.92685746627  1.313319E-16
8582.44310950713  1.248759E-16
8587.95936154799  1.275858E-16
8593.47561358885  1.353670E-16
8598.99186562971  1.409355E-16
8604.50811767057  1.373414E-16
8610.02436971143  1.302432E-16
8615.54062175229  1.310537E-16
8621.05687379315  1.397950E-16
8626.57312583401  1.363845E-16
8632.08937787487  1.317602E-16
8637.60562991573  1.373155E-16
8643.12188195659  1.400130E-16
8648.63813399745  1.224863E-16
8654.15438603831  1.179710E-16
8659.67063807917  1.206037E-16
8665.18689012003  1.478936E-16
8670.70314216089  1.472141E-16
8676.21939420175  1.328381E-16
8681.73564624261  1.257046E-16
8687.25189828347  1.219626E-16
8692.76815032433  1.443307E-16
8698.28440236519  1.365645E-16
8703.80065440605  1.205596E-16
8709.31690644691  1.406350E-16
8714.83315848777  1.459403E-16
8720.34941052863  1.314597E-16
8725.86566256949  1.339818E-16
8731.38191461035  1.224760E-16
8736.89816665121  1.146070E-16
8742.41441869207  1.393644E-16
8747.93067073293  1.542957E-16
8753.44692277379  1.413664E-16
8758.96317481465  1.200627E-16
8764.47942685551  1.157574E-16
8769.99567889637  1.152269E-16
8775.51193093723  1.248438E-16
8781.02818297809  1.457321E-16
8786.54443501895  1.447895E-16
8792.06068705981  1.372569E-16
8797.57693910067  1.247381E-16
8803.09319114153  1.263584E-16
8808.60944318239  1.268254E-16
8814.12569522325  1.391255E-16
8819.64194726411  1.556717E-16
8825.15819930497  1.485438E-16
8830.67445134583  1.681424E-16
8836.19070338669  1.450239E-16
8841.70695542755  1.200407E-16
8847.22320746841  1.306194E-16
8852.73945950927  1.276141E-16
8858.25571155013  1.510457E-16
8863.77196359099  1.397181E-16
8869.28821563185  1.412983E-16
8874.80446767271  1.228664E-16
8880.32071971357  1.320220E-16
8885.83697175443  1.248850E-16
8891.35322379529  1.282221E-16
8896.86947583615  1.259051E-16
8902.38572787701  1.239813E-16
8907.90197991787  1.306870E-16
8913.41823195873  9.908045E-17
8918.93448399959  1.163290E-16
8924.45073604045  1.393267E-16
8929.96698808131  1.211270E-16
8935.48324012217  1.298164E-16
8940.99949216303  1.365573E-16
8946.51574420389  1.227086E-16
8952.03199624475  1.224169E-16
8957.54824828561  1.184471E-16
8963.06450032647  1.150382E-16
8968.58075236733  1.186690E-16
8974.09700440819  1.247015E-16
8979.61325644905  1.111738E-16
8985.12950848991  1.247689E-16
8990.64576053077  1.091918E-16
8996.16201257163  1.062839E-16
9001.67826461249  1.399251E-16
9007.19451665335  1.334156E-16
9012.71076869421  1.234390E-16
9018.22702073507  1.203255E-16
9023.74327277593  1.176127E-16
9029.25952481679  1.356368E-16
9034.77577685765  1.513528E-16
9040.29202889851  1.492267E-16
9045.80828093937  1.187522E-16
9051.32453298023  1.266536E-16
9056.84078502109  1.044997E-16
9062.35703706195  1.153363E-16
9067.87328910281  1.232365E-16
9073.38954114367  1.252475E-16
9078.90579318453  1.183191E-16
9084.42204522539  1.078066E-16
9089.93829726625  1.075432E-16
9095.45454930711  1.295487E-16
9100.97080134797  1.254636E-16
9106.48705338883  1.158160E-16
9112.00330542969  1.045291E-16
9117.51955747055  8.367483E-17
9123.03580951141  1.240671E-16
9128.55206155227  1.248096E-16
9134.06831359313  1.157709E-16
9139.58456563399  1.224759E-16
9145.10081767485  1.074980E-16
9150.61706971571  1.166231E-16
9156.13332175657  1.330457E-16
9161.64957379743  1.325803E-16
9167.16582583829  1.282486E-16
9172.68207787915  9.997362E-17
9178.19832992001  1.153068E-16
9183.71458196087  1.200443E-16
9189.23083400173  1.503757E-16
9194.74708604259  1.428731E-16
9200.26333808345  1.242869E-16
9205.77959012431  9.356088E-17
9211.29584216517  1.195503E-16
9216.81209420603  1.151447E-16
9222.32834624689  1.325833E-16
9227.84459828775  1.295486E-16
9233.36085032861  1.375745E-16
9238.87710236947  1.353791E-16
9244.39335441033  1.345653E-16
9249.90960645119  1.224872E-16
9255.42585849205  9.929622E-17
