3666.83300781  4.919613E-16
3672.35132264841  4.943942E-16
3677.86963748682  4.329814E-16
3683.38795232523  4.221813E-16
3688.90626716364  4.500829E-16
3694.42458200205  4.353327E-16
3699.94289684046  4.240127E-16
3705.46121167887  4.537753E-16
3710.97952651728  3.744981E-16
3716.49784135569  3.988417E-16
3722.0161561941  3.515712E-16
3727.53447103251  3.500237E-16
3733.05278587092  3.000115E-16
3738.57110070933  3.550230E-16
3744.08941554774  3.855610E-16
3749.60773038615  3.483925E-16
3755.12604522456  3.230137E-16
3760.64436006297  3.155366E-16
3766.16267490138  3.415369E-16
3771.68098973979  3.208018E-16
3777.1993045782  3.354942E-16
3782.71761941661  3.627101E-16
3788.23593425502  3.411178E-16
3793.75424909343  3.040061E-16
3799.27256393184  3.283530E-16
3804.79087877025  3.466176E-16
3810.30919360866  3.280245E-16
3815.82750844707  3.321521E-16
3821.34582328548  3.460508E-16
3826.86413812389  3.581969E-16
3832.3824529623  3.544877E-16
3837.90076780071  3.500651E-16
3843.41908263912  3.520600E-16
3848.93739747753  3.757487E-16
3854.45571231594  4.000318E-16
3859.97402715435  4.009660E-16
3865.49234199276  4.099519E-16
3871.01065683117  4.548722E-16
3876.52897166958  4.476760E-16
3882.04728650799  4.593325E-16
3887.5656013464  4.616647E-16
3893.08391618481  4.760387E-16
3898.60223102322  4.078508E-16
3904.12054586163  4.434498E-16
3909.63886070004  4.417968E-16
3915.15717553845  4.581071E-16
3920.67549037686  4.625986E-16
3926.19380521527  4.677443E-16
3931.71212005368  4.522723E-16
3937.23043489209  4.413029E-16
3942.7487497305  4.554039E-16
3948.26706456891  4.535485E-16
3953.78537940732  4.405830E-16
3959.30369424573  4.719592E-16
3964.82200908414  4.740725E-16
3970.34032392255  4.545932E-16
3975.85863876096  4.598438E-16
3981.37695359937  4.967942E-16
3986.89526843778  4.866287E-16
3992.41358327619  4.880264E-16
3997.9318981146  4.584859E-16
4003.45021295301  4.364954E-16
4008.96852779142  4.696799E-16
4014.48684262983  4.526238E-16
4020.00515746824  4.600396E-16
4025.52347230665  4.580611E-16
4031.04178714506  4.727423E-16
4036.56010198347  4.523944E-16
4042.07841682188  4.567931E-16
4047.59673166029  4.408174E-16
4053.1150464987  4.484188E-16
4058.63336133711  4.279182E-16
4064.15167617552  4.329618E-16
4069.66999101393  4.146607E-16
4075.18830585234  4.579851E-16
4080.70662069075  4.419967E-16
4086.22493552916  4.426273E-16
4091.74325036757  4.420172E-16
4097.26156520599  4.695560E-16
4102.77988004439  4.659840E-16
4108.2981948828  4.511753E-16
4113.81650972121  4.324257E-16
4119.33482455962  4.210164E-16
4124.85313939803  4.345151E-16
4130.37145423644  4.398266E-16
4135.88976907485  4.393559E-16
4141.40808391326  4.453364E-16
4146.92639875167  4.410934E-16
4152.44471359008  4.059257E-16
4157.96302842849  4.231963E-16
4163.4813432669  4.035172E-16
4168.99965810531  3.823473E-16
4174.51797294372  4.015414E-16
4180.03628778213  3.975849E-16
4185.55460262054  3.879149E-16
4191.07291745895  4.108220E-16
4196.59123229736  4.218753E-16
4202.10954713577  4.347279E-16
4207.62786197418  4.340349E-16
4213.14617681259  4.554120E-16
4218.664491651  4.367648E-16
4224.18280648941  4.415649E-16
4229.70112132782  4.315945E-16
4235.21943616623  4.389878E-16
4240.73775100464  4.358423E-16
4246.25606584305  4.207541E-16
4251.77438068146  4.021730E-16
4257.29269551987  4.236191E-16
4262.81101035828  4.019904E-16
4268.32932519669  4.047739E-16
4273.8476400351  4.105347E-16
4279.36595487351  4.086590E-16
4284.88426971192  4.156586E-16
4290.40258455033  3.765589E-16
4295.92089938874  3.948195E-16
4301.43921422715  3.710630E-16
4306.95752906556  3.914238E-16
4312.47584390397  3.836930E-16
4317.99415874238  3.938743E-16
4323.51247358079  3.859224E-16
4329.0307884192  3.796324E-16
4334.54910325761  3.584877E-16
4340.06741809603  3.754519E-16
4345.58573293443  3.817304E-16
4351.10404777284  3.754456E-16
4356.62236261125  3.586342E-16
4362.14067744966  3.629949E-16
4367.65899228807  3.722834E-16
4373.17730712648  3.636905E-16
4378.69562196489  3.417548E-16
4384.2139368033  3.662836E-16
4389.73225164171  3.579499E-16
4395.25056648012  3.475250E-16
4400.76888131853  3.504701E-16
4406.28719615694  3.428872E-16
4411.80551099535  3.622502E-16
4417.32382583376  3.633991E-16
4422.84214067217  3.558757E-16
4428.36045551058  3.673379E-16
4433.87877034899  3.828205E-16
4439.3970851874  3.787871E-16
4444.91540002581  3.797809E-16
4450.43371486422  3.851386E-16
4455.95202970263  3.939334E-16
4461.47034454104  3.883650E-16
4466.98865937945  3.933062E-16
4472.50697421786  4.115742E-16
4478.02528905627  3.943820E-16
4483.54360389468  4.078947E-16
4489.06191873309  4.094465E-16
4494.5802335715  4.255781E-16
4500.09854840991  4.243604E-16
4505.61686324832  4.067860E-16
4511.13517808673  4.381896E-16
4516.65349292514  4.491684E-16
4522.17180776355  4.584453E-16
4527.69012260196  4.597733E-16
4533.20843744037  4.719561E-16
4538.72675227878  4.516869E-16
4544.24506711719  4.610602E-16
4549.7633819556  4.493083E-16
4555.28169679401  4.783546E-16
4560.80001163242  4.522396E-16
4566.31832647083  4.269759E-16
4571.83664130924  4.505030E-16
4577.35495614765  4.457027E-16
4582.87327098606  4.485307E-16
4588.39158582448  4.279945E-16
4593.90990066288  4.163222E-16
4599.42821550129  4.241296E-16
4604.9465303397  4.179918E-16
4610.46484517811  4.407042E-16
4615.98316001652  4.273175E-16
4621.50147485493  4.171618E-16
4627.01978969334  4.227105E-16
4632.53810453175  3.983389E-16
4638.05641937016  4.061639E-16
4643.57473420857  4.142021E-16
4649.09304904698  4.128190E-16
4654.61136388539  4.032887E-16
4660.1296787238  4.052630E-16
4665.64799356221  4.006376E-16
4671.16630840062  3.971786E-16
4676.68462323903  3.904317E-16
4682.20293807744  4.074548E-16
4687.72125291585  4.001942E-16
4693.23956775426  3.814229E-16
4698.75788259267  3.825343E-16
4704.27619743108  3.956087E-16
4709.7945122695  3.645796E-16
4715.3128271079  3.975953E-16
4720.83114194631  3.801793E-16
4726.34945678472  3.812720E-16
4731.86777162313  3.691336E-16
4737.38608646154  3.655215E-16
4742.90440129995  3.510565E-16
4748.42271613836  3.701088E-16
4753.94103097677  3.409977E-16
4759.45934581518  3.497072E-16
4764.97766065359  3.487305E-16
4770.495975492  3.484656E-16
4776.01429033041  3.512683E-16
4781.53260516882  3.474524E-16
4787.05092000723  3.438955E-16
4792.56923484564  3.390402E-16
4798.08754968405  3.388813E-16
4803.60586452246  3.489124E-16
4809.12417936087  3.505998E-16
4814.64249419928  3.300461E-16
4820.16080903769  3.179647E-16
4825.6791238761  3.133660E-16
4831.19743871452  3.124021E-16
4836.71575355293  3.101020E-16
4842.23406839133  3.066497E-16
4847.75238322974  3.135120E-16
4853.27069806815  3.200387E-16
4858.78901290656  3.132452E-16
4864.30732774497  3.133344E-16
4869.82564258338  3.047896E-16
4875.34395742179  3.133984E-16
4880.8622722602  3.128464E-16
4886.38058709861  2.970191E-16
4891.89890193702  2.988408E-16
4897.41721677543  3.224894E-16
4902.93553161384  3.010981E-16
4908.45384645225  3.035383E-16
4913.97216129066  3.155048E-16
4919.49047612907  3.078220E-16
4925.00879096748  3.108960E-16
4930.52710580589  2.990715E-16
4936.0454206443  3.067069E-16
4941.56373548271  3.123165E-16
4947.08205032112  3.007863E-16
4952.60036515954  2.906121E-16
4958.11867999794  2.884597E-16
4963.63699483635  3.071466E-16
4969.15530967477  3.053638E-16
4974.67362451317  2.981232E-16
4980.19193935158  2.923561E-16
4985.71025418999  2.854661E-16
4991.2285690284  3.069609E-16
4996.74688386681  3.085051E-16
5002.26519870523  3.091187E-16
5007.78351354363  2.976353E-16
5013.30182838205  2.967029E-16
5018.82014322045  3.005810E-16
5024.33845805887  3.104023E-16
5029.85677289728  3.014068E-16
5035.37508773569  3.023024E-16
5040.8934025741  2.855097E-16
5046.4117174125  2.952056E-16
5051.93003225091  2.859100E-16
5057.44834708932  3.077983E-16
5062.96666192773  3.131787E-16
5068.48497676615  3.198329E-16
5074.00329160456  3.348611E-16
5079.52160644297  3.495115E-16
5085.03992128137  3.246778E-16
5090.55823611979  3.391771E-16
5096.0765509582  3.346876E-16
5101.5948657966  3.328719E-16
5107.11318063502  3.397298E-16
5112.63149547342  3.406822E-16
5118.14981031184  3.443915E-16
5123.66812515025  3.596819E-16
5129.18643998866  3.526338E-16
5134.70475482706  3.605970E-16
5140.22306966548  3.596793E-16
5145.74138450388  3.436400E-16
5151.2596993423  3.545557E-16
5156.7780141807  3.518084E-16
5162.29632901912  3.702991E-16
5167.81464385752  3.629704E-16
5173.33295869594  3.764866E-16
5178.85127353434  3.786800E-16
5184.36958837275  3.703450E-16
5189.88790321117  3.825872E-16
5195.40621804958  3.737247E-16
5200.92453288798  3.710570E-16
5206.4428477264  3.665018E-16
5211.96116256481  3.705350E-16
5217.47947740322  3.736331E-16
5222.99779224162  3.663834E-16
5228.51610708003  3.724162E-16
5234.03442191844  3.758448E-16
5239.55273675685  3.577326E-16
5245.07105159527  3.682072E-16
5250.58936643367  3.660183E-16
5256.10768127209  3.560299E-16
5261.62599611049  3.586060E-16
5267.1443109489  3.608976E-16
5272.66262578732  3.705146E-16
5278.18094062573  3.483982E-16
5283.69925546414  3.589691E-16
5289.21757030255  3.676671E-16
5294.73588514095  3.687287E-16
5300.25419997937  3.647217E-16
5305.77251481778  3.419642E-16
5311.29082965619  3.493820E-16
5316.80914449459  3.546615E-16
5322.327459333  3.569694E-16
5327.84577417142  3.720173E-16
5333.36408900983  3.579095E-16
5338.88240384824  3.526426E-16
5344.40071868665  3.551594E-16
5349.91903352505  3.546522E-16
5355.43734836346  3.598864E-16
5360.95566320187  3.631921E-16
5366.47397804029  3.691218E-16
5371.99229287869  3.623267E-16
5377.51060771711  3.565797E-16
5383.02892255552  3.667290E-16
5388.54723739393  3.612359E-16
5394.06555223234  3.451888E-16
5399.58386707075  3.668521E-16
5405.10218190916  3.580830E-16
5410.62049674756  3.379329E-16
5416.13881158598  3.695659E-16
5421.65712642439  3.496367E-16
5427.1754412628  3.305170E-16
5432.69375610121  3.258189E-16
5438.21207093962  3.585600E-16
5443.73038577802  3.141990E-16
5449.24870061644  3.213442E-16
5454.76701545485  3.273071E-16
5460.28533029326  3.109637E-16
5465.80364513167  3.130824E-16
5471.32195997008  3.010582E-16
5476.84027480849  3.145957E-16
5482.35858964689  3.026300E-16
5487.87690448531  3.271513E-16
5493.39521932371  3.066067E-16
5498.91353416213  2.967033E-16
5504.43184900054  2.919530E-16
5509.95016383895  3.014223E-16
5515.46847867736  3.095426E-16
5520.98679351577  3.020493E-16
5526.50510835417  3.128023E-16
5532.02342319259  3.101570E-16
5537.541738031  2.823593E-16
5543.06005286941  3.037634E-16
5548.57836770782  3.064711E-16
5554.09668254623  2.887634E-16
5559.61499738464  3.147721E-16
5565.13331222305  2.960788E-16
5570.65162706145  3.377556E-16
5576.16994189987  3.010382E-16
5581.68825673828  3.032524E-16
5587.20657157669  2.802224E-16
5592.7248864151  2.830713E-16
5598.2432012535  3.021555E-16
5603.76151609192  2.926684E-16
5609.27983093033  3.053533E-16
5614.79814576873  2.867374E-16
5620.31646060714  2.900443E-16
5625.83477544556  2.917523E-16
5631.35309028396  2.751453E-16
5636.87140512238  2.686183E-16
5642.38971996079  2.619011E-16
5647.9080347992  2.527443E-16
5653.42634963761  2.668067E-16
5658.94466447602  2.804230E-16
5664.46297931442  2.791623E-16
5669.98129415284  2.864194E-16
5675.49960899125  2.664469E-16
5681.01792382966  2.761026E-16
5686.53623866807  2.688953E-16
5692.05455350648  2.670566E-16
5697.57286834489  2.697910E-16
5703.0911831833  2.632462E-16
5708.60949802171  2.487869E-16
5714.12781286012  2.474909E-16
5719.64612769852  2.551118E-16
5725.16444253693  2.448444E-16
5730.68275737535  2.453145E-16
5736.20107221376  2.424502E-16
5741.71938705216  2.579762E-16
5747.23770189058  2.556094E-16
5752.75601672899  2.739520E-16
5758.2743315674  2.769917E-16
5763.79264640581  2.557684E-16
5769.31096124422  2.658919E-16
5774.82927608263  2.720375E-16
5780.34759092104  2.820031E-16
5785.86590575944  2.684435E-16
5791.38422059786  2.893133E-16
5796.90253543627  2.924720E-16
5802.42085027468  2.896554E-16
5807.93916511309  3.016729E-16
5813.4574799515  2.894094E-16
5818.97579478991  2.936496E-16
5824.49410962832  2.841852E-16
5830.01242446673  2.857854E-16
5835.53073930514  2.878320E-16
5841.04905414355  2.848144E-16
5846.56736898196  2.883954E-16
5852.08568382037  2.822723E-16
5857.60399865878  2.820840E-16
5863.12231349719  2.918941E-16
5868.6406283356  2.867581E-16
5874.158943174  2.761760E-16
5879.67725801242  2.874757E-16
5885.19557285083  2.930224E-16
5890.71388768924  2.836035E-16
5896.23220252765  2.731230E-16
5901.75051736606  2.867329E-16
5907.26883220447  2.891262E-16
5912.78714704288  2.870681E-16
5918.30546188129  2.936475E-16
5923.8237767197  2.905226E-16
5929.34209155811  2.758628E-16
5934.86040639652  2.713803E-16
5940.37872123493  2.826870E-16
5945.89703607334  2.742029E-16
5951.41535091175  2.813572E-16
5956.93366575016  2.782445E-16
5962.45198058856  2.748662E-16
5967.97029542698  2.910006E-16
5973.48861026539  2.863518E-16
5979.00692510379  2.616446E-16
5984.52523994221  2.710095E-16
5990.04355478062  2.658220E-16
5995.56186961903  2.761157E-16
6001.08018445744  2.681361E-16
6006.59849929585  2.580652E-16
6012.11681413426  2.536933E-16
6017.63512897267  2.712569E-16
6023.15344381108  2.519891E-16
6028.67175864949  2.622689E-16
6034.1900734879  2.558142E-16
6039.70838832631  2.419617E-16
6045.22670316471  2.493276E-16
6050.74501800313  2.307897E-16
6056.26333284154  2.532203E-16
6061.78164767995  2.353469E-16
6067.29996251836  2.437970E-16
6072.81827735677  2.140082E-16
6078.33659219518  2.295069E-16
6083.85490703359  2.184075E-16
6089.373221872  2.146674E-16
6094.89153671041  2.089401E-16
6100.40985154881  2.076142E-16
6105.92816638723  2.016981E-16
6111.44648122564  1.992281E-16
6116.96479606405  1.966660E-16
6122.48311090246  1.916611E-16
6128.00142574087  1.975183E-16
6133.51974057928  1.894767E-16
6139.03805541769  1.921938E-16
6144.5563702561  1.995821E-16
6150.07468509451  1.904089E-16
6155.59299993292  1.855956E-16
6161.11131477133  1.940338E-16
6166.62962960974  2.022496E-16
6172.14794444815  1.929930E-16
6177.66625928656  1.963764E-16
6183.18457412497  2.120580E-16
6188.70288896338  2.079230E-16
6194.22120380179  2.133243E-16
6199.7395186402  2.087786E-16
6205.25783347861  2.101373E-16
6210.77614831702  2.072887E-16
6216.29446315543  2.141229E-16
6221.81277799384  2.243922E-16
6227.33109283225  2.107590E-16
6232.84940767066  2.115037E-16
6238.36772250907  2.173732E-16
6243.88603734748  2.175715E-16
6249.40435218589  2.140847E-16
6254.9226670243  2.182457E-16
6260.44098186271  2.298909E-16
6265.95929670112  2.359402E-16
6271.47761153953  2.235559E-16
6276.99592637794  2.293329E-16
6282.51424121635  2.244777E-16
6288.03255605476  2.202516E-16
6293.55087089317  2.352923E-16
6299.06918573158  2.142734E-16
6304.58750056999  2.102250E-16
6310.1058154084  2.158720E-16
6315.62413024681  2.251911E-16
6321.14244508522  2.219047E-16
6326.66075992363  2.274618E-16
6332.17907476204  2.245013E-16
6337.69738960045  2.158576E-16
6343.21570443886  2.050987E-16
6348.73401927727  2.137526E-16
6354.25233411568  1.900403E-16
6359.77064895409  2.025932E-16
6365.2889637925  1.914877E-16
6370.80727863091  1.844390E-16
6376.32559346932  1.852012E-16
6381.84390830773  1.888031E-16
6387.36222314614  1.943808E-16
6392.88053798455  1.915652E-16
6398.39885282296  2.098585E-16
6403.91716766137  2.009147E-16
6409.43548249978  2.290350E-16
6414.95379733819  2.045868E-16
6420.4721121766  2.156820E-16
6425.99042701501  2.074982E-16
6431.50874185342  2.058830E-16
6437.02705669183  2.107420E-16
6442.54537153024  2.140395E-16
6448.06368636865  2.122533E-16
6453.58200120706  2.213099E-16
6459.10031604547  2.241536E-16
6464.61863088388  2.191911E-16
6470.13694572229  2.243806E-16
6475.6552605607  2.416664E-16
6481.17357539911  2.312693E-16
6486.69189023752  2.288499E-16
6492.21020507593  2.425793E-16
6497.72851991434  2.351587E-16
6503.24683475275  2.393962E-16
6508.76514959116  2.252854E-16
6514.28346442957  2.098985E-16
6519.80177926798  2.347151E-16
6525.32009410639  2.371207E-16
6530.8384089448  2.232453E-16
6536.35672378321  2.493239E-16
6541.87503862162  2.297987E-16
6547.39335346003  2.290316E-16
6552.91166829844  2.206522E-16
6558.42998313685  2.329427E-16
6563.94829797526  2.295345E-16
6569.46661281367  2.307369E-16
6574.98492765208  2.239422E-16
6580.50324249049  2.268784E-16
6586.0215573289  2.307035E-16
6591.53987216731  2.278361E-16
6597.05818700572  2.233109E-16
6602.57650184413  2.264427E-16
6608.09481668254  2.209629E-16
6613.61313152095  2.233175E-16
6619.13144635936  2.231320E-16
6624.64976119777  2.184781E-16
6630.16807603618  2.228067E-16
6635.68639087459  2.083497E-16
6641.204705713  2.114025E-16
6646.72302055141  2.062363E-16
6652.24133538981  2.194241E-16
6657.75965022823  2.234920E-16
6663.27796506664  2.124306E-16
6668.79627990505  2.084681E-16
6674.31459474346  2.134080E-16
6679.83290958187  2.225480E-16
6685.35122442028  2.216681E-16
6690.86953925869  2.231406E-16
6696.3878540971  2.179242E-16
6701.90616893551  2.184629E-16
6707.42448377392  2.172318E-16
6712.94279861233  2.257260E-16
6718.46111345074  2.224517E-16
6723.97942828915  2.130548E-16
6729.49774312756  2.184564E-16
6735.01605796597  2.095582E-16
6740.53437280438  2.165448E-16
6746.05268764279  2.199694E-16
6751.5710024812  2.209698E-16
6757.08931731961  2.020105E-16
6762.60763215802  2.096002E-16
6768.12594699643  1.950175E-16
6773.64426183484  1.900520E-16
6779.16257667325  2.095068E-16
6784.68089151166  1.971336E-16
6790.19920635007  1.970210E-16
6795.71752118848  1.992530E-16
6801.23583602689  2.108492E-16
6806.7541508653  1.954414E-16
6812.27246570371  1.967066E-16
6817.79078054212  1.928434E-16
6823.30909538053  1.987630E-16
6828.82741021894  2.028635E-16
6834.34572505735  1.881806E-16
6839.86403989576  1.891367E-16
6845.38235473417  1.929380E-16
6850.90066957258  1.980130E-16
6856.41898441099  1.898783E-16
6861.9372992494  1.754456E-16
6867.45561408781  1.786009E-16
6872.97392892622  1.557006E-16
6878.49224376463  1.717914E-16
6884.01055860304  2.014976E-16
6889.52887344145  1.907813E-16
6895.04718827986  1.714143E-16
6900.56550311827  1.738709E-16
6906.08381795668  1.839880E-16
6911.60213279509  1.659581E-16
6917.1204476335  1.750130E-16
6922.63876247191  1.807907E-16
6928.15707731032  1.789086E-16
6933.67539214873  1.719835E-16
6939.19370698714  1.897273E-16
6944.71202182555  1.716786E-16
6950.23033666396  1.881999E-16
6955.74865150237  1.733081E-16
6961.26696634078  1.961899E-16
6966.78528117919  1.881826E-16
6972.3035960176  1.936103E-16
6977.82191085601  1.772907E-16
6983.34022569442  1.632711E-16
6988.85854053283  1.880851E-16
6994.37685537124  1.762098E-16
6999.89517020965  1.624673E-16
7005.41348504806  1.691872E-16
7010.93179988647  1.581416E-16
7016.45011472488  1.717582E-16
7021.96842956329  1.786087E-16
7027.4867444017  1.671629E-16
7033.00505924011  1.566316E-16
7038.52337407852  1.600206E-16
7044.04168891693  1.684355E-16
7049.56000375534  1.612113E-16
7055.07831859375  1.526142E-16
7060.59663343216  1.535503E-16
7066.11494827057  1.519798E-16
7071.63326310898  1.595714E-16
7077.15157794739  1.612371E-16
7082.6698927858  1.684282E-16
7088.18820762421  1.924957E-16
7093.70652246262  1.718871E-16
7099.22483730103  1.727970E-16
7104.74315213944  1.625309E-16
7110.26146697785  1.736403E-16
7115.77978181626  1.626369E-16
7121.29809665467  1.776915E-16
7126.81641149308  1.856405E-16
7132.33472633149  1.819003E-16
7137.8530411699  1.850645E-16
7143.37135600831  1.766375E-16
7148.88967084672  1.760424E-16
7154.40798568513  1.823391E-16
7159.92630052354  1.836680E-16
7165.44461536195  1.791976E-16
7170.96293020036  1.894537E-16
7176.48124503877  1.832785E-16
7181.99955987718  1.748370E-16
7187.51787471559  1.916924E-16
7193.036189554  1.937626E-16
7198.55450439241  1.707792E-16
7204.07281923082  1.704945E-16
7209.59113406923  1.840335E-16
7215.10944890764  1.806635E-16
7220.62776374605  1.824858E-16
7226.14607858446  1.870318E-16
7231.66439342287  1.702595E-16
7237.18270826128  1.717276E-16
7242.70102309969  1.599321E-16
7248.2193379381  1.673990E-16
7253.73765277651  1.628165E-16
7259.25596761492  1.637820E-16
7264.77428245333  1.766441E-16
7270.29259729174  1.924665E-16
7275.81091213015  1.469206E-16
7281.32922696856  1.731269E-16
7286.84754180697  1.673901E-16
7292.36585664538  1.551558E-16
7297.88417148379  1.596834E-16
7303.4024863222  1.756906E-16
7308.92080116061  1.659838E-16
7314.43911599902  1.558725E-16
7319.95743083743  1.562307E-16
7325.47574567584  1.572728E-16
7330.99406051425  1.646382E-16
7336.51237535266  1.609534E-16
7342.03069019107  1.597141E-16
7347.54900502948  1.625339E-16
7353.06731986789  1.589350E-16
7358.5856347063  1.651985E-16
7364.10394954471  1.768219E-16
7369.62226438312  1.553570E-16
7375.14057922153  1.457385E-16
7380.65889405994  1.639412E-16
7386.17720889835  1.462151E-16
7391.69552373676  1.419515E-16
7397.21383857517  1.538631E-16
7402.73215341358  1.537606E-16
7408.25046825199  1.555391E-16
7413.7687830904  1.445230E-16
7419.28709792881  1.548593E-16
7424.80541276722  1.487953E-16
7430.32372760563  1.347880E-16
7435.84204244404  1.366038E-16
7441.36035728245  1.397989E-16
7446.87867212086  1.282540E-16
7452.39698695927  1.369787E-16
7457.91530179768  1.433141E-16
7463.43361663609  1.362312E-16
7468.9519314745  1.394534E-16
7474.47024631291  1.368964E-16
7479.98856115132  1.351287E-16
7485.50687598973  1.337144E-16
7491.02519082814  1.235038E-16
7496.54350566655  1.199310E-16
7502.06182050496  1.165437E-16
7507.58013534337  1.145160E-16
7513.09845018178  1.361201E-16
7518.61676502019  1.500851E-16
7524.1350798586  1.423441E-16
7529.65339469701  1.028273E-16
7535.17170953542  1.155255E-16
7540.69002437383  1.066789E-16
7546.20833921224  1.234264E-16
7551.72665405065  1.254575E-16
7557.24496888906  1.060687E-16
7562.76328372747  1.181867E-16
7568.28159856588  1.038837E-16
7573.79991340429  1.146674E-16
7579.3182282427  1.157143E-16
7584.83654308111  1.184239E-16
7590.35485791952  1.080394E-16
7595.87317275793  1.110440E-16
7601.39148759634  1.128599E-16
7606.90980243475  7.252167E-17
7612.42811727316  9.462933E-17
7617.94643211157  1.273033E-16
7623.46474694998  1.393097E-16
7628.98306178839  1.438898E-16
7634.5013766268  1.010025E-16
7640.01969146521  1.342886E-16
7645.53800630362  1.541129E-16
7651.05632114203  1.297577E-16
7656.57463598044  1.598353E-16
7662.09295081885  1.374563E-16
7667.61126565726  1.280542E-16
7673.12958049567  1.353122E-16
7678.64789533408  1.409636E-16
7684.16621017249  1.347870E-16
7689.6845250109  1.553863E-16
7695.20283984931  1.298327E-16
7700.72115468772  1.313765E-16
7706.23946952613  1.366582E-16
7711.75778436454  1.351526E-16
7717.27609920295  1.444191E-16
7722.79441404136  1.353996E-16
7728.31272887977  1.441021E-16
7733.83104371818  1.371207E-16
7739.34935855659  1.422640E-16
7744.867673395  1.566213E-16
7750.38598823341  1.650129E-16
7755.90430307182  1.411292E-16
7761.42261791023  1.346459E-16
7766.94093274864  1.427896E-16
7772.45924758705  1.318177E-16
7777.97756242546  1.285344E-16
7783.49587726387  1.347332E-16
7789.01419210228  1.475584E-16
7794.53250694069  1.428523E-16
7800.0508217791  1.352144E-16
7805.56913661751  1.311398E-16
7811.08745145592  1.285537E-16
7816.60576629433  1.473666E-16
7822.12408113274  1.721440E-16
7827.64239597115  1.657481E-16
7833.16071080956  1.364009E-16
7838.67902564797  1.427659E-16
7844.19734048638  1.429527E-16
7849.71565532479  1.448988E-16
7855.2339701632  1.605734E-16
7860.75228500161  1.595937E-16
7866.27059984002  1.391537E-16
7871.78891467843  1.323377E-16
7877.30722951684  1.233737E-16
7882.82554435525  1.271039E-16
7888.34385919366  1.537347E-16
7893.86217403207  1.429174E-16
7899.38048887048  1.498163E-16
7904.89880370889  1.466798E-16
7910.4171185473  1.270110E-16
7915.93543338571  1.376838E-16
7921.45374822412  1.410838E-16
7926.97206306253  1.485262E-16
7932.49037790094  1.351291E-16
7938.00869273935  1.411798E-16
7943.52700757776  1.420754E-16
7949.04532241617  1.404302E-16
7954.56363725458  1.357140E-16
7960.08195209299  1.501269E-16
7965.6002669314  1.556610E-16
7971.11858176981  1.586093E-16
7976.63689660822  1.212389E-16
7982.15521144663  1.198562E-16
7987.67352628504  1.102497E-16
7993.19184112345  1.340017E-16
7998.71015596186  1.462209E-16
8004.22847080027  1.279490E-16
8009.74678563868  1.201218E-16
8015.26510047709  1.144982E-16
8020.7834153155  1.149369E-16
8026.30173015391  1.167798E-16
8031.82004499232  1.130005E-16
8037.33835983073  1.198013E-16
8042.85667466914  1.119908E-16
8048.37498950755  1.107085E-16
8053.89330434596  1.108807E-16
8059.41161918437  9.856276E-17
8064.92993402278  1.047703E-16
8070.44824886119  9.111801E-17
8075.9665636996  1.287148E-16
8081.48487853801  1.062917E-16
8087.00319337642  9.623836E-17
8092.52150821483  1.115977E-16
8098.03982305324  1.045341E-16
8103.55813789165  9.867130E-17
8109.07645273006  1.145147E-16
8114.59476756847  9.177898E-17
8120.11308240688  8.533270E-17
8125.63139724529  9.664370E-17
8131.1497120837  7.452687E-17
8136.66802692211  1.009897E-16
8142.18634176052  7.942750E-17
8147.70465659893  7.506371E-17
8153.22297143734  7.764961E-17
8158.74128627575  8.189111E-17
8164.25960111416  8.105766E-17
8169.77791595257  7.992304E-17
8175.29623079098  7.276477E-17
8180.81454562939  8.169833E-17
8186.3328604678  9.061575E-17
8191.85117530621  7.178228E-17
8197.36949014462  7.238409E-17
8202.88780498303  6.604767E-17
8208.40611982144  8.432687E-17
8213.92443465985  1.047422E-16
8219.44274949826  7.244645E-17
8224.96106433667  1.023182E-16
8230.47937917508  7.583976E-17
8235.99769401349  7.378249E-17
8241.5160088519  8.837140E-17
8247.03432369031  6.207038E-17
8252.55263852872  7.758685E-17
8258.07095336713  7.502058E-17
8263.58926820554  9.986529E-17
8269.10758304395  8.661717E-17
8274.62589788236  8.820817E-17
8280.14421272077  8.487618E-17
8285.66252755918  5.323371E-17
8291.18084239759  6.925061E-17
8296.699157236  9.580819E-17
8302.21747207441  1.140749E-16
8307.73578691282  1.006387E-16
8313.25410175123  7.745421E-17
8318.77241658964  8.472448E-17
8324.29073142805  8.428585E-17
8329.80904626646  9.870767E-17
8335.32736110487  1.039696E-16
8340.84567594328  8.868655E-17
8346.36399078169  8.990031E-17
8351.8823056201  9.161052E-17
8357.40062045851  1.057444E-16
8362.91893529692  1.039830E-16
8368.43725013533  1.279847E-16
8373.95556497374  1.177299E-16
8379.47387981215  1.057311E-16
8384.99219465056  1.284014E-16
8390.51050948897  9.417854E-17
8396.02882432738  9.505269E-17
8401.54713916579  9.403734E-17
8407.0654540042  9.593512E-17
8412.58376884261  9.057496E-17
8418.10208368102  8.726905E-17
8423.62039851943  9.450988E-17
8429.13871335784  9.145695E-17
8434.65702819625  9.876991E-17
8440.17534303466  1.236590E-16
8445.69365787307  1.170171E-16
8451.21197271148  1.151742E-16
8456.73028754989  1.268655E-16
8462.2486023883  1.062969E-16
8467.76691722671  1.148990E-16
8473.28523206512  1.210471E-16
8478.80354690353  1.155936E-16
8484.32186174194  1.303474E-16
8489.84017658035  1.091916E-16
8495.35849141876  1.087935E-16
8500.87680625717  1.359671E-16
8506.39512109558  1.021753E-16
8511.91343593399  1.300993E-16
8517.4317507724  1.345966E-16
8522.95006561081  1.143401E-16
8528.46838044922  1.128002E-16
8533.98669528763  9.856739E-17
8539.50501012604  1.180191E-16
8545.02332496445  1.191042E-16
8550.54163980286  1.463870E-16
8556.05995464127  1.461340E-16
8561.57826947968  1.196698E-16
8567.09658431809  1.171065E-16
8572.6148991565  1.104380E-16
8578.13321399491  1.224194E-16
8583.65152883332  1.387034E-16
8589.16984367173  1.372354E-16
8594.68815851014  1.174578E-16
8600.20647334855  1.250867E-16
8605.72478818696  1.427631E-16
8611.24310302537  1.137038E-16
8616.76141786378  1.179541E-16
8622.27973270219  1.274109E-16
8627.7980475406  1.245171E-16
8633.31636237901  1.459101E-16
8638.83467721742  1.382957E-16
8644.35299205583  1.024667E-16
8649.87130689424  1.118260E-16
8655.38962173265  1.304545E-16
8660.90793657106  1.170849E-16
8666.42625140947  1.305482E-16
8671.94456624788  1.150116E-16
8677.46288108629  1.220068E-16
8682.9811959247  1.055604E-16
8688.49951076311  1.322684E-16
8694.01782560152  1.169952E-16
8699.53614043993  9.348717E-17
8705.05445527834  1.319753E-16
8710.57277011675  1.373949E-16
8716.09108495516  1.110856E-16
8721.60939979357  1.024904E-16
8727.12771463198  1.000279E-16
8732.64602947039  1.122638E-16
8738.1643443088  8.629194E-17
8743.68265914721  1.323425E-16
8749.20097398562  1.346400E-16
8754.71928882403  1.241828E-16
8760.23760366244  1.132044E-16
8765.75591850085  1.223905E-16
8771.27423333926  9.456770E-17
8776.79254817767  1.090858E-16
8782.31086301608  1.059680E-16
8787.82917785449  9.654850E-17
8793.3474926929  1.134155E-16
8798.86580753131  9.831287E-17
8804.38412236972  1.040486E-16
8809.90243720813  1.252214E-16
8815.42075204654  1.395149E-16
8820.93906688495  1.187727E-16
8826.45738172336  1.158022E-16
8831.97569656177  1.241716E-16
8837.49401140018  1.133936E-16
8843.01232623859  1.008273E-16
8848.530641077  1.204531E-16
8854.04895591541  1.039112E-16
8859.56727075382  9.526417E-17
8865.08558559223  1.251533E-16
8870.60390043064  9.366665E-17
8876.12221526905  1.134092E-16
8881.64053010746  1.022533E-16
8887.15884494587  7.313427E-17
8892.67715978428  1.192054E-16
8898.19547462269  1.026776E-16
8903.7137894611  7.086200E-17
8909.23210429951  1.022779E-16
8914.75041913792  7.017557E-17
8920.26873397633  1.074560E-16
8925.78704881474  1.221502E-16
8931.30536365315  8.343098E-17
8936.82367849156  8.359456E-17
8942.34199332997  9.427571E-17
8947.86030816838  8.940410E-17
8953.37862300679  1.151998E-16
8958.8969378452  1.018461E-16
8964.41525268361  1.093477E-16
8969.93356752202  1.126609E-16
8975.45188236043  7.819140E-17
8980.97019719884  8.424314E-17
8986.48851203725  1.034940E-16
8992.00682687566  1.187929E-16
8997.52514171407  1.158200E-16
9003.04345655248  8.810887E-17
9008.56177139089  7.586214E-17
9014.0800862293  7.106260E-17
9019.59840106771  1.168613E-16
9025.11671590612  1.050187E-16
9030.63503074453  1.017125E-16
9036.15334558294  8.467432E-17
9041.67166042135  7.730683E-17
9047.18997525976  1.300608E-16
9052.70829009817  9.008577E-17
9058.22660493658  8.036081E-17
9063.74491977499  1.047745E-16
9069.2632346134  7.496276E-17
9074.78154945181  1.077708E-16
9080.29986429022  7.050060E-17
9085.81817912863  1.227570E-16
9091.33649396704  1.272361E-16
9096.85480880545  1.098484E-16
9102.37312364386  1.298359E-16
9107.89143848227  1.273367E-16
9113.40975332068  8.832091E-17
9118.92806815909  8.119189E-17
9124.4463829975  8.877171E-17
9129.96469783591  7.357472E-17
9135.48301267432  8.048547E-17
9141.00132751273  9.812924E-17
9146.51964235114  1.212051E-16
9152.03795718955  8.573214E-17
9157.55627202796  8.461931E-17
9163.07458686637  7.833367E-17
9168.59290170478  8.716258E-17
9174.11121654319  1.126616E-16
9179.6295313816  8.801595E-17
9185.14784622001  7.440666E-17
9190.66616105842  7.081931E-17
9196.18447589683  1.014523E-16
9201.70279073524  8.307440E-17
9207.22110557365  6.188493E-17
9212.73942041206  8.133898E-17
9218.25773525047  9.500415E-17
9223.77605008888  8.842762E-17
9229.29436492729  7.862651E-17
9234.8126797657  1.031100E-16
9240.33099460411  7.224339E-17
9245.84930944252  1.441253E-16
9251.36762428093  1.035091E-16
9256.88593911934  1.311551E-16
9262.40425395775  1.082800E-16
