3500.00000000001  1.929168E-16
3504.74088001252  8.483424E-17
3509.48176002503  1.113534E-16
3514.22264003754  8.195920E-17
3518.96352005006  2.047689E-16
3523.70440006257  2.011203E-16
3528.44528007508  1.152525E-16
3533.18616008759  7.954261E-17
3537.92704010011  9.208428E-17
3542.66792011262  4.136647E-17
3547.40880012513  2.216135E-16
3552.14968013764  1.805322E-16
3556.89056015015  2.169392E-16
3561.63144016267  9.628407E-17
3566.37232017518  9.242902E-17
3571.11320018769  1.900036E-16
3575.8540802002  1.446445E-16
3580.59496021272  1.328840E-16
3585.33584022523  1.056796E-16
3590.07672023774  8.486731E-17
3594.81760025025  8.460331E-17
3599.55848026276  4.278365E-17
3604.29936027528  8.565553E-17
3609.04024028779  1.548720E-16
3613.7811203003  1.492965E-16
3618.52200031281  1.780142E-16
3623.26288032533  1.766819E-16
3628.00376033784  9.827143E-17
3632.74464035035  1.192789E-16
3637.48552036286  1.260010E-16
3642.22640037537  1.402596E-16
3646.96728038789  1.048115E-16
3651.7081604004  8.429528E-17
3656.44904041291  1.215164E-16
3661.18992042542  1.076517E-16
3665.93080043794  6.935778E-17
3670.67168045045  1.416981E-16
3675.41256046296  1.460549E-16
3680.15344047547  1.381796E-16
3684.89432048798  1.372026E-16
3689.6352005005  1.520325E-16
3694.37608051301  1.464609E-16
3699.11696052552  1.154819E-16
3703.85784053803  1.088172E-16
3708.59872055055  1.342622E-16
3713.33960056306  1.596056E-16
3718.08048057557  1.816051E-16
3722.82136058808  1.050728E-16
3727.56224060059  8.468942E-17
3732.30312061311  1.190483E-16
3737.04400062562  1.811262E-16
3741.78488063813  1.829099E-16
3746.52576065064  1.361642E-16
3751.26664066316  1.302094E-16
3756.00752067567  1.614487E-16
3760.74840068818  1.708620E-16
3765.48928070069  1.370094E-16
3770.2301607132  1.234021E-16
3774.97104072572  1.407536E-16
3779.71192073823  1.130707E-16
3784.45280075074  6.948285E-17
3789.19368076325  7.509384E-17
3793.93456077576  1.081558E-16
3798.67544078828  1.308299E-16
3803.41632080079  1.528347E-16
3808.1572008133  1.671872E-16
3812.89808082581  1.565256E-16
3817.63896083833  1.482122E-16
3822.37984085084  1.722752E-16
3827.12072086335  2.086887E-16
3831.86160087586  1.870409E-16
3836.60248088837  1.696363E-16
3841.34336090089  1.694484E-16
3846.0842409134  1.491227E-16
3850.82512092591  1.348421E-16
3855.56600093842  1.424096E-16
3860.30688095094  1.688248E-16
3865.04776096345  1.728989E-16
3869.78864097596  1.728990E-16
3874.52952098847  1.823768E-16
3879.27040100098  1.648461E-16
3884.0112810135  1.754478E-16
3888.75216102601  1.920058E-16
3893.49304103852  1.677172E-16
3898.23392105103  1.508722E-16
3902.97480106355  1.463856E-16
3907.71568107606  1.577213E-16
3912.45656108857  1.672227E-16
3917.19744110108  1.679146E-16
3921.9383211136  1.612172E-16
3926.67920112611  1.561604E-16
3931.42008113862  1.460321E-16
3936.16096115113  1.495706E-16
3940.90184116364  1.603477E-16
3945.64272117616  1.499908E-16
3950.38360118867  1.376624E-16
3955.12448120118  1.550426E-16
3959.86536121369  1.708402E-16
3964.60624122621  1.740078E-16
3969.34712123872  1.688557E-16
3974.08800125123  1.453016E-16
3978.82888126374  1.300933E-16
3983.56976127625  1.343852E-16
3988.31064128877  1.318056E-16
3993.05152130128  1.617286E-16
3997.79240131379  1.883796E-16
4002.5332813263  1.944130E-16
4007.27416133882  2.096790E-16
4012.01504135133  2.043901E-16
4016.75592136384  1.986773E-16
4021.49680137635  1.910574E-16
4026.23768138886  1.666786E-16
4030.97856140138  1.761098E-16
4035.71944141389  1.704662E-16
4040.4603214264  1.674032E-16
4045.20120143891  1.722849E-16
4049.94208145143  1.681555E-16
4054.68296146394  1.165174E-16
4059.42384147645  8.766837E-17
4064.16472148896  1.711670E-16
4068.90560150147  1.708682E-16
4073.64648151399  1.589582E-16
4078.3873615265  1.558369E-16
4083.12824153901  1.589189E-16
4087.86912155152  1.556010E-16
4092.61000156404  1.716103E-16
4097.35088157655  1.747723E-16
4102.09176158906  1.701388E-16
4106.83264160157  1.792395E-16
4111.57352161408  1.628570E-16
4116.3144016266  1.539063E-16
4121.05528163911  1.685856E-16
4125.79616165162  1.730716E-16
4130.53704166413  1.702868E-16
4135.27792167664  1.828448E-16
4140.01880168916  1.960849E-16
4144.75968170167  1.813542E-16
4149.50056171418  1.787995E-16
4154.24144172669  1.814128E-16
4158.98232173921  1.653063E-16
4163.72320175172  1.598796E-16
4168.46408176423  1.696932E-16
4173.20496177674  1.777889E-16
4177.94584178925  1.779029E-16
4182.68672180177  1.628101E-16
4187.42760181428  1.570729E-16
4192.16848182679  1.566772E-16
4196.9093618393  1.562933E-16
4201.65024185182  1.774491E-16
4206.39112186433  1.832081E-16
4211.13200187684  1.806320E-16
4215.87288188935  1.802248E-16
4220.61376190186  1.838686E-16
4225.35464191438  1.797053E-16
4230.09552192689  1.659192E-16
4234.8364019394  1.471749E-16
4239.57728195191  1.557942E-16
4244.31816196443  1.715537E-16
4249.05904197694  1.704033E-16
4253.79992198945  1.602852E-16
4258.54080200196  1.711751E-16
4263.28168201447  1.736122E-16
4268.02256202699  1.691610E-16
4272.7634420395  1.677863E-16
4277.50432205201  1.752722E-16
4282.24520206452  1.769091E-16
4286.98608207704  1.758793E-16
4291.72696208955  1.655645E-16
4296.46784210206  1.625051E-16
4301.20872211457  1.869725E-16
4305.94960212708  1.727488E-16
4310.6904821396  1.375142E-16
4315.43136215211  1.352392E-16
4320.17224216462  1.483583E-16
4324.91312217713  1.310040E-16
4329.65400218965  1.222325E-16
4334.39488220216  1.160337E-16
4339.13576221467  1.369389E-16
4343.87664222718  1.247921E-16
4348.6175222397  9.586915E-17
4353.35840225221  1.210146E-16
4358.09928226472  1.988076E-16
4362.84016227723  2.032865E-16
4367.58104228974  1.476319E-16
4372.32192230226  1.709377E-16
4377.06280231477  1.935681E-16
4381.80368232728  1.798942E-16
4386.54456233979  1.698324E-16
4391.28544235231  1.618946E-16
4396.02632236482  1.498440E-16
4400.76720237733  1.478284E-16
4405.50808238984  1.578149E-16
4410.24896240235  1.643683E-16
4414.98984241487  1.560371E-16
4419.73072242738  1.459982E-16
4424.47160243989  1.499480E-16
4429.2124824524  1.588974E-16
4433.95336246491  1.524683E-16
4438.69424247743  1.456122E-16
4443.43512248994  1.645520E-16
4448.17600250245  1.735983E-16
4452.91688251496  1.566466E-16
4457.65776252748  1.540640E-16
4462.39864253999  1.587728E-16
4467.1395225525  1.650247E-16
4471.88040256501  1.664879E-16
4476.62128257752  1.618289E-16
4481.36216259004  1.610332E-16
4486.10304260255  1.472066E-16
4490.84392261506  1.354364E-16
4495.58480262757  1.459890E-16
4500.32568264009  1.507928E-16
4505.0665626526  1.669116E-16
4509.80744266511  1.646718E-16
4514.54832267762  1.572898E-16
4519.28920269013  1.512638E-16
4524.03008270265  1.538340E-16
4528.77096271516  1.629678E-16
4533.51184272767  1.614968E-16
4538.25272274018  1.398938E-16
4542.9936027527  1.407019E-16
4547.73448276521  1.555235E-16
4552.47536277772  1.481017E-16
4557.21624279023  1.380729E-16
4561.95712280274  1.355155E-16
4566.69800281526  1.330047E-16
4571.43888282777  1.285656E-16
4576.17976284028  1.352910E-16
4580.92064285279  1.359468E-16
4585.66152286531  1.320938E-16
4590.40240287782  1.417910E-16
4595.14328289033  1.568911E-16
4599.88416290284  1.578851E-16
4604.62504291535  1.504529E-16
4609.36592292787  1.427202E-16
4614.10680294038  1.494082E-16
4618.84768295289  1.591150E-16
4623.5885629654  1.734090E-16
4628.32944297792  1.651792E-16
4633.07032299043  1.562101E-16
4637.81120300294  1.619736E-16
4642.55208301545  1.624939E-16
4647.29296302796  1.550740E-16
4652.03384304048  1.460368E-16
4656.77472305299  1.480540E-16
4661.5156030655  1.709425E-16
4666.25648307801  1.777401E-16
4670.99736309053  1.730429E-16
4675.73824310304  1.651073E-16
4680.47912311555  1.646846E-16
4685.22000312806  1.628229E-16
4689.96088314057  1.624776E-16
4694.70176315309  1.694009E-16
4699.4426431656  1.701587E-16
4704.18352317811  1.673452E-16
4708.92440319062  1.671073E-16
4713.66528320314  1.658364E-16
4718.40616321565  1.613565E-16
4723.14704322816  1.590259E-16
4727.88792324067  1.605486E-16
4732.62880325319  1.619437E-16
4737.3696832657  1.625629E-16
4742.11056327821  1.640589E-16
4746.85144329072  1.613229E-16
4751.59232330323  1.506923E-16
4756.33320331575  1.509931E-16
4761.07408332826  1.558400E-16
4765.81496334077  1.600934E-16
4770.55584335328  1.650891E-16
4775.29672336579  1.600415E-16
4780.03760337831  1.565283E-16
4784.77848339082  1.512656E-16
4789.51936340333  1.463973E-16
4794.26024341584  1.595200E-16
4799.00112342836  1.650773E-16
4803.74200344087  1.537450E-16
4808.48288345338  1.523435E-16
4813.22376346589  1.624521E-16
4817.96464347841  1.555761E-16
4822.70552349092  1.428223E-16
4827.44640350343  1.507079E-16
4832.18728351594  1.555003E-16
4836.92816352845  1.537602E-16
4841.66904354097  1.606194E-16
4846.40992355348  1.594079E-16
4851.15080356599  1.580655E-16
4855.8916835785  1.518952E-16
4860.63256359101  1.454639E-16
4865.37344360353  1.318524E-16
4870.11432361604  1.192049E-16
4874.85520362855  1.060346E-16
4879.59608364106  1.156823E-16
4884.33696365358  1.722243E-16
4889.07784366609  2.113352E-16
4893.8187236786  2.134888E-16
4898.55960369111  1.857823E-16
4903.30048370362  1.663211E-16
4908.04136371614  1.585605E-16
4912.78224372865  1.542144E-16
4917.52312374116  1.576431E-16
4922.26400375367  1.518265E-16
4927.00488376619  1.410084E-16
4931.7457637787  1.462677E-16
4936.48664379121  1.471039E-16
4941.22752380372  1.402444E-16
4945.96840381623  1.395830E-16
4950.70928382875  1.437945E-16
4955.45016384126  1.459398E-16
4960.19104385377  1.496868E-16
4964.93192386628  1.520615E-16
4969.6728038788  1.461794E-16
4974.41368389131  1.490033E-16
4979.15456390382  1.584888E-16
4983.89544391633  1.611686E-16
4988.63632392884  1.581643E-16
4993.37720394136  1.495677E-16
4998.11808395387  1.370137E-16
5002.85896396638  1.321840E-16
5007.59984397889  1.486736E-16
5012.3407239914  1.543400E-16
5017.08160400392  1.533611E-16
5021.82248401643  1.503752E-16
5026.56336402894  1.479121E-16
5031.30424404146  1.351373E-16
5036.04512405397  1.177418E-16
5040.78600406648  1.271105E-16
5045.52688407899  1.391709E-16
5050.2677640915  1.454933E-16
5055.00864410402  1.411086E-16
5059.74952411653  1.351240E-16
5064.49040412904  1.429376E-16
5069.23128414155  1.460275E-16
5073.97216415406  1.493043E-16
5078.71304416658  1.495674E-16
5083.45392417909  1.455492E-16
5088.1948041916  1.470792E-16
5092.93568420411  1.519824E-16
5097.67656421663  1.475969E-16
5102.41744422914  1.446400E-16
5107.15832424165  1.433652E-16
5111.89920425416  1.335762E-16
5116.64008426667  1.335273E-16
5121.38096427919  1.414386E-16
5126.1218442917  1.526750E-16
5130.86272430421  1.535834E-16
5135.60360431672  1.453487E-16
5140.34448432924  1.449245E-16
5145.08536434175  1.463862E-16
5149.82624435426  1.484974E-16
5154.56712436677  1.556459E-16
5159.30800437928  1.546323E-16
5164.0488843918  1.465429E-16
5168.78976440431  1.418753E-16
5173.53064441682  1.356101E-16
5178.27152442933  1.398141E-16
5183.01240444185  1.354714E-16
5187.75328445436  1.205610E-16
5192.49416446687  1.265102E-16
5197.23504447938  1.363003E-16
5201.9759244919  1.383412E-16
5206.71680450441  1.387611E-16
5211.45768451692  1.342713E-16
5216.19856452943  1.278311E-16
5220.93944454194  1.356533E-16
5225.68032455446  1.435053E-16
5230.42120456697  1.403591E-16
5235.16208457948  1.346898E-16
5239.90296459199  1.404451E-16
5244.6438446045  1.408731E-16
5249.38472461702  1.338643E-16
5254.12560462953  1.327126E-16
5258.86648464204  1.354368E-16
5263.60736465455  1.397483E-16
5268.34824466707  1.383490E-16
5273.08912467958  1.352944E-16
5277.83000469209  1.421144E-16
5282.5708847046  1.455726E-16
5287.31176471711  1.426028E-16
5292.05264472963  1.357457E-16
5296.79352474214  1.332970E-16
5301.53440475465  1.303641E-16
5306.27528476716  1.352302E-16
5311.01616477968  1.409239E-16
5315.75704479219  1.448090E-16
5320.4979248047  1.475644E-16
5325.23880481721  1.497010E-16
5329.97968482972  1.473015E-16
5334.72056484224  1.396837E-16
5339.46144485475  1.405680E-16
5344.20232486726  1.410113E-16
5348.94320487977  1.413606E-16
5353.68408489229  1.449268E-16
5358.4249649048  1.356292E-16
5363.16584491731  1.252994E-16
5367.90672492982  1.252221E-16
5372.64760494233  1.294358E-16
5377.38848495485  1.346673E-16
5382.12936496736  1.336770E-16
5386.87024497987  1.357936E-16
5391.61112499238  1.413145E-16
5396.35200500489  1.297585E-16
5401.09288501741  1.282462E-16
5405.83376502992  1.362214E-16
5410.57464504243  1.406951E-16
5415.31552505494  1.300844E-16
5420.05640506746  1.307373E-16
5424.79728507997  1.359490E-16
5429.53816509248  1.307592E-16
5434.27904510499  1.300755E-16
5439.0199251175  1.280434E-16
5443.76080513002  1.222239E-16
5448.50168514253  1.211403E-16
5453.24256515504  1.302455E-16
5457.98344516755  1.527158E-16
5462.72432518007  1.546419E-16
5467.46520519258  1.173736E-16
5472.20608520509  1.150954E-16
5476.9469652176  1.271527E-16
5481.68784523011  1.241891E-16
5486.42872524263  1.243267E-16
5491.16960525514  1.233383E-16
5495.91048526765  1.252740E-16
5500.65136528017  1.353430E-16
5505.39224529268  1.358369E-16
5510.13312530519  1.279446E-16
5514.8740053177  1.322417E-16
5519.61488533021  1.384587E-16
5524.35576534273  1.322654E-16
5529.09664535524  1.203195E-16
5533.83752536775  1.180922E-16
5538.57840538026  1.304991E-16
5543.31928539277  1.368351E-16
5548.06016540529  1.283264E-16
5552.8010454178  1.222953E-16
5557.54192543031  1.212151E-16
5562.28280544282  1.178907E-16
5567.02368545534  1.286879E-16
5571.76456546785  1.479383E-16
5576.50544548036  1.579764E-16
5581.24632549287  1.256436E-16
5585.98720550538  7.470899E-17
5590.7280855179  1.031892E-16
5595.46896553041  1.207182E-16
5600.20984554292  1.248811E-16
5604.95072555543  1.309081E-16
5609.69160556794  1.365641E-16
5614.43248558046  1.297252E-16
5619.17336559297  1.235809E-16
5623.91424560548  1.194062E-16
5628.65512561799  1.226707E-16
5633.39600563051  1.310079E-16
5638.13688564302  1.300460E-16
5642.87776565553  1.255801E-16
5647.61864566804  1.307036E-16
5652.35952568056  1.306935E-16
5657.10040569307  1.294408E-16
5661.84128570558  1.312190E-16
5666.58216571809  1.306468E-16
5671.3230457306  1.243425E-16
5676.06392574312  1.097753E-16
5680.80480575563  1.136888E-16
5685.54568576814  1.277676E-16
5690.28656578065  1.212243E-16
5695.02744579316  1.151361E-16
5699.76832580568  1.157173E-16
5704.50920581819  1.216345E-16
5709.2500858307  1.226395E-16
5713.99096584321  1.294876E-16
5718.73184585573  1.261982E-16
5723.47272586824  1.215002E-16
5728.21360588075  1.244789E-16
5732.95448589326  1.263804E-16
5737.69536590578  1.161308E-16
5742.43624591829  1.210142E-16
5747.1771259308  1.235542E-16
5751.91800594331  1.208662E-16
5756.65888595582  1.227134E-16
5761.39976596834  1.243182E-16
5766.14064598085  1.216260E-16
5770.88152599336  1.240772E-16
5775.62240600587  1.177537E-16
5780.36328601838  1.108541E-16
5785.1041660309  1.220181E-16
5789.84504604341  1.275629E-16
5794.58592605592  1.124864E-16
5799.32680606843  1.056386E-16
5804.06768608095  1.173814E-16
5808.80856609346  1.245405E-16
5813.54944610597  1.246924E-16
5818.29032611848  1.253910E-16
5823.03120613099  1.184177E-16
5827.77208614351  1.050184E-16
5832.51296615602  1.199229E-16
5837.25384616853  1.350155E-16
5841.99472618104  1.285844E-16
5846.73560619356  1.219706E-16
5851.47648620607  1.132055E-16
5856.21736621858  1.068677E-16
5860.95824623109  1.135124E-16
5865.6991262436  1.207271E-16
5870.44000625612  1.118676E-16
5875.18088626863  1.107702E-16
5879.92176628114  1.155632E-16
5884.66264629365  1.281812E-16
5889.40352630617  1.277888E-16
5894.14440631868  1.142092E-16
5898.88528633119  1.159970E-16
5903.6261663437  1.144047E-16
5908.36704635621  1.014778E-16
5913.10792636873  1.008255E-16
5917.84880638124  1.078892E-16
5922.58968639375  1.053868E-16
5927.33056640626  9.684352E-17
5932.07144641877  1.010447E-16
5936.81232643129  1.083005E-16
5941.5532064438  1.181871E-16
5946.29408645631  1.148746E-16
5951.03496646882  1.098892E-16
5955.77584648134  1.122561E-16
5960.51672649385  1.172234E-16
5965.25760650636  1.190299E-16
5969.99848651887  1.121429E-16
5974.73936653139  1.084746E-16
5979.4802465439  1.117700E-16
5984.22112655641  1.181455E-16
5988.96200656892  1.206468E-16
5993.70288658143  1.136224E-16
5998.44376659395  1.106500E-16
6003.18464660646  1.181006E-16
6007.92552661897  1.216316E-16
6012.66640663148  1.229349E-16
6017.407286644  1.206922E-16
6022.14816665651  1.122566E-16
6026.88904666902  1.160721E-16
6031.62992668153  1.139731E-16
6036.37080669405  1.076057E-16
6041.11168670656  1.042017E-16
6045.85256671907  1.138320E-16
6050.59344673158  1.115708E-16
6055.33432674409  1.043025E-16
6060.07520675661  1.006302E-16
6064.81608676912  1.078341E-16
6069.55696678163  1.096023E-16
6074.29784679414  1.070808E-16
6079.03872680665  1.065767E-16
6083.77960681917  1.046258E-16
6088.52048683168  1.074928E-16
6093.26136684419  1.180518E-16
6098.0022468567  1.217921E-16
6102.74312686922  1.093393E-16
6107.48400688173  1.039691E-16
6112.22488689424  1.161541E-16
6116.96576690675  1.166672E-16
6121.70664691926  1.081434E-16
6126.44752693178  1.017884E-16
6131.18840694429  1.009917E-16
6135.9292869568  1.012086E-16
6140.67016696931  1.096515E-16
6145.41104698183  1.195382E-16
6150.15192699434  1.200314E-16
6154.89280700685  1.114616E-16
6159.63368701936  1.071463E-16
6164.37456703187  1.114590E-16
6169.11544704439  1.091133E-16
6173.8563270569  9.892979E-17
6178.59720706941  9.595863E-17
6183.33808708192  9.908903E-17
6188.07896709444  1.005265E-16
6192.81984710695  9.985573E-17
6197.56072711946  1.013754E-16
6202.30160713197  1.076902E-16
6207.04248714448  1.060124E-16
6211.783367157  1.019621E-16
6216.52424716951  1.086758E-16
6221.26512718202  1.078881E-16
6226.00600719453  1.016260E-16
6230.74688720705  1.021860E-16
6235.48776721956  1.035338E-16
6240.22864723207  1.064884E-16
6244.96952724458  1.020065E-16
6249.7104072571  9.488710E-17
6254.45128726961  9.973614E-17
6259.19216728212  1.051817E-16
6263.93304729463  9.906414E-17
6268.67392730714  9.487312E-17
6273.41480731966  9.810889E-17
6278.15568733217  9.530530E-17
6282.89656734468  9.152039E-17
6287.63744735719  9.959580E-17
6292.3783273697  1.114823E-16
6297.11920738222  1.180830E-16
6301.86008739473  1.079241E-16
6306.60096740724  9.565858E-17
6311.34184741975  8.774085E-17
6316.08272743227  9.142855E-17
6320.82360744478  9.826119E-17
6325.56448745729  9.678226E-17
6330.3053674698  9.566263E-17
6335.04624748232  9.537682E-17
6339.78712749483  9.527570E-17
6344.52800750734  9.839591E-17
6349.26888751985  1.004917E-16
6354.00976753236  1.001100E-16
6358.75064754488  9.863577E-17
6363.49152755739  9.900296E-17
6368.2324075699  9.763606E-17
6372.97328758241  8.913115E-17
6377.71416759493  9.141334E-17
6382.45504760744  9.429756E-17
6387.19592761995  9.276727E-17
6391.93680763246  9.043093E-17
6396.67768764497  8.933523E-17
6401.41856765749  8.980600E-17
6406.15944767  9.637693E-17
6410.90032768251  9.874356E-17
6415.64120769502  7.841487E-17
6420.38208770753  7.079114E-17
6425.12296772005  8.618487E-17
6429.86384773256  9.594522E-17
6434.60472774507  9.576165E-17
6439.34560775758  9.423529E-17
6444.0864877701  9.657541E-17
6448.82736778261  9.658424E-17
6453.56824779512  9.015146E-17
6458.30912780763  8.615596E-17
6463.05000782014  9.072982E-17
6467.79088783266  9.666642E-17
6472.53176784517  9.164724E-17
6477.27264785768  8.917778E-17
6482.01352787019  8.542532E-17
6486.75440788271  8.644495E-17
6491.49528789522  9.037313E-17
6496.23616790773  8.796685E-17
6500.97704792024  8.596364E-17
6505.71792793275  8.717343E-17
6510.45880794527  8.452315E-17
6515.19968795778  8.147298E-17
6519.94056797029  8.507267E-17
6524.6814479828  8.662144E-17
6529.42232799532  8.322588E-17
6534.16320800783  8.765845E-17
6538.90408802034  8.844236E-17
6543.64496803285  8.674828E-17
6548.38584804536  8.473933E-17
6553.12672805788  8.470938E-17
6557.86760807039  7.893575E-17
6562.6084880829  6.288929E-17
6567.34936809541  4.851908E-17
6572.09024810792  4.368697E-17
6576.83112812044  4.210466E-17
6581.57200813295  4.529780E-17
6586.31288814546  8.569295E-17
6591.05376815797  1.804407E-16
6595.79464817049  2.676416E-16
6600.535528183  2.762021E-16
6605.27640819551  2.179255E-16
6610.01728820802  1.504098E-16
6614.75816822054  1.198284E-16
6619.49904823305  1.039205E-16
6624.23992824556  9.588840E-17
6628.98080825807  8.911629E-17
6633.72168827058  8.371397E-17
6638.4625682831  8.054213E-17
6643.20344829561  7.616880E-17
6647.94432830812  7.916334E-17
6652.68520832063  8.558576E-17
6657.42608833315  8.480272E-17
6662.16696834566  8.148190E-17
6666.90784835817  7.995746E-17
6671.64872837068  8.032167E-17
6676.3896083832  8.211601E-17
6681.13048839571  8.170056E-17
6685.87136840822  8.389248E-17
6690.61224842073  8.733433E-17
6695.35312843324  8.334047E-17
6700.09400844575  8.206405E-17
6704.83488845827  8.019245E-17
6709.57576847078  8.067063E-17
6714.31664848329  7.841942E-17
6719.0575284958  7.751454E-17
6723.79840850832  8.133245E-17
6728.53928852083  8.409917E-17
6733.28016853334  8.419719E-17
6738.02104854585  8.199644E-17
6742.76192855836  7.996036E-17
6747.50280857088  8.297234E-17
6752.24368858339  8.737678E-17
6756.9845685959  8.658101E-17
6761.72544860841  8.536794E-17
6766.46632862093  8.237215E-17
6771.20720863344  7.795937E-17
6775.94808864595  7.983966E-17
6780.68896865846  7.865158E-17
6785.42984867097  7.778691E-17
6790.17072868349  8.156854E-17
6794.911608696  8.257183E-17
6799.65248870851  7.675717E-17
6804.39336872102  7.376455E-17
6809.13424873354  7.628357E-17
6813.87512874605  7.569226E-17
6818.61600875856  7.714536E-17
6823.35688877107  8.269776E-17
6828.09776878358  8.211845E-17
6832.8386487961  7.890132E-17
6837.57952880861  8.031779E-17
6842.32040882112  7.840439E-17
6847.06128883363  7.242186E-17
6851.80216884615  7.477624E-17
6856.54304885866  7.476050E-17
6861.28392887117  7.142243E-17
6866.02480888368  7.039642E-17
6870.7656888962  6.905103E-17
6875.50656890871  7.060463E-17
6880.24744892122  7.615827E-17
6884.98832893373  7.744521E-17
6889.72920894625  7.352246E-17
6894.47008895876  7.260435E-17
6899.21096897127  7.706969E-17
6903.95184898378  7.793526E-17
6908.69272899629  7.172846E-17
6913.43360900881  7.242168E-17
6918.17448902132  7.787632E-17
6922.91536903383  7.545402E-17
6927.65624904634  7.021949E-17
6932.39712905885  6.883945E-17
6937.13800907137  6.922765E-17
6941.87888908388  7.224911E-17
6946.61976909639  7.367740E-17
6951.3606491089  7.064227E-17
6956.10152912141  7.077178E-17
6960.84240913393  7.544307E-17
6965.58328914644  8.087372E-17
6970.32416915895  7.647207E-17
6975.06504917146  7.244511E-17
6979.80592918398  7.064746E-17
6984.54680919649  6.781853E-17
6989.287689209  7.094062E-17
6994.02856922151  7.310084E-17
6998.76944923402  7.136058E-17
7003.51032924654  7.324380E-17
7008.25120925905  7.318338E-17
7012.99208927156  6.831390E-17
7017.73296928407  6.694808E-17
7022.47384929659  6.959380E-17
7027.2147293091  7.154836E-17
7031.95560932161  7.054984E-17
7036.69648933412  7.225957E-17
7041.43736934664  7.231249E-17
7046.17824935915  7.326047E-17
7050.91912937166  7.172964E-17
7055.66000938417  6.921544E-17
7060.40088939668  7.155000E-17
7065.1417694092  7.284865E-17
7069.88264942171  7.262417E-17
7074.62352943422  7.182902E-17
7079.36440944673  7.038471E-17
7084.10528945925  7.178909E-17
7088.84616947176  7.262103E-17
7093.58704948427  7.191324E-17
7098.32792949678  7.418012E-17
7103.06880950929  7.436427E-17
7107.80968952181  7.027429E-17
7112.55056953432  6.764228E-17
7117.29144954683  6.724653E-17
7122.03232955934  6.637498E-17
7126.77320957185  6.809443E-17
7131.51408958437  6.754542E-17
7136.25496959688  6.621967E-17
7140.99584960939  6.776594E-17
7145.7367296219  6.818288E-17
7150.47760963442  6.746523E-17
7155.21848964693  6.709507E-17
7159.95936965944  6.527936E-17
7164.70024967195  6.489798E-17
7169.44112968447  6.809441E-17
7174.18200969698  7.092258E-17
7178.92288970949  7.501487E-17
7183.663769722  7.542518E-17
7188.40464973451  7.159941E-17
7193.14552974703  7.075707E-17
7197.88640975954  7.004732E-17
7202.62728977205  7.024894E-17
7207.36816978456  7.151502E-17
7212.10904979708  6.934105E-17
7216.84992980959  6.653587E-17
7221.5908098221  6.614822E-17
7226.33168983461  6.529293E-17
7231.07256984712  6.522959E-17
7235.81344985964  6.898031E-17
7240.55432987215  6.713633E-17
7245.29520988466  6.890480E-17
7250.03608989717  6.465656E-17
7254.77696990969  6.416970E-17
7259.5178499222  6.715939E-17
7264.25872993471  6.801350E-17
7268.99960994722  6.749153E-17
7273.74048995973  6.718494E-17
7278.48136997225  6.734058E-17
7283.22224998476  6.568056E-17
7287.96312999727  6.274129E-17
7292.70401000978  6.298380E-17
7297.44489002229  6.654082E-17
7302.18577003481  6.154876E-17
7306.92665004732  5.930019E-17
7311.66753005983  5.961130E-17
7316.40841007234  6.291033E-17
7321.14929008486  6.268858E-17
7325.89017009737  6.029406E-17
7330.63105010988  6.300630E-17
7335.37193012239  6.364889E-17
7340.1128101349  6.241800E-17
7344.85369014742  6.327944E-17
7349.59457015993  6.170313E-17
7354.33545017244  6.300808E-17
7359.07633018495  6.282827E-17
7363.81721019747  6.046831E-17
7368.55809020998  6.118662E-17
7373.29897022249  6.321960E-17
7378.039850235  6.383236E-17
7382.78073024751  6.190695E-17
7387.52161026003  5.931590E-17
7392.26249027254  5.928729E-17
7397.00337028505  6.110177E-17
7401.74425029756  5.837858E-17
7406.48513031008  5.437444E-17
7411.22601032259  5.749134E-17
7415.9668903351  6.021416E-17
7420.70777034761  5.797573E-17
7425.44865036013  5.778154E-17
7430.18953037264  5.944984E-17
7434.93041038515  5.970602E-17
7439.67129039766  5.961555E-17
7444.41217041017  5.866364E-17
7449.15305042269  5.711460E-17
7453.8939304352  5.649037E-17
7458.63481044771  5.887092E-17
7463.37569046022  5.726693E-17
7468.11657047273  5.673951E-17
7472.85745048525  6.119462E-17
7477.59833049776  5.692063E-17
7482.33921051027  5.582389E-17
7487.08009052278  5.857905E-17
7491.8209705353  5.773018E-17
7496.56185054781  5.712247E-17
7501.30273056032  5.918896E-17
7506.04361057283  6.026894E-17
7510.78449058534  5.729451E-17
7515.52537059786  5.226429E-17
7520.26625061037  5.189485E-17
7525.00713062288  5.346494E-17
7529.74801063539  5.377056E-17
7534.48889064791  5.759408E-17
7539.22977066042  6.005472E-17
7543.97065067293  5.654777E-17
7548.71153068544  5.400753E-17
7553.45241069795  5.547990E-17
7558.19329071047  5.948090E-17
7562.93417072298  5.742661E-17
7567.67505073549  5.769096E-17
7572.415930748  5.950587E-17
7577.15681076051  5.912426E-17
7581.89769077303  6.129840E-17
7586.63857078554  5.985072E-17
7591.37945079805  4.846762E-17
7596.12033081056  3.701649E-17
7600.86121082307  3.563799E-17
7605.60209083559  4.494205E-17
7610.3429708481  5.612636E-17
7615.08385086061  5.673906E-17
7619.82473087312  4.927429E-17
7624.56561088564  4.884140E-17
7629.30649089815  5.222897E-17
7634.04737091066  5.263728E-17
7638.78825092317  5.230674E-17
7643.52913093569  5.061153E-17
7648.2700109482  5.204313E-17
7653.01089096071  5.623904E-17
7657.75177097322  5.801247E-17
7662.49265098574  5.910076E-17
7667.23353099825  5.684755E-17
7671.97441101076  5.670990E-17
7676.71529102327  5.511073E-17
7681.45617103578  5.390002E-17
7686.1970510483  5.442226E-17
7690.93793106081  5.036042E-17
7695.67881107332  4.856209E-17
7700.41969108583  5.348859E-17
7705.16057109834  5.536186E-17
7709.90145111086  5.581542E-17
7714.64233112337  6.036028E-17
7719.38321113588  5.759274E-17
7724.12409114839  4.750043E-17
7728.86497116091  4.606333E-17
7733.60585117342  5.272762E-17
7738.34673118593  5.947957E-17
7743.08761119844  5.519890E-17
7747.82849121096  5.377935E-17
7752.56937122347  5.389079E-17
7757.31025123598  5.091203E-17
7762.05113124849  4.760275E-17
7766.79201126101  5.083031E-17
7771.53289127352  5.726832E-17
7776.27377128603  5.596536E-17
7781.01465129854  5.352936E-17
7785.75553131105  5.695651E-17
7790.49641132356  5.577224E-17
7795.23729133608  4.847897E-17
7799.97817134859  4.536869E-17
7804.7190513611  4.935191E-17
7809.45993137362  4.908642E-17
7814.20081138613  4.745233E-17
7818.94169139864  4.754256E-17
7823.68257141115  4.987276E-17
7828.42345142366  5.238869E-17
7833.16433143618  5.268131E-17
7837.90521144869  5.318587E-17
7842.6460914612  5.213152E-17
7847.38697147371  4.802824E-17
7852.12785148623  4.436106E-17
7856.86873149874  4.292082E-17
7861.60961151125  4.297555E-17
7866.35049152376  4.923473E-17
7871.09137153627  5.391654E-17
7875.83225154878  5.367216E-17
7880.5731315613  5.043974E-17
7885.31401157381  4.894644E-17
7890.05489158632  5.121008E-17
7894.79577159883  5.358188E-17
7899.53665161135  5.762593E-17
7904.27753162386  6.111369E-17
7909.01841163637  5.554851E-17
7913.75929164888  4.871587E-17
7918.5001716614  4.594601E-17
7923.24105167391  4.845984E-17
7927.98193168642  5.000515E-17
7932.72281169893  4.955799E-17
7937.46369171144  4.812558E-17
7942.20457172396  4.985200E-17
7946.94545173647  5.026801E-17
7951.68633174898  4.814088E-17
7956.42721176149  5.442666E-17
7961.16809177401  6.279216E-17
7965.90897178652  6.160355E-17
7970.64985179903  5.536391E-17
7975.39073181154  5.137824E-17
7980.13161182405  5.546452E-17
7984.87249183657  5.508855E-17
7989.61337184908  5.288965E-17
7994.35425186159  5.404084E-17
7999.0951318741  5.017096E-17
8003.83601188662  4.779117E-17
8008.57689189913  5.107189E-17
8013.31777191164  5.016076E-17
8018.05865192415  4.917088E-17
8022.79953193666  5.264976E-17
8027.54041194918  5.268500E-17
8032.28129196169  4.634646E-17
8037.0221719742  4.685398E-17
8041.76305198671  4.830585E-17
8046.50393199923  4.814386E-17
8051.24481201174  5.180889E-17
8055.98569202425  5.467079E-17
8060.72657203676  5.328858E-17
8065.46745204927  4.743049E-17
8070.20833206179  4.371807E-17
8074.9492120743  4.838519E-17
8079.69009208681  4.996510E-17
8084.43097209932  4.591063E-17
8089.17185211184  4.539662E-17
8093.91273212435  5.067611E-17
8098.65361213686  5.032558E-17
8103.39449214937  4.842123E-17
8108.13537216188  4.692972E-17
8112.8762521744  4.913687E-17
8117.61713218691  5.118822E-17
8122.35801219942  5.017153E-17
8127.09889221193  4.749307E-17
8131.83977222444  4.505530E-17
8136.58065223696  4.728172E-17
8141.32153224947  4.844037E-17
8146.06241226198  4.871090E-17
8150.80329227449  4.865932E-17
8155.54417228701  4.907048E-17
8160.28505229952  4.475574E-17
8165.02593231203  4.543814E-17
8169.76681232454  4.754167E-17
8174.50769233705  4.998133E-17
8179.24857234957  5.068212E-17
8183.98945236208  5.029992E-17
8188.73033237459  5.332426E-17
8193.4712123871  5.021635E-17
8198.21209239962  4.606811E-17
