5095.37353515626  1.225343E-17
5097.96172857285  2.121388E-17
5100.54992198945  1.902020E-17
5103.13811540604  2.140591E-17
5105.72630882264  2.465814E-17
5108.31450223924  2.851481E-17
5110.90269565583  3.089043E-17
5113.49088907243  3.174628E-17
5116.07908248902  2.948330E-17
5118.66727590562  2.846856E-17
5121.25546932221  2.482068E-17
5123.84366273881  2.374891E-17
5126.4318561554  2.117655E-17
5129.020049572  1.607047E-17
5131.60824298859  2.021850E-17
5134.19643640519  2.675321E-17
5136.78462982179  3.007705E-17
5139.37282323838  3.137072E-17
5141.96101665498  2.778383E-17
5144.54921007157  2.476101E-17
5147.13740348817  1.846817E-17
5149.72559690476  1.905013E-17
5152.31379032136  2.127678E-17
5154.90198373795  2.490915E-17
5157.49017715455  2.475904E-17
5160.07837057114  2.306560E-17
5162.66656398774  2.295540E-17
5165.25475740434  2.236666E-17
5167.84295082093  2.071007E-17
5170.43114423753  1.975243E-17
5173.01933765412  2.072697E-17
5175.60753107072  2.384152E-17
5178.19572448731  3.025522E-17
5180.78391790391  2.954161E-17
5183.3721113205  2.453957E-17
5185.9603047371  2.081384E-17
5188.5484981537  1.467303E-17
5191.13669157029  1.291600E-17
5193.72488498689  1.488136E-17
5196.31307840348  2.458973E-17
5198.90127182008  2.993437E-17
5201.48946523667  2.580131E-17
5204.07765865327  2.159563E-17
5206.66585206986  1.899332E-17
5209.25404548646  1.757045E-17
5211.84223890305  1.806045E-17
5214.43043231965  1.953167E-17
5217.01862573625  1.927928E-17
5219.60681915284  1.624149E-17
5222.19501256944  1.511657E-17
5224.78320598603  1.505117E-17
5227.37139940263  1.527955E-17
5229.95959281922  1.834715E-17
5232.54778623582  1.936161E-17
5235.13597965241  2.005501E-17
5237.72417306901  2.115922E-17
5240.31236648561  2.375593E-17
5242.9005599022  2.291107E-17
5245.4887533188  2.099903E-17
5248.07694673539  2.091556E-17
5250.66514015199  2.123352E-17
5253.25333356858  2.182459E-17
5255.84152698518  2.392195E-17
5258.42972040177  2.442429E-17
5261.01791381837  2.970555E-17
5263.60610723496  2.897045E-17
5266.19430065156  2.468951E-17
5268.78249406815  2.133286E-17
5271.37068748475  2.132652E-17
5273.95888090135  2.075122E-17
5276.54707431794  2.401220E-17
5279.13526773454  2.653895E-17
5281.72346115113  2.683103E-17
5284.31165456773  2.272957E-17
5286.89984798432  1.963496E-17
5289.48804140092  1.951374E-17
5292.07623481751  2.054870E-17
5294.66442823411  2.080531E-17
5297.2526216507  2.362034E-17
5299.8408150673  2.808097E-17
5302.42900848389  3.146665E-17
5305.01720190049  3.235402E-17
5307.60539531709  3.443625E-17
5310.19358873368  3.854079E-17
5312.78178215028  3.392625E-17
5315.36997556687  2.696734E-17
5317.95816898347  2.522427E-17
5320.54636240006  2.543928E-17
5323.13455581666  2.922641E-17
5325.72274923325  3.186682E-17
5328.31094264985  3.203797E-17
5330.89913606645  3.149383E-17
5333.48732948304  3.181249E-17
5336.07552289964  3.150623E-17
5338.66371631623  2.738545E-17
5341.25190973283  2.435903E-17
5343.84010314942  2.509512E-17
5346.42829656602  2.029916E-17
5349.01648998261  1.500606E-17
5351.60468339921  1.991040E-17
5354.19287681581  2.527462E-17
5356.7810702324  2.574017E-17
5359.369263649  2.148751E-17
5361.95745706559  2.426400E-17
5364.54565048219  2.515363E-17
5367.13384389878  2.804862E-17
5369.72203731538  3.121328E-17
5372.31023073197  3.394075E-17
5374.89842414857  3.815419E-17
5377.48661756516  4.081908E-17
5380.07481098176  3.984273E-17
5382.66300439835  3.576776E-17
5385.25119781495  3.128399E-17
5387.83939123155  2.720144E-17
5390.42758464814  2.577853E-17
5393.01577806474  2.902481E-17
5395.60397148133  3.601227E-17
5398.19216489793  4.103743E-17
5400.78035831452  3.817497E-17
5403.36855173112  3.324203E-17
5405.95674514771  3.398949E-17
5408.54493856431  3.520906E-17
5411.13313198091  3.377767E-17
5413.7213253975  3.195215E-17
5416.3095188141  2.995501E-17
5418.89771223069  2.754220E-17
5421.48590564729  2.875927E-17
5424.07409906388  2.701631E-17
5426.66229248048  2.485018E-17
5429.25048589707  2.472735E-17
5431.83867931367  2.613787E-17
5434.42687273027  2.770939E-17
5437.01506614686  3.056039E-17
5439.60325956346  3.577282E-17
5442.19145298005  3.259546E-17
5444.77964639665  3.185143E-17
5447.36783981324  3.129206E-17
5449.95603322984  2.691475E-17
5452.54422664643  2.456822E-17
5455.13242006303  2.460816E-17
5457.72061347962  2.964137E-17
5460.30880689622  3.792372E-17
5462.89700031281  4.344003E-17
5465.48519372941  3.919001E-17
5468.073387146  3.379743E-17
5470.6615805626  3.016581E-17
5473.2497739792  2.930306E-17
5475.83796739579  2.958003E-17
5478.42616081239  3.152726E-17
5481.01435422898  3.297240E-17
5483.60254764558  3.785743E-17
5486.19074106217  3.988410E-17
5488.77893447877  4.081687E-17
5491.36712789536  4.134418E-17
5493.95532131196  3.996533E-17
5496.54351472856  3.441251E-17
5499.13170814515  3.092947E-17
5501.71990156175  3.139785E-17
5504.30809497834  3.369169E-17
5506.89628839494  3.683255E-17
5509.48448181153  4.080613E-17
5512.07267522813  3.906551E-17
5514.66086864472  3.682988E-17
5517.24906206132  3.251917E-17
5519.83725547791  3.035279E-17
5522.42544889451  2.718224E-17
5525.01364231111  2.554203E-17
5527.6018357277  2.682802E-17
5530.1900291443  2.752907E-17
5532.77822256089  2.823787E-17
5535.36641597749  3.082079E-17
5537.95460939408  3.801247E-17
5540.54280281068  4.599187E-17
5543.13099622727  4.717151E-17
5545.71918964387  4.356387E-17
5548.30738306046  3.672206E-17
5550.89557647706  3.283336E-17
5553.48376989366  3.559371E-17
5556.07196331025  3.645641E-17
5558.66015672685  3.963915E-17
5561.24835014344  4.637126E-17
5563.83654356004  4.935916E-17
5566.42473697663  4.478788E-17
5569.01293039323  2.820592E-17
5571.60112380982  3.983919E-17
5574.18931722642  4.270089E-17
5576.77751064301  3.932090E-17
5579.36570405961  2.971570E-17
5581.95389747621  2.705128E-17
5584.5420908928  3.744180E-17
5587.1302843094  4.454854E-17
5589.71847772599  3.989910E-17
5592.30667114259  3.441038E-17
5594.89486455918  3.306553E-17
5597.48305797578  3.336673E-17
5600.07125139237  3.710124E-17
5602.65944480897  4.136634E-17
5605.24763822557  4.345695E-17
5607.83583164216  3.975729E-17
5610.42402505876  3.399504E-17
5613.01221847535  3.167995E-17
5615.60041189195  3.504258E-17
5618.18860530854  3.542948E-17
5620.77679872514  3.856482E-17
5623.36499214173  3.488868E-17
5625.95318555833  3.717494E-17
5628.54137897492  4.140004E-17
5631.12957239152  4.671217E-17
5633.71776580812  4.761603E-17
5636.30595922471  4.236094E-17
5638.89415264131  3.853012E-17
5641.4823460579  3.849153E-17
5644.0705394745  3.831945E-17
5646.65873289109  3.690598E-17
5649.24692630769  3.966911E-17
5651.83511972428  4.471255E-17
5654.42331314088  4.985809E-17
5657.01150655748  5.027546E-17
5659.59969997407  4.751559E-17
5662.18789339067  4.279808E-17
5664.77608680726  3.985110E-17
5667.36428022386  4.241195E-17
5669.95247364045  4.772631E-17
5672.54066705705  5.127260E-17
5675.12886047364  5.192767E-17
5677.71705389024  4.834609E-17
5680.30524730683  4.220387E-17
5682.89344072343  3.501615E-17
5685.48163414002  3.400528E-17
5688.06982755662  3.571432E-17
5690.65802097322  3.690755E-17
5693.24621438981  3.973412E-17
5695.83440780641  4.399839E-17
5698.422601223  4.864182E-17
5701.0107946396  4.917918E-17
5703.59898805619  4.716408E-17
5706.18718147279  4.222679E-17
5708.77537488938  3.939039E-17
5711.36356830598  4.083522E-17
5713.95176172257  4.326206E-17
5716.53995513917  4.447587E-17
5719.12814855576  4.517072E-17
5721.71634197236  4.473586E-17
5724.30453538896  4.141263E-17
5726.89272880555  3.982556E-17
5729.48092222215  3.795852E-17
5732.06911563874  3.546327E-17
5734.65730905534  3.389048E-17
5737.24550247193  3.816925E-17
5739.83369588853  4.453965E-17
5742.42188930512  5.022757E-17
5745.01008272172  4.976114E-17
5747.59827613832  5.034181E-17
5750.18646955491  4.995985E-17
5752.77466297151  4.988752E-17
5755.3628563881  5.064053E-17
5757.9510498047  5.234973E-17
5760.53924322129  5.440176E-17
5763.12743663789  5.239513E-17
5765.71563005448  4.993926E-17
5768.30382347108  4.821083E-17
5770.89201688767  5.012520E-17
5773.48021030427  5.047024E-17
5776.06840372087  4.934093E-17
5778.65659713746  4.846799E-17
5781.24479055406  4.845248E-17
5783.83298397065  5.246800E-17
5786.42117738725  5.191120E-17
5789.00937080384  5.008922E-17
5791.59756422044  5.212516E-17
5794.18575763703  5.201260E-17
5796.77395105363  5.108520E-17
5799.36214447022  5.138647E-17
5801.95033788682  5.300481E-17
5804.53853130341  5.151818E-17
5807.12672472001  4.884495E-17
5809.71491813661  5.000748E-17
5812.3031115532  5.223112E-17
5814.8913049698  5.269813E-17
5817.47949838639  5.213591E-17
5820.06769180299  4.947974E-17
5822.65588521958  5.087270E-17
5825.24407863618  5.139843E-17
5827.83227205277  4.915169E-17
5830.42046546937  4.573252E-17
5833.00865888597  4.624538E-17
5835.59685230256  4.967974E-17
5838.18504571916  4.949703E-17
5840.77323913575  4.994477E-17
5843.36143255235  5.048606E-17
5845.94962596894  5.169026E-17
5848.53781938554  5.198394E-17
5851.12601280214  5.365247E-17
5853.71420621873  5.634202E-17
5856.30239963533  5.924893E-17
5858.89059305192  6.053184E-17
5861.47878646852  5.885509E-17
5864.06697988511  5.630991E-17
5866.65517330171  5.279300E-17
5869.2433667183  5.388262E-17
5871.8315601349  5.037272E-17
5874.41975355149  4.527249E-17
5877.00794696809  4.077945E-17
5879.59614038468  3.735371E-17
5882.18433380128  3.754691E-17
5884.77252721787  4.056469E-17
5887.36072063447  4.469739E-17
5889.94891405107  4.610803E-17
5892.53710746766  5.722582E-17
5895.12530088426  4.888455E-17
5897.71349430085  4.710852E-17
5900.30168771745  4.715507E-17
5902.88988113404  4.385159E-17
5905.47807455064  4.522859E-17
5908.06626796723  4.271129E-17
5910.65446138383  3.705054E-17
5913.24265480043  2.818483E-17
5915.83084821702  2.533986E-17
5918.41904163362  2.818915E-17
5921.00723505021  3.278072E-17
5923.59542846681  4.280848E-17
5926.1836218834  5.191197E-17
5928.7718153  5.491782E-17
5931.36000871659  5.481131E-17
5933.94820213319  5.175227E-17
5936.53639554978  4.945291E-17
5939.12458896638  4.486923E-17
5941.71278238298  4.579520E-17
5944.30097579957  4.812448E-17
5946.88916921617  4.980993E-17
5949.47736263276  5.181919E-17
5952.06555604936  5.340324E-17
5954.65374946595  4.888718E-17
5957.24194288255  4.693296E-17
5959.83013629914  4.609913E-17
5962.41832971574  4.658369E-17
5965.00652313233  4.996724E-17
5967.59471654893  5.149483E-17
5970.18290996553  4.831067E-17
5972.77110338212  4.784714E-17
5975.35929679872  4.461311E-17
5977.94749021531  4.098591E-17
5980.53568363191  4.314738E-17
5983.1238770485  4.780043E-17
5985.7120704651  5.267276E-17
5988.30026388169  5.354179E-17
5990.88845729829  5.212989E-17
5993.47665071488  5.275737E-17
5996.06484413148  5.358581E-17
5998.65303754808  5.188689E-17
6001.24123096467  5.047768E-17
6003.82942438127  4.835508E-17
6006.41761779786  4.676406E-17
6009.00581121446  5.011362E-17
6011.59400463105  5.041182E-17
6014.18219804765  5.011744E-17
6016.77039146424  5.121278E-17
6019.35858488084  5.007136E-17
6021.94677829744  5.217165E-17
6024.53497171403  5.410513E-17
6027.12316513063  5.423911E-17
6029.71135854722  5.185492E-17
6032.29955196382  4.953091E-17
6034.88774538041  4.835769E-17
6037.47593879701  4.714499E-17
6040.0641322136  4.878503E-17
6042.6523256302  5.072148E-17
6045.24051904679  4.998369E-17
6047.82871246339  4.877443E-17
6050.41690587999  5.014392E-17
6053.00509929658  5.205918E-17
6055.59329271318  5.193441E-17
6058.18148612977  5.327259E-17
6060.76967954637  5.645807E-17
6063.35787296296  5.636897E-17
6065.94606637956  5.817385E-17
6068.53425979615  5.871442E-17
6071.12245321275  5.770020E-17
6073.71064662935  5.689526E-17
6076.29884004594  5.685275E-17
6078.88703346254  5.573665E-17
6081.47522687913  5.599159E-17
6084.06342029573  5.588578E-17
6086.65161371232  5.325250E-17
6089.23980712892  5.016676E-17
6091.82800054551  5.101886E-17
6094.41619396211  5.448619E-17
6097.0043873787  5.863527E-17
6099.5925807953  6.039481E-17
6102.18077421189  5.986787E-17
6104.76896762849  5.675530E-17
6107.35716104509  5.334874E-17
6109.94535446168  5.103678E-17
6112.53354787828  5.249788E-17
6115.12174129487  5.420666E-17
6117.70993471147  5.741028E-17
6120.29812812806  5.798042E-17
6122.88632154466  5.657446E-17
6125.47451496125  5.207420E-17
6128.06270837785  4.762087E-17
6130.65090179444  4.515365E-17
6133.23909521104  4.969551E-17
6135.82728862763  5.429601E-17
6138.41548204423  5.403616E-17
6141.00367546083  5.200973E-17
6143.59186887742  4.909900E-17
6146.18006229402  4.584955E-17
6148.76825571061  4.563970E-17
6151.35644912721  4.798367E-17
6153.9446425438  5.151656E-17
6156.5328359604  5.107327E-17
6159.12102937699  4.529744E-17
6161.70922279359  3.782064E-17
6164.29741621019  3.361624E-17
6166.88560962678  3.637976E-17
6169.47380304338  4.322924E-17
6172.06199645997  4.803797E-17
6174.65018987657  4.810787E-17
6177.23838329316  4.745346E-17
6179.82657670976  4.758543E-17
6182.41477012635  4.707204E-17
6185.00296354295  4.319273E-17
6187.59115695954  3.867227E-17
6190.17935037614  3.930048E-17
6192.76754379274  3.830078E-17
6195.35573720933  4.109747E-17
6197.94393062593  4.285617E-17
6200.53212404252  4.565748E-17
6203.12031745912  4.921400E-17
6205.70851087571  4.961220E-17
6208.29670429231  5.045289E-17
6210.8848977089  5.041672E-17
6213.4730911255  4.621404E-17
6216.06128454209  4.050951E-17
6218.64947795869  3.954557E-17
6221.23767137528  4.333160E-17
6223.82586479188  4.541054E-17
6226.41405820848  4.766448E-17
6229.00225162507  4.960910E-17
6231.59044504167  5.208517E-17
6234.17863845826  5.052781E-17
6236.76683187486  4.832095E-17
6239.35502529145  4.265160E-17
6241.94321870805  3.702701E-17
6244.53141212465  3.615151E-17
6247.11960554124  3.845407E-17
6249.70779895784  4.078729E-17
6252.29599237443  4.224271E-17
6254.88418579103  3.988989E-17
6257.47237920762  3.937945E-17
6260.06057262422  4.140047E-17
6262.64876604081  4.262271E-17
6265.23695945741  4.081766E-17
6267.82515287401  3.934678E-17
6270.4133462906  3.633016E-17
6273.0015397072  3.275982E-17
6275.58973312379  3.172293E-17
6278.17792654039  2.974236E-17
6280.76611995698  2.679849E-17
6283.35431337358  2.769517E-17
6285.94250679017  3.105982E-17
6288.53070020677  3.446242E-17
6291.11889362336  3.748386E-17
6293.70708703996  3.999856E-17
6296.29528045655  4.515932E-17
6298.88347387315  4.844280E-17
6301.47166728974  4.934182E-17
6304.05986070634  4.741313E-17
6306.64805412294  4.337757E-17
6309.23624753953  4.493614E-17
6311.82444095613  4.905390E-17
6314.41263437272  5.198019E-17
6317.00082778932  5.244769E-17
6319.58902120591  4.930309E-17
6322.17721462251  4.398616E-17
6324.7654080391  4.034106E-17
6327.3536014557  3.950693E-17
6329.9417948723  4.301560E-17
6332.52998828889  4.871643E-17
6335.11818170549  5.042796E-17
6337.70637512208  4.836593E-17
6340.29456853868  4.585814E-17
6342.88276195527  4.252930E-17
6345.47095537187  4.068965E-17
6348.05914878846  4.288946E-17
6350.64734220506  4.655124E-17
6353.23553562165  5.082378E-17
6355.82372903825  5.275260E-17
6358.41192245485  5.075104E-17
6361.00011587144  4.812084E-17
6363.58830928804  4.694037E-17
6366.17650270463  5.075272E-17
6368.76469612123  5.228357E-17
6371.35288953782  5.569894E-17
6373.94108295442  5.839214E-17
6376.52927637101  5.739927E-17
6379.11746978761  5.467805E-17
6381.7056632042  5.095532E-17
6384.2938566208  4.655903E-17
6386.8820500374  4.648674E-17
6389.47024345399  5.155701E-17
6392.05843687059  5.448616E-17
6394.64663028718  5.721172E-17
6397.23482370378  5.883728E-17
6399.82301712037  6.065077E-17
6402.41121053697  6.307449E-17
6404.99940395356  6.309262E-17
6407.58759737016  6.125443E-17
6410.17579078676  6.020933E-17
6412.76398420335  5.859138E-17
6415.35217761995  5.445518E-17
6417.94037103654  4.821904E-17
6420.52856445314  4.379866E-17
6423.11675786973  4.383292E-17
6425.70495128633  4.601303E-17
6428.29314470292  5.148985E-17
6430.88133811952  5.640475E-17
6433.46953153611  5.719441E-17
6436.05772495271  5.610352E-17
6438.64591836931  5.565210E-17
6441.2341117859  5.385683E-17
6443.8223052025  5.251061E-17
6446.41049861909  4.850926E-17
6448.99869203569  4.816435E-17
6451.58688545228  4.997013E-17
6454.17507886888  4.966339E-17
6456.76327228547  4.568622E-17
6459.35146570207  4.335501E-17
6461.93965911867  4.535251E-17
6464.52785253526  4.835803E-17
6467.11604595186  5.380504E-17
6469.70423936845  5.746007E-17
6472.29243278505  6.195597E-17
6474.88062620164  6.141974E-17
6477.46881961824  5.847685E-17
6480.05701303483  5.726189E-17
6482.64520645143  5.557818E-17
6485.23339986802  5.273236E-17
6487.82159328462  5.022378E-17
6490.40978670122  5.118212E-17
6492.99798011781  5.434386E-17
6495.58617353441  5.820559E-17
6498.174366951  6.048631E-17
6500.7625603676  5.978621E-17
6503.35075378419  6.007181E-17
6505.93894720079  5.761480E-17
6508.52714061738  5.618835E-17
6511.11533403398  5.638143E-17
6513.70352745057  5.787016E-17
6516.29172086717  5.331207E-17
6518.87991428376  4.431966E-17
6521.46810770036  3.500841E-17
6524.05630111695  3.471029E-17
6526.64449453355  4.165616E-17
6529.23268795015  5.157050E-17
6531.82088136674  6.056696E-17
6534.40907478334  6.546818E-17
6536.99726819993  6.537645E-17
6539.58546161653  6.242293E-17
6542.17365503312  5.743274E-17
6544.76184844972  5.521093E-17
6547.35004186631  5.718140E-17
6549.93823528291  6.282273E-17
6552.52642869951  6.460372E-17
6555.1146221161  6.135694E-17
6557.7028155327  5.643553E-17
6560.29100894929  5.073986E-17
6562.87920236589  4.128962E-17
6565.46739578248  3.127931E-17
6568.05558919908  2.574163E-17
6570.64378261567  2.064863E-17
6573.23197603227  2.180646E-17
6575.82016944886  2.783997E-17
6578.40836286546  3.321718E-17
6580.99655628206  3.712072E-17
6583.58474969865  3.569918E-17
6586.17294311525  2.720714E-17
6588.76113653184  2.309174E-17
6591.34932994844  3.807654E-17
6593.93752336503  6.840061E-17
6596.52571678163  9.367222E-17
6599.11391019822  9.714178E-17
6601.70210361482  8.565073E-17
6604.29029703141  7.286551E-17
6606.87849044801  6.956226E-17
6609.46668386461  6.659358E-17
6612.0548772812  6.387671E-17
6614.6430706978  6.409088E-17
6617.23126411439  5.918755E-17
6619.81945753099  5.351366E-17
6622.40765094758  5.173519E-17
6624.99584436418  5.429700E-17
6627.58403778077  5.842132E-17
6630.17223119737  5.779392E-17
6632.76042461396  5.185824E-17
6635.34861803056  5.096163E-17
6637.93681144715  5.286117E-17
6640.52500486375  5.792342E-17
6643.11319828035  5.942474E-17
6645.70139169694  6.032288E-17
6648.28958511354  6.401496E-17
6650.87777853013  6.207368E-17
6653.46597194673  5.973213E-17
6656.05416536332  6.175201E-17
6658.64235877992  6.453680E-17
6661.23055219651  6.312418E-17
6663.81874561311  6.004667E-17
6666.4069390297  5.775048E-17
6668.9951324463  5.394464E-17
6671.5833258629  5.034089E-17
6674.17151927949  5.006781E-17
6676.75971269609  5.312679E-17
6679.34790611268  5.836068E-17
6681.93609952928  5.923186E-17
6684.52429294587  5.773680E-17
6687.11248636247  5.782295E-17
6689.70067977906  5.828425E-17
6692.28887319566  5.763669E-17
6694.87706661226  5.989119E-17
6697.46526002885  6.056918E-17
6700.05345344545  5.804029E-17
6702.64164686204  5.415211E-17
6705.22984027864  4.906982E-17
6707.81803369523  4.856242E-17
6710.40622711183  5.295319E-17
6712.99442052842  5.952964E-17
6715.58261394502  6.253269E-17
6718.17080736161  6.324543E-17
6720.75900077821  6.273313E-17
6723.34719419481  6.309140E-17
6725.9353876114  6.268750E-17
6728.523581028  6.123871E-17
6731.11177444459  6.051598E-17
6733.69996786119  5.916141E-17
6736.28816127778  5.804943E-17
6738.87635469438  5.636765E-17
6741.46454811097  5.662656E-17
6744.05274152757  5.833793E-17
6746.64093494417  5.803514E-17
6749.22912836076  5.907658E-17
6751.81732177736  6.135465E-17
6754.40551519395  6.173497E-17
6756.99370861055  6.005571E-17
6759.58190202714  5.955374E-17
6762.17009544374  5.901928E-17
6764.75828886033  5.719149E-17
6767.34648227693  5.379874E-17
6769.93467569352  5.315524E-17
6772.52286911012  5.232930E-17
6775.11106252671  5.251989E-17
6777.69925594331  5.290087E-17
6780.28744935991  5.529342E-17
6782.8756427765  5.768787E-17
6785.4638361931  5.987816E-17
6788.05202960969  6.210111E-17
6790.64022302629  6.179299E-17
6793.22841644288  5.797600E-17
6795.81660985948  5.481114E-17
6798.40480327607  5.325877E-17
6800.99299669267  5.595774E-17
6803.58119010926  5.804537E-17
6806.16938352586  5.798074E-17
6808.75757694245  5.757334E-17
6811.34577035905  5.884850E-17
6813.93396377565  5.980292E-17
6816.52215719224  5.892784E-17
6819.11035060884  5.672770E-17
6821.69854402543  5.551560E-17
6824.28673744203  5.771998E-17
6826.87493085862  5.984144E-17
6829.46312427522  6.341871E-17
6832.05131769181  6.413648E-17
6834.63951110841  6.201295E-17
6837.22770452501  5.952970E-17
6839.8158979416  6.153960E-17
6842.4040913582  6.723900E-17
6844.99228477479  6.770656E-17
6847.58047819139  6.640556E-17
6850.16867160798  6.470296E-17
6852.75686502458  6.373683E-17
6855.34505844117  6.130279E-17
6857.93325185777  6.237860E-17
6860.52144527436  6.491982E-17
6863.10963869096  6.290411E-17
6865.69783210756  6.025428E-17
6868.28602552415  5.639254E-17
6870.87421894075  5.052484E-17
6873.46241235734  5.122249E-17
6876.05060577394  5.826426E-17
6878.63879919053  6.499678E-17
6881.22699260713  6.561410E-17
6883.81518602372  6.194887E-17
6886.40337944032  5.946193E-17
6888.99157285692  5.580551E-17
6891.57976627351  5.957418E-17
6894.16795969011  6.218087E-17
6896.7561531067  6.393502E-17
6899.3443465233  6.572487E-17
6901.93253993989  6.524341E-17
6904.52073335649  6.634038E-17
6907.10892677308  6.697886E-17
6909.69712018968  6.776008E-17
6912.28531360627  6.670653E-17
6914.87350702287  6.581874E-17
6917.46170043947  6.863827E-17
6920.04989385606  6.913297E-17
6922.63808727266  6.627278E-17
6925.22628068925  6.305819E-17
6927.81447410585  6.057205E-17
6930.40266752244  5.941078E-17
6932.99086093904  6.299256E-17
6935.57905435563  6.719631E-17
6938.16724777223  6.712707E-17
6940.75544118882  6.351892E-17
6943.34363460542  5.977574E-17
6945.93182802201  6.151063E-17
6948.52002143861  6.607641E-17
6951.10821485521  6.732164E-17
6953.6964082718  6.766376E-17
6956.2846016884  6.620427E-17
6958.87279510499  6.693955E-17
6961.46098852159  6.904576E-17
6964.04918193818  7.039011E-17
6966.63737535478  6.878802E-17
6969.22556877137  6.419015E-17
6971.81376218797  6.058813E-17
6974.40195560456  5.867770E-17
6976.99014902116  5.906473E-17
6979.57834243776  6.154759E-17
6982.16653585435  6.166502E-17
6984.75472927095  6.218053E-17
6987.34292268754  6.506640E-17
6989.93111610414  6.669917E-17
6992.51930952073  6.940805E-17
6995.10750293733  7.129497E-17
6997.69569635392  7.172018E-17
7000.28388977052  7.067479E-17
7002.87208318711  6.721764E-17
7005.46027660371  6.264719E-17
7008.04847002031  6.076346E-17
7010.6366634369  6.287568E-17
7013.2248568535  6.808185E-17
7015.81305027009  6.958279E-17
7018.40124368669  7.034300E-17
7020.98943710328  7.139680E-17
7023.57763051988  6.931304E-17
7026.16582393647  6.650497E-17
7028.75401735307  6.449992E-17
7031.34221076967  6.329901E-17
7033.93040418626  6.429201E-17
7036.51859760286  6.517197E-17
7039.10679101945  6.694815E-17
7041.69498443605  6.832520E-17
7044.28317785264  6.849760E-17
7046.87137126924  6.545339E-17
7049.45956468583  6.552157E-17
7052.04775810243  6.490301E-17
7054.63595151902  6.666013E-17
7057.22414493562  7.134855E-17
7059.81233835221  7.258065E-17
7062.40053176881  6.995761E-17
7064.98872518541  6.921298E-17
7067.576918602  6.842446E-17
7070.1651120186  6.804206E-17
7072.75330543519  7.054753E-17
7075.34149885179  7.149272E-17
7077.92969226838  6.867543E-17
7080.51788568498  6.653196E-17
7083.10607910157  6.327966E-17
7085.69427251817  6.135047E-17
7088.28246593477  6.206447E-17
7090.87065935136  6.091020E-17
7093.45885276796  5.815737E-17
7096.04704618455  5.397116E-17
7098.63523960115  5.476006E-17
7101.22343301774  5.999776E-17
7103.81162643434  6.368564E-17
7106.39981985093  6.377009E-17
7108.98801326753  6.046353E-17
7111.57620668413  5.780071E-17
7114.16440010072  5.478858E-17
7116.75259351732  5.236029E-17
7119.34078693391  5.312397E-17
7121.92898035051  5.465109E-17
7124.5171737671  5.812194E-17
7127.1053671837  5.868847E-17
7129.69356060029  5.921782E-17
7132.28175401689  6.133822E-17
7134.86994743349  6.158779E-17
7137.45814085008  6.000015E-17
7140.04633426668  5.811698E-17
7142.63452768327  5.864057E-17
7145.22272109987  5.893093E-17
7147.81091451646  5.760113E-17
7150.39910793306  5.478890E-17
7152.98730134965  5.228678E-17
7155.57549476625  5.083619E-17
7158.16368818284  4.926181E-17
7160.75188159944  4.890680E-17
7163.34007501604  4.927401E-17
7165.92826843263  5.122278E-17
7168.51646184923  5.447409E-17
7171.10465526582  5.458706E-17
7173.69284868242  4.930653E-17
7176.28104209901  4.646106E-17
7178.86923551561  5.102117E-17
7181.4574289322  4.961184E-17
7184.0456223488  4.896760E-17
7186.63381576539  5.320749E-17
7189.22200918199  5.588269E-17
7191.81020259858  5.596644E-17
7194.39839601518  5.546992E-17
7196.98658943178  5.549629E-17
7199.57478284837  5.742977E-17
7202.16297626497  5.903317E-17
7204.75116968156  5.773309E-17
7207.33936309816  5.709220E-17
7209.92755651475  5.626701E-17
7212.51574993135  5.483062E-17
7215.10394334794  5.321890E-17
7217.69213676454  5.164853E-17
7220.28033018114  5.013755E-17
7222.86852359773  5.071690E-17
7225.45671701433  5.240649E-17
7228.04491043092  5.145405E-17
7230.63310384752  4.912148E-17
7233.22129726411  4.803977E-17
7235.80949068071  4.759670E-17
7238.3976840973  4.720004E-17
7240.9858775139  5.061012E-17
7243.57407093049  5.327950E-17
7246.16226434709  5.191573E-17
7248.75045776368  5.196482E-17
7251.33865118028  5.158159E-17
7253.92684459688  5.292010E-17
7256.51503801347  5.704750E-17
7259.10323143007  6.175680E-17
7261.69142484666  6.342564E-17
7264.27961826326  6.249322E-17
7266.86781167985  6.056102E-17
7269.45600509645  5.856803E-17
7272.04419851304  5.740115E-17
7274.63239192964  5.888995E-17
7277.22058534623  6.305225E-17
7279.80877876283  6.474217E-17
7282.39697217943  6.394814E-17
7284.98516559602  6.446067E-17
7287.57335901262  6.422902E-17
7290.16155242921  6.309502E-17
7292.74974584581  6.252885E-17
7295.3379392624  6.120957E-17
7297.926132679  6.391707E-17
7300.51432609559  7.026852E-17
7303.10251951219  7.075061E-17
7305.69071292879  7.007581E-17
7308.27890634538  6.605573E-17
7310.86709976198  5.921737E-17
7313.45529317857  5.767778E-17
7316.04348659517  5.690463E-17
7318.63168001176  5.476140E-17
7321.21987342836  5.142066E-17
7323.80806684495  5.350420E-17
7326.39626026155  5.963576E-17
7328.98445367814  6.452981E-17
7331.57264709474  6.544831E-17
7334.16084051134  6.313781E-17
7336.74903392793  6.471000E-17
7339.33722734453  6.420583E-17
7341.92542076112  6.390791E-17
7344.51361417772  6.391695E-17
7347.10180759431  6.281997E-17
7349.69000101091  6.105958E-17
7352.2781944275  5.857879E-17
7354.8663878441  5.471986E-17
7357.45458126069  5.617552E-17
7360.04277467729  6.324319E-17
7362.63096809388  7.028873E-17
7365.21916151048  7.366698E-17
7367.80735492708  7.501449E-17
7370.39554834367  7.527302E-17
7372.98374176027  7.411038E-17
7375.57193517686  7.181729E-17
7378.16012859346  7.211375E-17
7380.74832201005  6.999719E-17
7383.33651542665  6.652759E-17
7385.92470884324  6.235519E-17
7388.51290225984  6.182820E-17
7391.10109567644  6.527528E-17
7393.68928909303  6.804124E-17
7396.27748250963  7.223467E-17
7398.86567592622  7.172752E-17
7401.45386934282  7.130130E-17
7404.04206275941  7.196463E-17
7406.63025617601  7.332198E-17
7409.2184495926  7.558720E-17
7411.8066430092  7.641618E-17
7414.39483642579  7.237829E-17
7416.98302984239  6.782837E-17
7419.57122325898  6.646286E-17
7422.15941667558  6.482966E-17
7424.74761009218  6.516516E-17
7427.33580350877  6.932875E-17
7429.92399692537  7.124487E-17
7432.51219034196  7.224670E-17
7435.10038375856  7.357879E-17
7437.68857717515  7.065723E-17
7440.27677059175  6.586197E-17
7442.86496400834  6.176873E-17
7445.45315742494  6.054953E-17
7448.04135084154  6.185122E-17
7450.62954425813  6.401176E-17
7453.21773767473  6.481821E-17
7455.80593109132  6.766384E-17
7458.39412450792  7.021700E-17
7460.98231792451  7.272076E-17
7463.57051134111  7.475226E-17
7466.1587047577  7.651142E-17
7468.7468981743  7.740622E-17
7471.33509159089  7.589185E-17
7473.92328500749  7.177436E-17
7476.51147842409  6.814272E-17
7479.09967184068  6.734783E-17
7481.68786525728  6.810843E-17
7484.27605867387  7.080575E-17
7486.86425209047  7.250113E-17
7489.45244550706  7.281269E-17
7492.04063892366  7.217969E-17
7494.62883234025  7.171428E-17
7497.21702575685  7.522181E-17
7499.80521917344  7.899985E-17
7502.39341259004  8.109425E-17
7504.98160600664  8.137027E-17
7507.56979942323  7.940541E-17
7510.15799283983  7.644797E-17
7512.74618625642  7.307850E-17
7515.33437967302  6.963614E-17
7517.92257308961  6.638246E-17
7520.51076650621  7.047697E-17
7523.0989599228  7.303070E-17
7525.6871533394  6.812161E-17
7528.275346756  6.944360E-17
7530.86354017259  7.358010E-17
7533.45173358919  7.768551E-17
7536.03992700578  7.645543E-17
7538.62812042238  7.018373E-17
7541.21631383897  6.542271E-17
7543.80450725557  6.280285E-17
7546.39270067216  6.446656E-17
7548.98089408876  7.080101E-17
7551.56908750536  7.567811E-17
7554.15728092195  7.703307E-17
7556.74547433855  7.555572E-17
7559.33366775514  7.535750E-17
7561.92186117174  7.392905E-17
7564.51005458833  7.240369E-17
7567.09824800493  7.292535E-17
7569.68644142152  7.522257E-17
7572.27463483812  7.796445E-17
7574.86282825471  7.938335E-17
7577.45102167131  8.071956E-17
7580.0392150879  7.970257E-17
7582.6274085045  8.003682E-17
7585.21560192109  8.353465E-17
7587.80379533769  8.636947E-17
7590.39198875429  8.294832E-17
7592.98018217088  7.264601E-17
7595.56837558748  6.127857E-17
7598.15656900407  5.037072E-17
7600.74476242067  4.262916E-17
7603.33295583726  4.343108E-17
7605.92114925386  4.574610E-17
7608.50934267045  4.966590E-17
7611.09753608705  6.372598E-17
7613.68572950364  8.105409E-17
7616.27392292024  8.460123E-17
7618.86211633684  7.657967E-17
7621.45030975343  7.217263E-17
7624.03850317003  6.758142E-17
7626.62669658662  6.484108E-17
7629.21489000322  6.434403E-17
7631.80308341981  6.970744E-17
7634.39127683641  7.373687E-17
7636.979470253  7.409604E-17
7639.5676636696  7.380333E-17
7642.1558570862  7.140601E-17
7644.74405050279  7.115504E-17
7647.33224391939  6.965971E-17
7649.92043733598  6.614477E-17
7652.50863075258  6.644864E-17
7655.09682416917  7.053493E-17
7657.68501758577  7.310760E-17
7660.27321100236  7.795263E-17
7662.86140441896  7.904300E-17
7665.44959783555  7.510746E-17
7668.03779125215  7.238054E-17
7670.62598466874  7.464982E-17
7673.21417808534  7.530484E-17
7675.80237150194  7.467452E-17
7678.39056491853  7.539997E-17
7680.97875833513  7.702887E-17
7683.56695175172  7.529537E-17
7686.15514516832  7.257044E-17
7688.74333858491  6.747625E-17
7691.33153200151  5.833988E-17
7693.9197254181  5.062995E-17
7696.5079188347  4.798014E-17
7699.0961122513  5.106969E-17
7701.68430566789  5.839609E-17
7704.27249908449  6.384080E-17
7706.86069250108  6.651089E-17
7709.44888591768  6.878921E-17
7712.03707933427  6.893647E-17
7714.62527275087  6.927206E-17
7717.21346616746  6.877217E-17
7719.80165958406  6.929578E-17
7722.38985300066  7.034208E-17
7724.97804641725  6.755257E-17
7727.56623983385  6.105248E-17
7730.15443325044  5.498788E-17
7732.74262666704  5.580281E-17
7735.33082008363  6.102427E-17
7737.91901350023  6.674331E-17
7740.50720691682  6.604868E-17
7743.09540033342  5.895725E-17
7745.68359375001  5.386463E-17
7748.27178716661  5.687374E-17
7750.8599805832  6.077428E-17
7753.4481739998  6.614114E-17
7756.0363674164  6.794505E-17
7758.62456083299  6.613285E-17
7761.21275424959  6.625070E-17
7763.80094766618  6.896996E-17
7766.38914108278  7.243730E-17
7768.97733449937  7.312512E-17
7771.56552791597  7.168928E-17
7774.15372133256  7.100663E-17
7776.74191474916  6.670450E-17
7779.33010816575  5.947034E-17
7781.91830158235  5.782138E-17
7784.50649499895  5.924934E-17
7787.09468841554  6.176512E-17
7789.68288183214  6.846151E-17
7792.27107524873  7.377549E-17
7794.85926866533  7.590305E-17
7797.44746208192  7.360803E-17
7800.03565549852  7.047851E-17
7802.62384891511  6.814214E-17
7805.21204233171  6.322594E-17
7807.8002357483  5.760246E-17
7810.3884291649  5.650041E-17
7812.9766225815  5.827864E-17
7815.56481599809  6.013340E-17
7818.15300941469  6.012142E-17
7820.74120283128  6.269695E-17
7823.32939624788  6.652556E-17
7825.91758966447  6.889185E-17
7828.50578308107  6.940925E-17
7831.09397649766  7.038604E-17
7833.68216991426  7.193312E-17
7836.27036333085  7.370235E-17
7838.85855674745  7.517965E-17
7841.44675016404  7.603821E-17
7844.03494358064  7.516404E-17
7846.62313699724  7.193664E-17
7849.21133041383  7.250548E-17
7851.79952383043  7.514662E-17
7854.38771724702  7.358601E-17
7856.97591066362  7.381211E-17
7859.56410408021  7.287106E-17
7862.15229749681  6.809540E-17
7864.74049091341  6.672360E-17
7867.32868433  6.442081E-17
7869.9168777466  6.509849E-17
7872.50507116319  6.920144E-17
7875.09326457979  7.390557E-17
7877.68145799638  7.345994E-17
7880.26965141298  7.370145E-17
7882.85784482957  7.348338E-17
7885.44603824617  7.196731E-17
7888.03423166276  6.926857E-17
7890.62242507936  7.098253E-17
7893.21061849596  7.321008E-17
7895.79881191255  7.533611E-17
7898.38700532915  7.513991E-17
7900.97519874574  7.361927E-17
7903.56339216234  7.353526E-17
7906.15158557893  7.151277E-17
7908.73977899553  6.788311E-17
7911.32797241212  6.940750E-17
7913.91616582872  6.695295E-17
7916.50435924531  6.704947E-17
7919.09255266191  7.328658E-17
7921.68074607851  7.199600E-17
7924.2689394951  7.215372E-17
7926.8571329117  7.005266E-17
7929.44532632829  6.751473E-17
7932.03351974489  6.624616E-17
7934.62171316148  6.777776E-17
7937.20990657808  6.681860E-17
7939.79809999467  6.215421E-17
7942.38629341127  5.954386E-17
7944.97448682787  5.777379E-17
7947.56268024446  5.772930E-17
7950.15087366106  6.094821E-17
7952.73906707765  6.206121E-17
7955.32726049425  6.386445E-17
7957.91545391084  6.443589E-17
7960.50364732744  6.752017E-17
7963.09184074403  6.544767E-17
7965.68003416063  6.282724E-17
7968.26822757723  6.183417E-17
7970.85642099382  5.847583E-17
7973.44461441042  5.598382E-17
7976.03280782701  5.406584E-17
7978.62100124361  5.350630E-17
7981.2091946602  5.774485E-17
7983.7973880768  6.258016E-17
7986.38558149339  6.267810E-17
7988.97377490999  6.415482E-17
7991.56196832658  6.933508E-17
7994.15016174318  7.037080E-17
7996.73835515977  6.956758E-17
7999.32654857637  6.603468E-17
8001.91474199296  6.440905E-17
8004.50293540956  6.780135E-17
8007.09112882616  6.896372E-17
8009.67932224275  6.946817E-17
8012.26751565935  6.777090E-17
8014.85570907594  6.953538E-17
8017.44390249254  6.868529E-17
8020.03209590913  6.701518E-17
8022.62028932573  7.023111E-17
8025.20848274232  7.116406E-17
8027.79667615892  6.883646E-17
8030.38486957551  6.429601E-17
8032.97306299211  6.061722E-17
8035.56125640871  6.309566E-17
8038.1494498253  6.702768E-17
8040.7376432419  7.052118E-17
8043.32583665849  7.282015E-17
8045.91403007509  7.428107E-17
8048.50222349168  7.474632E-17
8051.09041690828  7.214068E-17
8053.67861032487  6.870699E-17
8056.26680374147  6.657904E-17
8058.85499715807  6.418313E-17
8061.44319057466  6.271020E-17
8064.03138399126  6.399797E-17
8066.61957740785  6.835469E-17
8069.20777082445  7.318351E-17
8071.79596424104  7.475175E-17
8074.38415765764  7.071707E-17
8076.97235107423  6.391008E-17
8079.56054449083  5.870834E-17
8082.14873790742  5.761437E-17
8084.73693132402  6.095806E-17
8087.32512474061  6.757211E-17
8089.91331815721  7.317015E-17
8092.5015115738  7.311879E-17
8095.0897049904  7.039105E-17
8097.677898407  6.944289E-17
8100.26609182359  6.892718E-17
8102.85428524019  6.548511E-17
8105.44247865678  6.329690E-17
8108.03067207338  6.288953E-17
8110.61886548997  6.278567E-17
8113.20705890657  6.678290E-17
8115.79525232317  6.716188E-17
8118.38344573976  6.718155E-17
8120.97163915636  6.767752E-17
8123.55983257295  6.757841E-17
8126.14802598955  6.638705E-17
8128.73621940614  6.558801E-17
8131.32441282274  6.674541E-17
8133.91260623933  6.783754E-17
8136.50079965593  6.780826E-17
8139.08899307253  6.756843E-17
8141.67718648912  6.803036E-17
8144.26537990572  6.794088E-17
8146.85357332231  6.538145E-17
8149.44176673891  6.419134E-17
8152.0299601555  6.491033E-17
8154.6181535721  6.472316E-17
8157.20634698869  6.225475E-17
8159.79454040529  6.052441E-17
8162.38273382188  6.100006E-17
8164.97092723848  6.336464E-17
8167.55912065507  6.300326E-17
8170.14731407167  5.701370E-17
8172.73550748827  6.136958E-17
8175.32370090486  6.476722E-17
8177.91189432146  6.415518E-17
8180.50008773805  6.656924E-17
8183.08828115465  6.786959E-17
8185.67647457124  6.752698E-17
8188.26466798784  6.636168E-17
8190.85286140443  6.760487E-17
8193.44105482103  6.894336E-17
8196.02924823763  6.699507E-17
8198.61744165422  6.686784E-17
8201.20563507082  6.819227E-17
8203.79382848741  6.868371E-17
8206.38202190401  6.808785E-17
8208.9702153206  6.678055E-17
8211.5584087372  6.477058E-17
8214.14660215379  6.072917E-17
8216.73479557039  5.503426E-17
8219.32298898699  5.164766E-17
8221.91118240358  5.201323E-17
8224.49937582018  5.110965E-17
8227.08756923677  4.724970E-17
8229.67576265337  4.410274E-17
8232.26395606996  4.481104E-17
8234.85214948656  4.829338E-17
8237.44034290315  5.168127E-17
8240.02853631975  5.568270E-17
8242.61672973634  6.020366E-17
8245.20492315294  6.502896E-17
8247.79311656953  6.682935E-17
8250.38130998613  6.321535E-17
8252.96950340272  5.835884E-17
8255.55769681932  5.496804E-17
8258.14589023592  5.678630E-17
8260.73408365251  6.311998E-17
8263.32227706911  6.874075E-17
8265.9104704857  6.819700E-17
8268.4986639023  6.577534E-17
8271.08685731889  6.354465E-17
8273.67505073549  5.984474E-17
8276.26324415208  6.019049E-17
8278.85143756868  6.504238E-17
8281.43963098528  6.683173E-17
8284.02782440187  6.495970E-17
8286.61601781847  6.490749E-17
8289.20421123506  6.414661E-17
8291.79240465166  6.142190E-17
8294.38059806825  6.756271E-17
8296.96879148485  7.067812E-17
8299.55698490144  7.155036E-17
8302.14517831804  6.976316E-17
8304.73337173463  6.845479E-17
8307.32156515123  7.132956E-17
8309.90975856783  7.284834E-17
8312.49795198442  7.168339E-17
8315.08614540102  7.189362E-17
8317.67433881761  7.130202E-17
8320.26253223421  6.939689E-17
8322.8507256508  6.911616E-17
8325.4389190674  6.869393E-17
8328.02711248399  6.784293E-17
8330.61530590059  6.817016E-17
8333.20349931718  6.919229E-17
8335.79169273378  6.622411E-17
8338.37988615037  6.235894E-17
8340.96807956697  6.697671E-17
8343.55627298357  6.563826E-17
8346.14446640016  6.386656E-17
8348.73265981676  7.465953E-17
8351.32085323335  7.325140E-17
8353.90904664995  6.703675E-17
8356.49724006654  6.461721E-17
8359.08543348314  5.556624E-17
8361.67362689973  4.730094E-17
8364.26182031633  4.685206E-17
8366.85001373293  5.051124E-17
8369.43820714952  5.541446E-17
8372.02640056612  6.041629E-17
8374.61459398271  6.284390E-17
8377.20278739931  6.383428E-17
8379.7909808159  6.249189E-17
8382.3791742325  6.182149E-17
8384.96736764909  6.119658E-17
8387.55556106569  6.765177E-17
8390.14375448229  6.996568E-17
8392.73194789888  6.458559E-17
8395.32014131548  6.451785E-17
8397.90833473207  6.481589E-17
8400.49652814867  6.040616E-17
8403.08472156526  6.416826E-17
8405.67291498186  6.981755E-17
8408.26110839845  6.647429E-17
8410.84930181505  6.289848E-17
8413.43749523164  5.887093E-17
8416.02568864824  5.632886E-17
8418.61388206483  5.060273E-17
8421.20207548143  4.306092E-17
8423.79026889803  3.979619E-17
8426.37846231462  4.545980E-17
8428.96665573122  5.554661E-17
8431.55484914781  6.299251E-17
8434.14304256441  6.701442E-17
8436.731235981  6.865046E-17
8439.3194293976  6.927608E-17
8441.90762281419  6.785500E-17
8444.49581623079  6.498693E-17
8447.08400964738  6.473766E-17
8449.67220306398  6.740144E-17
8452.26039648058  6.885171E-17
8454.84858989717  6.576341E-17
8457.43678331377  6.260556E-17
8460.02497673036  5.667131E-17
8462.61317014696  5.659051E-17
8465.20136356355  5.525650E-17
8467.78955698015  4.805123E-17
8470.37775039674  4.101949E-17
8472.96594381334  4.416068E-17
8475.55413722994  5.415013E-17
8478.14233064653  6.029889E-17
8480.73052406313  6.128997E-17
8483.31871747972  6.066923E-17
8485.90691089632  6.072315E-17
8488.49510431291  6.436779E-17
8491.08329772951  6.961312E-17
8493.6714911461  7.111652E-17
8496.2596845627  6.855435E-17
8498.84787797929  6.227648E-17
8501.43607139589  5.594510E-17
8504.02426481248  5.055516E-17
8506.61245822908  5.186163E-17
8509.20065164567  6.017611E-17
8511.78884506227  6.761628E-17
8514.37703847887  7.192650E-17
8516.96523189546  7.262661E-17
8519.55342531206  7.188168E-17
8522.14161872865  7.280765E-17
8524.72981214525  6.912704E-17
8527.31800556184  6.073332E-17
8529.90619897844  5.196057E-17
8532.49439239503  4.139737E-17
8535.08258581163  3.620397E-17
8537.67077922823  3.997129E-17
8540.25897264482  4.698981E-17
8542.84716606142  4.349322E-17
8545.43535947801  3.833246E-17
8548.02355289461  4.124182E-17
8550.6117463112  4.591210E-17
8553.1999397278  4.834536E-17
8555.78813314439  5.259008E-17
8558.37632656099  6.010251E-17
8560.96451997759  6.452466E-17
8563.55271339418  6.236603E-17
8566.14090681078  5.793623E-17
8568.72910022737  5.164375E-17
8571.31729364397  4.527513E-17
8573.90548706056  3.619635E-17
8576.49368047716  2.757339E-17
8579.08187389375  2.456647E-17
8581.67006731035  2.609424E-17
8584.25826072694  3.220634E-17
8586.84645414354  3.984484E-17
8589.43464756013  4.775221E-17
8592.02284097673  5.454137E-17
8594.61103439333  5.833748E-17
8597.19922780992  6.194226E-17
8599.78742122652  6.506908E-17
8602.37561464311  6.729560E-17
8604.96380805971  6.890217E-17
8607.5520014763  6.864352E-17
8610.1401948929  6.906545E-17
8612.72838830949  7.106180E-17
8615.31658172609  6.991943E-17
8617.90477514269  6.742937E-17
8620.49296855928  6.958983E-17
8623.08116197588  7.136112E-17
8625.66935539247  7.290020E-17
8628.25754880907  7.574214E-17
8630.84574222566  7.357146E-17
8633.43393564226  6.897630E-17
8636.02212905885  6.962639E-17
8638.61032247545  7.344183E-17
8641.19851589204  7.101878E-17
8643.78670930864  6.553400E-17
8646.37490272524  6.076640E-17
8648.96309614183  5.808335E-17
8651.55128955843  6.187472E-17
8654.13948297502  6.503697E-17
8656.72767639162  6.855369E-17
8659.31586980821  7.053595E-17
8661.90406322481  7.197049E-17
8664.4922566414  7.449312E-17
8667.080450058  7.503821E-17
8669.66864347459  7.632249E-17
8672.25683689119  7.775977E-17
8674.84503030778  7.849667E-17
8677.43322372438  7.444793E-17
8680.02141714097  7.217578E-17
8682.60961055757  7.015481E-17
8685.19780397417  6.938903E-17
8687.78599739076  6.608969E-17
8690.37419080736  5.784133E-17
8692.96238422395  4.677019E-17
8695.55057764055  3.623007E-17
8698.13877105714  2.927735E-17
8700.72696447374  2.766582E-17
8703.31515789033  3.182278E-17
8705.90335130693  3.812955E-17
8708.49154472353  4.280674E-17
8711.07973814012  4.700875E-17
8713.66793155672  5.090420E-17
8716.25612497331  5.565167E-17
8718.84431838991  5.598517E-17
8721.4325118065  5.254515E-17
8724.0207052231  4.929207E-17
8726.60889863969  4.963259E-17
8729.19709205629  5.587300E-17
8731.78528547289  6.374530E-17
8734.37347888948  6.851184E-17
8736.96167230608  7.168428E-17
8739.54986572267  7.253436E-17
8742.13805913927  7.296975E-17
8744.72625255586  7.572987E-17
8747.31444597246  7.470573E-17
8749.90263938905  7.256214E-17
8752.49083280565  7.031770E-17
8755.07902622224  6.959934E-17
8757.66721963884  7.234043E-17
8760.25541305544  7.167104E-17
8762.84360647203  7.095299E-17
8765.43179988863  7.623550E-17
8768.01999330522  7.422916E-17
8770.60818672182  6.645418E-17
8773.19638013841  7.087088E-17
8775.78457355501  7.368863E-17
8778.3727669716  7.009638E-17
8780.9609603882  7.418013E-17
8783.54915380479  7.513091E-17
8786.13734722139  7.346598E-17
8788.72554063799  6.619967E-17
8791.31373405458  5.806795E-17
8793.90192747118  5.910082E-17
8796.49012088777  6.130259E-17
8799.07831430437  6.258448E-17
8801.66650772096  6.857429E-17
8804.25470113756  7.103821E-17
8806.84289455415  6.392384E-17
8809.43108797075  5.923212E-17
8812.01928138735  7.050040E-17
8814.60747480394  7.417763E-17
8817.19566822054  7.499666E-17
8819.78386163713  7.486008E-17
8822.37205505373  7.207477E-17
8824.96024847032  7.529231E-17
8827.54844188692  8.232488E-17
8830.13663530351  7.742900E-17
8832.72482872011  6.841487E-17
8835.3130221367  6.754699E-17
8837.9012155533  6.525501E-17
8840.48940896989  6.128001E-17
8843.07760238649  5.319513E-17
8845.66579580308  4.956051E-17
8848.25398921968  5.870566E-17
8850.84218263628  7.056287E-17
8853.43037605287  7.310172E-17
8856.01856946947  6.679950E-17
8858.60676288606  5.837697E-17
8861.19495630266  5.079959E-17
8863.78314971925  5.074462E-17
8866.37134313585  5.903993E-17
8868.95953655244  6.668284E-17
8871.54772996904  7.031596E-17
8874.13592338563  6.682421E-17
8876.72411680223  6.286433E-17
8879.31231021883  5.843210E-17
8881.90050363542  5.784690E-17
8884.48869705202  6.795837E-17
8887.07689046861  8.034456E-17
8889.66508388521  8.484886E-17
8892.2532773018  8.193663E-17
8894.8414707184  7.833323E-17
8897.42966413499  7.510602E-17
8900.01785755159  7.198757E-17
8902.60605096819  6.892210E-17
8905.19424438478  6.255167E-17
8907.78243780138  6.396102E-17
8910.37063121797  6.826896E-17
8912.95882463457  6.938010E-17
8915.54701805116  7.116340E-17
8918.13521146776  6.704824E-17
8920.72340488435  5.888746E-17
8923.31159830095  6.111675E-17
8925.89979171754  6.875563E-17
8928.48798513414  7.100542E-17
8931.07617855074  7.048742E-17
8933.66437196733  6.939453E-17
8936.25256538393  6.851694E-17
8938.84075880052  6.465522E-17
8941.42895221712  6.862143E-17
8944.01714563371  7.748599E-17
8946.60533905031  7.869361E-17
8949.1935324669  6.970636E-17
8951.7817258835  6.058346E-17
8954.3699193001  6.094356E-17
8956.95811271669  6.028331E-17
8959.54630613329  5.902867E-17
8962.13449954988  6.535720E-17
8964.72269296648  6.361756E-17
8967.31088638307  5.972159E-17
8969.89907979967  5.938371E-17
8972.48727321626  6.393857E-17
8975.07546663286  6.875589E-17
8977.66366004945  6.966053E-17
8980.25185346605  6.768010E-17
8982.84004688265  6.180359E-17
8985.42824029924  5.703725E-17
8988.01643371584  5.800889E-17
8990.60462713243  6.298447E-17
8993.19282054903  6.787939E-17
8995.78101396562  6.891816E-17
8998.36920738222  7.114800E-17
9000.95740079881  6.946288E-17
9003.54559421541  7.011167E-17
9006.133787632  7.385004E-17
9008.7219810486  6.968511E-17
9011.31017446519  6.489716E-17
9013.89836788179  6.152843E-17
9016.48656129838  5.855854E-17
9019.07475471498  5.951927E-17
9021.66294813158  6.070893E-17
9024.25114154817  6.411353E-17
9026.83933496477  6.887824E-17
9029.42752838136  7.115969E-17
9032.01572179796  6.714981E-17
9034.60391521455  5.881114E-17
9037.19210863115  5.349381E-17
9039.78030204774  5.422563E-17
9042.36849546434  5.835015E-17
9044.95668888094  6.335413E-17
9047.54488229753  6.536825E-17
9050.13307571413  5.967272E-17
9052.72126913072  5.533211E-17
9055.30946254732  5.530758E-17
9057.89765596391  4.942274E-17
9060.48584938051  5.121158E-17
9063.0740427971  5.759233E-17
9065.6622362137  5.974060E-17
9068.25042963029  6.188987E-17
9070.83862304689  6.570999E-17
9073.42681646349  6.864792E-17
9076.01500988008  7.027564E-17
9078.60320329668  7.040474E-17
9081.19139671327  6.948359E-17
9083.77959012987  7.012184E-17
9086.36778354646  7.347395E-17
9088.95597696306  7.416554E-17
9091.54417037965  7.170309E-17
9094.13236379625  6.978296E-17
9096.72055721284  6.653797E-17
9099.30875062944  6.368940E-17
9101.89694404604  6.129878E-17
9104.48513746263  5.935141E-17
9107.07333087923  6.155819E-17
9109.66152429582  6.802523E-17
9112.24971771242  7.281866E-17
9114.83791112901  7.120361E-17
9117.42610454561  6.776136E-17
9120.0142979622  6.378937E-17
9122.6024913788  5.855260E-17
9125.1906847954  5.267391E-17
9127.77887821199  4.867934E-17
9130.36707162859  4.893799E-17
9132.95526504518  5.074351E-17
9135.54345846178  5.409446E-17
9138.13165187837  5.961181E-17
9140.71984529497  6.406992E-17
9143.30803871156  6.710847E-17
9145.89623212816  6.698851E-17
9148.48442554476  6.561927E-17
9151.07261896135  6.103706E-17
9153.66081237795  5.611324E-17
9156.24900579454  5.123457E-17
9158.83719921114  5.237486E-17
9161.42539262773  6.207899E-17
9164.01358604433  7.169769E-17
9166.60177946092  7.623772E-17
9169.18997287752  7.656950E-17
9171.77816629411  7.326343E-17
9174.36635971071  6.805682E-17
9176.95455312731  6.509713E-17
9179.5427465439  6.363393E-17
9182.1309399605  6.152862E-17
9184.71913337709  6.105836E-17
9187.30732679369  6.377252E-17
9189.89552021028  6.756603E-17
9192.48371362688  6.836560E-17
9195.07190704347  6.672366E-17
9197.66010046007  6.709889E-17
9200.24829387666  6.849666E-17
9202.83648729326  6.786603E-17
9205.42468070986  6.462180E-17
9208.01287412645  6.151190E-17
9210.60106754305  5.723875E-17
9213.18926095964  5.411646E-17
9215.77745437624  5.439305E-17
9218.36564779283  5.747311E-17
9220.95384120943  6.203915E-17
9223.54203462602  6.380549E-17
9226.13022804262  6.239341E-17
9228.71842145922  6.139120E-17
9231.30661487581  5.949208E-17
9233.89480829241  5.814523E-17
9236.483001709  5.773569E-17
9239.0711951256  5.643866E-17
9241.65938854219  5.518700E-17
9244.24758195879  5.433582E-17
9246.83577537538  5.296604E-17
9249.42396879198  5.120170E-17
9252.01216220857  4.898532E-17
9254.60035562517  4.711775E-17
9257.18854904176  4.841604E-17
9259.77674245836  5.208649E-17
9262.36493587495  5.304041E-17
9264.95312929155  5.237242E-17
9267.54132270815  5.090536E-17
9270.12951612474  4.922941E-17
9272.71770954134  4.882538E-17
9275.30590295793  4.955843E-17
9277.89409637453  4.996975E-17
9280.48228979112  4.844181E-17
9283.07048320772  4.937283E-17
9285.65867662431  5.382022E-17
9288.24687004091  5.531873E-17
9290.8350634575  5.512999E-17
9293.4232568741  5.036382E-17
9296.0114502907  4.753388E-17
9298.59964370729  4.878588E-17
9301.18783712389  4.437196E-17
9303.77603054048  4.008649E-17
9306.36422395708  3.951700E-17
9308.95241737367  4.081893E-17
9311.54061079027  4.229273E-17
9314.12880420686  3.424719E-17
9316.71699762346  4.486497E-17
9319.30519104006  5.280143E-17
9321.89338445665  4.213776E-17
9324.48157787325  5.983281E-17
9327.06977128984  7.949041E-17
9329.65796470644  6.314868E-17
9332.24615812303  5.156510E-17
9334.83435153963  5.058468E-17
9337.42254495622  4.968515E-17
9340.01073837282  4.772159E-17
9342.59893178941  4.814505E-17
9345.18712520601  5.416864E-17
9347.77531862261  6.066754E-17
9350.3635120392  5.880265E-17
9352.9517054558  5.054936E-17
9355.53989887239  4.926022E-17
9358.12809228899  5.621102E-17
9360.71628570558  6.086269E-17
9363.30447912218  6.040813E-17
9365.89267253877  5.204252E-17
9368.48086595537  4.613591E-17
9371.06905937197  6.363342E-17
9373.65725278856  7.680524E-17
9376.24544620516  5.370680E-17
9378.83363962175  5.782548E-17
9381.42183303835  7.941499E-17
9384.01002645494  6.737705E-17
9386.59821987154  6.057972E-17
9389.18641328813  5.918944E-17
9391.77460670473  5.836535E-17
9394.36280012132  5.849017E-17
9396.95099353792  5.560507E-17
9399.53918695452  5.077626E-17
9402.12738037111  5.797475E-17
9404.71557378771  7.091024E-17
9407.3037672043  6.455238E-17
9409.8919606209  5.206742E-17
9412.48015403749  5.464053E-17
9415.06834745409  5.752608E-17
9417.65654087068  6.231998E-17
9420.24473428728  6.786830E-17
9422.83292770387  6.242007E-17
9425.42112112047  5.229398E-17
9428.00931453706  4.764029E-17
9430.59750795366  5.263135E-17
9433.18570137025  6.173513E-17
9435.77389478685  7.096392E-17
9438.36208820345  7.082831E-17
9440.95028162004  5.536547E-17
9443.53847503664  5.289473E-17
9446.12666845323  6.121256E-17
9448.71486186983  5.331734E-17
9451.30305528642  4.505492E-17
9453.89124870302  4.706054E-17
9456.47944211961  4.300986E-17
9459.06763553621  3.941854E-17
9461.65582895281  5.143103E-17
9464.2440223694  5.707983E-17
9466.832215786  5.204187E-17
9469.42040920259  5.025773E-17
9472.00860261919  4.744766E-17
9474.59679603578  4.999577E-17
9477.18498945238  4.762791E-17
9479.77318286897  4.213508E-17
9482.36137628557  4.738359E-17
9484.94956970216  5.477470E-17
9487.53776311876  5.560980E-17
9490.12595653536  5.289631E-17
9492.71414995195  4.669758E-17
9495.30234336855  4.438435E-17
9497.89053678514  4.635800E-17
9500.47873020174  5.358821E-17
9503.06692361833  6.216436E-17
9505.65511703493  6.574960E-17
9508.24331045152  6.709116E-17
9510.83150386812  6.279095E-17
9513.41969728471  5.152792E-17
9516.00789070131  4.249132E-17
9518.59608411791  3.805050E-17
9521.1842775345  3.643278E-17
9523.7724709511  4.025470E-17
9526.36066436769  4.896385E-17
9528.94885778429  4.863253E-17
9531.53705120088  4.852351E-17
9534.12524461748  5.525932E-17
9536.71343803407  5.996252E-17
9539.30163145067  5.751358E-17
9541.88982486727  5.304597E-17
9544.47801828386  5.381203E-17
9547.06621170046  5.638958E-17
9549.65440511705  5.699338E-17
9552.24259853365  5.921732E-17
9554.83079195024  6.114655E-17
9557.41898536684  6.057695E-17
9560.00717878343  5.298037E-17
9562.59537220003  4.752104E-17
9565.18356561663  4.991215E-17
9567.77175903322  5.188526E-17
9570.35995244982  5.426499E-17
9572.94814586641  5.805815E-17
9575.53633928301  6.405814E-17
9578.1245326996  6.350056E-17
9580.7127261162  5.864807E-17
9583.30091953279  5.589277E-17
9585.88911294939  5.132804E-17
9588.47730636598  4.601136E-17
9591.06549978258  4.502174E-17
9593.65369319917  4.610621E-17
9596.24188661577  5.132434E-17
9598.83008003236  5.973828E-17
9601.41827344896  6.325224E-17
9604.00646686556  6.454500E-17
9606.59466028215  6.712235E-17
9609.18285369875  7.090441E-17
9611.77104711534  6.966467E-17
9614.35924053194  6.332729E-17
9616.94743394853  5.976278E-17
9619.53562736513  5.944373E-17
9622.12382078172  6.130769E-17
9624.71201419832  6.375048E-17
9627.30020761491  6.530263E-17
9629.88840103151  7.086040E-17
9632.47659444811  7.227062E-17
9635.0647878647  6.437824E-17
9637.6529812813  5.716922E-17
9640.24117469789  5.481890E-17
9642.82936811449  5.424307E-17
9645.41756153108  5.786920E-17
9648.00575494768  6.266241E-17
9650.59394836427  6.490930E-17
9653.18214178087  6.911340E-17
9655.77033519747  7.389110E-17
9658.35852861406  7.425146E-17
9660.94672203066  6.807673E-17
9663.53491544725  6.047396E-17
9666.12310886385  5.537992E-17
9668.71130228044  5.608453E-17
9671.29949569704  6.195251E-17
9673.88768911364  6.038866E-17
9676.47588253023  5.294833E-17
9679.06407594683  5.122022E-17
9681.65226936342  6.140170E-17
9684.24046278002  6.524529E-17
9686.82865619661  6.406818E-17
9689.41684961321  6.703532E-17
9692.0050430298  6.609641E-17
9694.5932364464  6.474038E-17
9697.18142986299  6.136762E-17
9699.76962327959  5.535073E-17
9702.35781669619  5.804109E-17
9704.94601011278  6.932246E-17
9707.53420352938  7.082317E-17
9710.12239694597  6.373492E-17
9712.71059036257  5.687697E-17
9715.29878377916  5.259556E-17
9717.88697719576  4.653031E-17
9720.47517061235  4.186019E-17
9723.06336402895  5.326491E-17
9725.65155744555  6.463056E-17
9728.23975086214  7.008191E-17
9730.82794427874  6.862634E-17
9733.41613769533  6.873812E-17
9736.00433111193  6.581650E-17
9738.59252452852  5.992067E-17
9741.18071794512  6.215049E-17
9743.76891136171  6.396984E-17
9746.35710477831  6.053634E-17
9748.9452981949  5.706607E-17
9751.5334916115  6.069179E-17
9754.12168502809  6.202961E-17
9756.70987844469  6.343477E-17
9759.29807186128  6.589380E-17
9761.88626527788  6.561179E-17
9764.47445869448  6.530775E-17
9767.06265211107  6.530292E-17
9769.65084552767  6.758283E-17
9772.23903894426  6.744699E-17
9774.82723236086  6.297714E-17
9777.41542577745  6.030220E-17
9780.00361919405  5.865662E-17
9782.59181261064  5.264045E-17
9785.18000602724  3.465609E-17
9787.76819944384  3.784399E-17
9790.35639286043  6.985852E-17
9792.94458627703  7.813563E-17
9795.53277969362  6.949056E-17
9798.12097311022  5.807669E-17
9800.70916652681  5.421223E-17
9803.29735994341  6.113239E-17
9805.88555336  7.065953E-17
9808.4737467766  7.320373E-17
9811.0619401932  7.574005E-17
9813.65013360979  7.560518E-17
9816.23832702639  6.947443E-17
9818.82652044298  7.056958E-17
9821.41471385958  6.765604E-17
9824.00290727617  6.034857E-17
9826.59110069277  5.377658E-17
9829.17929410936  5.369059E-17
9831.76748752596  6.145954E-17
9834.35568094255  7.076101E-17
9836.94387435915  7.750936E-17
9839.53206777574  7.518990E-17
9842.12026119234  6.855533E-17
9844.70845460894  6.686031E-17
9847.29664802553  6.210677E-17
9849.88484144213  6.248976E-17
9852.47303485872  6.636295E-17
9855.06122827532  7.496375E-17
9857.64942169191  8.269798E-17
9860.23761510851  7.849374E-17
9862.8258085251  7.156593E-17
9865.4140019417  7.028973E-17
9868.0021953583  6.414107E-17
9870.59038877489  4.385414E-17
9873.17858219149  4.845430E-17
9875.76677560808  7.886386E-17
9878.35496902468  8.890550E-17
9880.94316244127  8.092369E-17
9883.53135585787  7.788273E-17
9886.11954927446  6.917027E-17
9888.70774269106  6.862838E-17
9891.29593610765  7.497167E-17
9893.88412952425  6.525229E-17
9896.47232294085  5.925934E-17
9899.06051635744  6.629100E-17
9901.64870977404  7.406858E-17
9904.23690319063  7.416065E-17
9906.82509660723  5.293831E-17
9909.41329002382  3.105474E-17
9912.00148344042  3.989427E-17
9914.58967685701  3.683693E-17
9917.17787027361  2.440360E-17
9919.7660636902  5.067100E-17
9922.3542571068  7.522711E-17
9924.94245052339  7.005775E-17
9927.53064393999  6.815128E-17
9930.11883735658  6.808634E-17
9932.70703077318  6.049468E-17
9935.29522418978  6.189486E-17
9937.88341760637  7.104334E-17
9940.47161102297  7.535107E-17
9943.05980443956  7.634140E-17
9945.64799785616  8.511213E-17
9948.23619127275  8.885020E-17
9950.82438468935  7.704395E-17
9953.41257810594  5.550006E-17
9956.00077152254  3.919739E-17
9958.58896493914  3.377661E-17
9961.17715835573  3.410504E-17
9963.76535177233  5.513574E-17
9966.35354518892  7.304219E-17
9968.94173860552  7.187570E-17
9971.52993202211  6.759688E-17
9974.11812543871  6.165342E-17
9976.7063188553  5.777665E-17
9979.2945122719  6.245919E-17
9981.8827056885  6.401450E-17
9984.47089910509  6.433088E-17
9987.05909252169  6.253522E-17
9989.64728593828  6.379877E-17
9992.23547935488  6.139210E-17
9994.82367277147  5.451907E-17
9997.41186618807  5.647371E-17
