3631.75  6.367210E-17
3633.82115520198  7.190823E-17
3635.89231040396  6.121092E-17
3637.96346560595  5.750759E-17
3640.03462080793  1.086080E-16
3642.10577600991  8.840945E-17
3644.17693121189  3.187863E-17
3646.24808641387  6.222712E-17
3648.31924161585  6.588897E-17
3650.39039681784  1.130138E-16
3652.46155201982  6.904121E-17
3654.5327072218  6.388570E-17
3656.60386242378  7.559801E-17
3658.67501762576  7.230641E-17
3660.74617282774  7.027680E-17
3662.81732802973  7.332901E-17
3664.88848323171  6.471059E-17
3666.95963843369  3.638939E-17
3669.03079363567  3.813273E-17
3671.10194883765  6.193833E-17
3673.17310403964  2.326204E-17
3675.24425924162  2.600684E-17
3677.3154144436  1.180290E-16
3679.38656964558  6.797625E-17
3681.45772484756  2.385797E-17
3683.52888004954  7.695072E-17
3685.60003525153  1.178047E-16
3687.67119045351  9.684836E-17
3689.74234565549  2.732018E-17
3691.81350085747  6.951836E-17
3693.88465605945  6.414365E-17
3695.95581126143  5.983651E-17
3698.02696646342  7.684360E-17
3700.0981216654  5.707381E-17
3702.16927686738  7.703386E-17
3704.24043206936  7.668789E-17
3706.31158727134  9.501145E-17
3708.38274247332  5.544445E-17
3710.45389767531  7.038381E-17
3712.52505287729  6.085969E-17
3714.59620807927  9.177419E-17
3716.66736328125  9.010300E-17
3718.73851848323  7.738507E-17
3720.80967368521  8.583412E-17
3722.8808288872  6.649191E-17
3724.95198408918  8.542547E-17
3727.02313929116  7.470247E-17
3729.09429449314  6.956698E-17
3731.16544969512  8.134661E-17
3733.2366048971  7.190186E-17
3735.30776009909  6.496373E-17
3737.37891530107  9.330000E-17
3739.45007050305  6.716236E-17
3741.52122570503  6.186837E-17
3743.59238090701  9.303253E-17
3745.66353610899  9.738231E-17
3747.73469131098  9.186795E-17
3749.80584651296  5.465074E-17
3751.87700171494  6.248696E-17
3753.94815691692  8.288439E-17
3756.0193121189  6.475229E-17
3758.09046732088  6.991219E-17
3760.16162252287  6.893310E-17
3762.23277772485  5.969712E-17
3764.30393292683  6.121438E-17
3766.37508812881  8.906341E-17
3768.44624333079  9.441072E-17
3770.51739853278  6.985785E-17
3772.58855373476  6.119018E-17
3774.65970893674  4.903193E-17
3776.73086413872  3.508341E-17
3778.8020193407  4.028404E-17
3780.87317454268  8.749104E-17
3782.94432974467  7.159936E-17
3785.01548494665  4.986547E-17
3787.08664014863  6.973867E-17
3789.15779535061  6.788215E-17
3791.22895055259  7.911423E-17
3793.30010575457  7.380112E-17
3795.37126095656  5.695132E-17
3797.44241615854  8.398701E-17
3799.51357136052  8.397919E-17
3801.5847265625  6.656120E-17
3803.65588176448  5.269540E-17
3805.72703696646  6.313616E-17
3807.79819216845  8.168845E-17
3809.86934737043  8.572042E-17
3811.94050257241  5.400781E-17
3814.01165777439  3.940858E-17
3816.08281297637  2.547709E-17
3818.15396817835  1.513115E-17
3820.22512338034  4.918239E-17
3822.29627858232  7.556836E-17
3824.3674337843  7.133835E-17
3826.43858898628  6.918979E-17
3828.50974418826  7.521562E-17
3830.58089939024  7.464251E-17
3832.65205459223  7.122218E-17
3834.72320979421  8.672216E-17
3836.79436499619  6.780255E-17
3838.86552019817  5.702968E-17
3840.93667540015  6.836292E-17
3843.00783060213  8.418054E-17
3845.07898580412  7.512243E-17
3847.1501410061  6.457655E-17
3849.22129620808  6.157382E-17
3851.29245141006  5.378975E-17
3853.36360661204  4.241622E-17
3855.43476181403  5.440497E-17
3857.50591701601  6.310334E-17
3859.57707221799  7.250174E-17
3861.64822741997  7.211809E-17
3863.71938262195  8.620459E-17
3865.79053782393  7.675394E-17
3867.86169302591  6.212288E-17
3869.9328482279  5.198623E-17
3872.00400342988  5.840927E-17
3874.07515863186  6.212785E-17
3876.14631383384  6.744526E-17
3878.21746903582  5.542967E-17
3880.28862423781  6.581600E-17
3882.35977943979  8.285379E-17
3884.43093464177  8.821865E-17
3886.50208984375  7.326790E-17
3888.57324504573  7.031783E-17
3890.64440024771  7.049861E-17
3892.7155554497  7.099927E-17
3894.78671065168  6.157594E-17
3896.85786585366  6.922209E-17
3898.92902105564  7.071731E-17
3901.00017625762  5.788539E-17
3903.0713314596  5.575854E-17
3905.14248666159  4.765937E-17
3907.21364186357  5.647409E-17
3909.28479706555  8.022055E-17
3911.35595226753  7.001809E-17
3913.42710746951  6.995768E-17
3915.49826267149  7.825926E-17
3917.56941787348  7.483863E-17
3919.64057307546  7.038178E-17
3921.71172827744  7.346890E-17
3923.78288347942  8.608187E-17
3925.8540386814  8.156579E-17
3927.92519388338  7.188767E-17
3929.99634908537  5.808570E-17
3932.06750428735  3.648467E-17
3934.13865948933  3.815326E-17
3936.20981469131  5.236159E-17
3938.28096989329  6.260018E-17
3940.35212509527  6.136804E-17
3942.42328029726  6.143916E-17
3944.49443549924  4.337025E-17
3946.56559070122  4.800356E-17
3948.6367459032  4.399363E-17
3950.70790110518  1.692940E-17
3952.77905630716  2.196479E-17
3954.85021150915  5.831253E-17
3956.92136671113  7.213489E-17
3958.99252191311  7.743435E-17
3961.06367711509  8.713177E-17
3963.13483231707  7.472308E-17
3965.20598751905  7.821367E-17
3967.27714272104  6.293539E-17
3969.34829792302  6.521830E-17
3971.419453125  6.769784E-17
3973.49060832698  6.627265E-17
3975.56176352896  5.934736E-17
3977.63291873095  5.259536E-17
3979.70407393293  5.221660E-17
3981.77522913491  4.924977E-17
3983.84638433689  3.068604E-17
3985.91753953887  2.559582E-17
3987.98869474085  2.971143E-17
3990.05984994284  5.893792E-17
3992.13100514482  8.276859E-17
3994.2021603468  8.524330E-17
3996.27331554878  8.369950E-17
3998.34447075076  7.262698E-17
4000.41562595274  8.470030E-17
4002.48678115473  8.618835E-17
4004.55793635671  8.129396E-17
4006.62909155869  8.177236E-17
4008.70024676067  7.632998E-17
4010.77140196265  8.981342E-17
4012.84255716463  8.757951E-17
4014.91371236662  8.304969E-17
4016.9848675686  6.670609E-17
4019.05602277058  6.749282E-17
4021.12717797256  6.529938E-17
4023.19833317454  5.735780E-17
4025.26948837653  8.990250E-17
4027.34064357851  8.892060E-17
4029.41179878049  7.596172E-17
4031.48295398247  7.287315E-17
4033.55410918445  8.122646E-17
4035.62526438643  8.822982E-17
4037.69641958842  8.220277E-17
4039.7675747904  9.459080E-17
4041.83872999238  7.751013E-17
4043.90988519436  7.132491E-17
4045.98104039634  8.500882E-17
4048.05219559832  8.450034E-17
4050.12335080031  9.132746E-17
4052.19450600229  9.295060E-17
4054.26566120427  9.497789E-17
4056.33681640625  9.863445E-17
4058.40797160823  1.048381E-16
4060.47912681021  9.317264E-17
4062.5502820122  8.473733E-17
4064.62143721418  8.757711E-17
4066.69259241616  8.520913E-17
4068.76374761814  9.016302E-17
4070.83490282012  9.789484E-17
4072.9060580221  1.135936E-16
4074.97721322409  9.156028E-17
4077.04836842607  8.751975E-17
4079.11952362805  1.055703E-16
4081.19067883003  1.055787E-16
4083.26183403201  1.023344E-16
4085.33298923399  9.645007E-17
4087.40414443598  9.340610E-17
4089.47529963796  8.576277E-17
4091.54645483994  8.835822E-17
4093.61761004192  7.551040E-17
4095.6887652439  6.541968E-17
4097.75992044588  6.662640E-17
4099.83107564787  6.408447E-17
4101.90223084985  7.506227E-17
4103.97338605183  8.095260E-17
4106.04454125381  8.141352E-17
4108.11569645579  6.935336E-17
4110.18685165777  8.028280E-17
4112.25800685976  7.482664E-17
4114.32916206174  6.555898E-17
4116.40031726372  5.275696E-17
4118.4714724657  4.847943E-17
4120.54262766768  5.019539E-17
4122.61378286966  7.116918E-17
4124.68493807165  8.740805E-17
4126.75609327363  9.444552E-17
4128.82724847561  8.826803E-17
4130.89840367759  7.703127E-17
4132.96955887957  8.205564E-17
4135.04071408156  7.512628E-17
4137.11186928354  8.993398E-17
4139.18302448552  9.152853E-17
4141.2541796875  8.132340E-17
4143.32533488948  7.418295E-17
4145.39649009146  7.038724E-17
4147.46764529344  7.288849E-17
4149.53880049543  7.084164E-17
4151.60995569741  8.218668E-17
4153.68111089939  8.462485E-17
4155.75226610137  8.237688E-17
4157.82342130335  7.640301E-17
4159.89457650533  7.332979E-17
4161.96573170732  7.419642E-17
4164.0368869093  8.451061E-17
4166.10804211128  8.923681E-17
4168.17919731326  7.716565E-17
4170.25035251524  7.212840E-17
4172.32150771723  7.299838E-17
4174.39266291921  7.539632E-17
4176.46381812119  8.004962E-17
4178.53497332317  7.221340E-17
4180.60612852515  7.467805E-17
4182.67728372713  8.317681E-17
4184.74843892911  8.458340E-17
4186.8195941311  8.398970E-17
4188.89074933308  7.227029E-17
4190.96190453506  7.549382E-17
4193.03305973704  6.506143E-17
4195.10421493902  5.618019E-17
4197.17537014101  5.936906E-17
4199.24652534299  7.310560E-17
4201.31768054497  6.650067E-17
4203.38883574695  6.393790E-17
4205.45999094893  7.807411E-17
4207.53114615091  7.415171E-17
4209.6023013529  7.838144E-17
4211.67345655488  8.528200E-17
4213.74461175686  9.395214E-17
4215.81576695884  8.642806E-17
4217.88692216082  8.250407E-17
4219.95807736281  8.333666E-17
4222.02923256479  8.074146E-17
4224.10038776677  7.980163E-17
4226.17154296875  8.287445E-17
4228.24269817073  8.929524E-17
4230.31385337271  9.120856E-17
4232.38500857469  8.451223E-17
4234.45616377668  7.643623E-17
4236.52731897866  7.667328E-17
4238.59847418064  7.596242E-17
4240.66962938262  7.597064E-17
4242.7407845846  8.169980E-17
4244.81193978658  7.988245E-17
4246.88309498857  8.242085E-17
4248.95425019055  7.352977E-17
4251.02540539253  7.860540E-17
4253.09656059451  7.176303E-17
4255.16771579649  7.087012E-17
4257.23887099848  7.002151E-17
4259.31002620046  8.165163E-17
4261.38118140244  7.156947E-17
4263.45233660442  7.077304E-17
4265.5234918064  7.997299E-17
4267.59464700838  8.387326E-17
4269.66580221037  7.303966E-17
4271.73695741235  7.460024E-17
4273.80811261433  7.945612E-17
4275.87926781631  8.488672E-17
4277.95042301829  8.943294E-17
4280.02157822027  8.295305E-17
4282.09273342226  8.083613E-17
4284.16388862424  8.209963E-17
4286.23504382622  8.205261E-17
4288.3061990282  8.325186E-17
4290.37735423018  8.478059E-17
4292.44850943216  7.644605E-17
4294.51966463415  8.063287E-17
4296.59081983613  8.611617E-17
4298.66197503811  8.077933E-17
4300.73313024009  8.920428E-17
4302.80428544207  8.151428E-17
4304.87544064406  7.405271E-17
4306.94659584604  7.463473E-17
4309.01775104802  6.846304E-17
4311.08890625  6.462524E-17
4313.16006145198  6.149048E-17
4315.23121665396  6.903356E-17
4317.30237185594  6.385968E-17
4319.37352705793  5.697395E-17
4321.44468225991  5.038295E-17
4323.51583746189  5.254139E-17
4325.58699266387  5.944404E-17
4327.65814786585  6.502739E-17
4329.72930306783  7.655418E-17
4331.80045826982  6.669453E-17
4333.8716134718  6.163846E-17
4335.94276867378  6.658350E-17
4338.01392387576  6.788084E-17
4340.08507907774  6.282827E-17
4342.15623427973  6.344447E-17
4344.22738948171  6.320399E-17
4346.29854468369  6.349684E-17
4348.36969988567  6.607893E-17
4350.44085508765  6.381237E-17
4352.51201028963  6.512517E-17
4354.58316549162  5.884074E-17
4356.6543206936  3.964032E-17
4358.72547589558  3.585008E-17
4360.79663109756  4.898352E-17
4362.86778629954  7.577575E-17
4364.93894150152  9.721520E-17
4367.01009670351  9.508738E-17
4369.08125190549  8.657917E-17
4371.15240710747  8.142519E-17
4373.22356230945  7.766763E-17
4375.29471751143  8.425239E-17
4377.36587271341  8.867808E-17
4379.4370279154  9.050024E-17
4381.50818311738  7.025465E-17
4383.57933831936  6.444714E-17
4385.65049352134  8.609633E-17
4387.72164872332  8.220988E-17
4389.79280392531  8.089564E-17
4391.86395912729  7.815017E-17
4393.93511432927  7.381933E-17
4396.00626953125  7.337502E-17
4398.07742473323  6.926767E-17
4400.14857993521  7.481807E-17
4402.21973513719  7.970014E-17
4404.29089033918  7.741200E-17
4406.36204554116  7.344063E-17
4408.43320074314  7.225326E-17
4410.50435594512  7.417665E-17
4412.5755111471  6.811464E-17
4414.64666634908  6.232730E-17
4416.71782155107  6.648999E-17
4418.78897675305  6.701152E-17
4420.86013195503  6.531282E-17
4422.93128715701  7.431432E-17
4425.00244235899  7.840326E-17
4427.07359756098  8.079685E-17
4429.14475276296  8.056872E-17
4431.21590796494  8.016606E-17
4433.28706316692  7.177729E-17
4435.3582183689  6.189249E-17
4437.42937357088  6.357017E-17
4439.50052877287  7.526584E-17
4441.57168397485  7.598099E-17
4443.64283917683  8.082422E-17
4445.71399437881  8.782305E-17
4447.78514958079  8.743709E-17
4449.85630478277  7.664227E-17
4451.92745998476  8.226070E-17
4453.99861518674  8.372642E-17
4456.06977038872  8.701708E-17
4458.1409255907  8.722403E-17
4460.21208079268  8.710831E-17
4462.28323599466  7.473388E-17
4464.35439119665  6.827605E-17
4466.42554639863  7.281667E-17
4468.49670160061  7.799606E-17
4470.56785680259  8.520582E-17
4472.63901200457  8.361989E-17
4474.71016720655  9.236528E-17
4476.78132240854  8.235390E-17
4478.85247761052  7.645274E-17
4480.9236328125  8.272911E-17
4482.99478801448  8.288410E-17
4485.06594321646  7.591017E-17
4487.13709841844  6.533148E-17
4489.20825362043  7.071224E-17
4491.27940882241  7.218303E-17
4493.35056402439  7.121790E-17
4495.42171922637  8.660692E-17
4497.49287442835  8.814361E-17
4499.56402963033  8.387923E-17
4501.63518483232  8.520836E-17
4503.7063400343  8.455108E-17
4505.77749523628  8.295681E-17
4507.84865043826  7.191907E-17
4509.91980564024  7.466171E-17
4511.99096084222  7.678266E-17
4514.06211604421  8.045812E-17
4516.13327124619  8.531226E-17
4518.20442644817  8.550442E-17
4520.27558165015  8.088369E-17
4522.34673685213  7.743125E-17
4524.41789205412  7.715274E-17
4526.4890472561  8.324308E-17
4528.56020245808  8.290279E-17
4530.63135766006  9.114054E-17
4532.70251286204  8.981248E-17
4534.77366806402  8.738534E-17
4536.844823266  7.647542E-17
4538.91597846799  7.919558E-17
4540.98713366997  7.626873E-17
4543.05828887195  7.460523E-17
4545.12944407393  7.554436E-17
4547.20059927591  7.774847E-17
4549.2717544779  7.561569E-17
4551.34290967988  7.181879E-17
4553.41406488186  6.632567E-17
4555.48522008384  6.878147E-17
4557.55637528582  7.358361E-17
4559.6275304878  8.044989E-17
4561.69868568979  7.785898E-17
4563.76984089177  7.787956E-17
4565.84099609375  8.282361E-17
4567.91215129573  7.790392E-17
4569.98330649771  6.639039E-17
4572.05446169969  6.640266E-17
4574.12561690168  7.248833E-17
4576.19677210366  7.866202E-17
4578.26792730564  7.532563E-17
4580.33908250762  6.660117E-17
4582.4102377096  5.599456E-17
4584.48139291158  5.546015E-17
4586.55254811357  7.199325E-17
4588.62370331555  7.564885E-17
4590.69485851753  7.582980E-17
4592.76601371951  7.274484E-17
4594.83716892149  7.330885E-17
4596.90832412348  7.622512E-17
4598.97947932546  8.218387E-17
4601.05063452744  8.184771E-17
4603.12178972942  6.866493E-17
4605.1929449314  6.363515E-17
4607.26410013338  7.265117E-17
4609.33525533537  7.712076E-17
4611.40641053735  7.167519E-17
4613.47756573933  7.427947E-17
4615.54872094131  8.015320E-17
4617.61987614329  9.075738E-17
4619.69103134527  9.493483E-17
4621.76218654725  9.091702E-17
4623.83334174924  8.472945E-17
4625.90449695122  8.403417E-17
4627.9756521532  9.552805E-17
4630.04680735518  8.959835E-17
4632.11796255716  8.471689E-17
4634.18911775915  8.546233E-17
4636.26027296113  8.620095E-17
4638.33142816311  8.750000E-17
4640.40258336509  8.336783E-17
4642.47373856707  8.302583E-17
4644.54489376905  8.061748E-17
4646.61604897104  8.730619E-17
4648.68720417302  8.628245E-17
4650.758359375  8.067686E-17
4652.82951457698  8.305645E-17
4654.90066977896  8.469070E-17
4656.97182498094  8.559864E-17
4659.04298018293  8.578467E-17
4661.11413538491  8.813839E-17
4663.18529058689  8.910191E-17
4665.25644578887  8.599586E-17
4667.32760099085  8.610396E-17
4669.39875619283  8.487986E-17
4671.46991139482  9.160504E-17
4673.5410665968  9.008215E-17
4675.61222179878  8.500118E-17
4677.68337700076  8.797282E-17
4679.75453220274  9.175703E-17
4681.82568740472  8.612460E-17
4683.89684260671  8.162216E-17
4685.96799780869  8.666255E-17
4688.03915301067  8.830798E-17
4690.11030821265  8.321356E-17
4692.18146341463  8.701467E-17
4694.25261861661  9.100725E-17
4696.3237738186  9.096037E-17
4698.39492902058  9.438165E-17
4700.46608422256  8.878275E-17
4702.53723942454  9.065270E-17
4704.60839462652  8.625581E-17
4706.6795498285  8.544069E-17
4708.75070503049  9.250358E-17
4710.82186023247  9.095376E-17
4712.89301543445  9.192522E-17
4714.96417063643  8.557324E-17
4717.03532583841  8.957189E-17
4719.10648104039  8.940078E-17
4721.17763624238  8.579762E-17
4723.24879144436  8.870625E-17
4725.31994664634  8.890959E-17
4727.39110184832  8.671096E-17
4729.4622570503  8.684739E-17
4731.53341225229  9.142265E-17
4733.60456745427  8.887094E-17
4735.67572265625  8.976381E-17
4737.74687785823  8.905246E-17
4739.81803306021  8.755936E-17
4741.88918826219  8.681819E-17
4743.96034346418  8.989967E-17
4746.03149866616  9.355081E-17
4748.10265386814  9.283547E-17
4750.17380907012  9.084855E-17
4752.2449642721  8.532731E-17
4754.31611947409  8.318555E-17
4756.38727467607  8.716736E-17
4758.45842987805  8.965658E-17
4760.52958508003  9.210865E-17
4762.60074028201  9.055101E-17
4764.67189548399  9.002956E-17
4766.74305068597  9.193242E-17
4768.81420588796  9.216615E-17
4770.88536108994  9.280435E-17
4772.95651629192  9.578957E-17
4775.0276714939  9.796848E-17
4777.09882669588  9.178032E-17
4779.16998189787  8.832797E-17
4781.24113709985  8.581053E-17
4783.31229230183  8.194840E-17
4785.38344750381  8.565097E-17
4787.45460270579  8.976086E-17
4789.52575790777  8.898649E-17
4791.59691310976  8.807063E-17
4793.66806831174  9.294356E-17
4795.73922351372  9.211911E-17
4797.8103787157  9.239646E-17
4799.88153391768  9.167222E-17
4801.95268911966  9.097797E-17
4804.02384432164  9.305463E-17
4806.09499952363  8.918309E-17
4808.16615472561  8.889693E-17
4810.23730992759  9.242342E-17
4812.30846512957  9.000808E-17
4814.37962033155  8.893945E-17
4816.45077553354  9.336444E-17
4818.52193073552  9.304112E-17
4820.5930859375  9.365300E-17
4822.66424113948  9.323490E-17
4824.73539634146  8.358781E-17
4826.80655154344  7.958739E-17
4828.87770674543  8.411835E-17
4830.94886194741  8.482738E-17
4833.02001714939  9.052019E-17
4835.09117235137  9.084209E-17
4837.16232755335  9.280249E-17
4839.23348275533  9.748340E-17
4841.30463795732  9.567455E-17
4843.3757931593  9.052670E-17
4845.44694836128  8.668331E-17
4847.51810356326  8.981327E-17
4849.58925876524  8.944841E-17
4851.66041396722  8.667944E-17
4853.73156916921  9.183432E-17
4855.80272437119  9.520333E-17
4857.87387957317  8.296516E-17
4859.94503477515  7.554007E-17
4862.01618997713  6.865990E-17
4864.08734517911  6.235667E-17
4866.1585003811  5.872355E-17
4868.22965558308  6.261742E-17
4870.30081078506  5.950931E-17
4872.37196598704  5.575772E-17
4874.44312118902  5.626720E-17
4876.514276391  5.120670E-17
4878.58543159299  4.199919E-17
4880.65658679497  3.294569E-17
4882.72774199695  4.033531E-17
4884.79889719893  7.558540E-17
4886.87005240091  1.121842E-16
4888.9412076029  1.284838E-16
4891.01236280488  1.233007E-16
4893.08351800686  1.036236E-16
4895.15467320884  9.125093E-17
4897.22582841082  9.183541E-17
4899.2969836128  8.908249E-17
4901.36813881479  8.793864E-17
4903.43929401677  8.835313E-17
4905.51044921875  9.032793E-17
4907.58160442073  8.581682E-17
4909.65275962271  8.667269E-17
4911.72391482469  9.508728E-17
4913.79507002667  9.419852E-17
4915.86622522866  9.229512E-17
4917.93738043064  8.839218E-17
4920.00853563262  8.303631E-17
4922.0796908346  8.465970E-17
4924.15084603658  8.331940E-17
4926.22200123857  8.744850E-17
4928.29315644055  8.858820E-17
4930.36431164253  8.613882E-17
4932.43546684451  8.768214E-17
4934.50662204649  8.968530E-17
4936.57777724848  8.952058E-17
4938.64893245046  8.671043E-17
4940.72008765244  7.977186E-17
4942.79124285442  7.321272E-17
4944.8623980564  6.904014E-17
4946.93355325838  7.040259E-17
4949.00470846036  7.748768E-17
4951.07586366235  9.006971E-17
4953.14701886433  9.699964E-17
4955.21817406631  9.480527E-17
4957.28932926829  8.924466E-17
4959.36048447027  8.555620E-17
4961.43163967225  8.989254E-17
4963.50279487424  9.454974E-17
4965.57395007622  9.456643E-17
4967.6451052782  9.301786E-17
4969.71626048018  9.151644E-17
4971.78741568216  9.735563E-17
4973.85857088415  9.787476E-17
4975.92972608613  8.955836E-17
4978.00088128811  9.087636E-17
4980.07203649009  9.001313E-17
4982.14319169207  9.056667E-17
4984.21434689405  9.046462E-17
4986.28550209604  9.101992E-17
4988.35665729802  9.558839E-17
4990.4278125  9.325679E-17
4992.49896770198  8.894721E-17
4994.57012290396  9.322651E-17
4996.64127810594  9.348720E-17
4998.71243330792  9.364137E-17
5000.78358850991  8.857924E-17
5002.85474371189  8.271376E-17
5004.92589891387  8.594857E-17
5006.99705411585  8.577547E-17
5009.06820931783  8.260057E-17
5011.13936451982  8.513737E-17
5013.2105197218  8.676211E-17
5015.28167492378  8.393707E-17
5017.35283012576  8.510739E-17
5019.42398532774  8.631421E-17
5021.49514052972  8.280046E-17
5023.56629573171  8.036445E-17
5025.63745093369  8.015082E-17
5027.70860613567  8.269123E-17
5029.77976133765  8.516214E-17
5031.85091653963  8.488743E-17
5033.92207174162  8.115351E-17
5035.9932269436  7.529433E-17
5038.06438214558  6.437070E-17
5040.13553734756  6.009555E-17
5042.20669254954  6.611240E-17
5044.27784775152  7.802416E-17
5046.3490029535  8.911368E-17
5048.42015815549  9.241531E-17
5050.49131335747  8.921397E-17
5052.56246855945  8.758230E-17
5054.63362376143  8.550383E-17
5056.70477896341  8.478270E-17
5058.77593416539  8.370933E-17
5060.84708936738  8.800549E-17
5062.91824456936  8.880150E-17
5064.98939977134  9.244844E-17
5067.06055497332  8.810354E-17
5069.1317101753  8.733972E-17
5071.20286537729  8.629642E-17
5073.27402057927  8.850890E-17
5075.34517578125  8.809694E-17
5077.41633098323  8.892663E-17
5079.48748618521  9.194711E-17
5081.55864138719  8.982223E-17
5083.62979658918  8.866331E-17
5085.70095179116  8.873124E-17
5087.77210699314  9.046676E-17
5089.84326219512  9.058175E-17
5091.9144173971  8.903061E-17
5093.98557259908  8.633434E-17
5096.05672780106  8.701722E-17
5098.12788300305  8.645244E-17
5100.19903820503  8.698090E-17
5102.27019340701  8.534369E-17
5104.34134860899  8.414693E-17
5106.41250381097  8.463795E-17
5108.48365901296  8.680508E-17
5110.55481421494  8.675341E-17
5112.62596941692  8.864852E-17
5114.6971246189  9.153349E-17
5116.76827982088  8.842630E-17
5118.83943502286  8.620853E-17
5120.91059022485  8.901717E-17
5122.98174542683  8.900891E-17
5125.05290062881  8.627145E-17
5127.12405583079  8.623047E-17
5129.19521103277  8.625765E-17
5131.26636623475  8.750107E-17
5133.33752143674  8.771392E-17
5135.40867663872  8.864453E-17
5137.4798318407  8.797794E-17
5139.55098704268  8.721784E-17
5141.62214224466  8.816886E-17
5143.69329744664  8.810306E-17
5145.76445264863  8.568311E-17
5147.83560785061  8.348758E-17
5149.90676305259  8.173281E-17
5151.97791825457  7.989620E-17
5154.04907345655  7.973831E-17
5156.12022865853  7.862912E-17
5158.19138386052  8.055576E-17
5160.2625390625  8.303310E-17
5162.33369426448  8.487741E-17
5164.40484946646  8.801261E-17
5166.47600466844  8.820693E-17
5168.54715987043  8.722839E-17
5170.61831507241  8.427238E-17
5172.68947027439  8.037435E-17
5174.76062547637  7.880687E-17
5176.83178067835  7.934710E-17
5178.90293588033  8.178260E-17
5180.97409108231  8.547588E-17
5183.0452462843  8.640076E-17
5185.11640148628  8.132501E-17
5187.18755668826  7.615890E-17
5189.25871189024  6.987966E-17
5191.32986709222  5.919369E-17
5193.40102229421  6.035911E-17
5195.47217749619  7.130074E-17
5197.54333269817  8.421853E-17
5199.61448790015  9.274180E-17
5201.68564310213  9.050757E-17
5203.75679830411  8.521050E-17
5205.8279535061  7.880892E-17
5207.89910870808  7.474825E-17
5209.97026391006  7.407049E-17
5212.04141911204  7.277040E-17
5214.11257431402  7.211660E-17
5216.183729516  7.472939E-17
5218.25488471799  7.726186E-17
5220.32603991997  7.799972E-17
5222.39719512195  7.791100E-17
5224.46835032393  7.611637E-17
5226.53950552591  7.655584E-17
5228.61066072789  7.844474E-17
5230.68181592988  7.866547E-17
5232.75297113186  7.791096E-17
5234.82412633384  7.815044E-17
5236.89528153582  8.289089E-17
5238.9664367378  8.645937E-17
5241.03759193979  8.808047E-17
5243.10874714177  8.956074E-17
5245.17990234375  8.884516E-17
5247.25105754573  8.148868E-17
5249.32221274771  7.778920E-17
5251.39336794969  8.007316E-17
5253.46452315167  7.721380E-17
5255.53567835366  7.597723E-17
5257.60683355564  7.719973E-17
5259.67798875762  7.464933E-17
5261.7491439596  7.835859E-17
5263.82029916158  8.312629E-17
5265.89145436357  8.657139E-17
5267.96260956555  8.546672E-17
5270.03376476753  8.568624E-17
5272.10491996951  8.620643E-17
5274.17607517149  8.461139E-17
5276.24723037347  8.357819E-17
5278.31838557546  8.160643E-17
5280.38954077744  8.309674E-17
5282.46069597942  8.272421E-17
5284.5318511814  8.126488E-17
5286.60300638338  8.000596E-17
5288.67416158536  7.833909E-17
5290.74531678735  7.599335E-17
5292.81647198933  7.573833E-17
5294.88762719131  7.544452E-17
5296.95878239329  7.305930E-17
5299.02993759527  7.418096E-17
5301.10109279726  7.592762E-17
5303.17224799924  7.834707E-17
5305.24340320122  8.308391E-17
5307.3145584032  8.706260E-17
5309.38571360518  8.473214E-17
5311.45686880716  8.443048E-17
5313.52802400914  8.739118E-17
5315.59917921113  8.566676E-17
5317.67033441311  8.428219E-17
5319.74148961509  8.752144E-17
5321.81264481707  8.994550E-17
5323.88380001905  8.461358E-17
5325.95495522103  8.455393E-17
5328.02611042302  8.433937E-17
5330.097265625  8.406102E-17
5332.16842082698  8.494916E-17
5334.23957602896  8.090101E-17
5336.31073123094  7.656063E-17
5338.38188643292  7.635922E-17
5340.45304163491  7.550429E-17
5342.52419683689  7.235964E-17
5344.59535203887  7.478597E-17
5346.66650724085  7.954308E-17
5348.73766244283  8.244817E-17
5350.80881764482  8.404700E-17
5352.8799728468  8.128807E-17
5354.95112804878  8.346719E-17
5357.02228325076  8.139831E-17
5359.09343845274  8.109813E-17
5361.16459365472  7.783352E-17
5363.23574885671  7.977600E-17
5365.30690405869  8.737050E-17
5367.37805926067  9.007072E-17
5369.44921446265  8.799592E-17
5371.52036966463  8.844122E-17
5373.59152486661  8.921142E-17
5375.6626800686  8.765334E-17
5377.73383527058  8.708804E-17
5379.80499047256  8.748032E-17
5381.87614567454  8.304827E-17
5383.94730087652  8.225055E-17
5386.01845607851  8.205417E-17
5388.08961128049  8.153346E-17
5390.16076648247  8.177339E-17
5392.23192168445  8.457067E-17
5394.30307688643  8.545739E-17
5396.37423208841  8.581387E-17
5398.44538729039  9.017163E-17
5400.51654249238  8.945001E-17
5402.58769769436  8.608685E-17
5404.65885289634  8.650812E-17
5406.73000809832  8.694877E-17
5408.8011633003  8.539343E-17
5410.87231850228  8.552525E-17
5412.94347370427  8.452983E-17
5415.01462890625  8.736016E-17
5417.08578410823  8.763548E-17
5419.15693931021  8.643118E-17
5421.22809451219  8.617529E-17
5423.29924971418  8.309963E-17
5425.37040491616  8.022132E-17
5427.44156011814  8.151320E-17
5429.51271532012  8.147034E-17
5431.5838705221  8.035314E-17
5433.65502572408  8.158029E-17
5435.72618092607  8.400637E-17
5437.79733612805  8.542695E-17
5439.86849133003  8.385724E-17
5441.93964653201  8.133455E-17
5444.01080173399  8.002534E-17
5446.08195693597  8.244058E-17
5448.15311213795  8.277801E-17
5450.22426733994  8.134081E-17
5452.29542254192  8.218451E-17
5454.3665777439  8.101866E-17
5456.43773294588  8.219533E-17
5458.50888814786  8.628447E-17
5460.58004334985  8.965757E-17
5462.65119855183  9.155952E-17
5464.72235375381  9.036177E-17
5466.79350895579  8.720321E-17
5468.86466415777  8.442829E-17
5470.93581935976  8.520617E-17
5473.00697456173  8.559135E-17
5475.07812976372  8.273301E-17
5477.1492849657  8.586125E-17
5479.22044016768  8.932268E-17
5481.29159536966  8.712561E-17
5483.36275057164  9.072742E-17
5485.43390577363  9.322408E-17
5487.50506097561  9.386304E-17
5489.57621617759  9.019098E-17
5491.64737137957  8.877701E-17
5493.71852658155  8.686971E-17
5495.78968178353  8.589844E-17
5497.86083698552  8.450889E-17
5499.9319921875  8.443909E-17
5502.00314738948  8.480477E-17
5504.07430259146  8.679554E-17
5506.14545779344  8.856211E-17
5508.21661299543  8.790422E-17
5510.28776819741  8.711913E-17
5512.35892339939  8.750349E-17
5514.43007860137  8.769703E-17
5516.50123380335  8.839556E-17
5518.57238900533  8.833462E-17
5520.64354420731  8.630038E-17
5522.7146994093  8.838429E-17
5524.78585461128  8.966310E-17
5526.85700981326  8.639717E-17
5528.92816501524  8.618462E-17
5530.99932021722  8.380862E-17
5533.07047541921  8.194960E-17
5535.14163062119  8.531906E-17
5537.21278582317  8.732913E-17
5539.28394102515  8.953193E-17
5541.35509622713  8.917499E-17
5543.42625142911  8.811924E-17
5545.4974066311  8.550160E-17
5547.56856183308  8.393887E-17
5549.63971703506  8.375198E-17
5551.71087223704  7.996540E-17
5553.78202743902  8.277019E-17
5555.853182641  8.354309E-17
5557.92433784299  8.353228E-17
5559.99549304497  8.442794E-17
5562.06664824695  8.608280E-17
5564.13780344893  8.917046E-17
5566.20895865091  8.837602E-17
5568.28011385289  8.615556E-17
5570.35126905488  6.397995E-17
5572.42242425686  6.120184E-17
5574.49357945884  8.901214E-17
5576.56473466082  9.536356E-17
5578.6358898628  1.107060E-16
5580.70704506478  1.091349E-16
5582.77820026677  7.824458E-17
5584.84935546875  8.778306E-17
5586.92051067073  9.194494E-17
5588.99166587271  8.730848E-17
5591.06282107469  8.526553E-17
5593.13397627667  8.558494E-17
5595.20513147865  8.794358E-17
5597.27628668064  8.903136E-17
5599.34744188262  8.953351E-17
5601.4185970846  8.714116E-17
5603.48975228658  8.438453E-17
5605.56090748856  8.568178E-17
5607.63206269055  8.562137E-17
5609.70321789253  8.084664E-17
5611.77437309451  8.175390E-17
5613.84552829649  8.206381E-17
5615.91668349847  7.966502E-17
5617.98783870045  8.036211E-17
5620.05899390244  8.531729E-17
5622.13014910442  8.937341E-17
5624.2013043064  8.748380E-17
5626.27245950838  8.774518E-17
5628.34361471036  9.000318E-17
5630.41476991234  9.057205E-17
5632.48592511433  8.980827E-17
5634.55708031631  8.704273E-17
5636.62823551829  8.460906E-17
5638.69939072027  8.383646E-17
5640.77054592225  8.543860E-17
5642.84170112424  8.730418E-17
5644.91285632622  8.631194E-17
5646.9840115282  8.669499E-17
5649.05516673018  8.773342E-17
5651.12632193216  8.645592E-17
5653.19747713414  8.480481E-17
5655.26863233613  8.786075E-17
5657.33978753811  8.996581E-17
5659.41094274009  8.633238E-17
5661.48209794207  8.503021E-17
5663.55325314405  8.580170E-17
5665.62440834603  8.481477E-17
5667.69556354802  8.583166E-17
5669.76671875  8.589692E-17
5671.83787395198  8.707994E-17
5673.90902915396  8.747915E-17
5675.98018435594  8.179092E-17
5678.05133955792  7.600761E-17
5680.12249475991  7.862952E-17
5682.19364996189  8.123397E-17
5684.26480516387  7.855571E-17
5686.33596036585  7.755003E-17
5688.40711556783  7.819118E-17
5690.47827076981  7.897503E-17
5692.5494259718  8.041451E-17
5694.62058117378  8.236710E-17
5696.69173637576  8.319258E-17
5698.76289157774  8.694373E-17
5700.83404677972  8.627677E-17
5702.90520198171  8.414615E-17
5704.97635718369  8.505391E-17
5707.04751238567  8.213180E-17
5709.11866758765  8.151017E-17
5711.18982278963  8.159098E-17
5713.26097799161  8.499664E-17
5715.33213319359  8.558487E-17
5717.40328839558  8.710166E-17
5719.47444359756  8.730038E-17
5721.54559879954  8.559873E-17
5723.61675400152  8.477521E-17
5725.6879092035  8.287604E-17
5727.75906440548  8.241665E-17
5729.83021960747  8.421548E-17
5731.90137480945  8.413005E-17
5733.97253001143  8.415026E-17
5736.04368521341  8.619614E-17
5738.11484041539  8.539541E-17
5740.18599561738  8.637945E-17
5742.25715081936  8.933285E-17
5744.32830602134  8.706040E-17
5746.39946122332  8.505272E-17
5748.4706164253  8.808727E-17
5750.54177162729  8.714553E-17
5752.61292682926  8.792572E-17
5754.68408203125  8.313996E-17
5756.75523723323  8.411132E-17
5758.82639243521  8.708777E-17
5760.89754763719  8.657692E-17
5762.96870283917  8.734565E-17
5765.03985804115  8.583820E-17
5767.11101324314  8.361449E-17
5769.18216844512  8.620986E-17
5771.2533236471  8.615146E-17
5773.32447884908  8.262114E-17
5775.39563405106  8.247040E-17
5777.46678925305  8.265593E-17
5779.53794445503  8.524900E-17
5781.60909965701  8.791210E-17
5783.68025485899  8.763127E-17
5785.75141006097  8.473682E-17
5787.82256526295  8.472381E-17
5789.89372046494  8.574520E-17
5791.96487566692  8.623855E-17
5794.0360308689  8.837216E-17
5796.10718607088  8.795191E-17
5798.17834127286  8.751293E-17
5800.24949647484  8.819813E-17
5802.32065167683  8.909632E-17
5804.39180687881  8.730594E-17
5806.46296208079  8.450057E-17
5808.53411728277  8.538610E-17
5810.60527248475  8.703706E-17
5812.67642768674  8.661635E-17
5814.74758288872  8.586235E-17
5816.8187380907  8.441831E-17
5818.88989329268  8.395881E-17
5820.96104849466  8.630648E-17
5823.03220369664  8.359828E-17
5825.10335889863  8.416080E-17
5827.17451410061  8.462128E-17
5829.24566930259  8.516499E-17
5831.31682450457  8.447471E-17
5833.38797970655  8.486689E-17
5835.45913490853  8.584537E-17
5837.53029011051  8.425609E-17
5839.6014453125  8.446741E-17
5841.67260051448  8.600068E-17
5843.74375571646  8.548669E-17
5845.81491091844  8.693577E-17
5847.88606612042  8.871966E-17
5849.95722132241  8.756734E-17
5852.02837652439  8.474514E-17
5854.09953172637  8.103869E-17
5856.17068692835  8.417160E-17
5858.24184213033  8.405811E-17
5860.31299733232  8.596361E-17
5862.3841525343  8.746544E-17
5864.45530773628  9.066439E-17
5866.52646293826  8.767213E-17
5868.59761814024  8.840500E-17
5870.66877334222  8.755528E-17
5872.7399285442  8.409702E-17
5874.81108374619  8.368748E-17
5876.88223894817  8.334835E-17
5878.95339415015  8.248895E-17
5881.02454935213  8.053581E-17
5883.09570455411  7.475270E-17
5885.16685975609  7.749706E-17
5887.23801495808  8.608275E-17
5889.30917016006  7.764943E-17
5891.38032536204  7.707697E-17
5893.45148056402  8.309170E-17
5895.522635766  7.990657E-17
5897.59379096799  8.252554E-17
5899.66494616997  8.521247E-17
5901.73610137195  8.161620E-17
5903.80725657393  8.174327E-17
5905.87841177591  8.317594E-17
5907.94956697789  7.993940E-17
5910.02072217987  7.461967E-17
5912.09187738186  7.241345E-17
5914.16303258384  6.968900E-17
5916.23418778582  6.261608E-17
5918.3053429878  5.831653E-17
5920.37649818978  6.203332E-17
5922.44765339176  7.139314E-17
5924.51880859375  7.724176E-17
5926.58996379573  8.104418E-17
5928.66111899771  8.641168E-17
5930.73227419969  8.830557E-17
5932.80342940167  8.726803E-17
5934.87458460366  8.463584E-17
5936.94573980564  8.259819E-17
5939.01689500762  8.081862E-17
5941.0880502096  8.361458E-17
5943.15920541158  8.495605E-17
5945.23036061356  8.236282E-17
5947.30151581555  8.097620E-17
5949.37267101753  8.239484E-17
5951.44382621951  8.565049E-17
5953.51498142149  8.513878E-17
5955.58613662347  8.427345E-17
5957.65729182545  8.523520E-17
5959.72844702744  8.491575E-17
5961.79960222942  8.352198E-17
5963.8707574314  8.386954E-17
5965.94191263338  8.504274E-17
5968.01306783536  8.587295E-17
5970.08422303734  8.367696E-17
5972.15537823933  8.272639E-17
5974.22653344131  8.543174E-17
5976.29768864329  8.639625E-17
5978.36884384527  8.439545E-17
5980.43999904725  8.311668E-17
5982.51115424924  8.439515E-17
5984.58230945122  8.636026E-17
5986.6534646532  8.582496E-17
5988.72461985518  8.535391E-17
5990.79577505716  8.321193E-17
5992.86693025914  8.392624E-17
5994.93808546112  8.611535E-17
5997.00924066311  8.491142E-17
5999.08039586509  8.426949E-17
6001.15155106707  8.415037E-17
6003.22270626905  8.247435E-17
6005.29386147103  8.290236E-17
6007.36501667302  8.396837E-17
6009.436171875  7.699350E-17
6011.50732707698  7.142626E-17
6013.57848227896  7.421713E-17
6015.64963748094  6.981473E-17
6017.72079268292  6.959865E-17
6019.79194788491  7.804957E-17
6021.86310308689  8.329440E-17
6023.93425828887  8.570618E-17
6026.00541349085  8.565920E-17
6028.07656869283  8.512989E-17
6030.14772389481  8.193626E-17
6032.2188790968  8.180107E-17
6034.29003429878  8.428325E-17
6036.36118950076  8.349148E-17
6038.43234470274  8.250066E-17
6040.50349990472  8.266517E-17
6042.5746551067  8.241862E-17
6044.64581030869  8.325029E-17
6046.71696551067  8.225775E-17
6048.78812071265  8.127177E-17
6050.85927591463  8.116439E-17
6052.93043111661  8.346981E-17
6055.00158631859  8.210761E-17
6057.07274152058  8.249867E-17
6059.14389672256  8.431384E-17
6061.21505192454  8.562045E-17
6063.28620712652  8.517986E-17
6065.3573623285  8.333257E-17
6067.42851753048  8.303094E-17
6069.49967273247  8.308487E-17
6071.57082793445  8.334993E-17
6073.64198313643  8.515569E-17
6075.71313833841  8.312983E-17
6077.78429354039  8.149546E-17
6079.85544874237  8.403515E-17
6081.92660394436  8.319419E-17
6083.99775914634  8.153276E-17
6086.06891434832  8.176752E-17
6088.1400695503  8.349354E-17
6090.21122475228  8.254936E-17
6092.28237995426  8.147257E-17
6094.35353515625  8.286697E-17
6096.42469035823  8.400587E-17
6098.49584556021  8.364336E-17
6100.56700076219  8.301618E-17
6102.63815596417  8.386224E-17
6104.70931116616  8.351929E-17
6106.78046636814  8.301739E-17
6108.85162157012  8.083241E-17
6110.9227767721  8.011662E-17
6112.99393197408  8.149002E-17
6115.06508717606  8.292371E-17
6117.13624237804  8.351830E-17
6119.20739758003  8.402245E-17
6121.27855278201  8.365438E-17
6123.34970798399  8.144893E-17
6125.42086318597  7.912193E-17
6127.49201838795  7.892537E-17
6129.56317358993  7.979326E-17
6131.63432879192  7.889186E-17
6133.7054839939  7.887446E-17
6135.77663919588  8.264351E-17
6137.84779439786  8.229767E-17
6139.91894959984  8.433569E-17
6141.99010480183  8.544246E-17
6144.06126000381  8.049855E-17
6146.13241520579  7.925942E-17
6148.20357040777  8.034174E-17
6150.27472560975  7.817207E-17
6152.34588081173  7.715067E-17
6154.41703601372  7.686780E-17
6156.4881912157  7.906446E-17
6158.55934641768  7.970808E-17
6160.63050161966  7.633974E-17
6162.70165682164  7.536510E-17
6164.77281202362  7.646847E-17
6166.84396722561  7.602851E-17
6168.91512242759  7.330222E-17
6170.98627762957  7.394005E-17
6173.05743283155  7.479534E-17
6175.12858803353  7.611310E-17
6177.19974323552  7.713193E-17
6179.2708984375  7.551428E-17
6181.34205363948  7.950037E-17
6183.41320884146  7.959191E-17
6185.48436404344  7.720364E-17
6187.55551924542  7.600288E-17
6189.6266744474  7.768462E-17
6191.69782964939  7.769068E-17
6193.76898485137  7.751046E-17
6195.84014005335  7.809072E-17
6197.91129525533  8.023705E-17
6199.98245045731  8.194054E-17
6202.05360565929  8.023760E-17
6204.12476086127  7.866699E-17
6206.19591606326  7.980954E-17
6208.26707126524  7.990402E-17
6210.33822646722  7.738570E-17
6212.4093816692  7.939372E-17
6214.48053687118  7.950440E-17
6216.55169207317  7.928177E-17
6218.62284727515  8.080704E-17
6220.69400247713  7.951182E-17
6222.76515767911  7.893002E-17
6224.83631288109  8.047338E-17
6226.90746808308  8.170544E-17
6228.97862328506  8.059222E-17
6231.04977848704  7.832925E-17
6233.12093368902  8.168543E-17
6235.192088891  8.191144E-17
6237.26324409298  8.329580E-17
6239.33439929496  8.411557E-17
6241.40555449695  7.923394E-17
6243.47670969893  7.667096E-17
6245.54786490091  7.951739E-17
6247.61902010289  8.106516E-17
6249.69017530487  7.944145E-17
6251.76133050686  7.786384E-17
6253.83248570884  7.801113E-17
6255.90364091082  7.765099E-17
6257.9747961128  7.639090E-17
6260.04595131478  7.954414E-17
6262.11710651677  7.797661E-17
6264.18826171875  7.667168E-17
6266.25941692073  7.627233E-17
6268.33057212271  7.411138E-17
6270.40172732469  7.279544E-17
6272.47288252667  7.052725E-17
6274.54403772865  6.738372E-17
6276.61519293064  6.724975E-17
6278.68634813262  6.974314E-17
6280.7575033346  7.135484E-17
6282.82865853658  7.190516E-17
6284.89981373856  7.540687E-17
6286.97096894054  7.660102E-17
6289.04212414253  7.789332E-17
6291.11327934451  7.452773E-17
6293.18443454649  6.215999E-17
6295.25558974847  6.050257E-17
6297.32674495045  7.736821E-17
6299.39790015244  8.597472E-17
6301.46905535442  8.352703E-17
6303.5402105564  8.400057E-17
6305.61136575838  7.667086E-17
6307.68252096036  7.650477E-17
6309.75367616234  7.881950E-17
6311.82483136433  7.760644E-17
6313.89598656631  7.523553E-17
6315.96714176829  7.647019E-17
6318.03829697027  7.911782E-17
6320.10945217225  7.867289E-17
6322.18060737423  7.654023E-17
6324.25176257622  7.602249E-17
6326.3229177782  7.709537E-17
6328.39407298018  7.695431E-17
6330.46522818216  7.532919E-17
6332.53638338414  7.783341E-17
6334.60753858613  7.604342E-17
6336.67869378811  7.580710E-17
6338.74984899009  7.616724E-17
6340.82100419207  7.545648E-17
6342.89215939405  7.501094E-17
6344.96331459603  7.553482E-17
6347.03446979801  7.645254E-17
6349.10562499999  7.660045E-17
6351.17678020198  7.715116E-17
6353.24793540396  7.780593E-17
6355.31909060594  7.624694E-17
6357.39024580792  7.565993E-17
6359.4614010099  7.601589E-17
6361.53255621189  7.658042E-17
6363.60371141387  7.954289E-17
6365.67486661585  8.404855E-17
6367.74602181783  8.175941E-17
6369.81717701981  7.684057E-17
6371.88833222179  7.648113E-17
6373.95948742378  7.532377E-17
6376.03064262576  7.544021E-17
6378.10179782774  7.421449E-17
6380.17295302972  7.393649E-17
6382.2441082317  7.603434E-17
6384.31526343368  7.831081E-17
6386.38641863567  7.791298E-17
6388.45757383765  7.768040E-17
6390.52872903963  7.752022E-17
6392.59988424161  7.652188E-17
6394.67103944359  7.734663E-17
6396.74219464557  7.736159E-17
6398.81334984756  7.485206E-17
6400.88450504954  7.680054E-17
6402.95566025152  7.773217E-17
6405.0268154535  7.711684E-17
6407.09797065548  7.748452E-17
6409.16912585747  7.656484E-17
6411.24028105945  7.658959E-17
6413.31143626143  7.580730E-17
6415.38259146341  7.481575E-17
6417.45374666539  7.718894E-17
6419.52490186737  7.703763E-17
6421.59605706936  7.597528E-17
6423.66721227134  7.539949E-17
6425.73836747332  7.675202E-17
6427.8095226753  7.825778E-17
6429.88067787728  7.849995E-17
6431.95183307926  7.784425E-17
6434.02298828125  7.647434E-17
6436.09414348323  7.458551E-17
6438.16529868521  7.355863E-17
6440.23645388719  7.391912E-17
6442.30760908917  7.390278E-17
6444.37876429115  7.265665E-17
6446.44991949314  7.311450E-17
6448.52107469512  7.432827E-17
6450.5922298971  7.586369E-17
6452.66338509908  7.679450E-17
6454.73454030106  7.484110E-17
6456.80569550305  7.254537E-17
6458.87685070503  7.305069E-17
6460.94800590701  7.506098E-17
6463.01916110899  7.587682E-17
6465.09031631097  7.405532E-17
6467.16147151295  7.543706E-17
6469.23262671494  7.842658E-17
6471.30378191692  7.752036E-17
6473.3749371189  7.758824E-17
6475.44609232088  7.638161E-17
6477.51724752286  7.385978E-17
6479.58840272484  7.396014E-17
6481.65955792682  7.372998E-17
6483.73071312881  7.187169E-17
6485.80186833079  7.084654E-17
6487.87302353277  6.858754E-17
6489.94417873475  6.902739E-17
6492.01533393673  7.486871E-17
6494.08648913872  7.730843E-17
6496.1576443407  7.504589E-17
6498.22879954268  7.443094E-17
6500.29995474466  7.636746E-17
6502.37110994664  7.783212E-17
6504.44226514862  7.781868E-17
6506.51342035061  7.802936E-17
6508.58457555259  7.737432E-17
6510.65573075457  7.463203E-17
6512.72688595655  7.456121E-17
6514.79804115853  7.242387E-17
6516.86919636051  6.984165E-17
6518.94035156249  6.669895E-17
6521.01150676448  6.637913E-17
6523.08266196646  6.903225E-17
6525.15381716844  6.926782E-17
6527.22497237042  7.168914E-17
6529.2961275724  7.456160E-17
6531.36728277439  7.635353E-17
6533.43843797637  7.649220E-17
6535.50959317835  7.583542E-17
6537.58074838033  7.670675E-17
6539.65190358231  7.563148E-17
6541.7230587843  7.057488E-17
6543.79421398628  6.949555E-17
6545.86536918826  7.390049E-17
6547.93652439024  7.429680E-17
6550.00767959222  7.520157E-17
6552.0788347942  7.913994E-17
6554.14998999618  7.817201E-17
6556.22114519817  7.532164E-17
6558.29230040015  7.124692E-17
6560.36345560213  6.112953E-17
6562.43461080411  4.818744E-17
6564.50576600609  3.841069E-17
6566.57692120807  3.074907E-17
6568.64807641006  2.599149E-17
6570.71923161204  2.590723E-17
6572.79038681402  2.564797E-17
6574.861542016  2.716711E-17
6576.93269721798  3.075673E-17
6579.00385241997  3.405048E-17
6581.07500762195  3.364814E-17
6583.14616282393  2.978026E-17
6585.21731802591  2.808919E-17
6587.28847322789  3.055722E-17
6589.35962842987  3.748969E-17
6591.43078363186  6.649547E-17
6593.50193883384  1.383584E-16
6595.57309403582  2.310458E-16
6597.6442492378  2.860449E-16
6599.71540443978  2.835375E-16
6601.78655964176  2.349776E-16
6603.85771484375  1.721583E-16
6605.92887004573  1.289545E-16
6608.00002524771  1.080622E-16
6610.07118044969  9.839744E-17
6612.14233565167  9.122913E-17
6614.21349085365  8.887262E-17
6616.28464605564  8.745824E-17
6618.35580125762  8.381110E-17
6620.4269564596  8.023248E-17
6622.49811166158  7.930934E-17
6624.56926686356  7.920882E-17
6626.64042206554  7.766776E-17
6628.71157726753  7.561789E-17
6630.78273246951  7.267989E-17
6632.85388767149  7.154108E-17
6634.92504287347  7.152702E-17
6636.99619807545  7.175372E-17
6639.06735327744  7.218764E-17
6641.13850847942  7.273375E-17
6643.2096636814  7.269953E-17
6645.28081888338  7.379571E-17
6647.35197408536  7.518994E-17
6649.42312928734  7.320642E-17
6651.49428448932  7.310960E-17
6653.56543969131  7.464248E-17
6655.63659489329  7.496012E-17
6657.70775009527  7.422912E-17
6659.77890529725  7.424763E-17
6661.85006049923  7.439179E-17
6663.92121570121  7.477066E-17
6665.9923709032  7.489524E-17
6668.06352610518  7.254952E-17
6670.13468130716  7.171864E-17
6672.20583650914  7.386978E-17
6674.27699171112  7.316828E-17
6676.3481469131  7.363431E-17
6678.41930211509  7.407701E-17
6680.49045731707  7.329008E-17
6682.56161251905  7.374471E-17
6684.63276772103  7.416670E-17
6686.70392292301  7.276010E-17
6688.77507812499  7.214126E-17
6690.84623332698  7.369510E-17
6692.91738852896  7.366883E-17
6694.98854373094  7.331709E-17
6697.05969893292  7.380515E-17
6699.1308541349  7.429326E-17
6701.20200933688  7.338825E-17
6703.27316453887  7.245515E-17
6705.34431974085  7.254867E-17
6707.41547494283  7.232579E-17
6709.48663014481  7.490882E-17
6711.55778534679  7.527627E-17
6713.62894054878  7.591445E-17
6715.70009575076  7.578195E-17
6717.77125095274  7.541877E-17
6719.84240615472  7.585020E-17
6721.9135613567  7.519810E-17
6723.98471655868  7.336860E-17
6726.05587176067  7.244805E-17
6728.12702696265  7.438277E-17
6730.19818216463  7.670510E-17
6732.26933736661  7.550434E-17
6734.34049256859  7.462784E-17
6736.41164777057  7.589961E-17
6738.48280297256  7.524325E-17
6740.55395817454  7.428950E-17
6742.62511337652  7.448014E-17
6744.6962685785  7.350576E-17
6746.76742378048  7.565529E-17
6748.83857898247  7.696810E-17
6750.90973418445  7.653589E-17
6752.98088938643  7.628305E-17
6755.05204458841  7.570550E-17
6757.12319979039  7.587353E-17
6759.19435499237  7.430646E-17
6761.26551019435  7.219017E-17
6763.33666539634  7.492254E-17
6765.40782059832  7.668299E-17
6767.4789758003  7.695534E-17
6769.55013100228  7.516956E-17
6771.62128620426  7.437119E-17
6773.69244140625  7.318745E-17
6775.76359660823  7.232372E-17
6777.83475181021  7.276170E-17
6779.90590701219  7.271676E-17
6781.97706221417  7.295482E-17
6784.04821741616  7.335115E-17
6786.11937261813  7.278916E-17
6788.19052782012  7.471956E-17
6790.2616830221  7.457721E-17
6792.33283822408  7.215882E-17
6794.40399342606  7.188681E-17
6796.47514862805  7.376606E-17
6798.54630383003  7.371258E-17
6800.61745903201  7.195082E-17
6802.68861423399  7.185073E-17
6804.75976943597  7.151366E-17
6806.83092463795  7.270210E-17
6808.90207983993  7.225721E-17
6810.97323504191  7.231431E-17
6813.0443902439  7.269797E-17
6815.11554544588  7.119274E-17
6817.18670064786  7.034098E-17
6819.25785584984  7.149646E-17
6821.32901105182  7.236067E-17
6823.40016625381  7.299627E-17
6825.47132145579  7.190163E-17
6827.54247665777  7.286299E-17
6829.61363185975  7.473792E-17
6831.68478706173  7.624876E-17
6833.75594226371  7.652173E-17
6835.8270974657  7.381660E-17
6837.89825266768  7.115049E-17
6839.96940786966  7.156144E-17
6842.04056307164  7.254714E-17
6844.11171827362  7.180159E-17
6846.1828734756  7.178457E-17
6848.25402867759  7.326656E-17
6850.32518387957  7.311061E-17
6852.39633908155  7.186652E-17
6854.46749428353  7.083699E-17
6856.53864948551  6.945476E-17
6858.6098046875  7.064823E-17
6860.68095988948  7.389243E-17
6862.75211509146  7.627346E-17
6864.82327029344  7.571702E-17
6866.89442549542  7.171977E-17
6868.9655806974  6.500521E-17
6871.03673589939  6.216367E-17
6873.10789110137  6.624840E-17
6875.17904630335  6.885492E-17
6877.25020150533  7.049560E-17
6879.32135670731  7.377235E-17
6881.39251190929  7.394297E-17
6883.46366711128  7.266946E-17
6885.53482231326  7.000260E-17
6887.60597751524  6.728222E-17
6889.67713271722  6.882906E-17
6891.7482879192  7.103847E-17
6893.81944312118  6.908385E-17
6895.89059832317  6.829492E-17
6897.96175352515  6.870157E-17
6900.03290872713  7.149253E-17
6902.10406392911  7.259144E-17
6904.17521913109  6.404578E-17
6906.24637433307  5.973928E-17
6908.31752953506  6.809314E-17
6910.38868473704  6.920986E-17
6912.45983993902  6.859688E-17
6914.530995141  6.914119E-17
6916.60215034298  7.060701E-17
6918.67330554497  7.000046E-17
6920.74446074695  6.817274E-17
6922.81561594893  6.746838E-17
6924.88677115091  6.862840E-17
6926.95792635289  6.963979E-17
6929.02908155487  6.754511E-17
6931.10023675685  6.721952E-17
6933.17139195884  6.853616E-17
6935.24254716082  6.917040E-17
6937.3137023628  6.818285E-17
6939.38485756478  6.707974E-17
6941.45601276676  6.734733E-17
6943.52716796874  6.818186E-17
6945.59832317073  6.893013E-17
6947.66947837271  7.024051E-17
6949.74063357469  6.966027E-17
6951.81178877667  7.136493E-17
6953.88294397865  7.065321E-17
6955.95409918063  6.898809E-17
6958.02525438262  6.893546E-17
6960.0964095846  6.838425E-17
6962.16756478658  6.797192E-17
6964.23871998856  6.881895E-17
6966.30987519054  6.917281E-17
6968.38103039253  6.821069E-17
6970.45218559451  6.707246E-17
6972.52334079649  6.791988E-17
6974.59449599847  6.945473E-17
6976.66565120045  6.900728E-17
6978.73680640243  6.776422E-17
6980.80796160441  6.781475E-17
6982.8791168064  6.821077E-17
6984.95027200838  6.894731E-17
6987.02142721036  6.724743E-17
6989.09258241234  6.882362E-17
6991.16373761432  7.057532E-17
6993.23489281631  6.903532E-17
6995.30604801829  6.759872E-17
6997.37720322027  6.724376E-17
6999.44835842225  6.896271E-17
7001.51951362423  6.920078E-17
7003.59066882621  6.558888E-17
7005.6618240282  6.446968E-17
7007.73297923018  6.614142E-17
7009.80413443216  6.633126E-17
7011.87528963414  6.661887E-17
7013.94644483612  6.868288E-17
7016.0176000381  6.891657E-17
7018.08875524008  6.822840E-17
7020.15991044207  6.741332E-17
7022.23106564405  6.632533E-17
7024.30222084603  6.574241E-17
7026.37337604801  6.499206E-17
7028.44453124999  6.458851E-17
7030.51568645198  6.526123E-17
7032.58684165396  6.474144E-17
7034.65799685594  6.514652E-17
7036.72915205792  6.634691E-17
7038.8003072599  6.686533E-17
7040.87146246189  6.726989E-17
7042.94261766387  6.783889E-17
7045.01377286585  6.763123E-17
7047.08492806783  6.715892E-17
7049.15608326981  6.704422E-17
7051.22723847179  6.612517E-17
7053.29839367377  6.633570E-17
7055.36954887576  6.728734E-17
7057.44070407774  6.765342E-17
7059.51185927972  6.654295E-17
7061.5830144817  6.629258E-17
7063.65416968368  6.704260E-17
7065.72532488566  6.617830E-17
7067.79648008765  6.588788E-17
7069.86763528963  6.689855E-17
7071.93879049161  6.868284E-17
7074.00994569359  6.704719E-17
7076.08110089557  6.638699E-17
7078.15225609756  6.769374E-17
7080.22341129954  6.750321E-17
7082.29456650152  6.703847E-17
7084.3657217035  6.639429E-17
7086.43687690548  6.684920E-17
7088.50803210746  6.611128E-17
7090.57918730945  6.577818E-17
7092.65034251143  6.526879E-17
7094.72149771341  6.454062E-17
7096.79265291539  6.459506E-17
7098.86380811737  6.512044E-17
7100.93496331935  6.590951E-17
7103.00611852134  6.538660E-17
7105.07727372332  6.595383E-17
7107.1484289253  6.718078E-17
7109.21958412728  6.681686E-17
7111.29073932926  6.641546E-17
7113.36189453124  6.641779E-17
7115.43304973323  6.572492E-17
7117.50420493521  6.632210E-17
7119.57536013719  6.643404E-17
7121.64651533917  6.723919E-17
7123.71767054115  6.697685E-17
7125.78882574313  6.674997E-17
7127.85998094512  6.628335E-17
7129.9311361471  6.590532E-17
7132.00229134908  6.694210E-17
7134.07344655106  6.651255E-17
7136.14460175304  6.657267E-17
7138.21575695502  6.466244E-17
7140.28691215701  6.343686E-17
7142.35806735899  6.449801E-17
7144.42922256097  6.498542E-17
7146.50037776295  6.490414E-17
7148.57153296493  6.511286E-17
7150.64268816691  6.378531E-17
7152.7138433689  6.347337E-17
7154.78499857088  6.433716E-17
7156.85615377286  6.520925E-17
7158.92730897484  6.596836E-17
7160.99846417682  6.697659E-17
7163.06961937881  6.578835E-17
7165.14077458079  6.404593E-17
7167.21192978277  6.634259E-17
7169.28308498475  6.557249E-17
7171.35424018673  6.397085E-17
7173.42539538871  6.456802E-17
7175.4965505907  6.464400E-17
7177.56770579268  6.404470E-17
7179.63886099466  6.450428E-17
7181.71001619664  6.475523E-17
7183.78117139862  6.344404E-17
7185.8523266006  6.251193E-17
7187.92348180259  6.474221E-17
7189.99463700457  6.610239E-17
7192.06579220655  6.481130E-17
7194.13694740853  6.323953E-17
7196.20810261051  6.393224E-17
7198.27925781249  6.556802E-17
7200.35041301448  6.437063E-17
7202.42156821646  6.417928E-17
7204.49272341844  6.434328E-17
7206.56387862042  6.342824E-17
7208.6350338224  6.278027E-17
7210.70618902438  6.405544E-17
7212.77734422637  6.433717E-17
7214.84849942835  6.209059E-17
7216.91965463033  6.291343E-17
7218.99080983231  6.370378E-17
7221.06196503429  6.458303E-17
7223.13312023627  6.508954E-17
7225.20427543826  6.591157E-17
7227.27543064024  6.561314E-17
7229.34658584222  6.364207E-17
7231.4177410442  6.308667E-17
7233.48889624618  6.248833E-17
7235.56005144817  6.081887E-17
7237.63120665015  5.944966E-17
7239.70236185213  5.860804E-17
7241.77351705411  6.009034E-17
7243.84467225609  6.023165E-17
7245.91582745807  5.852166E-17
7247.98698266006  5.903573E-17
7250.05813786204  5.583631E-17
7252.12929306402  5.717674E-17
7254.200448266  5.962534E-17
7256.27160346798  6.106224E-17
7258.34275866996  6.225358E-17
7260.41391387195  6.280391E-17
7262.48506907393  6.278615E-17
7264.55622427591  6.244114E-17
7266.62737947789  6.265122E-17
7268.69853467987  6.345891E-17
7270.76968988185  6.018094E-17
7272.84084508384  5.842942E-17
7274.91200028582  6.232170E-17
7276.9831554878  6.447643E-17
7279.05431068978  6.347632E-17
7281.12546589176  6.621127E-17
7283.19662109374  6.644208E-17
7285.26777629573  6.357697E-17
7287.33893149771  6.226175E-17
7289.41008669969  6.268635E-17
7291.48124190167  6.282768E-17
7293.55239710365  6.289369E-17
7295.62355230563  6.255557E-17
7297.69470750761  6.207659E-17
7299.7658627096  6.306132E-17
7301.83701791158  6.346887E-17
7303.90817311356  6.401251E-17
7305.97932831554  6.266787E-17
7308.05048351752  6.137002E-17
7310.12163871951  6.224657E-17
7312.19279392149  5.992220E-17
7314.26394912347  5.927967E-17
7316.33510432545  5.932020E-17
7318.40625952743  6.099495E-17
7320.47741472942  6.163283E-17
7322.5485699314  6.106250E-17
7324.61972513338  6.158047E-17
7326.69088033536  6.099820E-17
7328.76203553734  5.907954E-17
7330.83319073932  5.824583E-17
7332.90434594131  5.636751E-17
7334.97550114329  5.471244E-17
7337.04665634527  5.528841E-17
7339.11781154725  5.699392E-17
7341.18896674923  5.873778E-17
7343.26012195121  6.022230E-17
7345.33127715319  6.085376E-17
7347.40243235518  6.104433E-17
7349.47358755716  5.930546E-17
7351.54474275914  5.642911E-17
7353.61589796112  5.605871E-17
7355.6870531631  5.820118E-17
7357.75820836509  6.063287E-17
7359.82936356707  6.364275E-17
7361.90051876905  6.360857E-17
7363.97167397103  6.020273E-17
7366.04282917301  5.884035E-17
7368.11398437499  5.906304E-17
7370.18513957698  5.866661E-17
7372.25629477896  5.936398E-17
7374.32744998094  6.085300E-17
7376.39860518292  6.098975E-17
7378.4697603849  6.016442E-17
7380.54091558688  5.995539E-17
7382.61207078887  5.880115E-17
7384.68322599085  5.862765E-17
7386.75438119283  5.908516E-17
7388.82553639481  5.818022E-17
7390.89669159679  5.981900E-17
7392.96784679877  6.044350E-17
7395.03900200076  6.073842E-17
7397.11015720274  5.925472E-17
7399.18131240472  5.896142E-17
7401.2524676067  6.035512E-17
7403.32362280868  6.052320E-17
7405.39477801067  6.008459E-17
7407.46593321265  5.939849E-17
7409.53708841463  6.078225E-17
7411.60824361661  6.060077E-17
7413.67939881859  5.984556E-17
7415.75055402057  5.870653E-17
7417.82170922255  5.776639E-17
7419.89286442453  5.899146E-17
7421.96401962652  5.879667E-17
7424.0351748285  5.904689E-17
7426.10633003048  5.979262E-17
7428.17748523246  6.060244E-17
7430.24864043445  6.052872E-17
7432.31979563643  6.099560E-17
7434.39095083841  6.150205E-17
7436.46210604039  5.974000E-17
7438.53326124237  6.030643E-17
7440.60441644435  5.857721E-17
7442.67557164634  5.688577E-17
7444.74672684832  5.619178E-17
7446.8178820503  5.653707E-17
7448.88903725228  5.809327E-17
7450.96019245426  5.845750E-17
7453.03134765625  5.804678E-17
7455.10250285822  5.713210E-17
7457.17365806021  5.661439E-17
7459.24481326219  5.733694E-17
7461.31596846417  5.875103E-17
7463.38712366615  5.973984E-17
7465.45827886813  6.049437E-17
7467.52943407011  6.117624E-17
7469.6005892721  6.060657E-17
7471.67174447408  5.946040E-17
7473.74289967606  5.647298E-17
7475.81405487804  5.550290E-17
7477.88521008002  5.672601E-17
7479.95636528201  5.667311E-17
7482.02752048399  5.738085E-17
7484.09867568597  5.838044E-17
7486.16983088795  5.712290E-17
7488.24098608993  5.581050E-17
7490.31214129191  5.690611E-17
7492.3832964939  5.816837E-17
7494.45445169588  5.723421E-17
7496.52560689786  5.664087E-17
7498.59676209984  5.896382E-17
7500.66791730182  5.955174E-17
7502.7390725038  5.907995E-17
7504.81022770579  5.925994E-17
7506.88138290777  5.964448E-17
7508.95253810975  5.859362E-17
7511.02369331173  5.674148E-17
7513.09484851371  5.687466E-17
7515.16600371569  5.738984E-17
7517.23715891768  5.662050E-17
7519.30831411966  5.642923E-17
7521.37946932164  5.779555E-17
7523.45062452362  5.870320E-17
7525.5217797256  5.871067E-17
7527.59293492759  5.967800E-17
7529.66409012957  5.923451E-17
7531.73524533155  5.764696E-17
7533.80640053353  5.676252E-17
7535.87755573551  5.620527E-17
7537.9487109375  5.571477E-17
7540.01986613948  5.612358E-17
7542.09102134146  5.652153E-17
7544.16217654344  5.559879E-17
7546.23333174542  5.671171E-17
7548.3044869474  5.588995E-17
7550.37564214938  5.550157E-17
7552.44679735137  5.674722E-17
7554.51795255335  5.727275E-17
7556.58910775533  5.697688E-17
7558.66026295731  5.576057E-17
7560.73141815929  5.635256E-17
7562.80257336127  5.598547E-17
7564.87372856326  5.416618E-17
7566.94488376524  5.639362E-17
7569.01603896722  5.762738E-17
7571.0871941692  5.497750E-17
7573.15834937118  5.882484E-17
7575.22950457317  5.920956E-17
7577.30065977515  5.700636E-17
7579.37181497713  5.506552E-17
7581.44297017911  5.656739E-17
7583.51412538109  5.961333E-17
7585.58528058307  6.156428E-17
7587.65643578505  6.412797E-17
7589.72759098703  6.306284E-17
7591.79874618902  6.148067E-17
7593.869901391  5.856773E-17
7595.94105659298  5.264947E-17
7598.01221179496  4.564232E-17
7600.08336699694  4.102888E-17
7602.15452219893  3.866142E-17
7604.22567740091  3.851347E-17
7606.29683260289  3.959238E-17
7608.36798780487  4.428376E-17
7610.43914300685  4.768113E-17
7612.51029820884  5.394560E-17
7614.58145341082  6.457921E-17
7616.6526086128  6.888853E-17
7618.72376381478  6.731259E-17
7620.79491901676  6.254958E-17
7622.86607421874  5.389513E-17
7624.93722942072  4.816079E-17
7627.00838462271  4.859531E-17
7629.07953982469  4.950247E-17
7631.15069502667  4.961353E-17
7633.22185022865  5.070504E-17
7635.29300543063  4.902114E-17
7637.36416063261  4.789447E-17
7639.4353158346  4.796305E-17
7641.50647103658  5.033658E-17
7643.57762623856  5.480845E-17
7645.64878144054  5.577331E-17
7647.71993664252  5.472721E-17
7649.79109184451  5.577341E-17
7651.86224704649  5.607660E-17
7653.93340224847  5.511901E-17
7656.00455745045  5.489558E-17
7658.07571265243  5.728398E-17
7660.14686785441  5.918469E-17
7662.2180230564  5.660694E-17
7664.28917825838  5.546386E-17
7666.36033346036  5.739375E-17
7668.43148866234  5.766184E-17
7670.50264386432  5.807083E-17
7672.5737990663  5.918238E-17
7674.64495426829  5.784610E-17
7676.71610947027  5.697028E-17
7678.78726467225  5.670725E-17
7680.85841987423  5.778330E-17
7682.92957507621  5.740498E-17
7685.0007302782  5.557581E-17
7687.07188548018  5.507221E-17
7689.14304068216  5.525961E-17
7691.21419588414  5.501949E-17
7693.28535108612  5.556156E-17
7695.3565062881  5.499647E-17
7697.42766149008  5.524479E-17
7699.49881669207  5.653811E-17
7701.56997189405  5.657215E-17
7703.64112709603  5.570750E-17
7705.71228229801  5.562191E-17
7707.78343749999  5.469613E-17
7709.85459270197  5.559704E-17
7711.92574790396  5.614138E-17
7713.99690310594  5.472452E-17
7716.06805830792  5.410394E-17
7718.1392135099  5.628102E-17
7720.21036871188  5.781549E-17
7722.28152391386  5.652911E-17
7724.35267911585  5.518901E-17
7726.42383431783  5.432980E-17
7728.49498951981  5.463721E-17
7730.56614472179  5.495998E-17
7732.63729992378  5.450522E-17
7734.70845512575  5.501679E-17
7736.77961032774  5.416816E-17
7738.85076552972  5.411618E-17
7740.9219207317  5.289232E-17
7742.99307593368  5.135877E-17
7745.06423113566  5.080235E-17
7747.13538633764  4.962331E-17
7749.20654153963  4.945700E-17
7751.27769674161  5.113182E-17
7753.34885194359  5.405066E-17
7755.42000714557  5.589155E-17
7757.49116234755  5.623358E-17
7759.56231754954  5.704968E-17
7761.63347275152  5.770984E-17
7763.7046279535  5.606001E-17
7765.77578315548  5.506005E-17
7767.84693835746  5.523430E-17
7769.91809355944  5.548430E-17
7771.98924876143  5.526714E-17
7774.06040396341  5.501691E-17
7776.13155916539  5.410314E-17
7778.20271436737  5.304513E-17
7780.27386956935  5.431575E-17
7782.34502477133  5.496858E-17
7784.41617997332  5.472666E-17
7786.4873351753  5.415654E-17
7788.55849037728  5.305952E-17
7790.62964557926  5.294701E-17
7792.70080078124  5.283792E-17
7794.77195598322  5.140963E-17
7796.84311118521  5.064999E-17
7798.91426638719  5.063680E-17
7800.98542158917  5.011551E-17
7803.05657679115  4.593476E-17
7805.12773199313  4.725221E-17
7807.19888719512  4.150836E-17
7809.2700423971  3.938058E-17
7811.34119759908  4.207174E-17
7813.41235280106  4.424490E-17
7815.48350800304  4.844510E-17
7817.55466320502  5.522119E-17
7819.625818407  5.695848E-17
7821.69697360899  5.501914E-17
7823.76812881097  5.707685E-17
7825.83928401295  5.701365E-17
7827.91043921493  5.552991E-17
7829.98159441691  5.520813E-17
7832.05274961889  5.514634E-17
7834.12390482088  5.582652E-17
7836.19506002286  5.697148E-17
7838.26621522484  5.648726E-17
7840.33737042682  5.301262E-17
7842.4085256288  5.303537E-17
7844.47968083079  5.566777E-17
7846.55083603277  5.548568E-17
7848.62199123475  5.458145E-17
7850.69314643673  5.382053E-17
7852.76430163871  5.209398E-17
7854.83545684069  5.650248E-17
7856.90661204268  5.521699E-17
7858.97776724466  5.469032E-17
7861.04892244664  5.630300E-17
7863.12007764862  5.714652E-17
7865.1912328506  5.480184E-17
7867.26238805258  5.476459E-17
7869.33354325456  5.604065E-17
7871.40469845655  5.582091E-17
7873.47585365853  5.714791E-17
7875.54700886051  5.625747E-17
7877.61816406249  5.570612E-17
