3700.00000000001  -1.434949E-17
3704.74549293519  6.693126E-17
3709.49098587037  3.004804E-17
3714.23647880555  -5.845975E-17
3718.98197174073  5.663812E-17
3723.72746467591  1.020719E-16
3728.47295761109  2.210533E-18
3733.21845054627  5.148448E-17
3737.96394348145  7.267899E-17
3742.70943641663  5.967233E-17
3747.45492935181  1.462185E-16
3752.20042228699  1.683826E-16
3756.94591522217  1.125851E-16
3761.69140815736  5.904593E-17
3766.43690109254  3.416014E-17
3771.18239402772  6.690375E-17
3775.9278869629  3.053252E-17
3780.67337989808  9.587707E-18
3785.41887283326  4.648242E-17
3790.16436576844  1.288223E-16
3794.90985870362  7.663753E-17
3799.6553516388  4.710144E-17
3804.40084457398  4.404941E-17
3809.14633750916  7.564201E-18
3813.89183044434  -7.416813E-18
3818.63732337952  2.253150E-17
3823.3828163147  1.420078E-16
3828.12830924988  1.279117E-16
3832.87380218507  4.847432E-17
3837.61929512025  2.985230E-17
3842.36478805543  5.238475E-17
3847.11028099061  9.725258E-17
3851.85577392579  5.192582E-17
3856.60126686097  2.079087E-17
3861.34675979615  6.688334E-18
3866.09225273133  4.450049E-17
3870.83774566651  5.526216E-17
3875.58323860169  5.287482E-17
3880.32873153687  3.976427E-17
3885.07422447205  5.280136E-17
3889.81971740723  4.519893E-17
3894.56521034241  8.496713E-17
3899.31070327759  1.150028E-16
3904.05619621278  7.514421E-17
3908.80168914796  8.573955E-17
3913.54718208314  1.058857E-16
3918.29267501832  7.096422E-17
3923.0381679535  3.768202E-17
3927.78366088868  4.961924E-17
3932.52915382386  1.846849E-17
3937.27464675904  1.391583E-17
3942.02013969422  4.716689E-17
3946.7656326294  6.637758E-17
3951.51112556458  3.702653E-17
3956.25661849976  5.249241E-17
3961.00211143494  7.575863E-17
3965.74760437012  4.278303E-17
3970.4930973053  9.585425E-17
3975.23859024049  5.598877E-17
3979.98408317567  4.868950E-17
3984.72957611085  5.260227E-17
3989.47506904603  7.498390E-17
3994.22056198121  3.085756E-17
3998.96605491639  4.148925E-17
4003.71154785157  4.181100E-17
4008.45704078675  8.028548E-17
4013.20253372193  9.808767E-17
4017.94802665711  6.886977E-17
4022.69351959229  6.461845E-17
4027.43901252747  2.640501E-17
4032.18450546265  1.025166E-16
4036.92999839783  9.597785E-17
4041.67549133302  6.415588E-17
4046.4209842682  1.352185E-16
4051.16647720338  1.072363E-16
4055.91197013856  9.844203E-17
4060.65746307374  1.060493E-16
4065.40295600892  1.036695E-16
4070.1484489441  5.667143E-17
4074.89394187928  6.131426E-17
4079.63943481446  1.330763E-16
4084.38492774964  1.221836E-16
4089.13042068482  5.835038E-17
4093.87591362  4.975612E-17
4098.62140655518  8.253682E-17
4103.36689949036  5.175986E-17
4108.11239242555  3.175556E-17
4112.85788536073  3.195860E-17
4117.60337829591  6.351154E-17
4122.34887123109  9.698805E-17
4127.09436416627  9.570001E-17
4131.83985710145  6.416015E-17
4136.58535003663  5.723089E-17
4141.33084297181  1.046042E-16
4146.07633590699  1.292566E-16
4150.82182884217  1.155696E-16
4155.56732177735  1.256092E-16
4160.31281471253  1.130172E-16
4165.05830764771  8.796671E-17
4169.80380058289  7.538327E-17
4174.54929351807  6.742360E-17
4179.29478645325  5.359775E-17
4184.04027938844  9.268391E-17
4188.78577232362  1.303250E-16
4193.5312652588  7.761082E-17
4198.27675819398  3.807682E-17
4203.02225112916  8.783537E-17
4207.76774406434  1.018195E-16
4212.51323699952  5.847828E-17
4217.2587299347  3.166643E-17
4222.00422286988  5.675755E-17
4226.74971580506  6.494510E-17
4231.49520874024  5.000424E-17
4236.24070167542  6.172009E-17
4240.9861946106  1.163232E-16
4245.73168754578  1.457542E-16
4250.47718048096  7.758680E-17
4255.22267341614  4.814317E-17
4259.96816635133  8.470844E-17
4264.71365928651  6.538040E-17
4269.45915222169  4.757547E-17
4274.20464515687  5.720929E-17
4278.95013809205  8.439327E-17
4283.69563102723  1.100927E-16
4288.44112396241  9.414994E-17
4293.18661689759  1.021187E-16
4297.93210983277  7.991018E-17
4302.67760276795  5.438161E-17
4307.42309570313  7.356339E-17
4312.16858863831  6.514815E-17
4316.91408157349  5.554066E-17
4321.65957450867  5.668909E-17
4326.40506744386  5.323254E-17
4331.15056037904  3.245787E-17
4335.89605331422  5.648423E-17
4340.6415462494  8.114946E-17
4345.38703918458  7.838629E-17
4350.13253211976  9.884301E-17
4354.87802505494  8.474571E-17
4359.62351799012  5.821376E-17
4364.3690109253  6.259155E-17
4369.11450386048  6.392697E-17
4373.85999679566  8.103566E-17
4378.60548973084  7.667900E-17
4383.35098266602  1.023414E-16
4388.0964756012  7.984961E-17
4392.84196853638  5.142655E-17
4397.58746147156  8.295753E-17
4402.33295440675  9.779758E-17
4407.07844734193  5.770743E-17
4411.82394027711  6.940194E-17
4416.56943321229  9.243884E-17
4421.31492614747  8.480938E-17
4426.06041908265  8.917638E-17
4430.80591201783  9.943340E-17
4435.55140495301  7.012348E-17
4440.29689788819  4.938347E-17
4445.04239082337  6.567442E-17
4449.78788375855  9.007716E-17
4454.53337669373  6.915562E-17
4459.27886962891  7.212645E-17
4464.02436256409  7.626206E-17
4468.76985549928  5.706511E-17
4473.51534843446  4.967112E-17
4478.26084136964  5.198147E-17
4483.00633430482  5.739988E-17
4487.75182724  5.536965E-17
4492.49732017518  5.883891E-17
4497.24281311036  9.999907E-17
4501.98830604554  8.130719E-17
4506.73379898072  5.452954E-17
4511.4792919159  8.675286E-17
4516.22478485108  1.232859E-16
4520.97027778626  1.070186E-16
4525.71577072144  9.432231E-17
4530.46126365662  9.587639E-17
4535.2067565918  8.595525E-17
4539.95224952698  8.230658E-17
4544.69774246217  8.300368E-17
4549.44323539735  6.304937E-17
4554.18872833253  9.058241E-17
4558.93422126771  1.009776E-16
4563.67971420289  9.000160E-17
4568.42520713807  8.145001E-17
4573.17070007325  4.834339E-17
4577.91619300843  5.492682E-17
4582.66168594361  7.428135E-17
4587.40717887879  7.459934E-17
4592.15267181397  6.705601E-17
4596.89816474915  6.374950E-17
4601.64365768433  6.124190E-17
4606.38915061951  6.497253E-17
4611.13464355469  7.696175E-17
4615.88013648988  9.952554E-17
4620.62562942506  1.128547E-16
4625.37112236024  8.913405E-17
4630.11661529542  7.983770E-17
4634.8621082306  5.763314E-17
4639.60760116578  6.074221E-17
4644.35309410096  8.257053E-17
4649.09858703614  8.777188E-17
4653.84407997132  7.714640E-17
4658.5895729065  7.510573E-17
4663.33506584168  7.783578E-17
4668.08055877686  8.161490E-17
4672.82605171204  9.720226E-17
4677.57154464722  1.088210E-16
4682.31703758241  1.071556E-16
4687.06253051759  1.012062E-16
4691.80802345277  7.443520E-17
4696.55351638795  7.124651E-17
4701.29900932313  9.506919E-17
4706.04450225831  9.377234E-17
4710.78999519349  6.796718E-17
4715.53548812867  7.672898E-18
4720.28098106385  2.183818E-17
4725.02647399903  8.277917E-17
4729.77196693421  7.760380E-17
4734.51745986939  7.391157E-17
4739.26295280457  8.993298E-17
4744.00844573975  8.264087E-17
4748.75393867493  8.111209E-17
4753.49943161011  8.902165E-17
4758.2449245453  1.006307E-16
4762.99041748048  9.260423E-17
4767.73591041566  9.780229E-17
4772.48140335084  9.599635E-17
4777.22689628602  8.587872E-17
4781.9723892212  5.377716E-17
4786.71788215638  4.719812E-17
4791.46337509156  7.328309E-17
4796.20886802674  8.408440E-17
4800.95436096192  8.420274E-17
4805.6998538971  7.372489E-17
4810.44534683228  6.755284E-17
4815.19083976746  4.661704E-17
4819.93633270264  6.515074E-17
4824.68182563783  9.457929E-17
4829.42731857301  9.278542E-17
4834.17281150819  8.062493E-17
4838.91830444337  8.361701E-17
4843.66379737855  8.323339E-17
4848.40929031373  7.619567E-17
4853.15478324891  9.129844E-17
4857.90027618409  7.875626E-17
4862.64576911927  5.132007E-17
4867.39126205445  3.068377E-17
4872.13675498963  2.208752E-17
4876.88224792481  4.096153E-17
4881.62774085999  7.418851E-17
4886.37323379517  9.978225E-17
4891.11872673035  1.029340E-16
4895.86421966554  9.713395E-17
4900.60971260071  7.736495E-17
4905.3552055359  8.928499E-17
4910.10069847108  9.538519E-17
4914.84619140626  8.970354E-17
4919.59168434144  7.941097E-17
4924.33717727662  9.769569E-17
4929.0826702118  8.186603E-17
4933.82816314698  8.443940E-17
4938.57365608216  7.780060E-17
4943.31914901734  8.194345E-17
4948.06464195252  7.077253E-17
4952.8101348877  6.852994E-17
4957.55562782288  8.173412E-17
4962.30112075806  9.246197E-17
4967.04661369324  7.778486E-17
4971.79210662843  6.422190E-17
4976.53759956361  5.788234E-17
4981.28309249879  6.306455E-17
4986.02858543397  8.778372E-17
4990.77407836915  8.242726E-17
4995.51957130433  9.299159E-17
5000.26506423951  8.497907E-17
5005.01055717469  9.371290E-17
5009.75605010987  8.920914E-17
5014.50154304505  7.778691E-17
5019.24703598023  7.799889E-17
5023.99252891541  8.598143E-17
5028.73802185059  8.580427E-17
5033.48351478577  7.385462E-17
5038.22900772096  6.444516E-17
5042.97450065614  5.697570E-17
5047.71999359132  7.027258E-17
5052.4654865265  8.584032E-17
5057.21097946168  8.822093E-17
5061.95647239686  9.603805E-17
5066.70196533204  1.034439E-16
5071.44745826722  8.219947E-17
5076.1929512024  7.822280E-17
5080.93844413758  9.668822E-17
5085.68393707276  1.028980E-16
5090.42943000794  9.882959E-17
5095.17492294312  6.879943E-17
5099.9204158783  8.110385E-17
5104.66590881348  9.598898E-17
5109.41140174867  9.379531E-17
5114.15689468385  8.015033E-17
5118.90238761903  8.943170E-17
5123.64788055421  9.696080E-17
5128.39337348939  8.973823E-17
5133.13886642457  8.497725E-17
5137.88435935975  9.135234E-17
5142.62985229493  7.762777E-17
5147.37534523011  7.753376E-17
5152.12083816529  7.215653E-17
5156.86633110047  7.415022E-17
5161.61182403565  7.649559E-17
5166.35731697083  7.065762E-17
5171.10280990601  7.854785E-17
5175.84830284119  7.735392E-17
5180.59379577637  7.878175E-17
5185.33928871156  7.882447E-17
5190.08478164674  8.089916E-17
5194.83027458192  8.899186E-17
5199.5757675171  9.670915E-17
5204.32126045228  8.255778E-17
5209.06675338746  6.326674E-17
5213.81224632264  5.918131E-17
5218.55773925782  6.305248E-17
5223.303232193  4.672647E-17
5228.04872512818  6.714473E-17
5232.79421806336  8.513810E-17
5237.53971099854  7.551181E-17
5242.28520393372  7.738994E-17
5247.0306968689  8.255327E-17
5251.77618980408  9.488315E-17
5256.52168273927  9.160579E-17
5261.26717567445  7.325750E-17
5266.01266860963  8.287291E-17
5270.75816154481  8.763829E-17
5275.50365447999  8.559450E-17
5280.24914741517  7.100843E-17
5284.99464035035  7.722260E-17
5289.74013328553  8.969375E-17
5294.48562622071  8.548352E-17
5299.23111915589  7.620066E-17
5303.97661209107  8.275946E-17
5308.72210502625  9.980988E-17
5313.46759796143  9.690578E-17
5318.21309089661  1.091606E-16
5322.95858383179  1.016851E-16
5327.70407676698  7.441022E-17
5332.44956970216  5.766171E-17
5337.19506263734  7.136992E-17
5341.94055557252  8.876245E-17
5346.6860485077  8.378470E-17
5351.43154144288  7.077570E-17
5356.17703437806  6.883159E-17
5360.92252731324  6.361982E-17
5365.66802024842  6.477444E-17
5370.4135131836  6.696537E-17
5375.15900611878  9.216241E-17
5379.90449905396  9.645850E-17
5384.64999198914  8.855321E-17
5389.39548492432  8.614788E-17
5394.1409778595  8.779613E-17
5398.88647079468  8.651366E-17
5403.63196372987  7.931210E-17
5408.37745666505  1.038513E-16
5413.12294960023  1.162746E-16
5417.86844253541  9.705178E-17
5422.61393547059  8.608320E-17
5427.35942840577  9.594957E-17
5432.10492134095  9.490170E-17
5436.85041427613  7.174792E-17
5441.59590721131  8.137695E-17
5446.34140014649  9.463185E-17
5451.08689308167  8.326288E-17
5455.83238601685  1.022494E-16
5460.57787895203  1.051970E-16
5465.32337188721  8.089501E-17
5470.0688648224  7.595676E-17
5474.81435775758  9.477373E-17
5479.55985069276  8.951360E-17
5484.30534362794  8.683359E-17
5489.05083656312  1.081731E-16
5493.7963294983  9.473456E-17
5498.54182243348  7.508089E-17
5503.28731536866  7.637811E-17
5508.03280830384  8.868287E-17
5512.77830123902  9.792615E-17
5517.5237941742  6.418631E-17
5522.26928710938  5.688394E-17
5527.01478004456  7.217997E-17
5531.76027297975  6.685262E-17
5536.50576591493  7.775921E-17
5541.25125885011  9.038700E-17
5545.99675178529  9.112461E-17
5550.74224472047  7.684365E-17
5555.48773765565  7.926547E-17
5560.23323059083  9.700461E-17
5564.97872352601  1.083627E-16
5569.72421646119  1.350748E-16
5574.46970939637  1.228957E-16
5579.21520233155  8.209658E-17
5583.96069526673  3.788030E-17
5588.70618820191  4.902554E-17
5593.45168113709  8.374075E-17
5598.19717407227  8.892435E-17
5602.94266700745  7.949664E-17
5607.68815994264  8.113613E-17
5612.43365287782  9.877392E-17
5617.179145813  9.908124E-17
5621.92463874818  7.950001E-17
5626.67013168336  7.279080E-17
5631.41562461854  7.735221E-17
5636.16111755372  8.414116E-17
5640.9066104889  9.177825E-17
5645.65210342408  9.589256E-17
5650.39759635926  8.666951E-17
5655.14308929444  7.530698E-17
5659.88858222962  9.437654E-17
5664.6340751648  1.001222E-16
5669.37956809998  8.215363E-17
5674.12506103516  9.586292E-17
5678.87055397035  1.089954E-16
5683.61604690553  8.610130E-17
5688.36153984071  6.999506E-17
5693.10703277589  7.558182E-17
5697.85252571107  6.517248E-17
5702.59801864625  7.394685E-17
5707.34351158143  8.507496E-17
5712.08900451661  9.420485E-17
5716.83449745179  9.819335E-17
5721.57999038697  1.057496E-16
5726.32548332215  8.944668E-17
5731.07097625733  9.292979E-17
5735.81646919251  7.978586E-17
5740.56196212769  8.828221E-17
5745.30745506287  1.036090E-16
5750.05294799806  8.105782E-17
5754.79844093324  7.015446E-17
5759.54393386842  8.671802E-17
5764.2894268036  9.690136E-17
5769.03491973878  9.983073E-17
5773.78041267396  8.540852E-17
5778.52590560914  5.573855E-17
5783.27139854432  7.323995E-17
5788.0168914795  1.049490E-16
5792.76238441468  9.611174E-17
5797.50787734986  7.885099E-17
5802.25337028504  7.155654E-17
5806.99886322022  7.290336E-17
5811.7443561554  8.981597E-17
5816.48984909059  1.030352E-16
5821.23534202577  1.013189E-16
5825.98083496095  9.634725E-17
5830.72632789613  9.614762E-17
5835.47182083131  9.816620E-17
5840.21731376649  9.073999E-17
5844.96280670167  6.525437E-17
5849.70829963685  7.955781E-17
5854.45379257203  1.060218E-16
5859.19928550721  9.430690E-17
5863.94477844239  8.472362E-17
5868.69027137757  7.682363E-17
5873.43576431275  6.844557E-17
5878.18125724793  8.603607E-17
5882.92675018311  9.092979E-17
5887.67224311829  8.463482E-17
5892.41773605348  9.097246E-17
5897.16322898866  8.246717E-17
5901.90872192384  8.329717E-17
5906.65421485902  7.633847E-17
5911.3997077942  7.367390E-17
5916.14520072938  6.704436E-17
5920.89069366456  6.665417E-17
5925.63618659974  8.028456E-17
5930.38167953492  7.303285E-17
5935.1271724701  7.836836E-17
5939.87266540528  8.656214E-17
5944.61815834046  8.507825E-17
5949.36365127564  8.748727E-17
5954.10914421082  7.495340E-17
5958.854637146  9.011519E-17
5963.60013008118  1.082808E-16
5968.34562301637  1.068728E-16
5973.09111595155  1.070449E-16
5977.83660888673  9.742386E-17
5982.58210182191  9.122846E-17
5987.32759475709  9.025460E-17
5992.07308769227  7.159018E-17
5996.81858062745  6.245388E-17
6001.56407356263  7.114461E-17
6006.30956649781  8.381646E-17
6011.05505943299  1.005242E-16
6015.80055236817  1.007123E-16
6020.54604530335  6.258217E-17
6025.29153823853  7.514618E-17
6030.03703117371  9.085426E-17
6034.7825241089  8.950434E-17
6039.52801704408  8.892281E-17
6044.27350997926  7.730201E-17
6049.01900291444  9.202211E-17
6053.76449584962  8.067481E-17
6058.5099887848  8.225234E-17
6063.25548171998  1.027840E-16
6068.00097465516  8.943164E-17
6072.74646759034  8.536254E-17
6077.49196052552  9.417398E-17
6082.2374534607  9.473508E-17
6086.98294639588  8.874618E-17
6091.72843933106  6.708228E-17
6096.47393226624  8.224149E-17
6101.21942520143  1.031634E-16
6105.96491813661  9.222558E-17
6110.71041107179  8.335340E-17
6115.45590400697  7.251063E-17
6120.20139694215  5.897755E-17
6124.94688987733  8.081093E-17
6129.69238281251  8.439662E-17
6134.43787574769  8.526867E-17
6139.18336868287  7.947134E-17
6143.92886161805  8.289540E-17
6148.67435455323  8.277884E-17
6153.41984748841  9.014266E-17
6158.16534042359  8.359870E-17
6162.91083335877  6.489203E-17
6167.65632629395  6.511147E-17
6172.40181922913  7.846720E-17
6177.14731216432  9.351814E-17
6181.8928050995  7.893994E-17
6186.63829803468  5.896075E-17
6191.38379096986  8.601222E-17
6196.12928390504  7.883138E-17
6200.87477684022  6.524553E-17
6205.6202697754  8.260836E-17
6210.36576271058  1.010383E-16
6215.11125564576  8.838028E-17
6219.85674858094  7.583741E-17
6224.60224151612  7.691370E-17
6229.3477344513  8.498379E-17
6234.09322738648  8.616455E-17
6238.83872032166  8.619054E-17
6243.58421325684  8.132415E-17
6248.32970619203  7.276864E-17
6253.07519912721  7.275376E-17
6257.82069206239  6.844992E-17
6262.56618499757  5.868561E-17
6267.31167793275  6.447711E-17
6272.05717086793  6.972945E-17
6276.80266380311  6.535648E-17
6281.54815673829  7.585176E-17
6286.29364967347  8.350532E-17
6291.03914260865  9.104394E-17
6295.78463554383  1.224177E-16
6300.53012847901  1.183766E-16
6305.27562141419  5.208421E-17
6310.02111434937  5.578103E-17
6314.76660728456  7.037129E-17
6319.51210021973  7.063014E-17
6324.25759315492  6.965669E-17
6329.0030860901  7.313453E-17
6333.74857902528  7.759882E-17
6338.49407196046  6.948285E-17
6343.23956489564  6.440353E-17
6347.98505783082  7.600299E-17
6352.730550766  8.390354E-17
6357.47604370118  8.426228E-17
6362.22153663636  8.645383E-17
6366.96702957154  7.184366E-17
6371.71252250672  5.693875E-17
6376.4580154419  7.256535E-17
6381.20350837708  6.933691E-17
6385.94900131226  8.430733E-17
6390.69449424744  8.436095E-17
6395.43998718263  5.802468E-17
6400.18548011781  7.316787E-17
6404.93097305299  8.261410E-17
6409.67646598817  6.538759E-17
6414.42195892335  6.759132E-17
6419.16745185853  7.655547E-17
6423.91294479371  8.487176E-17
6428.65843772889  8.501361E-17
6433.40393066407  7.362526E-17
6438.14942359925  7.882831E-17
6442.89491653443  7.360561E-17
6447.64040946961  6.952918E-17
6452.38590240479  7.018587E-17
6457.13139533997  7.448286E-17
6461.87688827516  8.243859E-17
6466.62238121034  7.700156E-17
6471.36787414552  7.012094E-17
6476.1133670807  7.097762E-17
6480.85886001588  6.984135E-17
6485.60435295106  7.391087E-17
6490.34984588624  7.611267E-17
6495.09533882142  7.665542E-17
6499.8408317566  7.782958E-17
6504.58632469178  7.724874E-17
6509.33181762696  7.543867E-17
6514.07731056214  7.245171E-17
6518.82280349732  6.821736E-17
6523.5682964325  6.671100E-17
6528.31378936768  7.471980E-17
6533.05928230287  5.430422E-17
6537.80477523805  5.960943E-17
6542.55026817323  7.924378E-17
6547.29576110841  7.977419E-17
6552.04125404359  7.735329E-17
6556.78674697877  4.733145E-17
6561.53223991395  4.338353E-17
6566.27773284913  4.548939E-17
6571.02322578431  2.851739E-17
6575.76871871949  2.639037E-17
6580.51421165467  3.208283E-17
6585.25970458985  4.062916E-17
6590.00519752503  9.233928E-17
6594.75069046021  1.652590E-16
6599.4961833954  1.904324E-16
6604.24167633058  1.652887E-16
6608.98716926576  1.077967E-16
6613.73266220094  9.366415E-17
6618.47815513612  9.077117E-17
6623.2236480713  7.136328E-17
6627.96914100648  6.711258E-17
6632.71463394166  7.274723E-17
6637.46012687684  6.452757E-17
6642.20561981202  5.360798E-17
6646.9511127472  5.241711E-17
6651.69660568238  6.886726E-17
6656.44209861756  7.590362E-17
6661.18759155274  6.763414E-17
6665.93308448792  6.940888E-17
6670.67857742311  7.100588E-17
6675.42407035829  8.271083E-17
6680.16956329347  7.487987E-17
6684.91505622865  6.625491E-17
6689.66054916383  5.397284E-17
6694.40604209901  5.632893E-17
6699.15153503419  6.441483E-17
6703.89702796937  7.340210E-17
6708.64252090455  7.299247E-17
6713.38801383973  8.538241E-17
6718.13350677491  8.825169E-17
6722.87899971009  7.939569E-17
6727.62449264527  7.363187E-17
6732.36998558045  6.385998E-17
6737.11547851563  6.243637E-17
6741.86097145082  6.742044E-17
6746.606464386  6.797737E-17
6751.35195732118  6.846398E-17
6756.09745025636  7.473217E-17
6760.84294319154  8.231030E-17
6765.58843612672  7.677901E-17
6770.3339290619  7.151786E-17
6775.07942199708  7.769128E-17
6779.82491493226  7.060290E-17
6784.57040786744  6.611656E-17
6789.31590080262  7.351427E-17
6794.0613937378  7.646998E-17
6798.80688667298  6.716726E-17
6803.55237960816  6.671759E-17
6808.29787254334  7.114129E-17
6813.04336547853  5.581648E-17
6817.78885841371  6.090031E-17
6822.53435134889  8.304206E-17
6827.27984428407  8.439315E-17
6832.02533721925  7.732553E-17
6836.77083015443  7.619638E-17
6841.51632308961  7.848669E-17
6846.26181602479  8.125292E-17
6851.00730895997  8.083991E-17
6855.75280189515  7.439265E-17
6860.49829483033  7.002263E-17
6865.24378776551  7.003801E-17
6869.98928070069  7.455456E-17
6874.73477363587  7.275484E-17
6879.48026657105  5.933356E-17
6884.22575950624  5.519412E-17
6888.97125244142  6.177751E-17
6893.7167453766  8.081219E-17
6898.46223831178  9.071798E-17
6903.20773124696  8.078623E-17
6907.95322418214  6.539062E-17
6912.69871711732  6.260943E-17
6917.4442100525  7.176130E-17
6922.18970298768  7.074724E-17
6926.93519592286  6.894460E-17
6931.68068885804  7.735182E-17
6936.42618179322  7.351082E-17
6941.1716747284  7.000715E-17
6945.91716766358  7.439973E-17
6950.66266059876  6.816026E-17
6955.40815353395  7.486239E-17
6960.15364646913  6.911755E-17
6964.89913940431  5.875911E-17
6969.64463233949  7.223398E-17
6974.39012527467  6.736778E-17
6979.13561820985  5.621197E-17
6983.88111114503  4.980716E-17
6988.62660408021  6.122368E-17
6993.37209701539  7.146801E-17
6998.11758995057  6.452497E-17
7002.86308288575  5.683316E-17
7007.60857582093  6.174024E-17
7012.35406875611  6.534589E-17
7017.09956169129  6.065784E-17
7021.84505462647  6.569406E-17
7026.59054756166  7.510468E-17
7031.33604049684  7.362771E-17
7036.08153343202  6.303798E-17
7040.8270263672  5.618724E-17
7045.57251930238  5.926777E-17
7050.31801223756  5.333901E-17
7055.06350517274  4.765822E-17
7059.80899810792  6.508127E-17
7064.5544910431  6.707942E-17
7069.29998397828  6.490850E-17
7074.04547691346  6.685828E-17
7078.79096984864  6.093328E-17
7083.53646278382  6.718758E-17
7088.281955719  6.690191E-17
7093.02744865418  6.940385E-17
7097.77294158936  6.408637E-17
7102.51843452455  5.952670E-17
7107.26392745973  6.510195E-17
7112.00942039491  7.010965E-17
7116.75491333009  6.582285E-17
7121.50040626527  6.226286E-17
7126.24589920045  6.298106E-17
7130.99139213563  5.984859E-17
7135.73688507081  6.467349E-17
7140.48237800599  7.409502E-17
7145.22787094117  6.680712E-17
7149.97336387635  5.738272E-17
7154.71885681153  6.302730E-17
7159.46434974671  7.042955E-17
7164.20984268189  7.038520E-17
7168.95533561708  6.422155E-17
7173.70082855225  4.872823E-17
7178.44632148744  5.472630E-17
7183.19181442262  6.845696E-17
7187.9373073578  7.045490E-17
7192.68280029298  5.629615E-17
7197.42829322816  5.386810E-17
7202.17378616334  6.205776E-17
7206.91927909852  6.148417E-17
7211.6647720337  5.402814E-17
7216.41026496888  5.351385E-17
7221.15575790406  6.954143E-17
7225.90125083924  6.558087E-17
7230.64674377442  6.193453E-17
7235.3922367096  6.746852E-17
7240.13772964478  6.288179E-17
7244.88322257997  6.370985E-17
7249.62871551515  6.975983E-17
7254.37420845033  5.724235E-17
7259.11970138551  5.335155E-17
7263.86519432069  5.648532E-17
7268.61068725587  5.529013E-17
7273.35618019105  5.450710E-17
7278.10167312623  4.899260E-17
7282.84716606141  5.543410E-17
7287.59265899659  6.274830E-17
7292.33815193177  5.772823E-17
7297.08364486695  5.309144E-17
7301.82913780213  6.241454E-17
7306.57463073731  7.019970E-17
7311.3201236725  6.031082E-17
7316.06561660768  5.976090E-17
7320.81110954286  6.773596E-17
7325.55660247804  6.844874E-17
7330.30209541322  6.988322E-17
7335.0475883484  6.476215E-17
7339.79308128358  5.918779E-17
7344.53857421876  6.624648E-17
7349.28406715394  5.769406E-17
7354.02956008912  5.332914E-17
7358.7750530243  5.695086E-17
7363.52054595948  5.928538E-17
7368.26603889466  6.618241E-17
7373.01153182984  7.353034E-17
7377.75702476502  6.870025E-17
7382.50251770021  6.263788E-17
7387.24801063538  5.886991E-17
7391.99350357057  5.679151E-17
7396.73899650575  6.380856E-17
7401.48448944093  6.971265E-17
7406.22998237611  6.320431E-17
7410.97547531129  5.506857E-17
7415.72096824647  5.334481E-17
7420.46646118165  6.057802E-17
7425.21195411683  6.173672E-17
7429.95744705201  6.286718E-17
7434.70293998719  6.666063E-17
7439.44843292237  7.324607E-17
7444.19392585755  7.039299E-17
7448.93941879273  6.463565E-17
7453.68491172792  5.743119E-17
7458.4304046631  5.445606E-17
7463.17589759828  5.239897E-17
7467.92139053346  4.506124E-17
7472.66688346864  5.324198E-17
7477.41237640382  5.544010E-17
7482.157869339  5.165841E-17
7486.90336227418  6.271272E-17
7491.64885520936  6.702425E-17
7496.39434814454  6.540406E-17
7501.13984107972  6.183970E-17
7505.8853340149  6.484018E-17
7510.63082695008  6.388420E-17
7515.37631988526  6.340073E-17
7520.12181282044  6.405292E-17
7524.86730575563  5.353315E-17
7529.6127986908  5.159698E-17
7534.35829162599  5.520568E-17
7539.10378456117  3.257003E-17
7543.84927749635  3.240933E-17
7548.59477043153  7.094155E-17
7553.34026336671  6.534378E-17
7558.08575630189  5.616230E-17
7562.83124923707  6.871918E-17
7567.57674217225  7.167678E-17
7572.32223510743  5.770681E-17
7577.06772804261  5.096527E-17
7581.81322097779  6.861007E-17
7586.55871391297  7.832982E-17
7591.30420684815  5.002653E-17
7596.04969978333  3.218013E-17
7600.79519271851  4.212492E-17
7605.5406856537  3.084005E-17
7610.28617858888  3.448498E-17
7615.03167152406  5.160242E-17
7619.77716445924  4.587105E-17
7624.52265739442  4.003444E-17
7629.2681503296  4.452992E-17
7634.01364326478  4.856414E-17
7638.75913619996  4.919115E-17
7643.50462913514  4.630289E-17
7648.25012207032  5.413685E-17
7652.9956150055  7.007333E-17
7657.74110794068  7.221820E-17
7662.48660087586  7.213480E-17
7667.23209381105  5.673394E-17
7671.97758674623  4.444691E-17
7676.72307968141  5.476989E-17
7681.46857261659  5.934441E-17
7686.21406555177  6.127604E-17
7690.95955848695  6.102408E-17
7695.70505142213  4.573192E-17
7700.45054435731  3.931713E-17
7705.19603729249  4.685650E-17
7709.94153022767  5.363597E-17
7714.68702316285  6.774622E-17
7719.43251609803  7.336228E-17
7724.17800903321  6.519674E-17
7728.92350196839  5.828179E-17
7733.66899490357  5.099274E-17
7738.41448783876  4.316429E-17
7743.15998077394  5.755781E-17
7747.90547370912  4.292073E-17
7752.6509666443  3.927254E-17
7757.39645957948  4.772643E-17
7762.14195251466  4.728614E-17
7766.88744544984  5.929213E-17
7771.63293838502  6.546039E-17
7776.3784313202  5.246475E-17
7781.12392425538  4.953934E-17
7785.86941719056  6.624864E-17
7790.61491012574  6.851667E-17
7795.36040306092  4.574177E-17
7800.1058959961  3.494548E-17
7804.85138893128  4.985808E-17
7809.59688186646  5.075534E-17
7814.34237480165  3.787022E-17
7819.08786773683  4.180603E-17
7823.83336067201  4.715467E-17
7828.57885360719  4.602129E-17
7833.32434654237  5.625643E-17
7838.06983947755  5.539534E-17
7842.81533241273  4.259879E-17
7847.56082534791  5.305964E-17
7852.30631828309  6.963011E-17
7857.05181121827  6.758770E-17
7861.79730415345  6.588617E-17
7866.54279708863  6.366560E-17
7871.28829002381  5.875123E-17
7876.03378295899  4.606742E-17
7880.77927589417  3.483246E-17
7885.52476882935  3.559419E-17
7890.27026176454  4.231525E-17
7895.01575469972  4.525447E-17
7899.7612476349  4.846777E-17
7904.50674057008  6.499229E-17
7909.25223350526  6.837677E-17
7913.99772644044  5.922794E-17
7918.74321937562  5.354807E-17
7923.4887123108  5.188303E-17
7928.23420524598  5.185613E-17
7932.97969818116  5.249456E-17
7937.72519111634  5.287425E-17
7942.47068405152  5.697400E-17
7947.2161769867  6.151186E-17
7951.96166992188  6.062673E-17
7956.70716285706  5.486446E-17
7961.45265579225  5.113574E-17
7966.19814872743  5.742168E-17
7970.94364166261  5.330685E-17
7975.68913459779  4.885939E-17
7980.43462753297  4.330524E-17
7985.18012046815  5.063526E-17
7989.92561340333  6.894497E-17
7994.67110633851  6.464999E-17
7999.41659927369  5.039704E-17
8004.16209220887  5.296770E-17
8008.90758514405  4.796978E-17
8013.65307807923  1.467052E-17
8018.39857101441  -1.397473E-17
8023.14406394959  8.940049E-18
8027.88955688478  4.876602E-17
8032.63504981996  4.385099E-17
8037.38054275514  5.800717E-17
8042.12603569032  6.219864E-17
8046.8715286255  4.351618E-17
8051.61702156068  4.607935E-17
8056.36251449586  5.839615E-17
8061.10800743104  6.505521E-17
8065.85350036622  6.699874E-17
8070.5989933014  5.975989E-17
8075.34448623658  5.429766E-17
8080.08997917176  5.358130E-17
8084.83547210694  5.930233E-17
8089.58096504212  5.793803E-17
8094.3264579773  5.317002E-17
8099.07195091249  5.460224E-17
8103.81744384767  6.033650E-17
8108.56293678285  5.981426E-17
8113.30842971803  6.010226E-17
8118.05392265321  6.124267E-17
8122.79941558839  6.626695E-17
8127.54490852357  5.755525E-17
8132.29040145875  4.515105E-17
8137.03589439393  6.063060E-17
8141.78138732911  5.994659E-17
8146.52688026429  5.930555E-17
8151.27237319947  5.500334E-17
8156.01786613465  4.654616E-17
8160.76335906983  4.433288E-17
8165.50885200502  4.010172E-17
8170.25434494019  4.218604E-17
8174.99983787538  3.567309E-17
