3648.39727402     2.75545e-16     
3653.91675765     2.34746e-16     
3659.43624128     2.32048e-16     
3664.95572491     2.79769e-16     
3670.47520854     2.28492e-16     
3675.99469217     1.91422e-16     
3681.5141758      2.19339e-16     
3687.03365943     2.30742e-16     
3692.55314306     2.6597e-16      
3698.07262669     2.01851e-16     
3703.59211032     2.6577e-16      
3709.11159395     2.60229e-16     
3714.63107758     2.67486e-16     
3720.15056121     2.53818e-16     
3725.67004484     2.0999e-16      
3731.18952847     2.57783e-16     
3736.7090121      2.43035e-16     
3742.22849573     1.96606e-16     
3747.74797936     2.57338e-16     
3753.26746299     2.22678e-16     
3758.78694662     2.53894e-16     
3764.30643025     2.59277e-16     
3769.82591389     2.62979e-16     
3775.34539752     2.53209e-16     
3780.86488115     2.60081e-16     
3786.38436478     2.63033e-16     
3791.90384841     2.86859e-16     
3797.42333204     2.58034e-16     
3802.94281567     2.10021e-16     
3808.4622993      2.40532e-16     
3813.98178293     2.59451e-16     
3819.50126656     1.9555e-16      
3825.02075019     3.09196e-16     
3830.54023382     2.57814e-16     
3836.05971745     2.24519e-16     
3841.57920108     2.89433e-16     
3847.09868471     2.94709e-16     
3852.61816834     2.42976e-16     
3858.13765197     2.62236e-16     
3863.6571356      3.02965e-16     
3869.17661923     2.66205e-16     
3874.69610286     3.01013e-16     
3880.21558649     2.79881e-16     
3885.73507012     2.49806e-16     
3891.25455375     2.86653e-16     
3896.77403738     2.2729e-16      
3902.29352101     2.34331e-16     
3907.81300464     1.8708e-16      
3913.33248827     2.86433e-16     
3918.8519719      2.4473e-16      
3924.37145553     2.60611e-16     
3929.89093916     2.9867e-16      
3935.41042279     2.12251e-16     
3940.92990642     2.61367e-16     
3946.44939005     2.99845e-16     
3951.96887368     2.53429e-16     
3957.48835731     2.70326e-16     
3963.00784094     2.89646e-16     
3968.52732457     2.66959e-16     
3974.0468082      3.08863e-16     
3979.56629183     2.78358e-16     
3985.08577546     3.20791e-16     
3990.60525909     2.87081e-16     
3996.12474272     3.18777e-16     
4001.64422636     2.4343e-16      
4007.16370999     2.26865e-16     
4012.68319362     2.84702e-16     
4018.20267725     3.18366e-16     
4023.72216088     2.03821e-16     
4029.24164451     2.70948e-16     
4034.76112814     2.86002e-16     
4040.28061177     2.95956e-16     
4045.8000954      3.1684e-16      
4051.31957903     2.65277e-16     
4056.83906266     2.53794e-16     
4062.35854629     2.83362e-16     
4067.87802992     2.60873e-16     
4073.39751355     3.42459e-16     
4078.91699718     2.69909e-16     
4084.43648081     2.44612e-16     
4089.95596444     2.1149e-16      
4095.47544807     3.21595e-16     
4100.9949317      2.51709e-16     
4106.51441533     2.32049e-16     
4112.03389896     3.14974e-16     
4117.55338259     2.68256e-16     
4123.07286622     2.79725e-16     
4128.59234985     2.47506e-16     
4134.11183348     2.4871e-16      
4139.63131711     2.92432e-16     
4145.15080074     2.37821e-16     
4150.67028437     2.88784e-16     
4156.189768       2.46471e-16     
4161.70925163     2.52596e-16     
4167.22873526     3.12114e-16     
4172.74821889     2.63078e-16     
4178.26770252     3.02857e-16     
4183.78718615     2.55679e-16     
4189.30666978     2.66865e-16     
4194.82615341     2.69744e-16     
4200.34563704     3.02945e-16     
4205.86512067     2.65061e-16     
4211.3846043      2.51818e-16     
4216.90408793     2.74573e-16     
4222.42357156     2.77102e-16     
4227.94305519     2.86713e-16     
4233.46253883     2.89236e-16     
4238.98202246     2.75194e-16     
4244.50150609     2.39256e-16     
4250.02098972     2.88539e-16     
4255.54047335     2.71976e-16     
4261.05995698     3.1351e-16      
4266.57944061     2.68048e-16     
4272.09892424     2.86789e-16     
4277.61840787     2.55951e-16     
4283.1378915      2.7204e-16      
4288.65737513     2.49246e-16     
4294.17685876     2.44613e-16     
4299.69634239     2.71333e-16     
4305.21582602     3.02044e-16     
4310.73530965     3.03499e-16     
4316.25479328     2.81793e-16     
4321.77427691     2.83706e-16     
4327.29376054     3.03276e-16     
4332.81324417     2.81185e-16     
4338.3327278      2.75973e-16     
4343.85221143     2.47352e-16     
4349.37169506     2.59642e-16     
4354.89117869     2.66837e-16     
4360.41066232     2.84322e-16     
4365.93014595     2.94042e-16     
4371.44962958     2.65555e-16     
4376.96911321     3.04193e-16     
4382.48859684     2.70427e-16     
4388.00808047     3.1413e-16      
4393.5275641      2.81851e-16     
4399.04704773     3.05078e-16     
4404.56653136     2.8914e-16      
4410.08601499     2.71296e-16     
4415.60549862     2.86023e-16     
4421.12498225     2.51951e-16     
4426.64446588     2.72672e-16     
4432.16394951     2.37131e-16     
4437.68343314     2.81211e-16     
4443.20291677     2.62406e-16     
4448.7224004      2.7256e-16      
4454.24188403     2.93533e-16     
4459.76136766     2.81689e-16     
4465.2808513      2.9167e-16      
4470.80033493     2.79168e-16     
4476.31981856     2.81596e-16     
4481.83930219     3.09695e-16     
4487.35878582     2.78674e-16     
4492.87826945     2.81171e-16     
4498.39775308     2.88848e-16     
4503.91723671     3.09942e-16     
4509.43672034     2.35363e-16     
4514.95620397     2.83288e-16     
4520.4756876      2.67834e-16     
4525.99517123     3.31552e-16     
4531.51465486     3.26039e-16     
4537.03413849     2.97933e-16     
4542.55362212     3.04303e-16     
4548.07310575     3.07326e-16     
4553.59258938     2.63389e-16     
4559.11207301     2.89935e-16     
4564.63155664     2.97376e-16     
4570.15104027     2.80098e-16     
4575.6705239      2.65639e-16     
4581.19000753     3.10871e-16     
4586.70949116     3.16292e-16     
4592.22897479     2.98105e-16     
4597.74845842     2.76816e-16     
4603.26794205     2.85511e-16     
4608.78742568     2.43855e-16     
4614.30690931     2.79505e-16     
4619.82639294     2.80506e-16     
4625.34587657     2.89699e-16     
4630.8653602      2.43513e-16     
4636.38484383     2.50227e-16     
4641.90432746     2.70226e-16     
4647.42381109     2.88732e-16     
4652.94329472     2.57234e-16     
4658.46277835     2.73375e-16     
4663.98226198     2.43982e-16     
4669.50174561     3.05628e-16     
4675.02122924     2.81836e-16     
4680.54071287     2.75404e-16     
4686.0601965      2.83263e-16     
4691.57968013     2.66186e-16     
4697.09916376     2.86885e-16     
4702.6186474      3.1185e-16      
4708.13813103     2.75931e-16     
4713.65761466     2.7876e-16      
4719.17709829     2.98478e-16     
4724.69658192     3.06617e-16     
4730.21606555     2.99803e-16     
4735.73554918     2.70389e-16     
4741.25503281     2.96535e-16     
4746.77451644     2.46142e-16     
4752.29400007     2.44165e-16     
4757.8134837      2.96525e-16     
4763.33296733     2.47254e-16     
4768.85245096     2.97647e-16     
4774.37193459     2.59138e-16     
4779.89141822     2.54035e-16     
4785.41090185     2.78137e-16     
4790.93038548     2.62381e-16     
4796.44986911     2.66698e-16     
4801.96935274     2.65953e-16     
4807.48883637     2.59564e-16     
4813.00832        2.75254e-16     
4818.52780363     2.64851e-16     
4824.04728726     2.78826e-16     
4829.56677089     2.94976e-16     
4835.08625452     2.92603e-16     
4840.60573815     2.78152e-16     
4846.12522178     2.51332e-16     
4851.64470541     2.62178e-16     
4857.16418904     2.64744e-16     
4862.68367267     2.71091e-16     
4868.2031563      2.4524e-16      
4873.72263993     2.80882e-16     
4879.24212356     2.62831e-16     
4884.76160719     2.60279e-16     
4890.28109082     2.71901e-16     
4895.80057445     3.08295e-16     
4901.32005808     2.71147e-16     
4906.83954171     2.63406e-16     
4912.35902534     2.73472e-16     
4917.87850897     2.64705e-16     
4923.3979926      3.05789e-16     
4928.91747623     2.93601e-16     
4934.43695987     2.74135e-16     
4939.9564435      2.48959e-16     
4945.47592713     2.53643e-16     
4950.99541076     3.01409e-16     
4956.51489439     2.82322e-16     
4962.03437802     2.63905e-16     
4967.55386165     2.71565e-16     
4973.07334528     2.34856e-16     
4978.59282891     2.96482e-16     
4984.11231254     2.67825e-16     
4989.63179617     2.43357e-16     
4995.1512798      3.08404e-16     
5000.67076343     2.56665e-16     
5006.19024706     2.67162e-16     
5011.70973069     2.71292e-16     
5017.22921432     2.63109e-16     
5022.74869795     2.43273e-16     
5028.26818158     2.72148e-16     
5033.78766521     2.70185e-16     
5039.30714884     2.63704e-16     
5044.82663247     2.66688e-16     
5050.3461161      2.67668e-16     
5055.86559973     2.75806e-16     
5061.38508336     2.85315e-16     
5066.90456699     2.9095e-16      
5072.42405062     2.53466e-16     
5077.94353425     2.75962e-16     
5083.46301788     2.42236e-16     
5088.98250151     2.51034e-16     
5094.50198514     2.81536e-16     
5100.02146877     2.72613e-16     
5105.5409524      2.63981e-16     
5111.06043603     2.73387e-16     
5116.57991966     2.58159e-16     
5122.09940329     2.81553e-16     
5127.61888692     2.85992e-16     
5133.13837055     2.573e-16       
5138.65785418     3.02461e-16     
5144.17733781     2.54048e-16     
5149.69682144     2.86806e-16     
5155.21630507     2.63147e-16     
5160.7357887      2.52225e-16     
5166.25527234     2.77357e-16     
5171.77475597     2.51255e-16     
5177.2942396      2.64642e-16     
5182.81372323     2.78344e-16     
5188.33320686     2.52153e-16     
5193.85269049     2.61413e-16     
5199.37217412     2.44745e-16     
5204.89165775     2.99077e-16     
5210.41114138     2.27244e-16     
5215.93062501     2.87531e-16     
5221.45010864     2.62016e-16     
5226.96959227     2.70981e-16     
5232.4890759      2.4233e-16      
5238.00855953     2.69326e-16     
5243.52804316     2.58599e-16     
5249.04752679     2.48857e-16     
5254.56701042     2.91908e-16     
5260.08649405     2.81234e-16     
5265.60597768     2.4547e-16      
5271.12546131     2.2417e-16      
5276.64494494     2.43298e-16     
5282.16442857     2.52508e-16     
5287.6839122      2.40686e-16     
5293.20339583     2.30837e-16     
5298.72287946     2.49438e-16     
5304.24236309     2.26256e-16     
5309.76184672     2.50889e-16     
5315.28133035     2.37265e-16     
5320.80081398     2.5523e-16      
5326.32029761     2.5037e-16      
5331.83978124     2.83901e-16     
5337.35926487     2.75015e-16     
5342.8787485      2.64517e-16     
5348.39823213     2.49094e-16     
5353.91771576     2.53671e-16     
5359.43719939     2.40156e-16     
5364.95668302     2.74297e-16     
5370.47616665     2.57558e-16     
5375.99565028     2.63957e-16     
5381.51513391     2.58261e-16     
5387.03461754     2.51823e-16     
5392.55410117     2.49698e-16     
5398.07358481     2.7534e-16      
5403.59306844     2.60545e-16     
5409.11255207     2.32593e-16     
5414.6320357      2.58312e-16     
5420.15151933     2.638e-16       
5425.67100296     2.67949e-16     
5431.19048659     2.45822e-16     
5436.70997022     2.50764e-16     
5442.22945385     2.51498e-16     
5447.74893748     2.48485e-16     
5453.26842111     2.2794e-16      
5458.78790474     2.341e-16       
5464.30738837     2.31787e-16     
5469.826872       2.44262e-16     
5475.34635563     2.79789e-16     
5480.86583926     2.60011e-16     
5486.38532289     2.47885e-16     
5491.90480652     2.51436e-16     
5497.42429015     2.71635e-16     
5502.94377378     2.47182e-16     
5508.46325741     2.53775e-16     
5513.98274104     2.8115e-16      
5519.50222467     2.60011e-16     
5525.0217083      2.69113e-16     
5530.54119193     2.65778e-16     
5536.06067556     2.41422e-16     
5541.58015919     2.68566e-16     
5547.09964282     2.50368e-16     
5552.61912645     2.21711e-16     
5558.13861008     2.63154e-16     
5563.65809371     2.46907e-16     
5569.17757734     2.399e-16       
5574.69706097     2.58567e-16     
5580.2165446      2.73147e-16     
5585.73602823     2.70057e-16     
5591.25551186     2.50781e-16     
5596.77499549     2.50024e-16     
5602.29447912     2.50161e-16     
5607.81396275     2.24996e-16     
5613.33344638     2.38697e-16     
5618.85293001     2.46445e-16     
5624.37241364     2.42698e-16     
5629.89189727     2.32358e-16     
5635.41138091     2.2851e-16      
5640.93086454     2.14053e-16     
5646.45034817     2.11093e-16     
5651.9698318      2.2933e-16      
5657.48931543     2.23816e-16     
5663.00879906     2.38085e-16     
5668.52828269     2.2358e-16      
5674.04776632     2.47747e-16     
5679.56724995     2.44452e-16     
5685.08673358     2.33155e-16     
5690.60621721     2.04231e-16     
5696.12570084     2.19552e-16     
5701.64518447     2.43486e-16     
5707.1646681      2.11989e-16     
5712.68415173     1.98901e-16     
5718.20363536     2.25979e-16     
5723.72311899     1.90449e-16     
5729.24260262     2.41973e-16     
5734.76208625     2.45142e-16     
5740.28156988     2.22252e-16     
5745.80105351     2.49728e-16     
5751.32053714     2.4355e-16      
5756.84002077     1.84427e-16     
5762.3595044      2.232e-16       
5767.87898803     2.2864e-16      
5773.39847166     2.16972e-16     
5778.91795529     2.02315e-16     
5784.43743892     2.071e-16       
5789.95692255     2.23193e-16     
5795.47640618     2.29876e-16     
5800.99588981     2.35538e-16     
5806.51537344     2.30944e-16     
5812.03485707     2.10398e-16     
5817.5543407      2.37622e-16     
5823.07382433     1.76212e-16     
5828.59330796     2.21816e-16     
5834.11279159     2.45915e-16     
5839.63227522     2.21188e-16     
5845.15175885     2.27177e-16     
5850.67124248     2.19263e-16     
5856.19072611     2.31371e-16     
5861.71020974     2.12377e-16     
5867.22969338     2.18485e-16     
5872.74917701     2.14307e-16     
5878.26866064     2.16868e-16     
5883.78814427     2.40715e-16     
5889.3076279      2.78904e-16     
5894.82711153     2.38294e-16     
5900.34659516     1.98105e-16     
5905.86607879     2.34069e-16     
5911.38556242     2.26342e-16     
5916.90504605     2.32053e-16     
5922.42452968     2.2567e-16      
5927.94401331     2.09916e-16     
5933.46349694     2.49318e-16     
5938.98298057     2.76853e-16     
5944.5024642      1.94895e-16     
5950.02194783     2.46647e-16     
5955.54143146     2.42146e-16     
5961.06091509     1.93422e-16     
5966.58039872     2.0782e-16      
5972.09988235     1.80059e-16     
5977.61936598     2.08105e-16     
5983.13884961     2.25942e-16     
5988.65833324     2.17975e-16     
5994.17781687     2.11775e-16     
5999.6973005      2.27244e-16     
6005.21678413     2.47368e-16     
6010.73626776     2.23272e-16     
6016.25575139     2.28142e-16     
6021.77523502     2.3365e-16      
6027.29471865     2.25378e-16     
6032.81420228     2.18783e-16     
6038.33368591     2.40313e-16     
6043.85316954     2.41099e-16     
6049.37265317     2.35842e-16     
6054.8921368      2.3533e-16      
6060.41162043     2.25844e-16     
6065.93110406     2.16661e-16     
6071.45058769     2.31851e-16     
6076.97007132     2.3908e-16      
6082.48955495     2.23948e-16     
6088.00903858     2.22796e-16     
6093.52852221     2.40953e-16     
6099.04800585     2.29827e-16     
6104.56748948     1.9971e-16      
6110.08697311     2.06783e-16     
6115.60645674     2.35715e-16     
6121.12594037     2.16455e-16     
6126.645424       2.19511e-16     
6132.16490763     2.33044e-16     
6137.68439126     2.02862e-16     
6143.20387489     1.8775e-16      
6148.72335852     1.99922e-16     
6154.24284215     2.01309e-16     
6159.76232578     2.38311e-16     
6165.28180941     2.23591e-16     
6170.80129304     2.1146e-16      
6176.32077667     2.01144e-16     
6181.8402603      2.06447e-16     
6187.35974393     1.95398e-16     
6192.87922756     2.19374e-16     
6198.39871119     2.06428e-16     
6203.91819482     2.39786e-16     
6209.43767845     1.89349e-16     
6214.95716208     1.87989e-16     
6220.47664571     2.25322e-16     
6225.99612934     1.9007e-16      
6231.51561297     2.07482e-16     
6237.0350966      2.13912e-16     
6242.55458023     2.14852e-16     
6248.07406386     1.9609e-16      
6253.59354749     2.10928e-16     
6259.11303112     1.94166e-16     
6264.63251475     2.21207e-16     
6270.15199838     2.01129e-16     
6275.67148201     1.82357e-16     
6281.19096564     2.1169e-16      
6286.71044927     1.97879e-16     
6292.2299329      2.31669e-16     
6297.74941653     2.23261e-16     
6303.26890016     1.94418e-16     
6308.78838379     2.17477e-16     
6314.30786742     1.84841e-16     
6319.82735105     1.94186e-16     
6325.34683468     2.02303e-16     
6330.86631832     2.00124e-16     
6336.38580195     2.09094e-16     
6341.90528558     1.96199e-16     
6347.42476921     2.26557e-16     
6352.94425284     2.04519e-16     
6358.46373647     1.72668e-16     
6363.9832201      1.97982e-16     
6369.50270373     2.06143e-16     
6375.02218736     2.06467e-16     
6380.54167099     1.85827e-16     
6386.06115462     2.06748e-16     
6391.58063825     2.32219e-16     
6397.10012188     2.12412e-16     
6402.61960551     1.98812e-16     
6408.13908914     2.11634e-16     
6413.65857277     2.32265e-16     
6419.1780564      2.07281e-16     
6424.69754003     1.83104e-16     
6430.21702366     2.08645e-16     
6435.73650729     2.27564e-16     
6441.25599092     2.25101e-16     
6446.77547455     2.0504e-16      
6452.29495818     2.08625e-16     
6457.81444181     2.09602e-16     
6463.33392544     2.35478e-16     
6468.85340907     1.99068e-16     
6474.3728927      2.0127e-16      
6479.89237633     1.74457e-16     
6485.41185996     2.17099e-16     
6490.93134359     1.89254e-16     
6496.45082722     1.98875e-16     
6501.97031085     1.8512e-16      
6507.48979448     2.18349e-16     
6513.00927811     2.02075e-16     
6518.52876174     1.96396e-16     
6524.04824537     2.00056e-16     
6529.567729       1.65927e-16     
6535.08721263     1.54375e-16     
6540.60669626     1.99351e-16     
6546.12617989     1.99521e-16     
6551.64566352     1.98166e-16     
6557.16514715     2.19922e-16     
6562.68463078     1.90574e-16     
6568.20411442     1.82049e-16     
6573.72359805     2.0204e-16      
6579.24308168     1.97775e-16     
6584.76256531     2.05063e-16     
6590.28204894     2.42087e-16     
6595.80153257     2.28961e-16     
6601.3210162      1.78279e-16     
6606.84049983     1.97075e-16     
6612.35998346     1.79102e-16     
6617.87946709     1.83837e-16     
6623.39895072     1.84437e-16     
6628.91843435     1.85054e-16     
6634.43791798     1.99451e-16     
6639.95740161     1.87801e-16     
6645.47688524     1.93901e-16     
6650.99636887     1.57747e-16     
6656.5158525      1.77084e-16     
6662.03533613     2.00835e-16     
6667.55481976     1.52058e-16     
6673.07430339     2.15924e-16     
6678.59378702     1.73714e-16     
6684.11327065     1.79295e-16     
6689.63275428     2.01901e-16     
6695.15223791     1.8523e-16      
6700.67172154     1.92629e-16     
6706.19120517     1.88197e-16     
6711.7106888      1.88713e-16     
6717.23017243     2.15523e-16     
6722.74965606     1.62001e-16     
6728.26913969     1.48174e-16     
6733.78862332     1.88341e-16     
6739.30810695     2.065e-16       
6744.82759058     2.01063e-16     
6750.34707421     1.69291e-16     
6755.86655784     1.72656e-16     
6761.38604147     1.81408e-16     
6766.9055251      2.00083e-16     
6772.42500873     1.8626e-16      
6777.94449236     1.95325e-16     
6783.46397599     1.79364e-16     
6788.98345962     1.35009e-16     
6794.50294325     1.72285e-16     
6800.02242689     1.75291e-16     
6805.54191052     1.74462e-16     
6811.06139415     1.84722e-16     
6816.58087778     1.6663e-16      
6822.10036141     1.58305e-16     
6827.61984504     1.99527e-16     
6833.13932867     2.03195e-16     
6838.6588123      1.87003e-16     
6844.17829593     1.95522e-16     
6849.69777956     1.62981e-16     
6855.21726319     1.82751e-16     
6860.73674682     1.83557e-16     
6866.25623045     1.7344e-16      
6871.77571408     1.68264e-16     
6877.29519771     1.7846e-16      
6882.81468134     1.50765e-16     
6888.33416497     1.8052e-16      
6893.8536486      2.07599e-16     
6899.37313223     1.73133e-16     
6904.89261586     1.68856e-16     
6910.41209949     1.96343e-16     
6915.93158312     1.92012e-16     
6921.45106675     1.74435e-16     
6926.97055038     1.77445e-16     
6932.49003401     1.9791e-16      
6938.00951764     2.00868e-16     
6943.52900127     1.4826e-16      
6949.0484849      1.7636e-16      
6954.56796853     2.01095e-16     
6960.08745216     1.97475e-16     
6965.60693579     2.09804e-16     
6971.12641942     1.64606e-16     
6976.64590305     1.6691e-16      
6982.16538668     1.55684e-16     
6987.68487031     1.97939e-16     
6993.20435394     2.02774e-16     
6998.72383757     1.62907e-16     
7004.2433212      1.7001e-16      
7009.76280483     1.58495e-16     
7015.28228846     1.63695e-16     
7020.80177209     1.65635e-16     
7026.32125572     1.96408e-16     
7031.84073936     1.8822e-16      
7037.36022299     1.34353e-16     
7042.87970662     1.66672e-16     
7048.39919025     1.92861e-16     
7053.91867388     1.67583e-16     
7059.43815751     1.68537e-16     
7064.95764114     1.79552e-16     
7070.47712477     1.96757e-16     
7075.9966084      1.93435e-16     
7081.51609203     1.43581e-16     
7087.03557566     1.51408e-16     
7092.55505929     1.57538e-16     
7098.07454292     1.76684e-16     
7103.59402655     1.87727e-16     
7109.11351018     1.44712e-16     
7114.63299381     1.63136e-16     
7120.15247744     1.57323e-16     
7125.67196107     1.78734e-16     
7131.1914447      1.67959e-16     
7136.71092833     1.83976e-16     
7142.23041196     1.57274e-16     
7147.74989559     1.97671e-16     
7153.26937922     1.64236e-16     
7158.78886285     1.92403e-16     
7164.30834648     1.70639e-16     
7169.82783011     1.63243e-16     
7175.34731374     1.94598e-16     
7180.86679737     1.93017e-16     
7186.386281       1.73755e-16     
7191.90576463     1.73212e-16     
7197.42524826     1.82534e-16     
7202.94473189     1.80997e-16     
7208.46421552     1.81648e-16     
7213.98369915     1.76316e-16     
7219.50318278     1.73648e-16     
7225.02266641     1.70864e-16     
7230.54215004     1.77628e-16     
7236.06163367     2.04053e-16     
7241.5811173      1.17501e-16     
7247.10060093     1.43844e-16     
7252.62008456     1.50965e-16     
7258.13956819     1.51437e-16     
7263.65905183     1.625e-16       
7269.17853546     1.89149e-16     
7274.69801909     1.61434e-16     
7280.21750272     2.06103e-16     
7285.73698635     1.69201e-16     
7291.25646998     2.15844e-16     
7296.77595361     1.51661e-16     
7302.29543724     1.59642e-16     
7307.81492087     1.33989e-16     
7313.3344045      1.6492e-16      
7318.85388813     1.55319e-16     
7324.37337176     1.96664e-16     
7329.89285539     1.54731e-16     
7335.41233902     1.15421e-16     
7340.93182265     1.5488e-16      
7346.45130628     1.43039e-16     
7351.97078991     1.18572e-16     
7357.49027354     1.07498e-16     
7363.00975717     1.51177e-16     
7368.5292408      1.6952e-16      
7374.04872443     1.35317e-16     
7379.56820806     1.80395e-16     
7385.08769169     1.7069e-16      
7390.60717532     1.67465e-16     
7396.12665895     1.96341e-16     
7401.64614258     1.68271e-16     
7407.16562621     1.94437e-16     
7412.68510984     1.47341e-16     
7418.20459347     1.40567e-16     
7423.7240771      1.84275e-16     
7429.24356073     1.72488e-16     
7434.76304436     1.42136e-16     
7440.28252799     1.33612e-16     
7445.80201162     1.85829e-16     
7451.32149525     1.71897e-16     
7456.84097888     1.73387e-16     
7462.36046251     1.50108e-16     
7467.87994614     1.55916e-16     
7473.39942977     1.60081e-16     
7478.9189134      1.47135e-16     
7484.43839703     1.65025e-16     
7489.95788066     1.53884e-16     
7495.47736429     1.47886e-16     
7500.99684793     1.45446e-16     
7506.51633156     1.17535e-16     
7512.03581519     1.4943e-16      
7517.55529882     1.58452e-16     
7523.07478245     1.6009e-16      
7528.59426608     1.49781e-16     
7534.11374971     1.59171e-16     
7539.63323334     1.5667e-16      
7545.15271697     1.32682e-16     
7550.6722006      1.3841e-16      
7556.19168423     1.48313e-16     
7561.71116786     1.16352e-16     
7567.23065149     1.31784e-16     
7572.75013512     1.41295e-16     
7578.26961875     1.33276e-16     
7583.78910238     1.36004e-16     
7589.30858601     1.64737e-16     
7594.82806964     2.05257e-16     
7600.34755327     2.13182e-16     
7605.8670369      1.49355e-16     
7611.38652053     1.221e-16       
7616.90600416     1.47701e-16     
7622.42548779     1.2179e-16      
7627.94497142     1.22428e-16     
7633.46445505     1.62133e-16     
7638.98393868     1.83525e-16     
7644.50342231     1.44956e-16     
7650.02290594     1.18109e-16     
7655.54238957     1.47516e-16     
7661.0618732      1.70102e-16     
7666.58135683     1.16388e-16     
7672.10084046     1.26819e-16     
7677.62032409     1.90742e-16     
7683.13980772     1.48781e-16     
7688.65929135     1.19612e-16     
7694.17877498     1.32946e-16     
7699.69825861     1.48024e-16     
7705.21774224     1.42657e-16     
7710.73722587     1.34487e-16     
7716.2567095      1.29879e-16     
7721.77619313     1.81903e-16     
7727.29567676     1.84066e-16     
7732.8151604      1.48848e-16     
7738.33464403     1.97033e-16     
7743.85412766     1.66881e-16     
7749.37361129     1.55641e-16     
7754.89309492     1.60323e-16     
7760.41257855     1.54507e-16     
7765.93206218     1.56086e-16     
7771.45154581     1.50703e-16     
7776.97102944     1.72589e-16     
7782.49051307     1.88072e-16     
7788.0099967      1.86104e-16     
7793.52948033     1.60684e-16     
7799.04896396     1.21107e-16     
7804.56844759     1.58602e-16     
7810.08793122     1.49585e-16     
7815.60741485     1.07242e-16     
7821.12689848     1.16917e-16     
7826.64638211     1.27224e-16     
7832.16586574     1.53456e-16     
7837.68534937     1.35145e-16     
7843.204833       1.44204e-16     
7848.72431663     1.31347e-16     
7854.24380026     1.32315e-16     
7859.76328389     1.21491e-16     
7865.28276752     1.66472e-16     
7870.80225115     1.18775e-16     
7876.32173478     1.58066e-16     
7881.84121841     1.12018e-16     
7887.36070204     1.39875e-16     
7892.88018567     1.57322e-16     
7898.3996693      1.3181e-16      
7903.91915293     1.13951e-16     
7909.43863656     1.42859e-16     
7914.95812019     1.59631e-16     
7920.47760382     1.20281e-16     
7925.99708745     1.66087e-16     
7931.51657108     1.15089e-16     
7937.03605471     8.95969e-17     
7942.55553834     1.32481e-16     
7948.07502197     1.8306e-16      
7953.5945056      1.5797e-16      
7959.11398923     1.39953e-16     
7964.63347287     1.89759e-16     
7970.1529565      1.6707e-16      
7975.67244013     1.28571e-16     
7981.19192376     1.17134e-16     
7986.71140739     1.17046e-16     
7992.23089102     1.67397e-16     
7997.75037465     1.28323e-16     
8003.26985828     1.46439e-16     
8008.78934191     1.28452e-16     
8014.30882554     1.32499e-16     
8019.82830917     8.653e-17       
8025.3477928      9.2942e-17      
8030.86727643     1.19054e-16     
8036.38676006     1.15104e-16     
8041.90624369     1.42533e-16     
8047.42572732     1.13149e-16     
8052.94521095     1.21499e-16     
8058.46469458     1.39271e-16     
8063.98417821     1.68344e-16     
8069.50366184     1.43035e-16     
8075.02314547     1.21085e-16     
8080.5426291      1.20819e-16     
8086.06211273     1.03706e-16     
8091.58159636     1.0613e-16      
8097.10107999     1.48751e-16     
8102.62056362     1.38278e-16     
8108.14004725     1.09432e-16     
8113.65953088     1.44242e-16     
8119.17901451     1.32122e-16     
8124.69849814     1.5508e-16      
8130.21798177     1.0935e-16      
8135.7374654      1.32779e-16     
8141.25694903     8.39358e-17     
8146.77643266     7.36058e-17     
8152.29591629     1.54215e-16     
8157.81539992     1.33792e-16     
8163.33488355     1.0651e-16      
8168.85436718     1.12825e-16     
8174.37385081     1.4752e-16      
8179.89333444     1.59184e-16     
8185.41281807     1.21994e-16     
8190.9323017      1.47386e-16     
8196.45178534     1.35023e-16     
8201.97126897     1.38291e-16     
8207.4907526      1.23965e-16     
8213.01023623     1.39015e-16     
8218.52971986     1.21212e-16     
8224.04920349     1.51319e-16     
8229.56868712     1.16353e-16     
8235.08817075     1.31279e-16     
8240.60765438     1.31277e-16     
8246.12713801     1.26994e-16     
8251.64662164     1.79855e-16     
8257.16610527     1.36253e-16     
8262.6855889      1.29186e-16     
8268.20507253     1.14555e-16     
8273.72455616     1.48407e-16     
8279.24403979     7.98933e-17     
8284.76352342     6.45552e-17     
8290.28300705     1.29465e-16     
8295.80249068     1.86235e-16     
8301.32197431     2.18906e-16     
8306.84145794     1.5382e-16      
8312.36094157     9.621e-17       
8317.8804252      1.20372e-16     
8323.39990883     9.72897e-17     
8328.91939246     8.24398e-17     
8334.43887609     1.22756e-16     
8339.95835972     8.40625e-17     
8345.47784335     1.05808e-16     
8350.99732698     1.49536e-16     
8356.51681061     1.06305e-16     
8362.03629424     9.06811e-17     
8367.55577787     9.31305e-17     
8373.0752615      1.1943e-16      
8378.59474513     1.42266e-16     
8384.11422876     1.10085e-16     
8389.63371239     1.03444e-16     
8395.15319602     1.18539e-16     
8400.67267965     1.29539e-16     
8406.19216328     1.48911e-16     
8411.71164691     8.65845e-17     
8417.23113054     1.24361e-16     
8422.75061417     1.21718e-16     
8428.2700978      1.27826e-16     
8433.78958144     1.04777e-16     
8439.30906507     1.09332e-16     
8444.8285487      1.57588e-16     
8450.34803233     1.47045e-16     
8455.86751596     1.21456e-16     
8461.38699959     1.41329e-16     
8466.90648322     1.34115e-16     
8472.42596685     1.03555e-16     
8477.94545048     9.20814e-17     
8483.46493411     1.04772e-16     
8488.98441774     1.21094e-16     
8494.50390137     1.14019e-16     
8500.023385       1.28759e-16     
8505.54286863     1.696e-16       
8511.06235226     1.10221e-16     
8516.58183589     5.89037e-17     
8522.10131952     6.68365e-17     
8527.62080315     1.19539e-16     
8533.14028678     1.02049e-16     
8538.65977041     8.20942e-17     
8544.17925404     1.36066e-16     
8549.69873767     1.3687e-16      
8555.2182213      9.24495e-17     
8560.73770493     7.99497e-17     
8566.25718856     1.22843e-16     
8571.77667219     1.0157e-16      
8577.29615582     7.91498e-17     
8582.81563945     1.35714e-16     
8588.33512308     1.18042e-16     
8593.85460671     9.14093e-17     
8599.37409034     9.1641e-17      
8604.89357397     1.227e-16       
8610.4130576      1.26232e-16     
8615.93254123     1.14447e-16     
8621.45202486     1.53735e-16     
8626.97150849     1.72659e-16     
8632.49099212     1.63528e-16     
8638.01047575     1.77724e-16     
8643.52995938     1.98981e-16     
8649.04944301     1.59698e-16     
8654.56892664     1.38019e-16     
8660.08841027     9.49427e-17     
8665.60789391     1.706e-16       
8671.12737754     1.65953e-16     
8676.64686117     1.67654e-16     
8682.1663448      1.49296e-16     
8687.68582843     1.23099e-16     
8693.20531206     1.54129e-16     
8698.72479569     1.72344e-16     
8704.24427932     1.41316e-16     
8709.76376295     1.5438e-16      
8715.28324658     6.66844e-17     
8720.80273021     1.05477e-16     
8726.32221384     1.04394e-16     
8731.84169747     6.27545e-17     
8737.3611811      6.93155e-17     
8742.88066473     1.07521e-16     
8748.40014836     9.29659e-17     
8753.91963199     1.16193e-16     
8759.43911562     9.89201e-17     
8764.95859925     8.5123e-17      
8770.47808288     1.09787e-16     
8775.99756651     7.58642e-17     
8781.51705014     1.05416e-16     
8787.03653377     1.0966e-16      
8792.5560174      1.23037e-16     
8798.07550103     1.71924e-16     
8803.59498466     1.12721e-16     
8809.11446829     4.31829e-17     
8814.63395192     1.31126e-16     
8820.15343555     1.68614e-16     
8825.67291918     2.1363e-16      
8831.19240281     1.5996e-16      
8836.71188644     2.11297e-16     
8842.23137007     1.8795e-16      
8847.7508537      1.37936e-16     
8853.27033733     1.29397e-16     
8858.78982096     1.98672e-16     
8864.30930459     1.15455e-16     
8869.82878822     1.8518e-16      
8875.34827185     1.65911e-16     
8880.86775548     1.3334e-16      
8886.38723911     7.37756e-17     
8891.90672274     1.68186e-16     
8897.42620638     1.33254e-16     
8902.94569001     9.99338e-17     
8908.46517364     6.08019e-17     
8913.98465727     8.5776e-17      
8919.5041409      8.06487e-17     
8925.02362453     1.44184e-16     
8930.54310816     1.23988e-16     
8936.06259179     9.45273e-17     
8941.58207542     6.26232e-17     
8947.10155905     5.00008e-17     
8952.62104268     5.01233e-17     
8958.14052631     8.26221e-17     
8963.66000994     9.47482e-17     
8969.17949357     6.82841e-17     
8974.6989772      9.95736e-17     
8980.21846083     1.24894e-16     
8985.73794446     1.18419e-16     
8991.25742809     9.72145e-17     
8996.77691172     6.94134e-17     
9002.29639535     1.47243e-16     
9007.81587898     8.65119e-17     
9013.33536261     9.19795e-17     
9018.85484624     1.32088e-16     
9024.37432987     2.02118e-16     
9029.8938135      1.28657e-16     
9035.41329713     1.24247e-16     
9040.93278076     1.2095e-16      
9046.45226439     1.57548e-16     
9051.97174802     9.57028e-17     
9057.49123165     1.27995e-16     
9063.01071528     8.67304e-17     
9068.53019891     6.86915e-17     
9074.04968254     1.40704e-16     
9079.56916617     1.74767e-16     
9085.0886498      6.54173e-17     
9090.60813343     9.83634e-17     
9096.12761706     1.25307e-16     
9101.64710069     1.27289e-16     
9107.16658432     1.11394e-16     
9112.68606795     6.47319e-17     
9118.20555158     7.95309e-17     
9123.72503521     1.85127e-16     
9129.24451885     1.52992e-16     
9134.76400248     7.03643e-17     
9140.28348611     4.87292e-17     
9145.80296974     4.14872e-17     
9151.32245337     6.91698e-17     
9156.841937       1.23094e-16     
9162.36142063     1.3892e-16      
9167.88090426     8.83883e-17     
9173.40038789     1.36308e-16     
9178.91987152     1.56568e-16     
9184.43935515     6.51636e-17     
9189.95883878     8.20166e-17     
9195.47832241     8.83151e-17     
9200.99780604     1.0434e-16      
9206.51728967     1.43324e-16     
9212.0367733      5.04597e-17     
9217.55625693     2.08258e-16     
9223.07574056     3.28644e-17     
9228.59522419     1.48908e-17     
9234.11470782     1.11839e-16     
9239.63419145     6.58758e-17     
9245.15367508     1.02606e-16     
