3250.  9.350984E-17
3252.71184754372  7.791444E-17
3255.42369508743  -2.596506E-20
3258.13554263115  1.797801E-17
3260.84739017486  4.111202E-17
3263.55923771858  2.127856E-17
3266.2710852623  3.376895E-17
3268.98293280601  6.158934E-17
3271.69478034973  9.983371E-17
3274.40662789345  1.020959E-16
3277.11847543716  4.971970E-17
3279.83032298088  9.333614E-17
3282.54217052459  3.030568E-17
3285.25401806831  -4.170132E-17
3287.96586561203  -2.541808E-17
3290.67771315574  2.555036E-17
3293.38956069946  9.229342E-17
3296.10140824318  8.423111E-17
3298.81325578689  -1.930564E-17
3301.52510333061  -3.725162E-17
3304.23695087433  -4.569389E-17
3306.94879841804  5.242045E-18
3309.66064596176  2.253760E-17
3312.37249350548  1.317292E-17
3315.08434104919  4.915881E-17
3317.79618859291  3.937190E-17
3320.50803613663  1.486453E-17
3323.21988368034  -3.600227E-17
3325.93173122406  -4.777675E-17
3328.64357876777  8.526017E-17
3331.35542631149  7.136628E-17
3334.06727385521  3.037255E-17
3336.77912139892  5.071467E-17
3339.49096894264  8.052034E-17
3342.20281648636  4.501840E-17
3344.91466403007  -1.143274E-17
3347.62651157379  8.399848E-18
3350.33835911751  2.682991E-17
3353.05020666122  1.016392E-18
3355.76205420494  -1.711068E-17
3358.47390174866  1.361886E-17
3361.18574929237  1.366232E-17
3363.89759683609  7.820807E-18
3366.6094443798  4.561404E-17
3369.32129192352  5.683159E-17
3372.03313946724  5.637131E-17
3374.74498701095  1.280060E-17
3377.45683455467  5.008257E-17
3380.16868209839  4.456605E-17
3382.8805296421  5.345636E-17
3385.59237718582  7.759271E-17
3388.30422472954  4.321300E-17
3391.01607227325  2.955220E-18
3393.72791981697  4.715137E-17
3396.43976736068  3.192714E-17
3399.1516149044  -7.681178E-18
3401.86346244812  2.634777E-17
3404.57530999183  1.545663E-17
3407.28715753555  4.143795E-18
3409.99900507927  -1.445904E-17
3412.71085262298  -6.779511E-18
3415.4227001667  1.101519E-17
3418.13454771042  2.488979E-17
3420.84639525413  3.214137E-17
3423.55824279785  2.000030E-17
3426.27009034157  1.138656E-17
3428.98193788528  -1.820450E-17
3431.693785429  -1.040259E-17
3434.40563297272  1.594714E-17
3437.11748051643  2.997540E-17
3439.82932806015  -2.722581E-18
3442.54117560386  -1.872711E-18
3445.25302314758  4.711549E-17
3447.9648706913  3.095069E-17
3450.67671823501  2.201108E-17
3453.38856577873  2.894661E-17
3456.10041332245  4.447664E-17
3458.81226086616  -5.413275E-18
3461.52410840988  7.430884E-18
3464.2359559536  2.373313E-17
3466.94780349731  2.415831E-17
3469.65965104103  3.390409E-17
3472.37149858474  6.577776E-18
3475.08334612846  2.424334E-17
3477.79519367218  1.191513E-17
3480.5070412159  2.650200E-17
3483.21888875961  3.310664E-17
3485.93073630333  1.013698E-17
3488.64258384704  1.675619E-17
3491.35443139076  3.477903E-17
3494.06627893448  2.905134E-17
3496.77812647819  2.615815E-17
3499.48997402191  3.055298E-18
3502.20182156563  1.208669E-17
3504.91366910934  1.532050E-17
3507.62551665306  2.887367E-17
3510.33736419678  2.125865E-17
3513.04921174049  3.205909E-17
3515.76105928421  3.080919E-17
3518.47290682793  3.929540E-17
3521.18475437164  3.609999E-17
3523.89660191536  2.594932E-17
3526.60844945907  2.479556E-17
3529.32029700279  -7.660686E-18
3532.03214454651  -1.378095E-17
3534.74399209022  3.302591E-18
3537.45583963394  1.730343E-17
3540.16768717766  1.315432E-17
3542.87953472137  2.352596E-18
3545.59138226509  -5.049538E-18
3548.30322980881  7.141469E-19
3551.01507735252  1.788947E-17
3553.72692489624  1.228198E-17
3556.43877243995  1.392996E-17
3559.15061998367  1.410338E-17
3561.86246752739  2.286908E-17
3564.5743150711  3.033061E-17
3567.28616261482  1.342942E-17
3569.99801015854  -8.099042E-18
3572.70985770225  2.155197E-17
3575.42170524597  3.682576E-17
3578.13355278969  4.089568E-17
3580.8454003334  2.425057E-17
3583.55724787712  1.601440E-17
3586.26909542084  2.578063E-17
3588.98094296455  2.899632E-17
3591.69279050827  2.084980E-17
3594.40463805199  2.769273E-17
3597.1164855957  2.207905E-17
3599.82833313942  1.385818E-17
3602.54018068313  2.435079E-17
3605.25202822685  3.061469E-17
3607.96387577057  2.101814E-17
3610.67572331428  2.426208E-17
3613.387570858  3.318116E-17
3616.09941840172  1.270379E-17
3618.81126594543  3.156831E-17
3621.52311348915  3.419212E-17
3624.23496103287  2.661879E-17
3626.94680857658  3.382189E-17
3629.6586561203  3.233340E-17
3632.37050366401  1.912643E-17
3635.08235120773  1.690676E-17
3637.79419875145  2.131249E-17
3640.50604629516  2.181469E-17
3643.21789383888  2.467393E-17
3645.9297413826  1.116427E-17
3648.64158892631  6.569107E-18
3651.35343647003  2.678480E-18
3654.06528401375  7.217179E-18
3656.77713155746  7.364061E-19
3659.48897910118  2.144774E-17
3662.2008266449  3.153365E-17
3664.91267418861  3.628584E-17
3667.62452173233  2.587033E-17
3670.33636927604  2.275848E-17
3673.04821681976  2.747148E-17
3675.76006436348  2.144304E-17
3678.47191190719  1.717902E-17
3681.18375945091  2.353520E-17
3683.89560699463  1.784718E-17
3686.60745453834  2.473748E-17
3689.31930208206  1.352553E-17
3692.03114962578  1.099744E-17
3694.74299716949  1.969837E-17
3697.45484471321  2.097474E-17
3700.16669225693  1.705798E-17
3702.87853980064  1.595717E-17
3705.59038734436  4.834352E-18
3708.30223488808  1.082405E-18
3711.01408243179  7.537086E-18
3713.72592997551  1.767541E-17
3716.43777751922  1.615569E-17
3719.14962506294  4.102818E-18
3721.86147260666  1.990625E-17
3724.57332015037  1.966366E-17
3727.28516769409  2.118919E-17
3729.99701523781  2.590432E-17
3732.70886278152  3.139193E-17
3735.42071032524  2.329592E-17
3738.13255786896  1.580895E-17
3740.84440541267  3.440487E-17
3743.55625295639  4.022577E-17
3746.2681005001  3.107534E-17
3748.97994804382  1.886842E-17
3751.69179558754  2.047976E-17
3754.40364313125  3.156513E-17
3757.11549067497  2.003206E-17
3759.82733821869  1.954347E-17
3762.5391857624  2.439014E-17
3765.25103330612  2.675381E-17
3767.96288084984  3.482524E-17
3770.67472839355  3.236822E-17
3773.38657593727  1.778953E-17
3776.09842348099  8.439400E-18
3778.8102710247  1.586984E-17
3781.52211856842  3.657455E-17
3784.23396611213  3.676036E-17
3786.94581365585  2.028060E-17
3789.65766119957  2.271990E-17
3792.36950874328  3.022342E-17
3795.081356287  2.659430E-17
3797.79320383072  2.831087E-17
3800.50505137443  3.110131E-17
3803.21689891815  3.203140E-17
3805.92874646187  2.388693E-17
3808.64059400558  3.658297E-17
3811.3524415493  3.801095E-17
3814.06428909302  3.129227E-17
3816.77613663673  3.395880E-17
3819.48798418045  3.312375E-17
3822.19983172417  2.708229E-17
3824.91167926788  2.918460E-17
3827.6235268116  4.268238E-17
3830.33537435531  5.435488E-17
3833.04722189903  6.516329E-17
3835.75906944275  7.085959E-17
3838.47091698646  6.102997E-17
3841.18276453018  4.161027E-17
3843.8946120739  2.976868E-17
3846.60645961761  2.825634E-17
3849.31830716133  3.250070E-17
3852.03015470505  3.886704E-17
3854.74200224876  3.564775E-17
3857.45384979248  3.825347E-17
3860.1656973362  3.247689E-17
3862.87754487991  3.392518E-17
3865.58939242363  4.656032E-17
3868.30123996734  4.104705E-17
3871.01308751106  4.478152E-17
3873.72493505478  3.581374E-17
3876.43678259849  3.037744E-17
3879.14863014221  3.560961E-17
3881.86047768593  3.760014E-17
3884.57232522964  4.145806E-17
3887.28417277336  4.197367E-17
3889.99602031708  4.311418E-17
3892.70786786079  4.005864E-17
3895.41971540451  2.744750E-17
3898.13156294822  2.751605E-17
3900.84341049194  2.166206E-17
3903.55525803566  2.257094E-17
3906.26710557937  3.058032E-17
3908.97895312309  3.173190E-17
3911.69080066681  3.301581E-17
3914.40264821052  3.313758E-17
3917.11449575424  4.483795E-17
3919.82634329796  5.069697E-17
3922.53819084167  4.438029E-17
3925.25003838539  4.830168E-17
3927.96188592911  4.851745E-17
3930.67373347282  4.003722E-17
3933.38558101654  4.184226E-17
3936.09742856026  3.368188E-17
3938.80927610397  2.648176E-17
3941.52112364769  3.048744E-17
3944.2329711914  2.585636E-17
3946.94481873512  2.428211E-17
3949.65666627884  2.742359E-17
3952.36851382255  4.332891E-17
3955.08036136627  4.583524E-17
3957.79220890999  4.481882E-17
3960.5040564537  5.058965E-17
3963.21590399742  4.633795E-17
3965.92775154114  4.092291E-17
3968.63959908485  3.633968E-17
3971.35144662857  3.607332E-17
3974.06329417228  4.367532E-17
3976.775141716  4.813368E-17
3979.48698925972  4.295234E-17
3982.19883680343  3.988312E-17
3984.91068434715  4.665166E-17
3987.62253189087  3.473946E-17
3990.33437943458  3.325194E-17
3993.0462269783  4.649369E-17
3995.75807452202  3.792404E-17
3998.46992206573  3.732153E-17
4001.18176960945  3.525946E-17
4003.89361715317  3.290893E-17
4006.60546469688  3.255730E-17
4009.3173122406  4.121440E-17
4012.02915978431  4.609298E-17
4014.74100732803  3.700258E-17
4017.45285487175  3.489120E-17
4020.16470241546  3.801601E-17
4022.87654995918  5.061385E-17
4025.5883975029  5.548682E-17
4028.30024504661  4.440042E-17
4031.01209259033  4.740373E-17
4033.72394013405  5.572236E-17
4036.43578767776  4.929495E-17
4039.14763522148  4.384404E-17
4041.8594827652  4.473823E-17
4044.57133030891  4.030631E-17
4047.28317785263  4.235048E-17
4049.99502539634  4.352042E-17
4052.70687294006  4.347958E-17
4055.41872048378  4.550721E-17
4058.13056802749  4.796247E-17
4060.84241557121  4.743060E-17
4063.55426311493  4.524892E-17
4066.26611065864  4.483464E-17
4068.97795820236  4.558512E-17
4071.68980574608  4.243532E-17
4074.40165328979  3.848018E-17
4077.11350083351  4.452849E-17
4079.82534837723  3.977538E-17
4082.53719592094  3.885326E-17
4085.24904346466  4.245358E-17
4087.96089100837  4.175793E-17
4090.67273855209  4.356922E-17
4093.38458609581  3.820047E-17
4096.09643363952  5.195475E-17
4098.80828118324  6.144290E-17
4101.52012872696  5.305548E-17
4104.23197627067  4.721287E-17
4106.94382381439  4.688226E-17
4109.65567135811  5.167352E-17
4112.36751890182  5.991523E-17
4115.07936644554  6.063468E-17
4117.79121398926  5.706815E-17
4120.50306153297  5.425176E-17
4123.21490907669  5.500075E-17
4125.9267566204  6.275400E-17
4128.63860416412  5.665435E-17
4131.35045170784  4.830316E-17
4134.06229925156  5.330057E-17
4136.77414679527  5.129114E-17
4139.48599433899  5.633647E-17
4142.1978418827  5.962890E-17
4144.90968942642  6.272853E-17
4147.62153697014  5.497195E-17
4150.33338451385  5.931068E-17
4153.04523205757  6.289753E-17
4155.75707960129  6.090121E-17
4158.468927145  5.825718E-17
4161.18077468872  5.341642E-17
4163.89262223244  5.859135E-17
4166.60446977615  6.242522E-17
4169.31631731987  5.793329E-17
4172.02816486358  5.460673E-17
4174.7400124073  4.970917E-17
4177.45185995102  5.004348E-17
4180.16370749473  5.239816E-17
4182.87555503845  5.044340E-17
4185.58740258217  4.423131E-17
4188.29925012588  4.235435E-17
4191.0110976696  4.860665E-17
4193.72294521332  5.492023E-17
4196.43479275703  5.524717E-17
4199.14664030075  5.426168E-17
4201.85848784447  5.637521E-17
4204.57033538818  5.531437E-17
4207.2821829319  5.514253E-17
4209.99403047562  5.804756E-17
4212.70587801933  5.382960E-17
4215.41772556305  5.502959E-17
4218.12957310676  6.163593E-17
4220.84142065048  5.896276E-17
4223.5532681942  5.263682E-17
4226.26511573791  5.226689E-17
4228.97696328163  5.254088E-17
4231.68881082535  5.457517E-17
4234.40065836906  5.695789E-17
4237.11250591278  5.888200E-17
4239.8243534565  5.807733E-17
4242.53620100021  5.464975E-17
4245.24804854393  5.027253E-17
4247.95989608764  5.318950E-17
4250.67174363136  5.918769E-17
4253.38359117508  5.616055E-17
4256.09543871879  5.667114E-17
4258.80728626251  5.604234E-17
4261.51913380623  5.225199E-17
4264.23098134994  5.673276E-17
4266.94282889366  5.892359E-17
4269.65467643738  5.550703E-17
4272.36652398109  5.308758E-17
4275.07837152481  5.461150E-17
4277.79021906853  5.728492E-17
4280.50206661224  5.669066E-17
4283.21391415596  5.622886E-17
4285.92576169967  5.410211E-17
4288.63760924339  5.786601E-17
4291.34945678711  6.027660E-17
4294.06130433082  5.773832E-17
4296.77315187454  5.082008E-17
4299.48499941826  4.789506E-17
4302.19684696197  5.444567E-17
4304.90869450569  6.007626E-17
4307.62054204941  5.561061E-17
4310.33238959312  4.963190E-17
4313.04423713684  4.631074E-17
4315.75608468056  5.640055E-17
4318.46793222427  5.357082E-17
4321.17977976799  4.847904E-17
4323.8916273117  4.393794E-17
4326.60347485542  4.826724E-17
4329.31532239914  4.814596E-17
4332.02716994285  4.580784E-17
4334.73901748657  5.355497E-17
4337.45086503029  6.210957E-17
4340.162712574  5.948675E-17
4342.87456011772  5.184015E-17
4345.58640766144  4.710137E-17
4348.29825520515  5.141197E-17
4351.01010274887  5.602265E-17
4353.72195029259  5.597294E-17
4356.4337978363  4.503459E-17
4359.14564538002  4.660220E-17
4361.85749292373  5.200618E-17
4364.56934046745  4.988008E-17
4367.28118801117  5.029185E-17
4369.99303555488  5.008248E-17
4372.7048830986  4.859984E-17
4375.41673064232  5.361535E-17
4378.12857818603  5.854168E-17
4380.84042572975  5.264428E-17
4383.55227327347  5.068468E-17
4386.26412081718  5.143385E-17
4388.9759683609  5.461180E-17
4391.68781590462  5.525015E-17
4394.39966344833  5.500929E-17
4397.11151099205  5.709797E-17
4399.82335853576  5.252574E-17
4402.53520607948  4.602520E-17
4405.2470536232  4.779429E-17
4407.95890116691  5.189350E-17
4410.67074871063  5.138953E-17
4413.38259625435  4.875802E-17
4416.09444379806  4.600356E-17
4418.80629134178  4.957842E-17
4421.5181388855  5.084223E-17
4424.22998642921  4.861430E-17
4426.94183397293  5.018193E-17
4429.65368151665  5.069834E-17
4432.36552906036  5.400872E-17
4435.07737660408  5.370075E-17
4437.78922414779  5.209676E-17
4440.50107169151  4.979601E-17
4443.21291923523  5.017667E-17
4445.92476677894  4.978344E-17
4448.63661432266  5.454974E-17
4451.34846186638  5.581956E-17
4454.06030941009  6.182008E-17
4456.77215695381  5.602614E-17
4459.48400449753  4.975347E-17
4462.19585204124  5.909763E-17
4464.90769958496  5.604001E-17
4467.61954712868  5.421037E-17
4470.33139467239  5.619921E-17
4473.04324221611  4.951681E-17
4475.75508975982  4.651685E-17
4478.46693730354  5.147784E-17
4481.17878484726  5.262439E-17
4483.89063239097  5.324420E-17
4486.60247993469  5.764111E-17
4489.31432747841  5.364851E-17
4492.02617502212  5.369963E-17
4494.73802256584  6.003749E-17
4497.44987010956  5.893781E-17
4500.16171765327  5.586203E-17
4502.87356519699  5.778557E-17
4505.58541274071  6.060657E-17
4508.29726028442  6.006525E-17
4511.00910782814  5.694466E-17
4513.72095537185  5.469851E-17
4516.43280291557  5.517590E-17
4519.14465045929  5.656068E-17
4521.856498003  4.821586E-17
4524.56834554672  5.472006E-17
4527.28019309044  5.835529E-17
4529.99204063415  5.538044E-17
4532.70388817787  5.566076E-17
4535.41573572159  5.315099E-17
4538.1275832653  5.719072E-17
4540.83943080902  6.011360E-17
4543.55127835274  5.994884E-17
4546.26312589645  5.568295E-17
4548.97497344017  5.279134E-17
4551.68682098388  5.441934E-17
4554.3986685276  5.594405E-17
4557.11051607132  5.489125E-17
4559.82236361503  5.376258E-17
4562.53421115875  5.508325E-17
4565.24605870247  5.538046E-17
4567.95790624618  5.618777E-17
4570.6697537899  6.060093E-17
4573.38160133362  5.856197E-17
4576.09344887733  6.036998E-17
4578.80529642105  6.156259E-17
4581.51714396477  5.361305E-17
4584.22899150848  5.661440E-17
4586.9408390522  5.860861E-17
4589.65268659592  5.454186E-17
4592.36453413963  5.041995E-17
4595.07638168335  5.134178E-17
4597.78822922706  5.948280E-17
4600.50007677078  5.773050E-17
4603.2119243145  5.757641E-17
4605.92377185821  6.205250E-17
4608.63561940193  6.560700E-17
4611.34746694565  6.342772E-17
4614.05931448936  5.653766E-17
4616.77116203308  6.272159E-17
4619.4830095768  6.713880E-17
4622.19485712051  6.532750E-17
4624.90670466423  6.677306E-17
4627.61855220794  6.642066E-17
4630.33039975166  6.314747E-17
4633.04224729538  6.593674E-17
4635.75409483909  6.084608E-17
4638.46594238281  5.898874E-17
4641.17778992653  6.484861E-17
4643.88963747024  6.755104E-17
4646.60148501396  7.140793E-17
4649.31333255768  6.995297E-17
4652.02518010139  6.829693E-17
4654.73702764511  6.653644E-17
4657.44887518882  6.519820E-17
4660.16072273254  7.100910E-17
4662.87257027626  7.166554E-17
4665.58441781997  6.953194E-17
4668.29626536369  6.657439E-17
4671.00811290741  7.039325E-17
4673.71996045112  7.396110E-17
4676.43180799484  6.913513E-17
4679.14365553856  7.185508E-17
4681.85550308227  7.531364E-17
4684.56735062599  7.212659E-17
4687.27919816971  6.942013E-17
4689.99104571342  7.117272E-17
4692.70289325714  7.400160E-17
4695.41474080086  7.436035E-17
4698.12658834457  6.773406E-17
4700.83843588829  7.378059E-17
4703.550283432  7.421032E-17
4706.26213097572  6.837570E-17
4708.97397851944  6.709488E-17
4711.68582606315  7.211991E-17
4714.39767360687  7.508790E-17
4717.10952115059  7.103472E-17
4719.8213686943  7.193312E-17
4722.53321623802  7.707087E-17
4725.24506378174  7.979653E-17
4727.95691132545  7.536845E-17
4730.66875886917  6.977353E-17
4733.38060641288  7.212742E-17
4736.0924539566  7.786198E-17
4738.80430150032  8.047004E-17
4741.51614904403  7.832448E-17
4744.22799658775  7.681263E-17
4746.93984413147  7.505131E-17
4749.65169167518  7.517159E-17
4752.3635392189  7.970843E-17
4755.07538676262  8.034231E-17
4757.78723430633  7.597479E-17
4760.49908185005  7.214746E-17
4763.21092939377  7.517889E-17
4765.92277693748  7.297403E-17
4768.6346244812  7.015006E-17
4771.34647202491  6.777983E-17
4774.05831956863  7.304657E-17
4776.77016711235  7.478653E-17
4779.48201465606  7.199235E-17
4782.19386219978  7.072609E-17
4784.9057097435  6.876022E-17
4787.61755728721  6.934119E-17
4790.32940483093  7.510706E-17
4793.04125237465  7.936578E-17
4795.75309991836  7.673593E-17
4798.46494746208  7.562313E-17
4801.1767950058  7.105392E-17
4803.88864254951  6.425871E-17
4806.60049009323  6.616149E-17
4809.31233763694  6.698433E-17
4812.02418518066  6.476763E-17
4814.73603272438  6.595995E-17
4817.44788026809  6.944137E-17
4820.15972781181  7.101955E-17
4822.87157535553  7.183487E-17
4825.58342289924  6.854454E-17
4828.29527044296  6.824154E-17
4831.00711798668  6.759434E-17
4833.71896553039  6.867859E-17
4836.43081307411  6.561684E-17
4839.14266061783  6.043728E-17
4841.85450816154  6.457714E-17
4844.56635570526  6.592320E-17
4847.27820324897  6.368527E-17
4849.99005079269  6.607944E-17
4852.70189833641  6.897709E-17
4855.41374588012  6.401834E-17
4858.12559342384  6.149061E-17
4860.83744096756  6.317926E-17
4863.54928851127  6.189311E-17
4866.26113605499  6.395524E-17
4868.97298359871  6.640076E-17
4871.68483114242  5.915511E-17
4874.39667868614  5.890424E-17
4877.10852622986  6.211162E-17
4879.82037377357  6.343922E-17
4882.53222131729  6.036041E-17
4885.244068861  5.931267E-17
4887.95591640472  5.986339E-17
4890.66776394844  5.927667E-17
4893.37961149215  5.663205E-17
4896.09145903587  5.658984E-17
4898.80330657959  6.201773E-17
4901.5151541233  6.212593E-17
4904.22700166702  6.408955E-17
4906.93884921074  6.573661E-17
4909.65069675445  6.414923E-17
4912.36254429817  6.218743E-17
4915.07439184189  6.314243E-17
4917.7862393856  6.545172E-17
4920.49808692932  6.714620E-17
4923.20993447304  6.209749E-17
4925.92178201675  5.666244E-17
4928.63362956047  5.708201E-17
4931.34547710418  6.660458E-17
4934.0573246479  6.593283E-17
4936.76917219162  6.005479E-17
4939.48101973533  6.127710E-17
4942.19286727905  6.200453E-17
4944.90471482277  6.190587E-17
4947.61656236648  6.746030E-17
4950.3284099102  6.597319E-17
4953.04025745392  6.361110E-17
4955.75210499763  7.179355E-17
4958.46395254135  7.197610E-17
4961.17580008506  7.339892E-17
4963.88764762878  7.279803E-17
4966.5994951725  6.933270E-17
4969.31134271621  7.222015E-17
4972.02319025993  7.142385E-17
4974.73503780365  7.654312E-17
4977.44688534736  7.557835E-17
4980.15873289108  7.238781E-17
4982.8705804348  6.957745E-17
4985.58242797851  7.145338E-17
4988.29427552223  7.500881E-17
4991.00612306595  7.156370E-17
4993.71797060966  7.701120E-17
4996.42981815338  8.648503E-17
4999.14166569709  8.990489E-17
5001.85351324081  9.317793E-17
5004.56536078453  9.567454E-17
5007.27720832825  8.474747E-17
5009.98905587196  7.774923E-17
5012.70090341568  7.886364E-17
5015.41275095939  7.661320E-17
5018.12459850311  7.141409E-17
5020.83644604683  6.991398E-17
5023.54829359054  7.374292E-17
5026.26014113426  7.455198E-17
5028.97198867798  7.322724E-17
5031.68383622169  6.998881E-17
5034.39568376541  6.684106E-17
5037.10753130913  6.729298E-17
5039.81937885284  6.904019E-17
5042.53122639656  6.917882E-17
5045.24307394027  6.987813E-17
5047.95492148399  7.017192E-17
5050.66676902771  6.565166E-17
5053.37861657142  6.735285E-17
5056.09046411514  7.263405E-17
5058.80231165886  6.767681E-17
5061.51415920257  6.520597E-17
5064.22600674629  6.846457E-17
5066.93785429001  7.294391E-17
5069.64970183372  7.647493E-17
5072.36154937744  7.275734E-17
5075.07339692116  6.791723E-17
5077.78524446487  6.814679E-17
5080.49709200859  7.074994E-17
5083.2089395523  6.868230E-17
5085.92078709602  6.680106E-17
5088.63263463974  7.295153E-17
5091.34448218345  7.852854E-17
5094.05632972717  7.872735E-17
5096.76817727089  8.096601E-17
5099.4800248146  7.950466E-17
5102.19187235832  7.664609E-17
5104.90371990204  7.444259E-17
5107.61556744575  7.187208E-17
5110.32741498947  7.261536E-17
5113.03926253319  7.139456E-17
5115.7511100769  7.281419E-17
5118.46295762062  7.592412E-17
5121.17480516434  7.027529E-17
5123.88665270805  7.133432E-17
5126.59850025177  7.362687E-17
5129.31034779548  7.188097E-17
5132.0221953392  7.067256E-17
5134.73404288292  7.440895E-17
5137.44589042663  7.758749E-17
5140.15773797035  7.193671E-17
5142.86958551407  6.676143E-17
5145.58143305778  8.296738E-17
5148.2932806015  9.923479E-17
5151.00512814522  9.586744E-17
5153.71697568893  8.748093E-17
5156.42882323265  7.682600E-17
5159.14067077637  7.048669E-17
5161.85251832008  6.959149E-17
5164.5643658638  7.418727E-17
5167.27621340752  7.342514E-17
5169.98806095123  6.171632E-17
5172.69990849495  6.147868E-17
5175.41175603866  6.348082E-17
5178.12360358238  6.182226E-17
5180.8354511261  6.191759E-17
5183.54729866981  6.118692E-17
5186.25914621353  6.393833E-17
5188.97099375725  6.368409E-17
5191.68284130096  6.112105E-17
5194.39468884468  6.003639E-17
5197.10653638839  6.060787E-17
5199.81838393211  6.746087E-17
5202.53023147583  6.602771E-17
5205.24207901954  6.106118E-17
5207.95392656326  6.243365E-17
5210.66577410698  5.789881E-17
5213.37762165069  6.146390E-17
5216.08946919441  6.708809E-17
5218.80131673813  6.550808E-17
5221.51316428184  5.929501E-17
5224.22501182556  5.842130E-17
5226.93685936928  6.078473E-17
5229.64870691299  6.087451E-17
5232.36055445671  6.328116E-17
5235.07240200043  6.398236E-17
5237.78424954414  6.036276E-17
5240.49609708786  6.329270E-17
5243.20794463157  6.849341E-17
5245.91979217529  6.586957E-17
5248.63163971901  6.430926E-17
5251.34348726272  6.425194E-17
5254.05533480644  6.379584E-17
5256.76718235016  6.506092E-17
5259.47902989387  6.496481E-17
5262.19087743759  6.399123E-17
5264.9027249813  6.612639E-17
5267.61457252502  6.574389E-17
5270.32642006874  6.201014E-17
5273.03826761245  6.305808E-17
5275.75011515617  6.225256E-17
5278.46196269989  6.406923E-17
5281.1738102436  6.539966E-17
5283.88565778732  6.733140E-17
5286.59750533104  6.946389E-17
5289.30935287475  6.765972E-17
5292.02120041847  6.320453E-17
5294.73304796219  6.502902E-17
5297.4448955059  7.026735E-17
5300.15674304962  6.628323E-17
5302.86859059334  6.729441E-17
5305.58043813705  7.306740E-17
5308.29228568077  7.375171E-17
5311.00413322448  6.913906E-17
5313.7159807682  7.172948E-17
5316.42782831192  7.773494E-17
5319.13967585563  7.590880E-17
5321.85152339935  7.121498E-17
5324.56337094307  7.581145E-17
5327.27521848678  7.700560E-17
5329.9870660305  7.234420E-17
5332.69891357422  6.667028E-17
5335.41076111793  6.726657E-17
5338.12260866165  7.086996E-17
5340.83445620537  7.116996E-17
5343.54630374908  6.865916E-17
5346.2581512928  6.644356E-17
5348.96999883652  7.283729E-17
5351.68184638023  7.353849E-17
5354.39369392395  6.908897E-17
5357.10554146766  6.155136E-17
5359.81738901138  6.775012E-17
5362.5292365551  7.152240E-17
5365.24108409881  7.067994E-17
5367.95293164253  7.076753E-17
5370.66477918625  6.880647E-17
5373.37662672996  6.813995E-17
5376.08847427368  6.884356E-17
5378.8003218174  7.115359E-17
5381.51216936111  7.162652E-17
5384.22401690483  6.310998E-17
5386.93586444854  6.250410E-17
5389.64771199226  7.086194E-17
5392.35955953598  7.167216E-17
5395.07140707969  7.396996E-17
5397.78325462341  7.220209E-17
5400.49510216713  6.661791E-17
5403.20694971084  6.823277E-17
5405.91879725456  7.223343E-17
5408.63064479828  7.285728E-17
5411.34249234199  6.926301E-17
5414.05433988571  6.949259E-17
5416.76618742943  7.148556E-17
5419.47803497314  7.004646E-17
5422.18988251686  6.788325E-17
5424.90173006058  6.953031E-17
5427.61357760429  6.667043E-17
5430.32542514801  6.841161E-17
5433.03727269173  7.280896E-17
5435.74912023544  7.091038E-17
5438.46096777916  7.188010E-17
5441.17281532287  7.229923E-17
5443.88466286659  6.486781E-17
5446.59651041031  6.559255E-17
5449.30835795402  7.205194E-17
5452.02020549774  7.135617E-17
5454.73205304146  7.056944E-17
5457.44390058517  6.993716E-17
5460.15574812889  6.916942E-17
5462.8675956726  7.053485E-17
5465.57944321632  7.075972E-17
5468.29129076004  7.048712E-17
5471.00313830375  7.109326E-17
5473.71498584747  7.090388E-17
5476.42683339119  6.911905E-17
5479.1386809349  7.047846E-17
5481.85052847862  7.185165E-17
5484.56237602234  7.171484E-17
5487.27422356605  7.350674E-17
5489.98607110977  7.288130E-17
5492.69791865349  7.010403E-17
5495.4097661972  6.926577E-17
5498.12161374092  7.141175E-17
5500.83346128464  6.820032E-17
5503.54530882835  6.712382E-17
5506.25715637207  6.636454E-17
5508.96900391578  6.943053E-17
5511.6808514595  6.919755E-17
5514.39269900322  6.841142E-17
5517.10454654693  6.635662E-17
5519.81639409065  6.989937E-17
5522.52824163437  7.272686E-17
5525.24008917808  6.987302E-17
5527.9519367218  6.823073E-17
5530.66378426552  6.790860E-17
5533.37563180923  6.778357E-17
5536.08747935295  7.019398E-17
5538.79932689666  6.930216E-17
5541.51117444038  7.251914E-17
5544.2230219841  7.115633E-17
5546.93486952781  6.996580E-17
5549.64671707153  6.732286E-17
5552.35856461525  7.144476E-17
5555.07041215896  7.072560E-17
5557.78225970268  7.254248E-17
5560.4941072464  7.149527E-17
5563.20595479011  6.234323E-17
5565.91780233383  6.646620E-17
5568.62964987755  5.823578E-17
5571.34149742126  6.458899E-17
5574.05334496498  6.708095E-17
5576.7651925087  6.973467E-17
5579.47704005241  7.511106E-17
5582.18888759613  7.175404E-17
5584.90073513984  7.281715E-17
5587.61258268356  6.922129E-17
5590.32443022728  6.746905E-17
5593.03627777099  6.751093E-17
5595.74812531471  6.967340E-17
5598.45997285843  6.627379E-17
5601.17182040214  6.522859E-17
5603.88366794586  7.023170E-17
5606.59551548958  7.051301E-17
5609.30736303329  7.004555E-17
5612.01921057701  7.133236E-17
5614.73105812073  6.805893E-17
5617.44290566444  6.496922E-17
5620.15475320816  6.769503E-17
5622.86660075188  6.911504E-17
5625.57844829559  7.002034E-17
5628.29029583931  6.999743E-17
5631.00214338302  6.730950E-17
5633.71399092674  6.427956E-17
5636.42583847046  6.526894E-17
5639.13768601417  6.771040E-17
5641.84953355789  6.331452E-17
5644.56138110161  6.426714E-17
5647.27322864532  7.111729E-17
5649.98507618904  6.924721E-17
5652.69692373276  7.041771E-17
5655.40877127647  7.361053E-17
5658.12061882019  6.826610E-17
5660.8324663639  6.800479E-17
5663.54431390762  6.651099E-17
5666.25616145134  6.452628E-17
5668.96800899505  7.048546E-17
5671.67985653877  6.524488E-17
5674.39170408249  6.613423E-17
5677.1035516262  6.589568E-17
5679.81539916992  6.073466E-17
5682.52724671364  6.278710E-17
5685.23909425735  6.408578E-17
5687.95094180107  6.224395E-17
5690.66278934479  6.201921E-17
5693.3746368885  6.417343E-17
5696.08648443222  6.220053E-17
5698.79833197593  6.630158E-17
5701.51017951965  6.719257E-17
5704.22202706337  6.708960E-17
5706.93387460708  6.277028E-17
5709.6457221508  6.101129E-17
5712.35756969452  6.068210E-17
5715.06941723823  6.715668E-17
5717.78126478195  6.700322E-17
5720.49311232567  6.410440E-17
5723.20495986938  6.703832E-17
5725.9168074131  6.512582E-17
5728.62865495681  6.139695E-17
5731.34050250053  5.758887E-17
5734.05235004425  5.881438E-17
5736.76419758797  6.379991E-17
5739.47604513168  6.069268E-17
5742.1878926754  5.867721E-17
5744.89974021911  6.146313E-17
5747.61158776283  6.169350E-17
5750.32343530655  6.135534E-17
5753.03528285026  6.266346E-17
5755.74713039398  6.371798E-17
5758.4589779377  6.381711E-17
5761.17082548141  6.857358E-17
5763.88267302513  6.352993E-17
5766.59452056884  5.848733E-17
5769.30636811256  6.624635E-17
5772.01821565628  6.812356E-17
5774.73006319999  6.291654E-17
5777.44191074371  6.320721E-17
5780.15375828743  6.343931E-17
5782.86560583114  6.112374E-17
5785.57745337486  5.997357E-17
5788.28930091858  5.838316E-17
5791.00114846229  6.061177E-17
5793.71299600601  6.578743E-17
5796.42484354973  6.165640E-17
5799.13669109344  5.552566E-17
5801.84853863716  6.153044E-17
5804.56038618088  6.485343E-17
5807.27223372459  6.435737E-17
5809.98408126831  6.891255E-17
5812.69592881202  6.395306E-17
5815.40777635574  5.858626E-17
5818.11962389946  6.011773E-17
5820.83147144317  6.294068E-17
5823.54331898689  5.828599E-17
5826.25516653061  6.112820E-17
5828.96701407432  6.483907E-17
5831.67886161804  6.412640E-17
5834.39070916176  6.452130E-17
5837.10255670547  6.327607E-17
5839.81440424919  6.617704E-17
5842.52625179291  6.771535E-17
5845.23809933662  7.030136E-17
5847.94994688034  6.451957E-17
5850.66179442406  6.728908E-17
5853.37364196777  6.684871E-17
5856.08548951149  6.562351E-17
5858.7973370552  6.316355E-17
5861.50918459892  6.303657E-17
5864.22103214264  6.436862E-17
5866.93287968635  6.382057E-17
5869.64472723007  6.238366E-17
5872.35657477379  6.490767E-17
5875.0684223175  6.647613E-17
5877.78026986122  6.484864E-17
5880.49211740494  6.181907E-17
5883.20396494865  5.581123E-17
5885.91581249237  5.467776E-17
5888.62766003608  5.700775E-17
5891.3395075798  5.544578E-17
5894.05135512352  5.872245E-17
5896.76320266723  6.109254E-17
5899.47505021095  5.735797E-17
5902.18689775467  5.649864E-17
5904.89874529838  6.106025E-17
5907.6105928421  6.145069E-17
5910.32244038582  5.777753E-17
5913.03428792953  5.797747E-17
5915.74613547325  6.106308E-17
5918.45798301697  6.155173E-17
5921.16983056068  6.193482E-17
5923.8816781044  6.036300E-17
5926.59352564811  5.316686E-17
5929.30537319183  5.326461E-17
5932.01722073555  5.492242E-17
5934.72906827926  5.571256E-17
5937.44091582298  6.073880E-17
5940.1527633667  6.336082E-17
5942.86461091041  5.980690E-17
5945.57645845413  5.941364E-17
5948.28830599785  5.762276E-17
5951.00015354156  6.146094E-17
5953.71200108528  6.540446E-17
5956.42384862899  5.922976E-17
5959.13569617271  5.902180E-17
5961.84754371643  6.119648E-17
5964.55939126014  5.902253E-17
5967.27123880386  5.560106E-17
5969.98308634758  5.984381E-17
5972.69493389129  6.266170E-17
5975.40678143501  6.017750E-17
5978.11862897873  6.196254E-17
5980.83047652244  6.518266E-17
5983.54232406616  6.373801E-17
5986.25417160988  6.694926E-17
5988.96601915359  6.965663E-17
5991.67786669731  6.638259E-17
5994.38971424103  6.570147E-17
5997.10156178474  6.430184E-17
5999.81340932846  6.399506E-17
6002.52525687217  6.757480E-17
6005.23710441589  6.956232E-17
6007.94895195961  7.000566E-17
6010.66079950332  6.782962E-17
6013.37264704704  6.500639E-17
6016.08449459076  6.853768E-17
6018.79634213447  6.948299E-17
6021.50818967819  6.600388E-17
6024.22003722191  6.508121E-17
6026.93188476562  6.473648E-17
6029.64373230934  6.262580E-17
6032.35557985306  6.500176E-17
6035.06742739677  6.806449E-17
6037.77927494049  6.290910E-17
6040.4911224842  6.496059E-17
6043.20297002792  7.103229E-17
6045.91481757164  7.037730E-17
6048.62666511535  6.524440E-17
6051.33851265907  6.007318E-17
6054.05036020279  6.282772E-17
6056.7622077465  6.978920E-17
6059.47405529022  7.049388E-17
6062.18590283394  6.462725E-17
6064.89775037765  6.763986E-17
6067.60959792137  6.799266E-17
6070.32144546509  6.890039E-17
6073.0332930088  6.724912E-17
6075.74514055252  6.477667E-17
6078.45698809623  6.151798E-17
6081.16883563995  6.216244E-17
6083.88068318367  6.560612E-17
6086.59253072738  6.514287E-17
6089.3043782711  6.113151E-17
6092.01622581482  6.443591E-17
6094.72807335853  6.511359E-17
6097.43992090225  6.538633E-17
6100.15176844597  6.798704E-17
6102.86361598968  6.530467E-17
6105.5754635334  6.535547E-17
6108.28731107712  6.826467E-17
6110.99915862083  6.512762E-17
6113.71100616455  6.533542E-17
6116.42285370827  6.860966E-17
6119.13470125198  6.736130E-17
6121.8465487957  6.710369E-17
6124.55839633942  6.752764E-17
6127.27024388313  6.949285E-17
6129.98209142685  6.777916E-17
6132.69393897056  6.153543E-17
6135.40578651428  6.412035E-17
6138.117634058  6.879675E-17
6140.82948160171  6.778118E-17
6143.54132914543  6.484671E-17
6146.25317668915  6.340218E-17
6148.96502423286  6.502172E-17
6151.67687177658  6.435367E-17
6154.38871932029  6.736415E-17
6157.10056686401  7.050346E-17
6159.81241440773  6.288975E-17
6162.52426195144  6.507525E-17
6165.23610949516  6.410183E-17
6167.94795703888  6.717566E-17
6170.65980458259  7.032262E-17
6173.37165212631  6.696069E-17
6176.08349967003  6.755840E-17
6178.79534721374  6.689923E-17
6181.50719475746  6.917981E-17
6184.21904230118  6.809252E-17
6186.93088984489  6.318722E-17
6189.64273738861  6.143382E-17
6192.35458493233  6.460392E-17
6195.06643247604  6.734807E-17
6197.77828001976  6.745584E-17
6200.49012756347  6.703558E-17
6203.20197510719  6.566668E-17
6205.91382265091  6.866805E-17
6208.62567019462  6.962943E-17
6211.33751773834  6.857593E-17
6214.04936528206  6.542977E-17
6216.76121282577  6.336959E-17
6219.47306036949  6.632600E-17
6222.1849079132  6.428956E-17
6224.89675545692  6.279698E-17
6227.60860300064  6.899189E-17
6230.32045054435  6.998757E-17
6233.03229808807  6.597816E-17
6235.74414563179  6.446237E-17
6238.45599317551  6.513502E-17
6241.16784071922  6.620509E-17
6243.87968826294  6.464573E-17
6246.59153580665  6.418981E-17
6249.30338335037  6.554768E-17
6252.01523089409  6.676208E-17
6254.7270784378  6.408258E-17
6257.43892598152  6.477214E-17
6260.15077352524  6.488354E-17
6262.86262106895  6.509941E-17
6265.57446861267  6.311943E-17
6268.28631615638  6.135291E-17
6270.9981637001  6.149424E-17
6273.71001124382  6.126986E-17
6276.42185878753  6.031534E-17
6279.13370633125  5.530012E-17
6281.84555387497  5.593610E-17
6284.55740141868  5.905790E-17
6287.2692489624  5.974737E-17
6289.98109650612  5.961385E-17
6292.69294404983  5.021601E-17
6295.40479159355  5.046688E-17
6298.11663913727  5.941397E-17
6300.82848668098  6.397192E-17
6303.5403342247  6.134622E-17
6306.25218176842  6.039012E-17
6308.96402931213  5.931426E-17
6311.67587685585  5.834175E-17
6314.38772439956  5.825355E-17
6317.09957194328  5.634323E-17
6319.811419487  5.691155E-17
6322.52326703071  5.967796E-17
6325.23511457443  5.825281E-17
6327.94696211815  5.470518E-17
6330.65880966186  5.721126E-17
6333.37065720558  5.870166E-17
6336.0825047493  5.471235E-17
6338.79435229301  5.503594E-17
6341.50619983673  5.756413E-17
6344.21804738044  6.094043E-17
6346.92989492416  5.496304E-17
6349.64174246788  5.481274E-17
6352.3535900116  5.499562E-17
6355.06543755531  5.420338E-17
6357.77728509903  5.339251E-17
6360.48913264274  5.668978E-17
6363.20098018646  6.181083E-17
6365.91282773018  6.005360E-17
6368.62467527389  5.865901E-17
6371.33652281761  5.591387E-17
6374.04837036133  5.530395E-17
6376.76021790504  5.676050E-17
6379.47206544876  5.470389E-17
6382.18391299248  5.481008E-17
6384.89576053619  5.694919E-17
6387.60760807991  5.957016E-17
6390.31945562362  5.703815E-17
6393.03130316734  4.828661E-17
6395.74315071106  5.317995E-17
6398.45499825477  5.974849E-17
6401.16684579849  5.725151E-17
6403.87869334221  5.436908E-17
6406.59054088592  5.505321E-17
6409.30238842964  5.851341E-17
6412.01423597336  5.713664E-17
6414.72608351707  5.370444E-17
6417.43793106079  5.354564E-17
6420.14977860451  5.478199E-17
6422.86162614822  5.808561E-17
6425.57347369194  5.879323E-17
6428.28532123565  5.687119E-17
6430.99716877937  5.535498E-17
6433.70901632309  5.547186E-17
6436.4208638668  5.708345E-17
6439.13271141052  5.820759E-17
6441.84455895424  5.372410E-17
6444.55640649795  5.710324E-17
6447.26825404167  5.631025E-17
6449.98010158539  5.644090E-17
6452.6919491291  5.899755E-17
6455.40379667282  5.805802E-17
6458.11564421653  5.702575E-17
6460.82749176025  5.693243E-17
6463.53933930397  5.343336E-17
6466.25118684768  4.903359E-17
6468.9630343914  5.017196E-17
6471.67488193512  5.253714E-17
6474.38672947883  5.431147E-17
6477.09857702255  5.220569E-17
6479.81042456627  5.582204E-17
6482.52227210998  5.619828E-17
6485.2341196537  5.374100E-17
6487.94596719742  5.689174E-17
6490.65781474113  5.925175E-17
6493.36966228485  5.680378E-17
6496.08150982857  5.320604E-17
6498.79335737228  5.194847E-17
6501.505204916  5.383434E-17
6504.21705245971  5.577267E-17
6506.92890000343  5.188073E-17
6509.64074754715  4.920318E-17
6512.35259509086  4.852067E-17
6515.06444263458  4.819895E-17
6517.7762901783  4.598209E-17
6520.48813772201  4.370731E-17
6523.19998526573  4.060240E-17
6525.91183280945  4.179934E-17
6528.62368035316  4.413746E-17
6531.33552789688  5.134495E-17
6534.0473754406  5.461066E-17
6536.75922298431  5.431663E-17
6539.47107052803  5.329101E-17
6542.18291807174  5.268190E-17
6544.89476561546  5.186131E-17
6547.60661315918  5.291977E-17
6550.31846070289  5.408699E-17
6553.03030824661  5.420596E-17
6555.74215579033  5.369618E-17
6558.45400333404  5.334606E-17
6561.16585087776  5.272926E-17
6563.87769842148  5.064802E-17
6566.58954596519  4.872023E-17
6569.30139350891  5.096518E-17
6572.01324105263  5.317890E-17
6574.72508859634  5.024872E-17
6577.43693614006  5.030779E-17
6580.14878368377  5.333293E-17
6582.86063122749  5.311290E-17
6585.57247877121  5.339338E-17
6588.28432631492  5.257218E-17
6590.99617385864  5.319030E-17
6593.70802140236  5.451930E-17
6596.41986894607  5.454971E-17
6599.13171648979  5.713778E-17
6601.84356403351  5.834753E-17
6604.55541157722  5.819719E-17
6607.26725912094  5.215936E-17
6609.97910666466  5.685973E-17
6612.69095420837  5.861784E-17
6615.40280175209  5.843295E-17
6618.11464929581  5.575648E-17
6620.82649683952  5.421568E-17
6623.53834438324  5.552606E-17
6626.25019192696  5.625976E-17
6628.96203947067  5.903055E-17
6631.67388701439  6.067456E-17
6634.3857345581  6.096289E-17
6637.09758210182  6.122332E-17
6639.80942964554  6.193451E-17
6642.52127718925  6.521910E-17
6645.23312473297  6.787739E-17
6647.94497227669  6.549979E-17
6650.6568198204  6.552104E-17
6653.36866736412  6.811692E-17
6656.08051490783  6.707256E-17
6658.79236245155  6.583791E-17
6661.50420999527  6.679986E-17
6664.21605753898  6.837210E-17
6666.9279050827  6.799084E-17
6669.63975262642  7.047794E-17
6672.35160017013  7.068447E-17
6675.06344771385  7.042554E-17
6677.77529525757  7.360276E-17
6680.48714280128  7.343136E-17
6683.198990345  7.119605E-17
6685.91083788872  7.464527E-17
6688.62268543243  7.248999E-17
6691.33453297615  7.160101E-17
6694.04638051987  7.418651E-17
6696.75822806358  7.592178E-17
6699.4700756073  7.478033E-17
6702.18192315101  7.481647E-17
6704.89377069473  7.546195E-17
6707.60561823845  7.971676E-17
6710.31746578216  8.113352E-17
6713.02931332588  7.554987E-17
6715.7411608696  7.707993E-17
6718.45300841331  7.973860E-17
6721.16485595703  7.976091E-17
6723.87670350074  7.978045E-17
6726.58855104446  8.214469E-17
6729.30039858818  8.289498E-17
6732.01224613189  8.117861E-17
6734.72409367561  8.682583E-17
6737.43594121933  9.175101E-17
6740.14778876304  9.566726E-17
6742.85963630676  1.014558E-16
6745.57148385048  1.226080E-16
6748.28333139419  1.557877E-16
6750.99517893791  1.845559E-16
6753.70702648163  1.917229E-16
6756.41887402534  1.810077E-16
6759.13072156906  1.580032E-16
6761.84256911278  1.339490E-16
6764.55441665649  1.148404E-16
6767.26626420021  1.022338E-16
6769.97811174392  9.207113E-17
6772.68995928764  8.270524E-17
6775.40180683136  8.079671E-17
6778.11365437507  7.789722E-17
6780.82550191879  7.876209E-17
6783.53734946251  7.996482E-17
6786.24919700622  7.789148E-17
6788.96104454994  7.532423E-17
6791.67289209366  7.476313E-17
6794.38473963737  7.500287E-17
6797.09658718109  7.263938E-17
6799.80843472481  6.966930E-17
6802.52028226852  7.057510E-17
6805.23212981224  7.108441E-17
6807.94397735596  6.960570E-17
6810.65582489967  7.175485E-17
6813.36767244339  7.043829E-17
6816.0795199871  6.698523E-17
6818.79136753082  6.635920E-17
6821.50321507454  6.702786E-17
6824.21506261825  7.041000E-17
6826.92691016197  6.656579E-17
6829.63875770569  6.118077E-17
6832.3506052494  6.634673E-17
6835.06245279312  7.324652E-17
6837.77430033684  7.378382E-17
6840.48614788055  6.784229E-17
6843.19799542427  6.666233E-17
6845.90984296798  6.512387E-17
6848.6216905117  6.146081E-17
6851.33353805542  5.963193E-17
6854.04538559913  6.046966E-17
6856.75723314285  6.174648E-17
6859.46908068657  6.114260E-17
6862.18092823028  5.978290E-17
6864.892775774  5.412031E-17
6867.60462331772  5.107549E-17
6870.31647086143  5.032431E-17
6873.02831840515  4.635957E-17
6875.74016594887  4.743001E-17
6878.45201349258  4.926708E-17
6881.1638610363  5.153574E-17
6883.87570858002  5.178368E-17
6886.58755612373  5.057221E-17
6889.29940366745  5.086202E-17
6892.01125121116  4.943008E-17
6894.72309875488  4.838725E-17
6897.4349462986  4.676731E-17
6900.14679384231  4.955940E-17
6902.85864138603  5.258954E-17
6905.57048892975  5.966469E-17
6908.28233647346  5.752549E-17
6910.99418401718  5.616026E-17
6913.7060315609  5.755758E-17
6916.41787910461  5.947313E-17
6919.12972664833  5.764550E-17
6921.84157419204  5.849256E-17
6924.55342173576  5.828438E-17
6927.26526927948  5.957893E-17
6929.97711682319  6.013028E-17
6932.68896436691  5.504514E-17
6935.40081191063  5.145451E-17
6938.11265945434  5.226998E-17
6940.82450699806  5.348974E-17
6943.53635454178  5.355041E-17
6946.24820208549  5.469539E-17
6948.96004962921  5.298859E-17
6951.67189717293  5.181368E-17
6954.38374471664  5.609640E-17
6957.09559226036  5.517769E-17
6959.80743980407  5.045709E-17
6962.51928734779  4.871215E-17
6965.23113489151  5.128841E-17
6967.94298243522  5.169090E-17
6970.65482997894  4.986317E-17
6973.36667752266  5.217094E-17
6976.07852506637  5.256627E-17
6978.79037261009  5.113938E-17
6981.50222015381  5.130110E-17
6984.21406769752  5.371039E-17
6986.92591524124  5.196014E-17
6989.63776278496  4.913090E-17
6992.34961032867  4.942544E-17
6995.06145787239  5.284754E-17
6997.77330541611  5.269846E-17
7000.48515295982  5.068558E-17
7003.19700050354  5.242963E-17
7005.90884804725  5.473035E-17
7008.62069559097  5.387844E-17
7011.33254313469  5.075103E-17
7014.0443906784  5.131765E-17
7016.75623822212  4.950733E-17
7019.46808576584  5.290156E-17
7022.17993330955  5.261039E-17
7024.89178085327  5.157597E-17
7027.60362839699  5.119123E-17
7030.3154759407  5.139971E-17
7033.02732348442  4.985015E-17
7035.73917102814  5.523370E-17
7038.45101857185  5.588315E-17
7041.16286611557  5.114744E-17
7043.87471365928  4.907499E-17
7046.586561203  5.154587E-17
7049.29840874672  5.101799E-17
7052.01025629043  5.115322E-17
7054.72210383415  5.595231E-17
7057.43395137787  5.674393E-17
7060.14579892158  5.595499E-17
7062.8576464653  5.647766E-17
7065.56949400902  5.548729E-17
7068.28134155273  5.459041E-17
7070.99318909645  5.193910E-17
7073.70503664017  5.009451E-17
7076.41688418388  5.225379E-17
7079.1287317276  5.246179E-17
7081.84057927131  4.927344E-17
7084.55242681503  5.105485E-17
7087.26427435875  5.342345E-17
7089.97612190246  5.414496E-17
7092.68796944618  5.596004E-17
7095.3998169899  5.304015E-17
7098.11166453361  5.478059E-17
7100.82351207733  5.494150E-17
7103.53535962105  5.376016E-17
7106.24720716476  5.175846E-17
7108.95905470848  4.914352E-17
7111.6709022522  5.339376E-17
7114.38274979591  5.488159E-17
7117.09459733963  5.128361E-17
7119.80644488334  5.035405E-17
7122.51829242706  5.055105E-17
7125.23013997078  4.823663E-17
7127.9419875145  4.837056E-17
7130.65383505821  5.029409E-17
7133.36568260193  4.966251E-17
7136.07753014564  5.250332E-17
7138.78937768936  5.497808E-17
7141.50122523308  5.393516E-17
7144.21307277679  4.979375E-17
7146.92492032051  5.064568E-17
7149.63676786423  5.487231E-17
7152.34861540794  5.412382E-17
7155.06046295166  5.306818E-17
7157.77231049537  5.354124E-17
7160.48415803909  5.129290E-17
7163.19600558281  4.972454E-17
7165.90785312652  4.974546E-17
7168.61970067024  5.083372E-17
7171.33154821396  5.125064E-17
7174.04339575767  5.020933E-17
7176.75524330139  4.802990E-17
7179.46709084511  4.583177E-17
7182.17893838882  4.751933E-17
7184.89078593254  5.077789E-17
7187.60263347625  5.198608E-17
7190.31448101997  4.994286E-17
7193.02632856369  4.758437E-17
7195.73817610741  4.954989E-17
7198.45002365112  4.858272E-17
7201.16187119484  4.858888E-17
7203.87371873855  4.687744E-17
7206.58556628227  4.588189E-17
7209.29741382599  4.597679E-17
7212.0092613697  4.459582E-17
7214.72110891342  5.022669E-17
7217.43295645714  5.259085E-17
7220.14480400085  5.129741E-17
7222.85665154457  4.983492E-17
7225.56849908828  4.874306E-17
7228.280346632  4.654447E-17
7230.99219417572  4.682044E-17
7233.70404171943  4.739193E-17
7236.41588926315  4.648619E-17
7239.12773680687  4.600378E-17
7241.83958435058  4.370454E-17
7244.5514318943  4.663624E-17
7247.26327943802  5.189090E-17
7249.97512698173  5.047803E-17
7252.68697452545  4.965581E-17
7255.39882206917  4.623573E-17
7258.11066961288  4.599182E-17
7260.8225171566  4.563265E-17
7263.53436470032  4.489002E-17
7266.24621224403  4.610962E-17
7268.95805978775  4.556220E-17
7271.66990733146  4.166749E-17
7274.38175487518  4.182977E-17
7277.0936024189  4.268873E-17
7279.80544996261  4.737987E-17
7282.51729750633  5.233394E-17
7285.22914505005  4.984358E-17
7287.94099259376  4.833057E-17
7290.65284013748  4.784460E-17
7293.3646876812  4.389881E-17
7296.07653522491  4.238646E-17
7298.78838276863  4.737146E-17
7301.50023031235  4.897273E-17
7304.21207785606  4.472485E-17
7306.92392539978  4.414263E-17
7309.6357729435  4.345278E-17
7312.34762048721  4.491597E-17
7315.05946803093  5.233942E-17
7317.77131557464  5.284990E-17
7320.48316311836  5.182669E-17
7323.19501066208  4.922846E-17
7325.90685820579  4.893745E-17
7328.61870574951  5.085832E-17
7331.33055329323  4.798406E-17
7334.04240083694  4.657897E-17
7336.75424838066  4.912851E-17
7339.46609592437  4.616952E-17
7342.17794346809  4.837705E-17
7344.88979101181  5.107277E-17
7347.60163855552  5.078399E-17
7350.31348609924  4.772126E-17
7353.02533364296  4.778841E-17
7355.73718118667  5.019647E-17
7358.44902873039  4.628948E-17
7361.16087627411  4.444669E-17
7363.87272381782  4.775332E-17
7366.58457136154  4.925999E-17
7369.29641890526  4.608584E-17
7372.00826644897  4.622761E-17
7374.72011399269  5.267942E-17
7377.43196153641  4.974888E-17
7380.14380908012  4.850926E-17
7382.85565662384  4.790675E-17
7385.56750416755  4.687529E-17
7388.27935171127  5.345930E-17
7390.99119925499  4.940108E-17
7393.7030467987  4.364222E-17
7396.41489434242  4.714666E-17
7399.12674188614  4.901307E-17
7401.83858942985  4.902340E-17
7404.55043697357  5.259589E-17
7407.26228451728  4.847625E-17
7409.974132061  4.612460E-17
7412.68597960472  4.910093E-17
7415.39782714843  4.639290E-17
7418.10967469215  5.037080E-17
7420.82152223587  5.040665E-17
7423.53336977958  4.769517E-17
7426.2452173233  4.701123E-17
7428.95706486702  4.450286E-17
7431.66891241073  4.724787E-17
7434.38075995445  4.778319E-17
7437.09260749817  4.614312E-17
7439.80445504188  4.702233E-17
7442.5163025856  4.973606E-17
7445.22815012932  4.678760E-17
7447.93999767303  4.665112E-17
7450.65184521675  4.872764E-17
7453.36369276046  4.426202E-17
7456.07554030418  4.303021E-17
7458.7873878479  4.766938E-17
7461.49923539161  5.002190E-17
7464.21108293533  4.833935E-17
7466.92293047905  4.577889E-17
7469.63477802276  4.829117E-17
7472.34662556648  5.149936E-17
7475.0584731102  4.934680E-17
7477.77032065391  4.700079E-17
7480.48216819763  4.764128E-17
7483.19401574135  5.053979E-17
7485.90586328506  4.869525E-17
7488.61771082878  5.154439E-17
7491.32955837249  4.842685E-17
7494.04140591621  4.889794E-17
7496.75325345993  4.971946E-17
7499.46510100364  5.136154E-17
7502.17694854736  4.891763E-17
7504.88879609108  5.003737E-17
7507.60064363479  4.702987E-17
7510.31249117851  4.767969E-17
7513.02433872223  5.138991E-17
7515.73618626594  5.047278E-17
7518.44803380966  4.594320E-17
7521.15988135338  5.022715E-17
7523.87172889709  5.025153E-17
7526.58357644081  4.590268E-17
7529.29542398453  4.824630E-17
7532.00727152824  5.140902E-17
7534.71911907196  4.808786E-17
7537.43096661567  4.649076E-17
7540.14281415939  4.781210E-17
7542.85466170311  4.795306E-17
7545.56650924682  5.124967E-17
7548.27835679054  5.534520E-17
7550.99020433426  5.262306E-17
7553.70205187797  5.017037E-17
7556.41389942169  4.508873E-17
7559.1257469654  4.480025E-17
7561.83759450912  4.861395E-17
7564.54944205284  4.679797E-17
7567.26128959655  4.638469E-17
7569.97313714027  4.669958E-17
7572.68498468399  4.426306E-17
7575.3968322277  4.484810E-17
7578.10867977142  4.683660E-17
7580.82052731514  4.757344E-17
7583.53237485885  4.770064E-17
7586.24422240257  4.783553E-17
7588.95606994629  4.135282E-17
7591.66791749  3.928418E-17
7594.37976503372  3.940634E-17
7597.09161257744  3.193658E-17
7599.80346012115  2.316893E-17
7602.51530766487  1.935257E-17
7605.22715520858  1.632476E-17
7607.9390027523  1.294582E-17
7610.65085029602  1.240873E-17
7613.36269783973  1.788766E-17
7616.07454538345  2.386814E-17
7618.78639292717  2.691771E-17
7621.49824047088  3.075893E-17
7624.2100880146  2.844913E-17
7626.92193555832  2.292114E-17
7629.63378310203  2.151233E-17
7632.34563064575  2.248960E-17
7635.05747818946  2.108892E-17
7637.76932573318  2.182118E-17
7640.4811732769  2.448881E-17
7643.19302082061  2.612453E-17
7645.90486836433  2.706985E-17
7648.61671590805  2.536585E-17
7651.32856345177  2.515629E-17
7654.04041099548  3.280212E-17
7656.7522585392  3.657008E-17
7659.46410608291  3.453456E-17
7662.17595362663  3.595941E-17
7664.88780117035  3.938307E-17
7667.59964871406  3.926025E-17
7670.31149625778  3.880677E-17
7673.0233438015  4.250615E-17
7675.73519134521  3.972977E-17
7678.44703888893  3.964512E-17
7681.15888643264  4.231181E-17
7683.87073397636  4.521512E-17
7686.58258152008  4.545590E-17
7689.29442906379  4.677570E-17
7692.00627660751  4.436775E-17
7694.71812415123  4.220121E-17
7697.42997169494  4.600363E-17
7700.14181923866  4.567292E-17
7702.85366678238  4.574115E-17
7705.56551432609  4.559004E-17
7708.27736186981  4.021372E-17
7710.98920941353  3.852881E-17
7713.70105695724  4.040887E-17
7716.41290450096  3.903706E-17
7719.12475204468  4.152319E-17
7721.83659958839  4.821742E-17
7724.54844713211  4.567817E-17
7727.26029467582  4.261568E-17
7729.97214221954  3.915749E-17
7732.68398976326  4.243399E-17
7735.39583730697  4.470236E-17
7738.10768485069  4.416659E-17
7740.81953239441  4.405737E-17
7743.53137993812  3.957189E-17
7746.24322748184  4.057733E-17
7748.95507502555  4.170974E-17
7751.66692256927  4.479770E-17
7754.37877011299  5.117793E-17
7757.0906176567  5.082962E-17
7759.80246520042  4.434853E-17
7762.51431274414  4.067929E-17
7765.22616028786  4.337921E-17
7767.93800783157  4.244048E-17
7770.64985537529  4.157605E-17
7773.361702919  4.215076E-17
7776.07355046272  3.993524E-17
7778.78539800644  4.211758E-17
7781.49724555015  3.900854E-17
7784.20909309387  4.188192E-17
7786.92094063759  4.475421E-17
7789.6327881813  4.599560E-17
7792.34463572502  4.418203E-17
7795.05648326873  4.220461E-17
7797.76833081245  4.424299E-17
7800.48017835617  4.633241E-17
7803.19202589988  4.338634E-17
7805.9038734436  3.917598E-17
7808.61572098732  4.041362E-17
7811.32756853103  4.387238E-17
7814.03941607475  4.359475E-17
7816.75126361847  4.081155E-17
7819.46311116218  4.187008E-17
7822.1749587059  4.268753E-17
7824.88680624961  4.069904E-17
7827.59865379333  4.552543E-17
7830.31050133705  4.237013E-17
7833.02234888077  4.018223E-17
7835.73419642448  4.352295E-17
7838.4460439682  4.515527E-17
7841.15789151191  4.759674E-17
7843.86973905563  4.833283E-17
7846.58158659935  4.492706E-17
7849.29343414306  3.987313E-17
7852.00528168678  3.769779E-17
7854.7171292305  3.958092E-17
7857.42897677421  3.672410E-17
7860.14082431793  3.971856E-17
7862.85267186164  4.848554E-17
7865.56451940536  4.531889E-17
7868.27636694908  4.312115E-17
7870.9882144928  4.244078E-17
7873.70006203651  4.218485E-17
7876.41190958023  4.514792E-17
7879.12375712394  4.327160E-17
7881.83560466766  4.100315E-17
7884.54745221138  4.212762E-17
7887.25929975509  4.293347E-17
7889.97114729881  4.356517E-17
7892.68299484253  4.507487E-17
7895.39484238624  4.478893E-17
7898.10668992996  3.974116E-17
7900.81853747368  3.772815E-17
7903.53038501739  4.215271E-17
7906.24223256111  3.665374E-17
