3654.1330566406  2.476279E-16
3656.25109675105  1.524862E-16
3658.36913686149  9.057171E-17
3660.48717697194  2.893510E-16
3662.60521708239  2.693676E-16
3664.72325719284  2.848409E-16
3666.84129730328  2.722402E-16
3668.95933741373  1.731300E-16
3671.07737752418  8.540336E-17
3673.19541763462  1.663604E-16
3675.31345774507  2.615036E-16
3677.43149785552  1.943588E-16
3679.54953796597  2.520048E-16
3681.66757807641  2.166410E-16
3683.78561818686  1.866198E-16
3685.90365829731  1.386074E-16
3688.02169840775  8.009976E-17
3690.1397385182  1.281870E-16
3692.25777862865  1.986305E-16
3694.3758187391  2.050541E-16
3696.49385884954  1.891514E-16
3698.61189895999  1.670201E-16
3700.72993907044  1.528904E-16
3702.84797918089  1.742576E-16
3704.96601929133  1.085341E-16
3707.08405940178  1.673540E-16
3709.20209951223  1.977265E-16
3711.32013962267  1.111620E-16
3713.43817973312  1.076704E-16
3715.55621984357  1.215584E-16
3717.67425995402  1.536885E-16
3719.79230006446  1.354775E-16
3721.91034017491  1.834588E-16
3724.02838028536  2.324508E-16
3726.14642039581  1.544066E-16
3728.26446050625  1.262710E-16
3730.3825006167  1.360579E-16
3732.50054072715  1.702676E-16
3734.61858083759  1.745574E-16
3736.73662094804  1.732140E-16
3738.85466105849  1.945171E-16
3740.97270116894  1.930295E-16
3743.09074127938  1.736219E-16
3745.20878138983  1.986336E-16
3747.32682150028  2.038368E-16
3749.44486161072  2.027529E-16
3751.56290172117  1.794485E-16
3753.68094183162  1.802002E-16
3755.79898194207  2.189756E-16
3757.91702205251  2.005238E-16
3760.03506216296  1.531660E-16
3762.15310227341  2.071930E-16
3764.27114238385  1.472016E-16
3766.3891824943  1.934357E-16
3768.50722260475  1.895732E-16
3770.6252627152  1.947095E-16
3772.74330282564  1.994430E-16
3774.86134293609  2.017042E-16
3776.97938304654  2.112039E-16
3779.09742315698  2.280778E-16
3781.21546326743  2.036043E-16
3783.33350337788  2.306244E-16
3785.45154348833  2.080533E-16
3787.56958359877  2.114612E-16
3789.68762370922  2.160810E-16
3791.80566381967  2.008099E-16
3793.92370393011  1.920695E-16
3796.04174404056  1.916120E-16
3798.15978415101  1.994757E-16
3800.27782426146  2.037170E-16
3802.3958643719  2.174590E-16
3804.51390448235  2.173058E-16
3806.6319445928  2.245109E-16
3808.74998470325  2.440083E-16
3810.86802481369  2.406931E-16
3812.98606492414  1.980147E-16
3815.10410503459  2.097632E-16
3817.22214514503  2.313294E-16
3819.34018525548  2.456963E-16
3821.45822536593  2.476711E-16
3823.57626547638  2.411810E-16
3825.69430558682  2.466915E-16
3827.81234569727  2.301030E-16
3829.93038580772  2.530103E-16
3832.04842591816  2.562538E-16
3834.16646602861  2.285227E-16
3836.28450613906  2.219726E-16
3838.40254624951  2.072502E-16
3840.52058635995  2.284654E-16
3842.6386264704  2.094341E-16
3844.75666658085  2.149053E-16
3846.8747066913  2.068840E-16
3848.99274680174  2.116331E-16
3851.11078691219  2.170431E-16
3853.22882702264  1.979894E-16
3855.34686713308  2.158029E-16
3857.46490724353  2.092845E-16
3859.58294735398  2.121573E-16
3861.70098746443  2.104317E-16
3863.81902757487  2.111701E-16
3865.93706768532  1.924107E-16
3868.05510779577  2.165202E-16
3870.17314790621  1.937283E-16
3872.29118801666  1.880386E-16
3874.40922812711  2.079773E-16
3876.52726823756  1.978859E-16
3878.645308348  2.161917E-16
3880.76334845845  2.133870E-16
3882.8813885689  2.019154E-16
3884.99942867934  2.178455E-16
3887.11746878979  2.134494E-16
3889.23550890024  2.078254E-16
3891.35354901069  2.015715E-16
3893.47158912113  2.164717E-16
3895.58962923158  2.071165E-16
3897.70766934203  1.823786E-16
3899.82570945248  1.893534E-16
3901.94374956292  2.013812E-16
3904.06178967337  2.098194E-16
3906.17982978382  1.978584E-16
3908.29786989426  1.835493E-16
3910.41591000471  2.001656E-16
3912.53395011516  1.973382E-16
3914.65199022561  1.968227E-16
3916.77003033605  2.052545E-16
3918.8880704465  2.147890E-16
3921.00611055695  2.244373E-16
3923.12415066739  2.098088E-16
3925.24219077784  2.043896E-16
3927.36023088829  2.085186E-16
3929.47827099874  2.064625E-16
3931.59631110918  2.086366E-16
3933.71435121963  2.057305E-16
3935.83239133008  1.971971E-16
3937.95043144053  2.091526E-16
3940.06847155097  1.939100E-16
3942.18651166142  2.011460E-16
3944.30455177187  1.933004E-16
3946.42259188231  2.102892E-16
3948.54063199276  2.046955E-16
3950.65867210321  2.138060E-16
3952.77671221366  2.082245E-16
3954.8947523241  2.112793E-16
3957.01279243455  2.123687E-16
3959.130832545  2.002968E-16
3961.24887265544  2.242444E-16
3963.36691276589  2.247354E-16
3965.48495287634  2.284946E-16
3967.60299298679  2.274620E-16
3969.72103309723  2.227843E-16
3971.83907320768  2.240621E-16
3973.95711331813  2.217178E-16
3976.07515342857  2.287310E-16
3978.19319353902  2.196282E-16
3980.31123364947  2.268010E-16
3982.42927375992  2.250914E-16
3984.54731387036  2.258172E-16
3986.66535398081  2.131866E-16
3988.78339409126  2.127053E-16
3990.9014342017  2.249050E-16
3993.01947431215  2.136317E-16
3995.1375144226  2.136690E-16
3997.25555453305  2.252993E-16
3999.37359464349  2.243174E-16
4001.49163475394  2.211717E-16
4003.60967486439  2.277688E-16
4005.72771497483  2.346564E-16
4007.84575508528  2.325962E-16
4009.96379519573  2.227569E-16
4012.08183530618  2.274293E-16
4014.19987541662  2.375128E-16
4016.31791552707  2.299269E-16
4018.43595563752  2.194144E-16
4020.55399574797  2.216838E-16
4022.67203585841  2.283029E-16
4024.79007596886  2.369241E-16
4026.90811607931  2.293409E-16
4029.02615618975  2.226687E-16
4031.1441963002  2.229401E-16
4033.26223641065  2.229318E-16
4035.3802765211  2.280539E-16
4037.49831663154  2.259830E-16
4039.61635674199  2.183265E-16
4041.73439685244  2.183335E-16
4043.85243696288  2.250827E-16
4045.97047707333  2.227769E-16
4048.08851718378  2.288322E-16
4050.20655729423  2.366178E-16
4052.32459740467  2.305963E-16
4054.44263751512  2.218205E-16
4056.56067762557  2.336850E-16
4058.67871773602  2.219462E-16
4060.79675784646  2.336434E-16
4062.91479795691  2.331847E-16
4065.03283806736  2.317520E-16
4067.1508781778  2.311862E-16
4069.26891828825  2.324091E-16
4071.3869583987  2.285865E-16
4073.50499850915  2.247484E-16
4075.62303861959  2.164745E-16
4077.74107873004  2.227132E-16
4079.85911884049  2.205728E-16
4081.97715895093  2.275715E-16
4084.09519906138  2.299624E-16
4086.21323917183  2.316032E-16
4088.33127928228  2.307542E-16
4090.44931939272  2.283029E-16
4092.56735950317  2.413271E-16
4094.68539961362  2.498952E-16
4096.80343972407  2.364848E-16
4098.92147983451  2.418178E-16
4101.03951994496  2.492421E-16
4103.15756005541  2.462601E-16
4105.27560016585  2.485913E-16
4107.3936402763  2.488592E-16
4109.51168038675  2.498550E-16
4111.6297204972  2.548139E-16
4113.74776060764  2.499242E-16
4115.86580071809  2.519339E-16
4117.98384082854  2.553115E-16
4120.10188093898  2.563586E-16
4122.21992104943  2.542153E-16
4124.33796115988  2.526152E-16
4126.45600127033  2.526324E-16
4128.57404138077  2.549312E-16
4130.69208149122  2.650551E-16
4132.81012160167  2.544502E-16
4134.92816171211  2.504987E-16
4137.04620182256  2.486204E-16
4139.16424193301  2.531339E-16
4141.28228204346  2.528897E-16
4143.4003221539  2.504202E-16
4145.51836226435  2.560572E-16
4147.6364023748  2.574920E-16
4149.75444248524  2.522812E-16
4151.87248259569  2.514300E-16
4153.99052270614  2.526518E-16
4156.10856281659  2.469766E-16
4158.22660292703  2.537053E-16
4160.34464303748  2.542305E-16
4162.46268314793  2.566293E-16
4164.58072325838  2.486970E-16
4166.69876336882  2.475173E-16
4168.81680347927  2.471780E-16
4170.93484358972  2.436190E-16
4173.05288370016  2.491807E-16
4175.17092381061  2.446695E-16
4177.28896392106  2.382391E-16
4179.40700403151  2.512550E-16
4181.52504414195  2.475210E-16
4183.6430842524  2.410612E-16
4185.76112436285  2.374080E-16
4187.87916447329  2.380870E-16
4189.99720458374  2.350374E-16
4192.11524469419  2.409781E-16
4194.23328480464  2.377960E-16
4196.35132491508  2.354820E-16
4198.46936502553  2.372720E-16
4200.58740513598  2.439127E-16
4202.70544524643  2.382852E-16
4204.82348535687  2.401703E-16
4206.94152546732  2.385810E-16
4209.05956557777  2.354404E-16
4211.17760568821  2.361331E-16
4213.29564579866  2.361038E-16
4215.41368590911  2.378156E-16
4217.53172601955  2.421464E-16
4219.64976613  2.473071E-16
4221.76780624045  2.511521E-16
4223.8858463509  2.437302E-16
4226.00388646134  2.419826E-16
4228.12192657179  2.436660E-16
4230.23996668224  2.411760E-16
4232.35800679269  2.418351E-16
4234.47604690313  2.434918E-16
4236.59408701358  2.463472E-16
4238.71212712403  2.436022E-16
4240.83016723447  2.434952E-16
4242.94820734492  2.403449E-16
4245.06624745537  2.326716E-16
4247.18428756582  2.358641E-16
4249.30232767626  2.361390E-16
4251.42036778671  2.392353E-16
4253.53840789716  2.392346E-16
4255.6564480076  2.385109E-16
4257.77448811805  2.429689E-16
4259.8925282285  2.358135E-16
4262.01056833895  2.375561E-16
4264.12860844939  2.315382E-16
4266.24664855984  2.330542E-16
4268.36468867029  2.365178E-16
4270.48272878074  2.348841E-16
4272.60076889118  2.296838E-16
4274.71880900163  2.322654E-16
4276.83684911208  2.290631E-16
4278.95488922252  2.291851E-16
4281.07292933297  2.297905E-16
4283.19096944342  2.281887E-16
4285.30900955386  2.250964E-16
4287.42704966431  2.210500E-16
4289.54508977476  2.164387E-16
4291.66312988521  2.226421E-16
4293.78116999566  2.180704E-16
4295.8992101061  2.232102E-16
4298.01725021655  2.128818E-16
4300.135290327  2.187148E-16
4302.25333043744  2.166094E-16
4304.37137054789  2.174013E-16
4306.48941065834  2.116671E-16
4308.60745076878  2.111871E-16
4310.72549087923  2.105602E-16
4312.84353098968  2.091496E-16
4314.96157110013  2.086145E-16
4317.07961121057  2.076959E-16
4319.19765132102  2.120488E-16
4321.31569143147  2.064222E-16
4323.43373154192  2.074371E-16
4325.55177165236  2.108933E-16
4327.66981176281  2.094220E-16
4329.78785187326  2.147325E-16
4331.9058919837  2.144423E-16
4334.02393209415  2.141232E-16
4336.1419722046  2.153423E-16
4338.26001231505  2.179398E-16
4340.37805242549  2.157368E-16
4342.49609253594  2.131738E-16
4344.61413264639  2.115756E-16
4346.73217275683  2.084784E-16
4348.85021286728  2.098466E-16
4350.96825297773  2.211173E-16
4353.08629308818  2.225959E-16
4355.20433319862  2.216499E-16
4357.32237330907  2.170308E-16
4359.44041341952  2.170209E-16
4361.55845352996  2.083109E-16
4363.67649364041  2.233978E-16
4365.79453375086  2.155919E-16
4367.91257386131  2.086150E-16
4370.03061397175  2.196893E-16
4372.1486540822  2.159876E-16
4374.26669419265  2.211474E-16
4376.3847343031  2.212436E-16
4378.50277441354  2.207318E-16
4380.62081452399  2.189228E-16
4382.73885463444  2.197834E-16
4384.85689474488  2.202917E-16
4386.97493485533  2.185180E-16
4389.09297496578  2.193012E-16
4391.21101507623  2.244315E-16
4393.32905518667  2.194518E-16
4395.44709529712  2.149626E-16
4397.56513540757  2.143264E-16
4399.68317551801  2.193099E-16
4401.80121562846  2.195452E-16
4403.91925573891  2.117557E-16
4406.03729584936  2.135967E-16
4408.1553359598  2.246619E-16
4410.27337607025  2.150545E-16
4412.3914161807  2.146985E-16
4414.50945629114  2.134083E-16
4416.62749640159  2.128036E-16
4418.74553651204  2.119113E-16
4420.86357662249  2.096551E-16
4422.98161673293  2.146441E-16
4425.09965684338  2.150450E-16
4427.21769695383  2.127447E-16
4429.33573706428  2.135818E-16
4431.45377717472  2.151468E-16
4433.57181728517  2.169141E-16
4435.68985739562  2.183568E-16
4437.80789750606  2.156611E-16
4439.92593761651  2.139289E-16
4442.04397772696  2.216101E-16
4444.16201783741  2.160986E-16
4446.28005794785  2.079701E-16
4448.3980980583  2.132898E-16
4450.51613816875  2.145600E-16
4452.63417827919  2.161064E-16
4454.75221838964  2.126309E-16
4456.87025850009  2.101647E-16
4458.98829861054  2.173027E-16
4461.10633872098  2.216969E-16
4463.22437883143  2.279389E-16
4465.34241894188  2.295214E-16
4467.46045905232  2.321369E-16
4469.57849916277  2.255906E-16
4471.69653927322  2.237227E-16
4473.81457938367  2.193201E-16
4475.93261949411  2.147903E-16
4478.05065960456  2.179259E-16
4480.16869971501  2.191034E-16
4482.28673982546  2.200251E-16
4484.4047799359  2.136740E-16
4486.52282004635  2.239201E-16
4488.6408601568  2.205319E-16
4490.75890026724  2.209268E-16
4492.87694037769  2.154197E-16
4494.99498048814  2.183330E-16
4497.11302059859  2.168925E-16
4499.23106070903  2.181792E-16
4501.34910081948  2.185197E-16
4503.46714092993  2.180270E-16
4505.58518104038  2.161728E-16
4507.70322115082  2.186490E-16
4509.82126126127  2.150315E-16
4511.93930137172  2.127331E-16
4514.05734148216  2.107124E-16
4516.17538159261  2.177060E-16
4518.29342170306  2.176263E-16
4520.4114618135  2.146421E-16
4522.52950192395  2.173089E-16
4524.6475420344  2.103989E-16
4526.76558214485  2.111208E-16
4528.88362225529  2.162299E-16
4531.00166236574  2.129994E-16
4533.11970247619  2.092093E-16
4535.23774258664  2.166706E-16
4537.35578269708  2.136366E-16
4539.47382280753  2.161702E-16
4541.59186291798  2.177773E-16
4543.70990302842  2.145521E-16
4545.82794313887  2.150472E-16
4547.94598324932  2.171767E-16
4550.06402335977  2.176096E-16
4552.18206347021  2.182057E-16
4554.30010358066  2.159240E-16
4556.41814369111  2.123668E-16
4558.53618380155  2.183527E-16
4560.654223912  2.186008E-16
4562.77226402245  2.155632E-16
4564.8903041329  2.206726E-16
4567.00834424334  2.177242E-16
4569.12638435379  2.131530E-16
4571.24442446424  2.156883E-16
4573.36246457469  2.227504E-16
4575.48050468513  2.218567E-16
4577.59854479558  2.205021E-16
4579.71658490603  2.158675E-16
4581.83462501647  2.162204E-16
4583.95266512692  2.181688E-16
4586.07070523737  2.234213E-16
4588.18874534782  2.254206E-16
4590.30678545826  2.220921E-16
4592.42482556871  2.261841E-16
4594.54286567916  2.264484E-16
4596.6609057896  2.273428E-16
4598.77894590005  2.291016E-16
4600.8969860105  2.281186E-16
4603.01502612095  2.281818E-16
4605.13306623139  2.275177E-16
4607.25110634184  2.313335E-16
4609.36914645229  2.338855E-16
4611.48718656273  2.352952E-16
4613.60522667318  2.326402E-16
4615.72326678363  2.368744E-16
4617.84130689408  2.410467E-16
4619.95934700452  2.414154E-16
4622.07738711497  2.396850E-16
4624.19542722542  2.374320E-16
4626.31346733586  2.425779E-16
4628.43150744631  2.436651E-16
4630.54954755676  2.413866E-16
4632.66758766721  2.423390E-16
4634.78562777765  2.383704E-16
4636.9036678881  2.417696E-16
4639.02170799855  2.418845E-16
4641.139748109  2.401790E-16
4643.25778821944  2.437953E-16
4645.37582832989  2.450817E-16
4647.49386844034  2.455004E-16
4649.61190855078  2.442258E-16
4651.72994866123  2.450124E-16
4653.84798877168  2.431518E-16
4655.96602888213  2.422208E-16
4658.08406899257  2.419788E-16
4660.20210910302  2.420176E-16
4662.32014921347  2.369374E-16
4664.43818932391  2.401910E-16
4666.55622943436  2.368799E-16
4668.67426954481  2.351667E-16
4670.79230965526  2.400432E-16
4672.9103497657  2.417147E-16
4675.02838987615  2.433644E-16
4677.1464299866  2.428925E-16
4679.26447009704  2.401226E-16
4681.38251020749  2.396622E-16
4683.50055031794  2.365318E-16
4685.61859042839  2.435476E-16
4687.73663053883  2.378944E-16
4689.85467064928  2.418100E-16
4691.97271075973  2.452848E-16
4694.09075087018  2.430312E-16
4696.20879098062  2.378520E-16
4698.32683109107  2.371092E-16
4700.44487120152  2.365644E-16
4702.56291131196  2.402318E-16
4704.68095142241  2.384041E-16
4706.79899153286  2.365562E-16
4708.91703164331  2.403775E-16
4711.03507175375  2.353963E-16
4713.1531118642  2.353092E-16
4715.27115197465  2.392982E-16
4717.3891920851  2.427392E-16
4719.50723219554  2.412193E-16
4721.62527230599  2.386861E-16
4723.74331241644  2.413263E-16
4725.86135252688  2.394319E-16
4727.97939263733  2.368790E-16
4730.09743274778  2.348426E-16
4732.21547285822  2.368665E-16
4734.33351296867  2.400173E-16
4736.45155307912  2.383002E-16
4738.56959318957  2.382384E-16
4740.68763330001  2.380471E-16
4742.80567341046  2.338919E-16
4744.92371352091  2.320402E-16
4747.04175363135  2.321349E-16
4749.1597937418  2.322879E-16
4751.27783385225  2.360640E-16
4753.3958739627  2.308729E-16
4755.51391407314  2.336249E-16
4757.63195418359  2.326346E-16
4759.74999429404  2.347169E-16
4761.86803440449  2.322506E-16
4763.98607451493  2.352481E-16
4766.10411462538  2.278897E-16
4768.22215473583  2.305661E-16
4770.34019484627  2.293911E-16
4772.45823495672  2.275799E-16
4774.57627506717  2.251955E-16
4776.69431517762  2.261519E-16
4778.81235528806  2.262705E-16
4780.93039539851  2.239182E-16
4783.04843550896  2.209335E-16
4785.1664756194  2.222155E-16
4787.28451572985  2.251409E-16
4789.4025558403  2.278868E-16
4791.52059595075  2.240604E-16
4793.63863606119  2.217162E-16
4795.75667617164  2.202804E-16
4797.87471628209  2.234114E-16
4799.99275639254  2.191686E-16
4802.11079650298  2.172239E-16
4804.22883661343  2.172531E-16
4806.34687672388  2.148951E-16
4808.46491683432  2.130070E-16
4810.58295694477  2.148153E-16
4812.70099705522  2.122505E-16
4814.81903716567  2.097709E-16
4816.93707727611  2.040495E-16
4819.05511738656  2.088706E-16
4821.17315749701  2.070849E-16
4823.29119760745  2.060305E-16
4825.4092377179  2.077016E-16
4827.52727782835  2.049679E-16
4829.6453179388  2.084138E-16
4831.76335804924  2.019169E-16
4833.88139815969  2.057081E-16
4835.99943827014  2.054742E-16
4838.11747838058  2.045379E-16
4840.23551849103  2.036097E-16
4842.35355860148  2.034157E-16
4844.47159871193  2.051058E-16
4846.58963882237  1.997871E-16
4848.70767893282  1.976617E-16
4850.82571904327  1.972122E-16
4852.94375915372  1.992805E-16
4855.06179926416  1.990074E-16
4857.17983937461  1.956846E-16
4859.29787948506  1.949711E-16
4861.4159195955  2.013192E-16
4863.53395970595  2.026019E-16
4865.6519998164  1.987935E-16
4867.77003992685  1.993640E-16
4869.88808003729  2.038784E-16
4872.00612014774  2.021650E-16
4874.12416025819  1.997105E-16
4876.24220036864  1.946748E-16
4878.36024047908  1.997323E-16
4880.47828058953  2.015559E-16
4882.59632069998  1.983269E-16
4884.71436081042  1.974136E-16
4886.83240092087  1.981764E-16
4888.95044103132  1.979251E-16
4891.06848114177  2.000652E-16
4893.18652125221  2.027702E-16
4895.30456136266  2.064767E-16
4897.42260147311  2.046843E-16
4899.54064158355  2.035559E-16
4901.658681694  2.098217E-16
4903.77672180445  2.088463E-16
4905.8947619149  2.116922E-16
4908.01280202534  2.107257E-16
4910.13084213579  2.150609E-16
4912.24888224624  2.126863E-16
4914.36692235668  2.123732E-16
4916.48496246713  2.082984E-16
4918.60300257758  2.124706E-16
4920.72104268802  2.089778E-16
4922.83908279847  2.082393E-16
4924.95712290892  2.118169E-16
4927.07516301937  2.070210E-16
4929.19320312981  2.111628E-16
4931.31124324026  2.119049E-16
4933.42928335071  2.137395E-16
4935.54732346116  2.140136E-16
4937.6653635716  2.125110E-16
4939.78340368205  2.136110E-16
4941.9014437925  2.083984E-16
4944.01948390294  2.053033E-16
4946.13752401339  2.100519E-16
4948.25556412384  2.110651E-16
4950.37360423429  2.116101E-16
4952.49164434473  2.146099E-16
4954.60968445518  2.178328E-16
4956.72772456563  2.145420E-16
4958.84576467608  2.148827E-16
4960.96380478652  2.168606E-16
4963.08184489697  2.134865E-16
4965.19988500742  2.111524E-16
4967.31792511786  2.134686E-16
4969.43596522831  2.118803E-16
4971.55400533876  2.103384E-16
4973.67204544921  2.110889E-16
4975.79008555965  2.098940E-16
4977.9081256701  2.074932E-16
4980.02616578055  2.066177E-16
4982.14420589099  2.086894E-16
4984.26224600144  2.080004E-16
4986.38028611189  2.099183E-16
4988.49832622234  2.113698E-16
4990.61636633278  2.104350E-16
4992.73440644323  2.207255E-16
4994.85244655368  2.332129E-16
4996.97048666413  2.490630E-16
4999.08852677457  2.606795E-16
5001.20656688502  2.655822E-16
5003.32460699547  2.618218E-16
5005.44264710591  2.515659E-16
5007.56068721636  2.433032E-16
5009.67872732681  2.333517E-16
5011.79676743726  2.213283E-16
5013.9148075477  2.159709E-16
5016.03284765815  2.148408E-16
5018.1508877686  2.109680E-16
5020.26892787904  2.092027E-16
5022.38696798949  2.141816E-16
5024.50500809994  2.091943E-16
5026.62304821039  2.096062E-16
5028.74108832083  2.112039E-16
5030.85912843128  2.077848E-16
5032.97716854173  2.074299E-16
5035.09520865218  2.083865E-16
5037.21324876262  2.056712E-16
5039.33128887307  2.080875E-16
5041.44932898352  2.078200E-16
5043.56736909396  2.122604E-16
5045.68540920441  2.127707E-16
5047.80344931486  2.142641E-16
5049.9214894253  2.125587E-16
5052.03952953575  2.143844E-16
5054.1575696462  2.097571E-16
5056.27560975665  2.134140E-16
5058.3936498671  2.140223E-16
5060.51168997754  2.150979E-16
5062.62973008799  2.157460E-16
5064.74777019844  2.166403E-16
5066.86581030888  2.162827E-16
5068.98385041933  2.181991E-16
5071.10189052978  2.200286E-16
5073.21993064023  2.173338E-16
5075.33797075067  2.195990E-16
5077.45601086112  2.179835E-16
5079.57405097157  2.157627E-16
5081.69209108201  2.176584E-16
5083.81013119246  2.189140E-16
5085.92817130291  2.167786E-16
5088.04621141336  2.140682E-16
5090.1642515238  2.181290E-16
5092.28229163425  2.191135E-16
5094.4003317447  2.235607E-16
5096.51837185514  2.242287E-16
5098.63641196559  2.253106E-16
5100.75445207604  2.243992E-16
5102.87249218649  2.196145E-16
5104.99053229693  2.194016E-16
5107.10857240738  2.178466E-16
5109.22661251783  2.156846E-16
5111.34465262827  2.071324E-16
5113.46269273872  2.073784E-16
5115.58073284917  2.088571E-16
5117.69877295962  2.074532E-16
5119.81681307006  2.085346E-16
5121.93485318051  2.064816E-16
5124.05289329096  2.034770E-16
5126.1709334014  2.031049E-16
5128.28897351185  2.017370E-16
5130.4070136223  2.050319E-16
5132.52505373275  2.079411E-16
5134.64309384319  2.027082E-16
5136.76113395364  2.021070E-16
5138.87917406409  2.046840E-16
5140.99721417453  2.051152E-16
5143.11525428498  2.163293E-16
5145.23329439543  2.282338E-16
5147.35133450588  2.348959E-16
5149.46937461632  2.338037E-16
5151.58741472677  2.274928E-16
5153.70545483722  2.167080E-16
5155.82349494767  2.082435E-16
5157.94153505811  2.011728E-16
5160.05957516856  1.989156E-16
5162.17761527901  1.994135E-16
5164.29565538945  1.998301E-16
5166.4136954999  1.978727E-16
5168.53173561035  1.932303E-16
5170.6497757208  1.910635E-16
5172.76781583124  1.916845E-16
5174.88585594169  1.902456E-16
5177.00389605214  1.939507E-16
5179.12193616259  1.930002E-16
5181.23997627303  1.927627E-16
5183.35801638348  1.916818E-16
5185.47605649393  1.910762E-16
5187.59409660437  1.912662E-16
5189.71213671482  1.923887E-16
5191.83017682527  1.913403E-16
5193.94821693571  1.933079E-16
5196.06625704616  1.940071E-16
5198.18429715661  1.967604E-16
5200.30233726706  1.961658E-16
5202.4203773775  1.942695E-16
5204.53841748795  1.946380E-16
5206.6564575984  1.940996E-16
5208.77449770885  1.972550E-16
5210.89253781929  1.943845E-16
5213.01057792974  1.964923E-16
5215.12861804019  1.829057E-16
5217.24665815063  1.793487E-16
5219.36469826108  1.846133E-16
5221.48273837153  1.882440E-16
5223.60077848198  1.910084E-16
5225.71881859242  1.944228E-16
5227.83685870287  1.925423E-16
5229.95489881332  1.933336E-16
5232.07293892376  1.928743E-16
5234.19097903421  1.993014E-16
5236.30901914466  1.964905E-16
5238.42705925511  1.958965E-16
5240.54509936555  1.947115E-16
5242.663139476  2.012613E-16
5244.78117958645  1.993693E-16
5246.8992196969  1.987051E-16
5249.01725980734  2.006526E-16
5251.13529991779  1.972328E-16
5253.25334002824  1.990818E-16
5255.37138013868  1.955080E-16
5257.48942024913  1.924145E-16
5259.60746035958  1.993624E-16
5261.72550047003  1.984447E-16
5263.84354058047  1.950265E-16
5265.96158069092  2.011959E-16
5268.07962080137  1.977515E-16
5270.19766091181  1.973970E-16
5272.31570102226  1.977138E-16
5274.43374113271  1.993136E-16
5276.55178124316  1.948983E-16
5278.6698213536  1.946246E-16
5280.78786146405  1.976057E-16
5282.9059015745  1.946103E-16
5285.02394168495  1.954011E-16
5287.14198179539  1.920522E-16
5289.26002190584  1.944325E-16
5291.37806201629  1.960503E-16
5293.49610212673  1.957139E-16
5295.61414223718  1.937846E-16
5297.73218234763  1.979862E-16
5299.85022245808  1.967730E-16
5301.96826256852  1.913566E-16
5304.08630267897  1.944920E-16
5306.20434278942  1.975616E-16
5308.32238289986  1.913706E-16
5310.44042301031  1.917189E-16
5312.55846312076  1.944566E-16
5314.67650323121  1.909071E-16
5316.79454334165  1.946641E-16
5318.9125834521  1.990768E-16
5321.03062356255  2.004560E-16
5323.14866367299  2.005400E-16
5325.26670378344  1.974074E-16
5327.38474389389  1.957562E-16
5329.50278400434  1.943388E-16
5331.62082411478  1.972455E-16
5333.73886422523  1.917798E-16
5335.85690433568  1.943373E-16
5337.97494444612  1.904600E-16
5340.09298455657  1.971817E-16
5342.21102466702  1.924674E-16
5344.32906477747  1.925112E-16
5346.44710488791  1.982313E-16
5348.56514499836  1.935529E-16
5350.68318510881  1.939377E-16
5352.80122521926  1.938164E-16
5354.9192653297  1.952855E-16
5357.03730544015  1.928370E-16
5359.1553455506  1.916820E-16
5361.27338566104  1.902694E-16
5363.39142577149  1.930522E-16
5365.50946588194  1.928405E-16
5367.62750599238  1.934138E-16
5369.74554610283  1.951702E-16
5371.86358621328  1.957094E-16
5373.98162632373  1.910819E-16
5376.09966643417  1.916743E-16
5378.21770654462  1.911602E-16
5380.33574665507  1.946575E-16
5382.45378676552  1.966927E-16
5384.57182687596  1.976263E-16
5386.68986698641  1.945819E-16
5388.80790709686  1.971940E-16
5390.9259472073  1.946518E-16
5393.04398731775  1.905091E-16
5395.1620274282  1.941765E-16
5397.28006753865  1.901819E-16
5399.39810764909  1.872578E-16
5401.51614775954  1.915142E-16
5403.63418786999  1.867558E-16
5405.75222798043  1.873353E-16
5407.87026809088  1.882181E-16
5409.98830820133  1.928257E-16
5412.10634831178  1.894733E-16
5414.22438842222  1.900351E-16
5416.34242853267  1.912239E-16
5418.46046864312  1.910749E-16
5420.57850875357  1.899842E-16
5422.69654886401  1.894691E-16
5424.81458897446  1.873603E-16
5426.93262908491  1.905017E-16
5429.05066919535  1.889440E-16
5431.1687093058  1.880002E-16
5433.28674941625  1.867647E-16
5435.40478952669  1.849206E-16
5437.52282963714  1.922580E-16
5439.64086974759  1.880799E-16
5441.75890985804  1.855593E-16
5443.87694996848  1.852285E-16
5445.99499007893  1.872187E-16
5448.11303018938  1.851436E-16
5450.23107029983  1.818347E-16
5452.34911041027  1.847803E-16
5454.46715052072  1.845775E-16
5456.58519063117  1.827124E-16
5458.70323074161  1.783838E-16
5460.82127085206  1.842995E-16
5462.93931096251  1.844835E-16
5465.05735107296  1.835491E-16
5467.1753911834  1.864993E-16
5469.29343129385  1.836521E-16
5471.4114714043  1.872672E-16
5473.52951151475  1.854679E-16
5475.64755162519  1.828209E-16
5477.76559173564  1.822923E-16
5479.88363184609  1.782852E-16
5482.00167195654  1.806832E-16
5484.11971206698  1.801647E-16
5486.23775217743  1.803162E-16
5488.35579228788  1.784476E-16
5490.47383239832  1.773935E-16
5492.59187250877  1.775790E-16
5494.70991261922  1.781607E-16
5496.82795272967  1.761010E-16
5498.94599284011  1.766780E-16
5501.06403295056  1.753389E-16
5503.18207306101  1.760319E-16
5505.30011317145  1.775089E-16
5507.4181532819  1.806840E-16
5509.53619339235  1.825461E-16
5511.65423350279  1.790077E-16
5513.77227361324  1.770951E-16
5515.89031372369  1.809154E-16
5518.00835383414  1.839927E-16
5520.12639394458  1.785054E-16
5522.24443405503  1.786689E-16
5524.36247416548  1.752274E-16
5526.48051427592  1.762035E-16
5528.59855438637  1.770164E-16
5530.71659449682  1.742753E-16
5532.83463460727  1.756675E-16
5534.95267471771  1.758006E-16
5537.07071482816  1.731967E-16
5539.18875493861  1.728003E-16
5541.30679504906  1.740083E-16
5543.4248351595  1.776842E-16
5545.54287526995  1.792971E-16
5547.6609153804  1.750550E-16
5549.77895549085  1.743114E-16
5551.89699560129  1.728914E-16
5554.01503571174  1.709905E-16
5556.13307582219  1.702800E-16
5558.25111593263  1.712711E-16
5560.36915604308  1.712885E-16
5562.48719615353  1.713058E-16
5564.60523626398  1.713232E-16
5566.72327637442  1.713406E-16
5568.84131648487  1.713579E-16
5570.95935659532  1.713753E-16
5573.07739670576  1.713927E-16
5575.19543681621  1.714100E-16
5577.31347692666  1.714274E-16
5579.43151703711  1.714448E-16
5581.54955714755  1.714621E-16
5583.667597258  1.714795E-16
5585.78563736845  1.714969E-16
5587.90367747889  1.715142E-16
5590.02171758934  1.715316E-16
5592.13975769979  1.715490E-16
5594.25779781024  1.676630E-16
5596.37583792068  1.683968E-16
5598.49387803113  1.694482E-16
5600.61191814158  1.698819E-16
5602.72995825202  1.707019E-16
5604.84799836247  1.706400E-16
5606.96603847292  1.702792E-16
5609.08407858337  1.683901E-16
5611.20211869381  1.669575E-16
5613.32015880426  1.653058E-16
5615.43819891471  1.672287E-16
5617.55623902515  1.688133E-16
5619.6742791356  1.678131E-16
5621.79231924605  1.665573E-16
5623.9103593565  1.653414E-16
5626.02839946694  1.667837E-16
5628.14643957739  1.657383E-16
5630.26447968784  1.660849E-16
5632.38251979829  1.638212E-16
5634.50055990873  1.629665E-16
5636.61860001918  1.629407E-16
5638.73664012963  1.658883E-16
5640.85468024007  1.662752E-16
5642.97272035052  1.614708E-16
5645.09076046097  1.651430E-16
5647.20880057142  1.611435E-16
5649.32684068186  1.635279E-16
5651.44488079231  1.638614E-16
5653.56292090276  1.653875E-16
5655.6809610132  1.634588E-16
5657.79900112365  1.649020E-16
5659.9170412341  1.646142E-16
5662.03508134455  1.609151E-16
5664.15312145499  1.618006E-16
5666.27116156544  1.606983E-16
5668.38920167589  1.623393E-16
5670.50724178634  1.619191E-16
5672.62528189678  1.645057E-16
5674.74332200723  1.598214E-16
5676.86136211768  1.598351E-16
5678.97940222812  1.614226E-16
5681.09744233857  1.616998E-16
5683.21548244902  1.580249E-16
5685.33352255947  1.584515E-16
5687.45156266991  1.584192E-16
5689.56960278036  1.612287E-16
5691.68764289081  1.575205E-16
5693.80568300125  1.612377E-16
5695.9237231117  1.619625E-16
5698.04176322215  1.589148E-16
5700.1598033326  1.589795E-16
5702.27784344304  1.602008E-16
5704.39588355349  1.637037E-16
5706.51392366394  1.590692E-16
5708.63196377439  1.623202E-16
5710.75000388483  1.588144E-16
5712.86804399528  1.600897E-16
5714.98608410573  1.565125E-16
5717.10412421617  1.606490E-16
5719.22216432662  1.612069E-16
5721.34020443707  1.597168E-16
5723.45824454751  1.594688E-16
5725.57628465796  1.592564E-16
5727.69432476841  1.568483E-16
5729.81236487886  1.609024E-16
5731.9304049893  1.600849E-16
5734.04844509975  1.591898E-16
5736.1664852102  1.601888E-16
5738.28452532065  1.576745E-16
5740.40256543109  1.598174E-16
5742.52060554154  1.574962E-16
5744.63864565199  1.577904E-16
5746.75668576243  1.598692E-16
5748.87472587288  1.596713E-16
5750.99276598333  1.571466E-16
5753.11080609378  1.540028E-16
5755.22884620422  1.577808E-16
5757.34688631467  1.548561E-16
5759.46492642512  1.545670E-16
5761.58296653556  1.563660E-16
5763.70100664601  1.525424E-16
5765.81904675646  1.567509E-16
5767.93708686691  1.564498E-16
5770.05512697735  1.539187E-16
5772.1731670878  1.547967E-16
5774.29120719825  1.559219E-16
5776.4092473087  1.551111E-16
5778.52728741914  1.532432E-16
5780.64532752959  1.550339E-16
5782.76336764004  1.586621E-16
5784.88140775048  1.574483E-16
5786.99944786093  1.559933E-16
5789.11748797138  1.554567E-16
5791.23552808183  1.540416E-16
5793.35356819227  1.543032E-16
5795.47160830272  1.551260E-16
5797.58964841317  1.551674E-16
5799.70768852361  1.562875E-16
5801.82572863406  1.521145E-16
5803.94376874451  1.496782E-16
5806.06180885496  1.492952E-16
5808.1798489654  1.510184E-16
5810.29788907585  1.516149E-16
5812.4159291863  1.516618E-16
5814.53396929675  1.515711E-16
5816.65200940719  1.504715E-16
5818.77004951764  1.497316E-16
5820.88808962809  1.478605E-16
5823.00612973853  1.498834E-16
5825.12416984898  1.523319E-16
5827.24220995943  1.485192E-16
5829.36025006987  1.488524E-16
5831.47829018032  1.508656E-16
5833.59633029077  1.516902E-16
5835.71437040122  1.497440E-16
5837.83241051166  1.506759E-16
5839.95045062211  1.504802E-16
5842.06849073256  1.520239E-16
5844.18653084301  1.524928E-16
5846.30457095345  1.552431E-16
5848.4226110639  1.571911E-16
5850.54065117435  1.519885E-16
5852.65869128479  1.520346E-16
5854.77673139524  1.503593E-16
5856.89477150569  1.526616E-16
5859.01281161614  1.515037E-16
5861.13085172658  1.506152E-16
5863.24889183703  1.542125E-16
5865.36693194748  1.481846E-16
5867.48497205793  1.511853E-16
5869.60301216837  1.494569E-16
5871.72105227882  1.508488E-16
5873.83909238927  1.493186E-16
5875.95713249971  1.483866E-16
5878.07517261016  1.468744E-16
5880.19321272061  1.456424E-16
5882.31125283105  1.473808E-16
5884.4292929415  1.459983E-16
5886.54733305195  1.481469E-16
5888.6653731624  1.495222E-16
5890.78341327284  1.468879E-16
5892.90145338329  1.533881E-16
5895.01949349374  1.534559E-16
5897.13753360418  1.528013E-16
5899.25557371463  1.472304E-16
5901.37361382508  1.506246E-16
5903.49165393553  1.480994E-16
5905.60969404597  1.506864E-16
5907.72773415642  1.513246E-16
5909.84577426687  1.545987E-16
5911.96381437732  1.558097E-16
5914.08185448776  1.536375E-16
5916.19989459821  1.535175E-16
5918.31793470866  1.541450E-16
5920.4359748191  1.543156E-16
5922.55401492955  1.565115E-16
5924.67205504  1.595448E-16
5926.79009515045  1.596266E-16
5928.90813526089  1.611459E-16
5931.02617537134  1.609397E-16
5933.14421548179  1.609029E-16
5935.26225559223  1.593030E-16
5937.38029570268  1.600507E-16
5939.49833581313  1.584131E-16
5941.61637592358  1.593582E-16
5943.73441603402  1.611397E-16
5945.85245614447  1.574608E-16
5947.97049625492  1.572430E-16
5950.08853636537  1.587647E-16
5952.20657647581  1.589746E-16
5954.32461658626  1.615983E-16
5956.44265669671  1.650554E-16
5958.56069680715  1.654789E-16
5960.6787369176  1.642668E-16
5962.79677702805  1.601915E-16
5964.91481713849  1.634004E-16
5967.03285724894  1.636727E-16
5969.15089735939  1.610327E-16
5971.26893746984  1.593716E-16
5973.38697758028  1.600028E-16
5975.50501769073  1.612609E-16
5977.62305780118  1.604256E-16
5979.74109791163  1.623102E-16
5981.85913802207  1.629834E-16
5983.97717813252  1.627662E-16
5986.09521824297  1.586773E-16
5988.21325835341  1.592786E-16
5990.33129846386  1.588558E-16
5992.44933857431  1.583586E-16
5994.56737868476  1.560688E-16
5996.6854187952  1.596590E-16
5998.80345890565  1.577004E-16
6000.9214990161  1.598457E-16
6003.03953912655  1.534808E-16
6005.15757923699  1.526327E-16
6007.27561934744  1.546251E-16
6009.39365945789  1.552708E-16
6011.51169956834  1.583963E-16
6013.62973967878  1.559835E-16
6015.74777978923  1.546620E-16
6017.86581989968  1.557686E-16
6019.98386001012  1.542196E-16
6022.10190012057  1.507966E-16
6024.21994023102  1.515839E-16
6026.33798034146  1.524475E-16
6028.45602045191  1.498935E-16
6030.57406056236  1.539706E-16
6032.69210067281  1.494522E-16
6034.81014078325  1.504275E-16
6036.9281808937  1.536134E-16
6039.04622100415  1.547443E-16
6041.16426111459  1.559300E-16
6043.28230122504  1.570969E-16
6045.40034133549  1.550568E-16
6047.51838144594  1.539522E-16
6049.63642155638  1.534516E-16
6051.75446166683  1.529591E-16
6053.87250177728  1.547571E-16
6055.99054188773  1.553055E-16
6058.10858199817  1.531963E-16
6060.22662210862  1.517072E-16
6062.34466221907  1.492233E-16
6064.46270232951  1.489177E-16
6066.58074243996  1.512512E-16
6068.69878255041  1.541452E-16
6070.81682266086  1.539475E-16
6072.9348627713  1.528674E-16
6075.05290288175  1.544540E-16
6077.1709429922  1.536361E-16
6079.28898310264  1.524083E-16
6081.40702321309  1.530297E-16
6083.52506332354  1.532109E-16
6085.64310343399  1.537171E-16
6087.76114354443  1.553579E-16
6089.87918365488  1.536181E-16
6091.99722376533  1.520239E-16
6094.11526387578  1.544367E-16
6096.23330398622  1.544142E-16
6098.35134409667  1.542635E-16
6100.46938420712  1.516115E-16
6102.58742431756  1.544363E-16
6104.70546442801  1.536369E-16
6106.82350453846  1.534945E-16
6108.94154464891  1.548265E-16
6111.05958475935  1.541674E-16
6113.1776248698  1.527925E-16
6115.29566498025  1.539270E-16
6117.41370509069  1.527408E-16
6119.53174520114  1.528762E-16
6121.64978531159  1.568773E-16
6123.76782542204  1.556871E-16
6125.88586553248  1.514937E-16
6128.00390564293  1.543763E-16
6130.12194575338  1.508590E-16
6132.23998586382  1.572704E-16
6134.35802597427  1.531846E-16
6136.47606608472  1.515364E-16
6138.59410619517  1.547361E-16
6140.71214630561  1.585278E-16
6142.83018641606  1.540973E-16
6144.94822652651  1.572860E-16
6147.06626663696  1.594698E-16
6149.1843067474  1.572665E-16
6151.30234685785  1.537391E-16
6153.4203869683  1.551111E-16
6155.53842707874  1.521427E-16
6157.65646718919  1.544596E-16
6159.77450729964  1.513837E-16
6161.89254741009  1.534727E-16
6164.01058752053  1.545655E-16
6166.12862763098  1.557790E-16
6168.24666774143  1.541397E-16
6170.36470785187  1.536804E-16
6172.48274796232  1.533192E-16
6174.60078807277  1.533847E-16
6176.71882818321  1.526846E-16
6178.83686829366  1.534713E-16
6180.95490840411  1.522756E-16
6183.07294851456  1.530285E-16
6185.19098862501  1.531177E-16
6187.30902873545  1.518796E-16
6189.4270688459  1.546583E-16
6191.54510895635  1.546379E-16
6193.66314906679  1.530438E-16
6195.78118917724  1.535103E-16
6197.89922928769  1.539559E-16
6200.01726939814  1.525780E-16
6202.13530950858  1.514677E-16
6204.25334961903  1.538256E-16
6206.37138972948  1.513637E-16
6208.48942983992  1.491294E-16
6210.60746995037  1.537243E-16
6212.72551006082  1.575147E-16
6214.84355017127  1.533063E-16
6216.96159028171  1.531491E-16
6219.07963039216  1.509964E-16
6221.19767050261  1.525977E-16
6223.31571061305  1.527331E-16
6225.4337507235  1.554105E-16
6227.55179083395  1.506510E-16
6229.6698309444  1.494666E-16
6231.78787105484  1.531175E-16
6233.90591116529  1.479423E-16
6236.02395127574  1.468349E-16
6238.14199138619  1.526764E-16
6240.26003149663  1.535505E-16
6242.37807160708  1.523791E-16
6244.49611171753  1.549552E-16
6246.61415182797  1.450495E-16
6248.73219193842  1.492186E-16
6250.85023204887  1.501450E-16
6252.96827215932  1.492906E-16
6255.08631226976  1.492534E-16
6257.20435238021  1.495945E-16
6259.32239249066  1.490561E-16
6261.4404326011  1.477255E-16
6263.55847271155  1.476581E-16
6265.676512822  1.474762E-16
6267.79455293245  1.424113E-16
6269.91259304289  1.428610E-16
6272.03063315334  1.414318E-16
6274.14867326379  1.391595E-16
6276.26671337423  1.384425E-16
6278.38475348468  1.384745E-16
6280.50279359513  1.392836E-16
6282.62083370558  1.388044E-16
6284.73887381602  1.383272E-16
6286.85691392647  1.351895E-16
6288.97495403692  1.355555E-16
6291.09299414737  1.359215E-16
6293.21103425781  1.362875E-16
6295.32907436826  1.366535E-16
6297.44711447871  1.370195E-16
6299.56515458915  1.373854E-16
6301.6831946996  1.377514E-16
6303.80123481005  1.381174E-16
6305.9192749205  1.384834E-16
6308.03731503094  1.388494E-16
6310.15535514139  1.392154E-16
6312.27339525184  1.395814E-16
6314.39143536228  1.399474E-16
6316.50947547273  1.397744E-16
6318.62751558318  1.391581E-16
6320.74555569363  1.379967E-16
6322.86359580407  1.386007E-16
6324.98163591452  1.367769E-16
6327.09967602497  1.355211E-16
6329.21771613541  1.346760E-16
6331.33575624586  1.339052E-16
6333.45379635631  1.389713E-16
6335.57183646676  1.339203E-16
6337.6898765772  1.333900E-16
6339.80791668765  1.362332E-16
6341.9259567981  1.337016E-16
6344.04399690854  1.363928E-16
6346.16203701899  1.359748E-16
6348.28007712944  1.392232E-16
6350.39811723989  1.349177E-16
6352.51615735033  1.321762E-16
6354.63419746078  1.268972E-16
6356.75223757123  1.226334E-16
6358.87027768167  1.306536E-16
6360.98831779212  1.314348E-16
6363.10635790257  1.280118E-16
6365.22439801302  1.393702E-16
6367.34243812346  1.369308E-16
6369.46047823391  1.336651E-16
6371.57851834436  1.326354E-16
6373.69655845481  1.314336E-16
6375.81459856525  1.335711E-16
6377.9326386757  1.356274E-16
6380.05067878615  1.368298E-16
6382.16871889659  1.347663E-16
6384.28675900704  1.338113E-16
6386.40479911749  1.372353E-16
6388.52283922794  1.379513E-16
6390.64087933838  1.372134E-16
6392.75891944883  1.316004E-16
6394.87695955928  1.324371E-16
6396.99499966972  1.323349E-16
6399.11303978017  1.319815E-16
6401.23107989062  1.322545E-16
6403.34912000107  1.326949E-16
6405.46716011151  1.348883E-16
6407.58520022196  1.346823E-16
6409.70324033241  1.341495E-16
6411.82128044286  1.344468E-16
6413.9393205533  1.316373E-16
6416.05736066375  1.296708E-16
6418.1754007742  1.323073E-16
6420.29344088464  1.362452E-16
6422.41148099509  1.358190E-16
6424.52952110554  1.335019E-16
6426.64756121598  1.311062E-16
6428.76560132643  1.327068E-16
6430.88364143688  1.336767E-16
6433.00168154733  1.338788E-16
6435.11972165777  1.351685E-16
6437.23776176822  1.357513E-16
6439.35580187867  1.336161E-16
6441.47384198912  1.334263E-16
6443.59188209956  1.350874E-16
6445.70992221001  1.356592E-16
6447.82796232046  1.333567E-16
6449.9460024309  1.333084E-16
6452.06404254135  1.342575E-16
6454.1820826518  1.333851E-16
6456.30012276225  1.297219E-16
6458.41816287269  1.326869E-16
6460.53620298314  1.306129E-16
6462.65424309359  1.325921E-16
6464.77228320403  1.302465E-16
6466.89032331448  1.300841E-16
6469.00836342493  1.282131E-16
6471.12640353538  1.281813E-16
6473.24444364582  1.292143E-16
6475.36248375627  1.344037E-16
6477.48052386672  1.306848E-16
6479.59856397717  1.338301E-16
6481.71660408761  1.329264E-16
6483.83464419806  1.313272E-16
6485.95268430851  1.266446E-16
6488.07072441895  1.261999E-16
6490.1887645294  1.253006E-16
6492.30680463985  1.267862E-16
6494.42484475029  1.251538E-16
6496.54288486074  1.289903E-16
6498.66092497119  1.320637E-16
6500.77896508164  1.319488E-16
6502.89700519208  1.305552E-16
6505.01504530253  1.299303E-16
6507.13308541298  1.316208E-16
6509.25112552343  1.299358E-16
6511.36916563387  1.244307E-16
6513.48720574432  1.236180E-16
6515.60524585477  1.228115E-16
6517.72328596522  1.212048E-16
6519.84132607566  1.207398E-16
6521.95936618611  1.242126E-16
6524.07740629656  1.240570E-16
6526.195446407  1.239711E-16
6528.31348651745  1.268038E-16
6530.4315266279  1.290156E-16
6532.54956673835  1.314841E-16
6534.66760684879  1.307455E-16
6536.78564695924  1.292646E-16
6538.90368706969  1.259100E-16
6541.02172718013  1.240927E-16
6543.13976729058  1.218978E-16
6545.25780740103  1.204309E-16
6547.37584751148  1.228014E-16
6549.49388762192  1.242093E-16
6551.61192773237  1.281182E-16
6553.72996784282  1.306213E-16
6555.84800795326  1.291314E-16
6557.96604806371  1.326294E-16
6560.08408817416  1.315126E-16
6562.20212828461  1.361279E-16
6564.32016839505  1.283772E-16
6566.4382085055  1.284591E-16
6568.55624861595  1.316718E-16
6570.6742887264  1.289205E-16
6572.79232883684  1.257125E-16
6574.91036894729  1.275952E-16
6577.02840905774  1.269998E-16
6579.14644916818  1.282300E-16
6581.26448927863  1.314556E-16
6583.38252938908  1.340365E-16
6585.50056949953  1.334999E-16
6587.61860960997  1.322485E-16
6589.73664972042  1.357603E-16
6591.85468983087  1.350334E-16
6593.97272994131  1.356842E-16
6596.09077005176  1.379897E-16
6598.20881016221  1.377879E-16
6600.32685027266  1.367057E-16
6602.4448903831  1.370356E-16
6604.56293049355  1.389749E-16
6606.680970604  1.389007E-16
6608.79901071445  1.381145E-16
6610.91705082489  1.404840E-16
6613.03509093534  1.415656E-16
6615.15313104579  1.405275E-16
6617.27117115623  1.421013E-16
6619.38921126668  1.427250E-16
6621.50725137713  1.435511E-16
6623.62529148758  1.456467E-16
6625.74333159802  1.422804E-16
6627.86137170847  1.463509E-16
6629.97941181892  1.483634E-16
6632.09745192936  1.516389E-16
6634.21549203981  1.559661E-16
6636.33353215026  1.500849E-16
6638.4515722607  1.518325E-16
6640.56961237115  1.531420E-16
6642.6876524816  1.480681E-16
6644.80569259205  1.464269E-16
6646.92373270249  1.466442E-16
6649.04177281294  1.458266E-16
6651.15981292339  1.465853E-16
6653.27785303383  1.517680E-16
6655.39589314428  1.444295E-16
6657.51393325473  1.507049E-16
6659.63197336518  1.532015E-16
6661.75001347562  1.527213E-16
6663.86805358607  1.546393E-16
6665.98609369652  1.537519E-16
6668.10413380697  1.509439E-16
6670.22217391741  1.470946E-16
6672.34021402786  1.482415E-16
6674.45825413831  1.440317E-16
6676.57629424876  1.421126E-16
6678.6943343592  1.456175E-16
6680.81237446965  1.475258E-16
6682.9304145801  1.508011E-16
6685.04845469054  1.515173E-16
6687.16649480099  1.540043E-16
6689.28453491144  1.519279E-16
6691.40257502189  1.513656E-16
6693.52061513233  1.511342E-16
6695.63865524278  1.468865E-16
6697.75669535323  1.442503E-16
6699.87473546367  1.463866E-16
6701.99277557412  1.442530E-16
6704.11081568457  1.409530E-16
6706.22885579502  1.424482E-16
6708.34689590546  1.438304E-16
6710.46493601591  1.461617E-16
6712.58297612636  1.454080E-16
6714.70101623681  1.434084E-16
6716.81905634725  1.485991E-16
6718.9370964577  1.483494E-16
6721.05513656815  1.481486E-16
6723.17317667859  1.501983E-16
6725.29121678904  1.497670E-16
6727.40925689949  1.505604E-16
6729.52729700993  1.496553E-16
6731.64533712038  1.557924E-16
6733.76337723083  1.544860E-16
6735.88141734128  1.525221E-16
6737.99945745172  1.624340E-16
6740.11749756217  1.783718E-16
6742.23553767262  2.051176E-16
6744.35357778306  2.459671E-16
6746.47161789351  2.962944E-16
6748.58965800396  3.394171E-16
6750.70769811441  3.578599E-16
6752.82573822486  3.644570E-16
6754.9437783353  3.537787E-16
6757.06181844575  3.241803E-16
6759.1798585562  2.790433E-16
6761.29789866664  2.364579E-16
6763.41593877709  2.082040E-16
6765.53397888754  1.877846E-16
6767.65201899798  1.814270E-16
6769.77005910843  1.725068E-16
6771.88809921888  1.712828E-16
6774.00613932933  1.629660E-16
6776.12417943977  1.590400E-16
6778.24221955022  1.550221E-16
6780.36025966067  1.542466E-16
6782.47829977111  1.575464E-16
6784.59633988156  1.593234E-16
6786.71437999201  1.582505E-16
6788.83242010246  1.574035E-16
6790.9504602129  1.555468E-16
6793.06850032335  1.542046E-16
6795.1865404338  1.520975E-16
6797.30458054425  1.512372E-16
6799.42262065469  1.503253E-16
6801.54066076514  1.476179E-16
6803.65870087559  1.480983E-16
6805.77674098603  1.474348E-16
6807.89478109648  1.457015E-16
6810.01282120693  1.452126E-16
6812.13086131738  1.463401E-16
6814.24890142782  1.485886E-16
6816.36694153827  1.497429E-16
6818.48498164872  1.502253E-16
6820.60302175916  1.492496E-16
6822.72106186961  1.488009E-16
6824.83910198006  1.423472E-16
6826.95714209051  1.400370E-16
6829.07518220095  1.399549E-16
6831.1932223114  1.403817E-16
6833.31126242185  1.422591E-16
6835.42930253229  1.428366E-16
6837.54734264274  1.392426E-16
6839.66538275319  1.379490E-16
6841.78342286364  1.433060E-16
6843.90146297408  1.468307E-16
6846.01950308453  1.417947E-16
6848.13754319498  1.408823E-16
6850.25558330543  1.401460E-16
6852.37362341587  1.370999E-16
6854.49166352632  1.348584E-16
6856.60970363677  1.311610E-16
6858.72774374721  1.320383E-16
6860.84578385766  1.205263E-16
6862.96382396811  1.274476E-16
6865.08186407856  1.305860E-16
6867.199904189  1.350968E-16
6869.31794429945  1.369039E-16
6871.4359844099  1.339275E-16
6873.55402452034  1.424799E-16
6875.67206463079  1.384615E-16
6877.79010474124  1.348304E-16
6879.90814485169  1.350923E-16
6882.02618496213  1.321522E-16
6884.14422507258  1.313077E-16
6886.26226518303  1.310810E-16
6888.38030529347  1.282010E-16
6890.49834540392  1.307046E-16
6892.61638551437  1.296983E-16
6894.73442562482  1.239989E-16
6896.85246573526  1.245458E-16
6898.97050584571  1.328214E-16
6901.08854595616  1.377155E-16
6903.20658606661  1.364043E-16
6905.32462617705  1.353048E-16
6907.4426662875  1.294427E-16
6909.56070639795  1.312985E-16
6911.6787465084  1.322931E-16
6913.79678661884  1.265119E-16
6915.91482672929  1.210309E-16
6918.03286683974  1.192374E-16
6920.15090695018  1.175923E-16
6922.26894706063  1.222242E-16
6924.38698717108  1.205940E-16
6926.50502728152  1.217897E-16
6928.62306739197  1.221576E-16
6930.74110750242  1.190486E-16
6932.85914761286  1.176968E-16
6934.97718772331  1.181693E-16
6937.09522783376  1.182285E-16
6939.21326794421  1.184472E-16
6941.33130805466  1.206808E-16
6943.4493481651  1.312856E-16
6945.56738827555  1.301388E-16
6947.685428386  1.255830E-16
6949.80346849644  1.260896E-16
6951.92150860689  1.254463E-16
6954.03954871734  1.229115E-16
6956.15758882778  1.217853E-16
6958.27562893823  1.190976E-16
6960.39366904868  1.189279E-16
6962.51170915913  1.145040E-16
6964.62974926957  1.112809E-16
6966.74778938002  1.113775E-16
6968.86582949047  1.117166E-16
6970.98386960092  1.128008E-16
6973.10190971136  1.166797E-16
6975.21994982181  1.171300E-16
6977.33798993226  1.198219E-16
6979.4560300427  1.218309E-16
6981.57407015315  1.218694E-16
6983.6921102636  1.200432E-16
6985.81015037405  1.187804E-16
6987.92819048449  1.241772E-16
6990.04623059494  1.253644E-16
6992.16427070539  1.216103E-16
6994.28231081584  1.215619E-16
6996.40035092628  1.204132E-16
6998.51839103673  1.188047E-16
7000.63643114718  1.129847E-16
7002.75447125762  1.104895E-16
7004.87251136807  1.146623E-16
7006.99055147852  1.119621E-16
7009.10859158897  1.098156E-16
7011.22663169941  1.144609E-16
7013.34467180986  1.154014E-16
7015.46271192031  1.127580E-16
7017.58075203075  1.140518E-16
7019.6987921412  1.197954E-16
7021.81683225165  1.238194E-16
7023.9348723621  1.236453E-16
7026.05291247254  1.231378E-16
7028.17095258299  1.228530E-16
7030.28899269344  1.231066E-16
7032.40703280389  1.192813E-16
7034.52507291433  1.222232E-16
7036.64311302478  1.181372E-16
7038.76115313523  1.152953E-16
7040.87919324567  1.162180E-16
7042.99723335612  1.133372E-16
7045.11527346657  1.127516E-16
7047.23331357702  1.088826E-16
7049.35135368746  1.084633E-16
7051.46939379791  1.136727E-16
7053.58743390836  1.134225E-16
7055.7054740188  1.086679E-16
7057.82351412925  1.170364E-16
7059.9415542397  1.184878E-16
7062.05959435015  1.165833E-16
7064.17763446059  1.167328E-16
7066.29567457104  1.211702E-16
7068.41371468149  1.190276E-16
7070.53175479193  1.165894E-16
7072.64979490238  1.156260E-16
7074.76783501283  1.162991E-16
7076.88587512328  1.162910E-16
7079.00391523372  1.141547E-16
7081.12195534417  1.126059E-16
7083.23999545462  1.125653E-16
7085.35803556506  1.121479E-16
7087.47607567551  1.150747E-16
7089.59411578596  1.175972E-16
7091.71215589641  1.195021E-16
7093.83019600685  1.194220E-16
7095.9482361173  1.220698E-16
7098.06627622775  1.227833E-16
7100.1843163382  1.186269E-16
7102.30235644864  1.156919E-16
7104.42039655909  1.132419E-16
7106.53843666954  1.118773E-16
7108.65647677998  1.130085E-16
7110.77451689043  1.134266E-16
7112.89255700088  1.142180E-16
7115.01059711132  1.144471E-16
7117.12863722177  1.161146E-16
7119.24667733222  1.174891E-16
7121.36471744267  1.206574E-16
7123.48275755311  1.211860E-16
7125.60079766356  1.189537E-16
7127.71883777401  1.250708E-16
7129.83687788446  1.200997E-16
7131.9549179949  1.174750E-16
7134.07295810535  1.174850E-16
7136.1909982158  1.132558E-16
7138.30903832624  1.098049E-16
7140.42707843669  1.074011E-16
7142.54511854714  1.075362E-16
7144.66315865759  1.143966E-16
7146.78119876803  1.171318E-16
7148.89923887848  1.162582E-16
7151.01727898893  1.139180E-16
7153.13531909937  1.156908E-16
7155.25335920982  1.093837E-16
7157.37139932027  1.044907E-16
7159.48943943072  1.041555E-16
7161.60747954116  1.067551E-16
7163.72551965161  1.100799E-16
7165.84355976206  1.069837E-16
7167.9615998725  1.068375E-16
7170.07963998295  1.062876E-16
7172.1976800934  1.089449E-16
7174.31572020385  1.078089E-16
7176.43376031429  1.055863E-16
7178.55180042474  1.043233E-16
7180.66984053519  1.057317E-16
7182.78788064564  1.038306E-16
7184.90592075608  1.022847E-16
7187.02396086653  1.032740E-16
7189.14200097698  1.069860E-16
7191.26004108742  1.111572E-16
7193.37808119787  1.100536E-16
7195.49612130832  1.102118E-16
7197.61416141877  1.085500E-16
7199.73220152921  1.042523E-16
7201.85024163966  1.015444E-16
7203.96828175011  1.030123E-16
7206.08632186056  1.050925E-16
7208.204361971  1.022965E-16
7210.32240208145  1.056794E-16
7212.4404421919  1.060734E-16
7214.55848230234  1.015435E-16
7216.67652241279  1.062635E-16
7218.79456252324  1.053569E-16
7220.91260263369  1.020835E-16
7223.03064274413  1.013384E-16
7225.14868285458  1.032047E-16
7227.26672296503  1.029395E-16
7229.38476307548  1.043239E-16
7231.50280318592  1.097963E-16
7233.62084329637  1.063097E-16
7235.73888340682  1.079537E-16
7237.85692351726  1.055911E-16
7239.97496362771  1.115329E-16
7242.09300373816  1.083832E-16
7244.2110438486  1.051736E-16
7246.32908395905  1.067919E-16
7248.4471240695  1.002229E-16
7250.56516417995  1.038626E-16
7252.68320429039  1.039277E-16
7254.80124440084  1.000279E-16
7256.91928451129  9.398719E-17
7259.03732462173  1.011705E-16
7261.15536473218  1.026088E-16
7263.27340484263  1.015292E-16
7265.39144495308  1.098423E-16
7267.50948506352  1.033790E-16
7269.62752517397  1.045251E-16
7271.74556528442  1.019424E-16
7273.86360539487  9.695314E-17
7275.98164550531  1.017257E-16
7278.09968561576  9.625798E-17
7280.21772572621  9.453650E-17
7282.33576583665  9.551470E-17
7284.4538059471  1.020242E-16
7286.57184605755  1.081185E-16
7288.689886168  1.056149E-16
7290.80792627844  1.032696E-16
7292.92596638889  1.035348E-16
7295.04400649934  1.004782E-16
7297.16204660978  9.235144E-17
7299.28008672023  9.085483E-17
7301.39812683068  9.680024E-17
7303.51616694113  9.803776E-17
7305.63420705157  9.836750E-17
7307.75224716202  9.853478E-17
7309.87028727247  9.331147E-17
7311.98832738292  8.803174E-17
7314.10636749336  9.108221E-17
7316.22440760381  8.924322E-17
7318.34244771426  9.469173E-17
7320.4604878247  1.003483E-16
7322.57852793515  9.355867E-17
7324.6965680456  1.049292E-16
7326.81460815605  1.090391E-16
7328.93264826649  1.076728E-16
7331.05068837694  1.085962E-16
7333.16872848739  1.005242E-16
7335.28676859783  1.028196E-16
7337.40480870828  1.000940E-16
7339.52284881873  1.007889E-16
7341.64088892918  1.000348E-16
7343.75892903962  9.403135E-17
7345.87696915007  9.778747E-17
7347.99500926052  1.070440E-16
7350.11304937096  1.064535E-16
7352.23108948141  1.050762E-16
7354.34912959186  1.006355E-16
7356.46716970231  1.007889E-16
7358.58520981275  1.084218E-16
7360.7032499232  1.053148E-16
7362.82129003365  9.788172E-17
7364.93933014409  1.015528E-16
7367.05737025454  9.707184E-17
7369.17541036499  1.016747E-16
7371.29345047544  9.851168E-17
7373.41149058588  9.628647E-17
7375.52953069633  9.503920E-17
7377.64757080678  9.346794E-17
7379.76561091723  9.962661E-17
7381.88365102767  1.063099E-16
7384.00169113812  1.026649E-16
7386.11973124857  9.974691E-17
7388.23777135901  9.892937E-17
7390.35581146946  1.008015E-16
7392.47385157991  9.547208E-17
7394.59189169036  9.066751E-17
7396.7099318008  9.065960E-17
7398.82797191125  8.778524E-17
7400.9460120217  8.706610E-17
7403.06405213214  9.565782E-17
7405.18209224259  9.723601E-17
7407.30013235304  9.736825E-17
7409.41817246349  9.999649E-17
7411.53621257393  1.000551E-16
7413.65425268438  1.001710E-16
7415.77229279483  1.036159E-16
7417.89033290528  1.022377E-16
7420.00837301572  1.013781E-16
7422.12641312617  1.012981E-16
7424.24445323662  1.006325E-16
7426.36249334706  9.440519E-17
7428.48053345751  8.875226E-17
7430.59857356796  8.530326E-17
7432.71661367841  8.161073E-17
7434.83465378885  7.937476E-17
7436.9526938993  8.018848E-17
7439.07073400975  8.267329E-17
7441.18877412019  8.154759E-17
7443.30681423064  8.759249E-17
7445.42485434109  8.697198E-17
7447.54289445154  9.063965E-17
7449.66093456198  9.168533E-17
7451.77897467243  9.310002E-17
7453.89701478288  9.218005E-17
7456.01505489333  9.777253E-17
7458.13309500377  9.995447E-17
7460.25113511422  1.026049E-16
7462.36917522467  1.049695E-16
7464.48721533511  1.035562E-16
7466.60525544556  1.087074E-16
7468.72329555601  9.997763E-17
7470.84133566645  9.852823E-17
7472.9593757769  9.395311E-17
7475.07741588735  9.748111E-17
7477.1954559978  9.288874E-17
7479.31349610824  9.157564E-17
7481.43153621869  9.051616E-17
7483.54957632914  8.740986E-17
7485.66761643959  8.457982E-17
7487.78565655003  8.426016E-17
7489.90369666048  8.214332E-17
7492.02173677093  8.365418E-17
7494.13977688137  8.441385E-17
7496.25781699182  8.473290E-17
7498.37585710227  7.925953E-17
7500.49389721272  7.997302E-17
7502.61193732316  8.412727E-17
7504.72997743361  8.575936E-17
7506.84801754406  8.557715E-17
7508.96605765451  8.506316E-17
7511.08409776495  9.075607E-17
7513.2021378754  9.585850E-17
7515.32017798585  1.038135E-16
7517.43821809629  1.096153E-16
7519.55625820674  1.093316E-16
7521.67429831719  1.100352E-16
7523.79233842764  1.076396E-16
7525.91037853808  9.660468E-17
7528.02841864853  9.181117E-17
7530.14645875898  8.659582E-17
7532.26449886942  8.095621E-17
7534.38253897987  7.996606E-17
7536.50057909032  7.740165E-17
7538.61861920076  7.696852E-17
7540.73665931121  8.506288E-17
7542.85469942166  8.903296E-17
7544.97273953211  9.098377E-17
7547.09077964255  9.429860E-17
7549.208819753  9.644646E-17
7551.32685986345  9.244242E-17
7553.4448999739  9.703915E-17
7555.56294008434  9.746737E-17
7557.68098019479  9.900336E-17
7559.79902030524  9.925369E-17
7561.91706041568  8.933203E-17
7564.03510052613  8.533866E-17
7566.15314063658  7.747643E-17
7568.27118074703  6.899688E-17
7570.38922085747  6.866158E-17
7572.50726096792  7.180937E-17
7574.62530107837  7.237915E-17
7576.74334118881  7.791564E-17
7578.86138129926  7.847241E-17
7580.97942140971  9.018300E-17
7583.09746152016  8.796093E-17
7585.2155016306  8.745045E-17
7587.33354174105  8.073318E-17
7589.4515818515  8.132689E-17
7591.56962196194  7.839191E-17
7593.68766207239  7.485368E-17
7595.80570218284  7.569341E-17
7597.92374229329  8.136751E-17
7600.04178240373  7.900745E-17
7602.15982251418  8.089296E-17
7604.27786262463  9.174461E-17
7606.39590273508  8.476247E-17
7608.51394284552  8.386925E-17
7610.63198295597  9.340506E-17
7612.75002306642  7.832525E-17
7614.86806317686  7.787914E-17
7616.98610328731  7.193014E-17
7619.10414339776  7.622688E-17
7621.22218350821  7.480777E-17
7623.34022361865  7.231394E-17
7625.4582637291  7.010365E-17
7627.57630383955  7.426672E-17
7629.69434394999  7.888356E-17
7631.81238406044  6.600119E-17
7633.93042417089  6.914667E-17
7636.04846428134  7.269996E-17
7638.16650439178  7.563155E-17
7640.28454450223  7.281226E-17
7642.40258461268  7.695122E-17
7644.52062472313  7.645153E-17
7646.63866483357  7.767627E-17
7648.75670494402  7.709544E-17
7650.87474505447  7.580242E-17
7652.99278516491  7.260913E-17
7655.11082527536  7.368444E-17
7657.22886538581  7.519424E-17
7659.34690549626  7.651133E-17
7661.4649456067  7.246984E-17
7663.58298571715  7.772260E-17
7665.7010258276  7.536945E-17
7667.81906593805  7.501493E-17
7669.93710604849  7.615051E-17
7672.05514615894  7.542974E-17
7674.17318626939  7.924965E-17
7676.29122637983  7.617236E-17
7678.40926649028  7.515944E-17
7680.52730660073  7.798464E-17
7682.64534671117  7.293753E-17
7684.76338682162  7.885014E-17
7686.88142693207  7.643412E-17
7688.99946704252  7.837295E-17
7691.11750715297  7.491448E-17
7693.23554726341  7.315352E-17
7695.35358737386  7.520067E-17
7697.47162748431  7.211987E-17
7699.58966759475  7.512877E-17
7701.7077077052  7.393385E-17
7703.82574781565  7.118116E-17
7705.94378792609  6.907727E-17
7708.06182803654  7.078188E-17
7710.17986814699  6.545320E-17
7712.29790825744  6.923097E-17
7714.41594836788  7.825935E-17
7716.53398847833  7.827567E-17
7718.65202858878  8.186910E-17
7720.77006869922  7.724355E-17
7722.88810880967  8.526151E-17
7725.00614892012  7.484805E-17
7727.12418903057  7.213717E-17
7729.24222914101  7.231081E-17
7731.36026925146  6.607538E-17
7733.47830936191  6.473402E-17
7735.59634947236  6.031782E-17
7737.7143895828  6.192252E-17
7739.83242969325  6.347540E-17
7741.9504698037  5.941239E-17
7744.06850991414  5.645858E-17
7746.18655002459  5.147883E-17
7748.30459013504  5.126255E-17
7750.42263024548  4.999128E-17
7752.54067035593  5.780301E-17
7754.65871046638  6.603517E-17
7756.77675057683  8.015268E-17
7758.89479068727  8.133005E-17
7761.01283079772  9.312630E-17
7763.13087090817  9.787839E-17
7765.24891101862  9.137355E-17
7767.36695112906  8.861790E-17
7769.48499123951  8.074396E-17
7771.60303134996  7.203134E-17
7773.7210714604  6.669046E-17
7775.83911157085  6.394636E-17
7777.9571516813  5.788456E-17
7780.07519179175  5.596270E-17
7782.19323190219  5.885516E-17
7784.31127201264  6.575226E-17
7786.42931212309  7.349871E-17
7788.54735223353  8.490939E-17
7790.66539234398  8.986214E-17
7792.78343245443  9.946409E-17
7794.90147256488  1.030191E-16
7797.01951267532  9.425124E-17
7799.13755278577  8.107643E-17
7801.25559289622  7.562243E-17
7803.37363300667  6.820153E-17
7805.49167311711  5.177590E-17
7807.60971322756  5.473034E-17
7809.72775333801  5.918755E-17
7811.84579344845  6.542308E-17
7813.9638335589  7.829574E-17
7816.08187366935  1.021774E-16
7818.1999137798  1.203246E-16
7820.31795389024  1.251575E-16
7822.43599400069  1.335694E-16
7824.55403411114  1.184940E-16
7826.67207422158  1.094666E-16
7828.79011433203  9.673846E-17
7830.90815444248  7.677336E-17
7833.02619455293  6.084500E-17
7835.14423466337  5.436729E-17
7837.26227477382  5.103277E-17
7839.38031488427  5.312881E-17
7841.49835499472  6.257377E-17
7843.61639510516  8.014682E-17
7845.73443521561  9.796242E-17
7847.85247532606  1.149667E-16
7849.9705154365  1.266630E-16
7852.08855554695  1.286202E-16
7854.2065956574  1.217903E-16
7856.32463576784  1.101652E-16
7858.44267587829  9.376238E-17
7860.56071598874  7.564885E-17
7862.67875609919  4.793682E-17
7864.79679620963  3.840226E-17
7866.91483632008  3.630076E-17
7869.03287643053  4.668939E-17
7871.15091654097  6.967682E-17
7873.26895665142  8.434982E-17
7875.38699676187  9.332414E-17
7877.50503687232  9.777758E-17
7879.62307698277  9.092300E-17
7881.74111709321  8.109030E-17
7883.85915720366  7.131025E-17
7885.97719731411  6.076122E-17
7888.09523742455  4.458084E-17
7890.213277535  3.206967E-17
7892.33131764545  2.853256E-17
7894.44935775589  3.676744E-17
7896.56739786634  4.539453E-17
7898.68543797679  5.845863E-17
7900.80347808724  7.339033E-17
7902.92151819768  7.850900E-17
7905.03955830813  7.825272E-17
7907.15759841858  6.995513E-17
7909.27563852902  2.963664E-17
7911.39367863947  2.898814E-17
7913.51171874992  2.833949E-17
