3669.04598308     1.05532e-17     
3674.57078821     1.7077e-17      
3680.09559334     1.22667e-17     
3685.62039847     9.51791e-18     
3691.1452036      1.50202e-17     
3696.67000873     1.14712e-17     
3702.19481386     1.50407e-17     
3707.71961899     -3.65639e-19    
3713.24442412     -1.90668e-18    
3718.76922926     1.198e-17       
3724.29403439     1.51906e-17     
3729.81883952     1.87998e-17     
3735.34364465     6.28016e-18     
3740.86844978     1.96992e-17     
3746.39325491     1.13242e-17     
3751.91806004     1.02649e-17     
3757.44286517     1.86536e-17     
3762.9676703      1.0943e-17      
3768.49247543     1.26836e-17     
3774.01728056     1.40805e-17     
3779.54208569     1.33987e-17     
3785.06689082     1.30095e-17     
3790.59169595     1.57225e-17     
3796.11650108     1.57544e-17     
3801.64130621     1.4163e-17      
3807.16611134     1.17047e-17     
3812.69091647     1.81456e-17     
3818.21572161     1.25572e-17     
3823.74052674     6.28904e-18     
3829.26533187     1.93976e-17     
3834.790137       1.79652e-17     
3840.31494213     1.91358e-17     
3845.83974726     1.32951e-17     
3851.36455239     1.09765e-17     
3856.88935752     1.37804e-17     
3862.41416265     1.52463e-17     
3867.93896778     1.7984e-17      
3873.46377291     1.66552e-17     
3878.98857804     1.87048e-17     
3884.51338317     2.27587e-17     
3890.0381883      1.55645e-17     
3895.56299343     1.5152e-17      
3901.08779856     2.25177e-17     
3906.61260369     1.77499e-17     
3912.13740883     1.65448e-17     
3917.66221396     1.67928e-17     
3923.18701909     2.05957e-17     
3928.71182422     1.4089e-17      
3934.23662935     1.60675e-17     
3939.76143448     1.94436e-17     
3945.28623961     1.40369e-17     
3950.81104474     1.88678e-17     
3956.33584987     1.00732e-17     
3961.860655       1.57505e-17     
3967.38546013     1.49642e-17     
3972.91026526     1.78929e-17     
3978.43507039     1.82952e-17     
3983.95987552     1.65634e-17     
3989.48468065     1.77541e-17     
3995.00948578     1.71555e-17     
4000.53429091     1.42183e-17     
4006.05909604     1.56359e-17     
4011.58390118     1.79091e-17     
4017.10870631     1.4889e-17      
4022.63351144     1.59145e-17     
4028.15831657     1.76883e-17     
4033.6831217      1.70671e-17     
4039.20792683     1.78614e-17     
4044.73273196     2.26336e-17     
4050.25753709     1.49542e-17     
4055.78234222     1.58285e-17     
4061.30714735     1.38865e-17     
4066.83195248     1.31749e-17     
4072.35675761     1.13913e-17     
4077.88156274     1.12251e-17     
4083.40636787     1.81348e-17     
4088.931173       1.82121e-17     
4094.45597813     1.70798e-17     
4099.98078326     1.65095e-17     
4105.5055884      1.89668e-17     
4111.03039353     2.06413e-17     
4116.55519866     2.27562e-17     
4122.08000379     1.77262e-17     
4127.60480892     2.19869e-17     
4133.12961405     1.77225e-17     
4138.65441918     1.65357e-17     
4144.17922431     1.77852e-17     
4149.70402944     2.4791e-17      
4155.22883457     1.95301e-17     
4160.7536397      1.84865e-17     
4166.27844483     2.22461e-17     
4171.80324996     2.26348e-17     
4177.32805509     2.42179e-17     
4182.85286022     2.31854e-17     
4188.37766535     2.0882e-17      
4193.90247048     2.18178e-17     
4199.42727561     2.09226e-17     
4204.95208075     2.24802e-17     
4210.47688588     1.92079e-17     
4216.00169101     2.03872e-17     
4221.52649614     2.42939e-17     
4227.05130127     2.71831e-17     
4232.5761064      2.0918e-17      
4238.10091153     2.37319e-17     
4243.62571666     2.4911e-17      
4249.15052179     2.03907e-17     
4254.67532692     2.13333e-17     
4260.20013205     1.95498e-17     
4265.72493718     1.73767e-17     
4271.24974231     2.80115e-17     
4276.77454744     2.23311e-17     
4282.29935257     2.22754e-17     
4287.8241577      2.03509e-17     
4293.34896283     2.51672e-17     
4298.87376797     1.95558e-17     
4304.3985731      1.88584e-17     
4309.92337823     1.86159e-17     
4315.44818336     2.68193e-17     
4320.97298849     2.61286e-17     
4326.49779362     2.47477e-17     
4332.02259875     2.13588e-17     
4337.54740388     2.73665e-17     
4343.07220901     2.34102e-17     
4348.59701414     2.65674e-17     
4354.12181927     2.37913e-17     
4359.6466244      2.82636e-17     
4365.17142953     2.30982e-17     
4370.69623466     1.88451e-17     
4376.22103979     1.87776e-17     
4381.74584492     2.56114e-17     
4387.27065005     2.43623e-17     
4392.79545518     1.9677e-17      
4398.32026032     1.92952e-17     
4403.84506545     2.79623e-17     
4409.36987058     2.81654e-17     
4414.89467571     1.61559e-17     
4420.41948084     2.38148e-17     
4425.94428597     2.574e-17       
4431.4690911      2.39676e-17     
4436.99389623     2.34595e-17     
4442.51870136     2.03406e-17     
4448.04350649     2.18531e-17     
4453.56831162     2.55408e-17     
4459.09311675     2.30293e-17     
4464.61792188     2.39865e-17     
4470.14272701     2.33702e-17     
4475.66753214     2.20414e-17     
4481.19233727     2.17246e-17     
4486.7171424      2.30247e-17     
4492.24194754     2.33581e-17     
4497.76675267     2.48217e-17     
4503.2915578      2.58175e-17     
4508.81636293     2.1708e-17      
4514.34116806     2.43976e-17     
4519.86597319     2.53528e-17     
4525.39077832     1.82299e-17     
4530.91558345     2.51275e-17     
4536.44038858     2.40718e-17     
4541.96519371     2.49354e-17     
4547.48999884     2.24331e-17     
4553.01480397     2.41432e-17     
4558.5396091      2.43067e-17     
4564.06441423     2.75484e-17     
4569.58921936     2.27607e-17     
4575.11402449     2.54998e-17     
4580.63882962     2.43984e-17     
4586.16363475     2.28182e-17     
4591.68843989     2.33597e-17     
4597.21324502     2.32646e-17     
4602.73805015     2.67907e-17     
4608.26285528     2.54157e-17     
4613.78766041     2.25116e-17     
4619.31246554     2.41195e-17     
4624.83727067     2.27037e-17     
4630.3620758      1.73587e-17     
4635.88688093     2.47797e-17     
4641.41168606     1.78271e-17     
4646.93649119     2.06848e-17     
4652.46129632     2.01527e-17     
4657.98610145     1.84776e-17     
4663.51090658     2.31282e-17     
4669.03571171     1.4683e-17      
4674.56051684     2.09077e-17     
4680.08532197     2.39714e-17     
4685.61012711     2.06704e-17     
4691.13493224     2.3263e-17      
4696.65973737     2.26262e-17     
4702.1845425      2.07869e-17     
4707.70934763     2.14542e-17     
4713.23415276     2.72921e-17     
4718.75895789     2.51871e-17     
4724.28376302     2.22711e-17     
4729.80856815     2.44248e-17     
4735.33337328     2.2711e-17      
4740.85817841     2.3973e-17      
4746.38298354     2.55387e-17     
4751.90778867     2.53432e-17     
4757.4325938      2.46721e-17     
4762.95739893     2.72092e-17     
4768.48220406     2.49751e-17     
4774.00700919     2.23166e-17     
4779.53181432     2.83031e-17     
4785.05661946     2.45799e-17     
4790.58142459     2.25225e-17     
4796.10622972     2.61559e-17     
4801.63103485     2.99185e-17     
4807.15583998     2.49592e-17     
4812.68064511     3.0563e-17      
4818.20545024     2.93545e-17     
4823.73025537     3.16436e-17     
4829.2550605      2.92016e-17     
4834.77986563     3.05552e-17     
4840.30467076     2.9972e-17      
4845.82947589     3.00458e-17     
4851.35428102     3.20909e-17     
4856.87908615     3.12538e-17     
4862.40389128     3.2427e-17      
4867.92869641     3.37949e-17     
4873.45350154     3.76895e-17     
4878.97830668     3.3829e-17      
4884.50311181     3.21561e-17     
4890.02791694     3.42815e-17     
4895.55272207     3.52845e-17     
4901.0775272      3.58349e-17     
4906.60233233     3.37348e-17     
4912.12713746     3.58498e-17     
4917.65194259     3.25654e-17     
4923.17674772     3.21268e-17     
4928.70155285     3.68132e-17     
4934.22635798     3.58878e-17     
4939.75116311     3.6333e-17      
4945.27596824     3.45386e-17     
4950.80077337     2.95449e-17     
4956.3255785      2.87933e-17     
4961.85038363     3.10767e-17     
4967.37518876     2.91e-17        
4972.89999389     3.30248e-17     
4978.42479903     3.17661e-17     
4983.94960416     3.19327e-17     
4989.47440929     3.0977e-17      
4994.99921442     3.27651e-17     
5000.52401955     2.65484e-17     
5006.04882468     2.76931e-17     
5011.57362981     2.92035e-17     
5017.09843494     2.87169e-17     
5022.62324007     3.14749e-17     
5028.1480452      2.52403e-17     
5033.67285033     2.80945e-17     
5039.19765546     2.79188e-17     
5044.72246059     2.89852e-17     
5050.24726572     2.881e-17       
5055.77207085     2.25283e-17     
5061.29687598     2.17514e-17     
5066.82168111     2.79228e-17     
5072.34648625     3.02278e-17     
5077.87129138     3.1131e-17      
5083.39609651     2.86036e-17     
5088.92090164     2.83767e-17     
5094.44570677     2.84152e-17     
5099.9705119      2.833e-17       
5105.49531703     2.82974e-17     
5111.02012216     2.88719e-17     
5116.54492729     3.07377e-17     
5122.06973242     3.24438e-17     
5127.59453755     2.8502e-17      
5133.11934268     2.59485e-17     
5138.64414781     2.90034e-17     
5144.16895294     2.74608e-17     
5149.69375807     2.31352e-17     
5155.2185632      2.6266e-17      
5160.74336833     2.56162e-17     
5166.26817347     2.57454e-17     
5171.7929786      2.24492e-17     
5177.31778373     2.46333e-17     
5182.84258886     2.39387e-17     
5188.36739399     2.3326e-17      
5193.89219912     2.51239e-17     
5199.41700425     2.82993e-17     
5204.94180938     3.08317e-17     
5210.46661451     2.44551e-17     
5215.99141964     3.05959e-17     
5221.51622477     3.01833e-17     
5227.0410299      2.67593e-17     
5232.56583503     3.20214e-17     
5238.09064016     2.92376e-17     
5243.61544529     2.95439e-17     
5249.14025042     2.74112e-17     
5254.66505555     2.72859e-17     
5260.18986068     2.68618e-17     
5265.71466582     2.93617e-17     
5271.23947095     2.65417e-17     
5276.76427608     2.72755e-17     
5282.28908121     2.85936e-17     
5287.81388634     2.67016e-17     
5293.33869147     2.86551e-17     
5298.8634966      2.88437e-17     
5304.38830173     3.06216e-17     
5309.91310686     2.72636e-17     
5315.43791199     2.69848e-17     
5320.96271712     2.52519e-17     
5326.48752225     2.87014e-17     
5332.01232738     2.84391e-17     
5337.53713251     3.12803e-17     
5343.06193764     2.46473e-17     
5348.58674277     2.73951e-17     
5354.1115479      2.41741e-17     
5359.63635304     2.82502e-17     
5365.16115817     3.13656e-17     
5370.6859633      2.97844e-17     
5376.21076843     3.24488e-17     
5381.73557356     2.88091e-17     
5387.26037869     2.96298e-17     
5392.78518382     3.01223e-17     
5398.30998895     3.22177e-17     
5403.83479408     3.03449e-17     
5409.35959921     3.21343e-17     
5414.88440434     3.17659e-17     
5420.40920947     3.40278e-17     
5425.9340146      3.12362e-17     
5431.45881973     2.94286e-17     
5436.98362486     2.84381e-17     
5442.50842999     2.99656e-17     
5448.03323512     3.09746e-17     
5453.55804025     3.03474e-17     
5459.08284539     3.02953e-17     
5464.60765052     3.18903e-17     
5470.13245565     3.23755e-17     
5475.65726078     3.23442e-17     
5481.18206591     3.22104e-17     
5486.70687104     3.45029e-17     
5492.23167617     2.94104e-17     
5497.7564813      3.08711e-17     
5503.28128643     3.41112e-17     
5508.80609156     3.56572e-17     
5514.33089669     3.47732e-17     
5519.85570182     3.54605e-17     
5525.38050695     3.87855e-17     
5530.90531208     3.75307e-17     
5536.43011721     3.59955e-17     
5541.95492234     3.70856e-17     
5547.47972747     3.81138e-17     
5553.00453261     3.95534e-17     
5558.52933774     4.09507e-17     
5564.05414287     3.90824e-17     
5569.578948       4.10368e-17     
5575.10375313     3.80801e-17     
5580.62855826     4.43899e-17     
5586.15336339     4.04271e-17     
5591.67816852     3.76876e-17     
5597.20297365     4.10113e-17     
5602.72777878     4.32941e-17     
5608.25258391     4.30649e-17     
5613.77738904     4.13204e-17     
5619.30219417     4.32118e-17     
5624.8269993      4.65379e-17     
5630.35180443     4.53967e-17     
5635.87660956     4.435e-17       
5641.40141469     4.19043e-17     
5646.92621982     4.24439e-17     
5652.45102496     4.70849e-17     
5657.97583009     4.35096e-17     
5663.50063522     4.25777e-17     
5669.02544035     4.87269e-17     
5674.55024548     4.66987e-17     
5680.07505061     4.20509e-17     
5685.59985574     4.19448e-17     
5691.12466087     4.39797e-17     
5696.649466       4.61517e-17     
5702.17427113     4.60462e-17     
5707.69907626     4.72271e-17     
5713.22388139     4.54185e-17     
5718.74868652     4.24642e-17     
5724.27349165     4.50104e-17     
5729.79829678     4.38529e-17     
5735.32310191     4.14245e-17     
5740.84790704     4.67525e-17     
5746.37271218     4.9476e-17      
5751.89751731     4.83774e-17     
5757.42232244     4.5724e-17      
5762.94712757     4.51573e-17     
5768.4719327      4.9102e-17      
5773.99673783     4.75669e-17     
5779.52154296     4.81272e-17     
5785.04634809     4.53627e-17     
5790.57115322     4.82077e-17     
5796.09595835     4.70973e-17     
5801.62076348     4.42726e-17     
5807.14556861     4.46954e-17     
5812.67037374     4.67431e-17     
5818.19517887     4.77588e-17     
5823.719984       5.09369e-17     
5829.24478913     4.77624e-17     
5834.76959426     4.24128e-17     
5840.29439939     4.53772e-17     
5845.81920453     4.71667e-17     
5851.34400966     4.39326e-17     
5856.86881479     4.76012e-17     
5862.39361992     4.88816e-17     
5867.91842505     4.83867e-17     
5873.44323018     4.56008e-17     
5878.96803531     4.32143e-17     
5884.49284044     4.19437e-17     
5890.01764557     4.91285e-17     
5895.5424507      3.97142e-17     
5901.06725583     4.13906e-17     
5906.59206096     4.39312e-17     
5912.11686609     4.36237e-17     
5917.64167122     4.22885e-17     
5923.16647635     4.39649e-17     
5928.69128148     4.33988e-17     
5934.21608661     4.41358e-17     
5939.74089175     3.42839e-17     
5945.26569688     3.85232e-17     
5950.79050201     4.29597e-17     
5956.31530714     4.38835e-17     
5961.84011227     4.00326e-17     
5967.3649174      4.05186e-17     
5972.88972253     3.86419e-17     
5978.41452766     4.02709e-17     
5983.93933279     4.05421e-17     
5989.46413792     4.32023e-17     
5994.98894305     4.33449e-17     
6000.51374818     4.38732e-17     
6006.03855331     3.99009e-17     
6011.56335844     3.61625e-17     
6017.08816357     3.48658e-17     
6022.6129687      3.55717e-17     
6028.13777383     3.68364e-17     
6033.66257896     3.52372e-17     
6039.1873841      3.50089e-17     
6044.71218923     3.66367e-17     
6050.23699436     3.54719e-17     
6055.76179949     3.83702e-17     
6061.28660462     3.63438e-17     
6066.81140975     3.291e-17       
6072.33621488     2.77328e-17     
6077.86102001     3.13759e-17     
6083.38582514     3.37103e-17     
6088.91063027     3.25221e-17     
6094.4354354      3.22787e-17     
6099.96024053     3.40723e-17     
6105.48504566     3.46686e-17     
6111.00985079     3.34142e-17     
6116.53465592     3.46383e-17     
6122.05946105     3.42398e-17     
6127.58426618     3.51754e-17     
6133.10907132     3.60162e-17     
6138.63387645     3.32174e-17     
6144.15868158     3.46704e-17     
6149.68348671     3.51781e-17     
6155.20829184     3.47614e-17     
6160.73309697     3.57673e-17     
6166.2579021      3.64013e-17     
6171.78270723     3.60625e-17     
6177.30751236     3.70271e-17     
6182.83231749     3.85406e-17     
6188.35712262     3.53959e-17     
6193.88192775     3.78025e-17     
6199.40673288     3.67035e-17     
6204.93153801     3.77774e-17     
6210.45634314     3.80804e-17     
6215.98114827     3.81572e-17     
6221.5059534      3.68534e-17     
6227.03075853     3.89298e-17     
6232.55556367     3.38926e-17     
6238.0803688      4.04091e-17     
6243.60517393     3.54708e-17     
6249.12997906     3.91294e-17     
6254.65478419     3.71199e-17     
6260.17958932     3.57388e-17     
6265.70439445     3.39547e-17     
6271.22919958     3.42508e-17     
6276.75400471     3.561e-17       
6282.27880984     3.57911e-17     
6287.80361497     3.62694e-17     
6293.3284201      3.59893e-17     
6298.85322523     3.87153e-17     
6304.37803036     2.82365e-17     
6309.90283549     3.11899e-17     
6315.42764062     3.31062e-17     
6320.95244575     3.59842e-17     
6326.47725089     3.84881e-17     
6332.00205602     3.26022e-17     
6337.52686115     3.69305e-17     
6343.05166628     3.65842e-17     
6348.57647141     3.49256e-17     
6354.10127654     3.72351e-17     
6359.62608167     3.3947e-17      
6365.1508868      3.43383e-17     
6370.67569193     3.42276e-17     
6376.20049706     3.31782e-17     
6381.72530219     3.41565e-17     
6387.25010732     3.38759e-17     
6392.77491245     3.43106e-17     
6398.29971758     3.44459e-17     
6403.82452271     3.23354e-17     
6409.34932784     3.49295e-17     
6414.87413297     3.16554e-17     
6420.3989381      3.7574e-17      
6425.92374324     3.4954e-17      
6431.44854837     3.65599e-17     
6436.9733535      3.96408e-17     
6442.49815863     3.35402e-17     
6448.02296376     3.61933e-17     
6453.54776889     3.34706e-17     
6459.07257402     3.00979e-17     
6464.59737915     3.27617e-17     
6470.12218428     3.78831e-17     
6475.64698941     3.17134e-17     
6481.17179454     3.34346e-17     
6486.69659967     3.58741e-17     
6492.2214048      3.07084e-17     
6497.74620993     3.47679e-17     
6503.27101506     3.17362e-17     
6508.79582019     3.43754e-17     
6514.32062532     3.45759e-17     
6519.84543046     3.37378e-17     
6525.37023559     3.18496e-17     
6530.89504072     3.60624e-17     
6536.41984585     3.18311e-17     
6541.94465098     3.06105e-17     
6547.46945611     3.11257e-17     
6552.99426124     2.80851e-17     
6558.51906637     2.86186e-17     
6564.0438715      3.26739e-17     
6569.56867663     3.05267e-17     
6575.09348176     2.89086e-17     
6580.61828689     3.08629e-17     
6586.14309202     3.20144e-17     
6591.66789715     3.04697e-17     
6597.19270228     3.17298e-17     
6602.71750741     2.92191e-17     
6608.24231254     2.85665e-17     
6613.76711767     2.43735e-17     
6619.29192281     2.96067e-17     
6624.81672794     2.76093e-17     
6630.34153307     2.87846e-17     
6635.8663382      3.00924e-17     
6641.39114333     2.67356e-17     
6646.91594846     2.97817e-17     
6652.44075359     2.86882e-17     
6657.96555872     3.21949e-17     
6663.49036385     3.31813e-17     
6669.01516898     2.84453e-17     
6674.53997411     2.80299e-17     
6680.06477924     2.89399e-17     
6685.58958437     2.81062e-17     
6691.1143895      2.92305e-17     
6696.63919463     2.62347e-17     
6702.16399976     2.44118e-17     
6707.68880489     2.57883e-17     
6713.21361003     2.77987e-17     
6718.73841516     3.30829e-17     
6724.26322029     3.01353e-17     
6729.78802542     2.67097e-17     
6735.31283055     2.64148e-17     
6740.83763568     2.40821e-17     
6746.36244081     2.68651e-17     
6751.88724594     2.84817e-17     
6757.41205107     2.87541e-17     
6762.9368562      2.808e-17       
6768.46166133     2.98313e-17     
6773.98646646     3.03097e-17     
6779.51127159     3.18803e-17     
6785.03607672     3.12366e-17     
6790.56088185     2.74913e-17     
6796.08568698     2.49677e-17     
6801.61049211     2.98695e-17     
6807.13529724     2.96915e-17     
6812.66010238     2.66869e-17     
6818.18490751     2.88781e-17     
6823.70971264     3.31295e-17     
6829.23451777     2.5346e-17      
6834.7593229      3.0749e-17      
6840.28412803     3.21353e-17     
6845.80893316     3.46613e-17     
6851.33373829     2.96489e-17     
6856.85854342     3.25535e-17     
6862.38334855     3.37125e-17     
6867.90815368     2.74303e-17     
6873.43295881     3.20977e-17     
6878.95776394     3.25469e-17     
6884.48256907     3.23995e-17     
6890.0073742      2.79284e-17     
6895.53217933     2.91586e-17     
6901.05698446     2.64801e-17     
6906.5817896      2.70443e-17     
6912.10659473     2.57665e-17     
6917.63139986     2.79643e-17     
6923.15620499     3.32796e-17     
6928.68101012     3.06396e-17     
6934.20581525     2.87852e-17     
6939.73062038     3.01027e-17     
6945.25542551     2.75474e-17     
6950.78023064     3.18017e-17     
6956.30503577     2.87906e-17     
6961.8298409      2.99801e-17     
6967.35464603     3.30558e-17     
6972.87945116     2.84738e-17     
6978.40425629     2.95182e-17     
6983.92906142     2.73645e-17     
6989.45386655     2.86904e-17     
6994.97867168     2.78585e-17     
7000.50347681     3.15935e-17     
7006.02828195     3.01865e-17     
7011.55308708     2.98489e-17     
7017.07789221     3.60885e-17     
7022.60269734     3.08459e-17     
7028.12750247     3.18775e-17     
7033.6523076      3.22483e-17     
7039.17711273     2.7891e-17      
7044.70191786     3.33415e-17     
7050.22672299     2.91412e-17     
7055.75152812     2.89467e-17     
7061.27633325     3.14919e-17     
7066.80113838     3.10962e-17     
7072.32594351     2.83456e-17     
7077.85074864     2.99302e-17     
7083.37555377     3.2182e-17      
7088.9003589      3.01456e-17     
7094.42516403     2.78592e-17     
7099.94996917     2.75652e-17     
7105.4747743      2.82434e-17     
7110.99957943     3.20511e-17     
7116.52438456     3.20582e-17     
7122.04918969     3.37419e-17     
7127.57399482     3.28411e-17     
7133.09879995     3.17969e-17     
7138.62360508     3.40146e-17     
7144.14841021     3.44108e-17     
7149.67321534     2.90214e-17     
7155.19802047     2.52699e-17     
7160.7228256      2.93753e-17     
7166.24763073     2.69406e-17     
7171.77243586     3.09092e-17     
7177.29724099     3.10617e-17     
7182.82204612     3.44281e-17     
7188.34685125     2.80172e-17     
7193.87165638     2.86904e-17     
7199.39646152     3.09904e-17     
7204.92126665     3.03779e-17     
7210.44607178     3.32068e-17     
7215.97087691     2.96556e-17     
7221.49568204     2.88619e-17     
7227.02048717     3.19095e-17     
7232.5452923      2.82584e-17     
7238.07009743     2.34961e-17     
7243.59490256     2.96526e-17     
7249.11970769     3.13604e-17     
7254.64451282     2.44205e-17     
7260.16931795     2.8872e-17      
7265.69412308     2.81274e-17     
7271.21892821     3.64412e-17     
7276.74373334     4.12238e-17     
7282.26853847     3.22472e-17     
7287.7933436      3.07141e-17     
7293.31814874     2.66134e-17     
7298.84295387     2.62964e-17     
7304.367759       2.48943e-17     
7309.89256413     2.40197e-17     
7315.41736926     2.38279e-17     
7320.94217439     3.12931e-17     
7326.46697952     2.75163e-17     
7331.99178465     2.56252e-17     
7337.51658978     2.18252e-17     
7343.04139491     2.36611e-17     
7348.56620004     2.72421e-17     
7354.09100517     3.23229e-17     
7359.6158103      3.40017e-17     
7365.14061543     3.10767e-17     
7370.66542056     2.86861e-17     
7376.19022569     2.55933e-17     
7381.71503082     2.7236e-17      
7387.23983595     2.83683e-17     
7392.76464109     2.44315e-17     
7398.28944622     2.3911e-17      
7403.81425135     2.28196e-17     
7409.33905648     2.52945e-17     
7414.86386161     2.57926e-17     
7420.38866674     3.232e-17       
7425.91347187     2.49967e-17     
7431.438277       2.59358e-17     
7436.96308213     2.53452e-17     
7442.48788726     3.3003e-17      
7448.01269239     2.97677e-17     
7453.53749752     2.6696e-17      
7459.06230265     2.83228e-17     
7464.58710778     2.80097e-17     
7470.11191291     2.57721e-17     
7475.63671804     3.07368e-17     
7481.16152317     2.80013e-17     
7486.68632831     2.62609e-17     
7492.21113344     2.70578e-17     
7497.73593857     2.52476e-17     
7503.2607437      2.18281e-17     
7508.78554883     2.6829e-17      
7514.31035396     3.35023e-17     
7519.83515909     2.69451e-17     
7525.35996422     2.6044e-17      
7530.88476935     2.60874e-17     
7536.40957448     2.2929e-17      
7541.93437961     2.82692e-17     
7547.45918474     2.68018e-17     
7552.98398987     2.37934e-17     
7558.508795       2.78653e-17     
7564.03360013     1.93385e-17     
7569.55840526     2.06915e-17     
7575.08321039     2.57099e-17     
7580.60801552     2.57509e-17     
7586.13282066     2.66e-17        
7591.65762579     2.64944e-17     
7597.18243092     2.38081e-17     
7602.70723605     2.97292e-17     
7608.23204118     2.21094e-17     
7613.75684631     3.1127e-17      
7619.28165144     3.12613e-17     
7624.80645657     2.97117e-17     
7630.3312617      2.1555e-17      
7635.85606683     1.84497e-17     
7641.38087196     2.14738e-17     
7646.90567709     2.26033e-17     
7652.43048222     2.55169e-17     
7657.95528735     2.38558e-17     
7663.48009248     2.08598e-17     
7669.00489761     2.00815e-17     
7674.52970274     2.16543e-17     
7680.05450788     2.88313e-17     
7685.57931301     2.62046e-17     
7691.10411814     2.5317e-17      
7696.62892327     2.49394e-17     
7702.1537284      2.44384e-17     
7707.67853353     2.20047e-17     
7713.20333866     2.38529e-17     
7718.72814379     3.04685e-17     
7724.25294892     2.6574e-17      
7729.77775405     2.65889e-17     
7735.30255918     2.37891e-17     
7740.82736431     1.829e-17       
7746.35216944     2.61355e-17     
7751.87697457     3.06665e-17     
7757.4017797      2.77658e-17     
7762.92658483     2.35916e-17     
7768.45138996     2.09861e-17     
7773.97619509     1.41832e-17     
7779.50100023     1.77303e-17     
7785.02580536     2.75997e-17     
7790.55061049     2.90032e-17     
7796.07541562     2.6029e-17      
7801.60022075     2.26357e-17     
7807.12502588     2.37117e-17     
7812.64983101     2.09996e-17     
7818.17463614     2.26182e-17     
7823.69944127     3.1842e-17      
7829.2242464      2.01583e-17     
7834.74905153     1.96021e-17     
7840.27385666     1.9167e-17      
7845.79866179     1.94073e-17     
7851.32346692     1.95212e-17     
7856.84827205     2.9001e-17      
7862.37307718     2.9178e-17      
7867.89788231     1.70494e-17     
7873.42268745     1.8418e-17      
7878.94749258     2.41082e-17     
7884.47229771     1.569e-17       
7889.99710284     2.31675e-17     
7895.52190797     3.01101e-17     
7901.0467131      2.35783e-17     
7906.57151823     2.077e-17       
7912.09632336     1.82695e-17     
7917.62112849     1.34884e-17     
7923.14593362     1.55485e-17     
7928.67073875     2.43534e-17     
7934.19554388     2.52336e-17     
7939.72034901     2.42818e-17     
7945.24515414     1.97857e-17     
7950.76995927     1.63027e-17     
7956.2947644      1.8478e-17      
7961.81956953     2.43145e-17     
7967.34437467     1.99711e-17     
7972.8691798      2.0373e-17      
7978.39398493     2.59482e-17     
7983.91879006     2.27325e-17     
7989.44359519     1.66574e-17     
7994.96840032     2.57927e-17     
8000.49320545     2.47742e-17     
8006.01801058     2.2683e-17      
8011.54281571     1.95454e-17     
8017.06762084     1.67472e-17     
8022.59242597     2.01109e-17     
8028.1172311      2.15337e-17     
8033.64203623     2.01591e-17     
8039.16684136     2.19444e-17     
8044.69164649     2.13105e-17     
8050.21645162     2.26997e-17     
8055.74125675     2.44749e-17     
8061.26606188     1.28398e-17     
8066.79086702     1.56492e-17     
8072.31567215     2.58167e-17     
8077.84047728     2.45214e-17     
8083.36528241     1.99883e-17     
8088.89008754     2.11993e-17     
8094.41489267     2.2484e-17      
8099.9396978      1.65973e-17     
8105.46450293     2.11518e-17     
8110.98930806     2.266e-17       
8116.51411319     2.3235e-17      
8122.03891832     2.41304e-17     
8127.56372345     1.35042e-17     
8133.08852858     2.77088e-17     
8138.61333371     2.25402e-17     
8144.13813884     2.52084e-17     
8149.66294397     1.62105e-17     
8155.1877491      2.42938e-17     
8160.71255424     1.71521e-17     
8166.23735937     1.56899e-17     
8171.7621645      1.8178e-17      
8177.28696963     2.24011e-17     
8182.81177476     2.5204e-17      
8188.33657989     2.33751e-17     
8193.86138502     2.47192e-17     
8199.38619015     2.07715e-17     
8204.91099528     1.78353e-17     
8210.43580041     1.97482e-17     
8215.96060554     1.94048e-17     
8221.48541067     2.43846e-17     
8227.0102158      2.19192e-17     
8232.53502093     1.866e-17       
8238.05982606     1.86191e-17     
8243.58463119     1.85703e-17     
8249.10943632     1.45954e-17     
8254.63424145     1.50894e-17     
8260.15904659     2.41511e-17     
8265.68385172     2.24805e-17     
8271.20865685     1.68424e-17     
8276.73346198     8.05367e-18     
8282.25826711     1.29822e-17     
8287.78307224     1.77348e-17     
8293.30787737     2.30714e-17     
8298.8326825      1.22298e-17     
8304.35748763     1.40077e-17     
8309.88229276     1.14002e-17     
8315.40709789     1.4693e-17      
8320.93190302     1.33287e-17     
8326.45670815     2.05645e-17     
8331.98151328     1.93373e-17     
8337.50631841     1.2556e-17      
8343.03112354     1.08878e-17     
8348.55592867     1.249e-17       
8354.08073381     2.51948e-18     
8359.60553894     5.43845e-18     
8365.13034407     1.24044e-17     
8370.6551492      2.14879e-17     
8376.17995433     1.29826e-17     
8381.70475946     8.86032e-18     
8387.22956459     1.14107e-17     
8392.75436972     6.23508e-18     
8398.27917485     1.04706e-17     
8403.80397998     1.67499e-17     
8409.32878511     3.23904e-17     
8414.85359024     1.61478e-17     
8420.37839537     1.01497e-17     
8425.9032005      2.49375e-18     
8431.42800563     9.81647e-18     
8436.95281076     1.61774e-17     
8442.47761589     1.40217e-17     
8448.00242102     1.64054e-17     
8453.52722616     1.6821e-17      
8459.05203129     8.7851e-18      
8464.57683642     9.22483e-18     
8470.10164155     1.16269e-17     
8475.62644668     1.8937e-17      
8481.15125181     1.76326e-17     
8486.67605694     1.7527e-17      
8492.20086207     1.35856e-17     
8497.7256672      1.30591e-17     
8503.25047233     1.12603e-17     
8508.77527746     8.06074e-18     
8514.30008259     1.94777e-17     
8519.82488772     1.49245e-17     
8525.34969285     1.81079e-17     
8530.87449798     2.19016e-17     
8536.39930311     1.86917e-17     
8541.92410824     1.67477e-17     
8547.44891338     2.17894e-17     
8552.97371851     1.98503e-17     
8558.49852364     2.15643e-17     
8564.02332877     1.31742e-17     
8569.5481339      2.21142e-17     
8575.07293903     1.57665e-17     
8580.59774416     1.27198e-17     
8586.12254929     1.08772e-17     
8591.64735442     1.44161e-17     
8597.17215955     2.23925e-17     
8602.69696468     1.89665e-17     
8608.22176981     1.54689e-17     
8613.74657494     1.12441e-17     
8619.27138007     9.71852e-18     
8624.7961852      1.86206e-17     
8630.32099033     1.33209e-17     
8635.84579546     1.06883e-17     
8641.37060059     1.17999e-17     
8646.89540573     1.03731e-17     
8652.42021086     8.51943e-18     
8657.94501599     1.78942e-17     
8663.46982112     1.42241e-17     
8668.99462625     5.97335e-18     
8674.51943138     2.08723e-17     
8680.04423651     1.93781e-17     
8685.56904164     2.19417e-17     
8691.09384677     1.01367e-17     
8696.6186519      1.27738e-17     
8702.14345703     5.14033e-18     
8707.66826216     2.33444e-17     
8713.19306729     1.21001e-17     
8718.71787242     1.88201e-17     
8724.24267755     1.69197e-17     
8729.76748268     1.14651e-17     
8735.29228781     1.49601e-17     
8740.81709295     1.2194e-17      
8746.34189808     1.1598e-17      
8751.86670321     2.06838e-17     
8757.39150834     2.17787e-17     
8762.91631347     1.30943e-17     
8768.4411186      6.08253e-18     
8773.96592373     7.31094e-18     
8779.49072886     9.70505e-18     
8785.01553399     1.73641e-17     
8790.54033912     1.28353e-17     
8796.06514425     1.01683e-17     
8801.58994938     1.08811e-17     
8807.11475451     1.15229e-17     
8812.63955964     1.30606e-17     
8818.16436477     1.06296e-17     
8823.6891699      6.16995e-18     
8829.21397503     2.14789e-17     
8834.73878016     2.40408e-17     
8840.2635853      1.67801e-17     
8845.78839043     1.4597e-17      
8851.31319556     1.27652e-17     
8856.83800069     1.62707e-17     
8862.36280582     1.63782e-17     
8867.88761095     1.41013e-17     
8873.41241608     1.46945e-17     
8878.93722121     1.15337e-17     
8884.46202634     1.06961e-17     
8889.98683147     8.52307e-18     
8895.5116366      2.08647e-17     
8901.03644173     1.14063e-17     
8906.56124686     1.86042e-17     
8912.08605199     1.02309e-17     
8917.61085712     1.66336e-17     
8923.13566225     1.92469e-18     
8928.66046738     -8.48602e-19    
8934.18527252     1.09038e-17     
8939.71007765     1.17836e-17     
8945.23488278     9.93173e-18     
8950.75968791     6.40257e-18     
8956.28449304     9.20661e-18     
8961.80929817     1.04966e-17     
8967.3341033      1.61609e-17     
8972.85890843     9.59309e-18     
8978.38371356     7.52222e-18     
8983.90851869     1.08885e-17     
8989.43332382     1.28568e-17     
8994.95812895     8.93719e-18     
9000.48293408     7.82051e-18     
9006.00773921     1.09287e-17     
9011.53254434     -1.02276e-18    
9017.05734947     4.76037e-18     
9022.5821546      1.57843e-17     
9028.10695973     1.41716e-17     
9033.63176487     1.90915e-17     
9039.15657        1.24679e-17     
9044.68137513     1.87633e-17     
9050.20618026     1.82494e-17     
9055.73098539     1.16849e-17     
9061.25579052     1.22895e-17     
9066.78059565     1.28815e-17     
9072.30540078     1.43482e-17     
9077.83020591     1.67895e-17     
9083.35501104     1.97751e-17     
9088.87981617     4.91387e-18     
9094.4046213      2.09167e-17     
9099.92942643     1.75341e-17     
9105.45423156     1.90979e-17     
9110.97903669     1.54894e-17     
9116.50384182     7.15434e-18     
9122.02864695     2.01889e-17     
9127.55345209     1.4418e-17      
9133.07825722     5.28773e-18     
9138.60306235     1.66532e-17     
9144.12786748     1.53095e-17     
9149.65267261     1.47921e-17     
9155.17747774     1.7345e-17      
9160.70228287     1.40324e-17     
9166.227088       1.73066e-17     
9171.75189313     2.06872e-17     
9177.27669826     1.19737e-17     
9182.80150339     1.73851e-17     
9188.32630852     2.44478e-17     
9193.85111365     1.73285e-17     
9199.37591878     1.96285e-17     
9204.90072391     1.35944e-17     
9210.42552904     1.12551e-17     
9215.95033417     1.40267e-17     
9221.4751393      1.27921e-17     
9226.99994444     1.97113e-17     
9232.52474957     2.03402e-17     
9238.0495547      1.7654e-17      
9243.57435983     2.38586e-17     
9249.09916496     1.42398e-17     
9254.62397009     1.3777e-17      
9260.14877522     2.71898e-17     
9265.67358035     2.13113e-17     
9271.19838548     2.14375e-17     
