3650.53833008  2.151265E-17
3656.05651569554  -1.793565E-17
3661.57470131108  -3.082199E-17
3667.09288692662  9.711164E-17
3672.61107254216  4.409279E-17
3678.1292581577  -2.566414E-17
3683.64744377324  2.880422E-17
3689.16562938878  8.810895E-17
3694.68381500432  9.295353E-17
3700.20200061986  1.524742E-17
3705.7201862354  2.855340E-17
3711.23837185094  6.342987E-17
3716.75655746648  7.496745E-17
3722.27474308202  4.822569E-17
3727.79292869756  1.665400E-17
3733.3111143131  7.518941E-17
3738.82929992864  3.147823E-17
3744.34748554418  4.231227E-17
3749.86567115972  2.890321E-17
3755.38385677526  5.015872E-18
3760.9020423908  2.065902E-17
3766.42022800634  3.017230E-17
3771.93841362188  4.854493E-17
3777.45659923742  1.699619E-17
3782.97478485296  4.095594E-17
3788.4929704685  2.067650E-17
3794.01115608404  3.822300E-17
3799.52934169958  3.501231E-17
3805.04752731512  9.084567E-17
3810.56571293066  9.165545E-17
3816.0838985462  1.063376E-16
3821.60208416174  6.875831E-17
3827.12026977728  2.622932E-17
3832.63845539282  3.361170E-17
3838.15664100836  1.875178E-17
3843.6748266239  3.934358E-17
3849.19301223944  7.244777E-17
3854.71119785498  7.409295E-17
3860.22938347052  3.307762E-17
3865.74756908606  7.826120E-17
3871.2657547016  9.359997E-17
3876.78394031714  2.276761E-17
3882.30212593268  9.482088E-17
3887.82031154822  5.126857E-17
3893.33849716376  6.217653E-17
3898.8566827793  2.947170E-17
3904.37486839484  4.736563E-17
3909.89305401038  7.011504E-17
3915.41123962592  5.275585E-17
3920.92942524146  4.913613E-17
3926.447610857  6.682449E-17
3931.96579647254  5.849716E-17
3937.48398208808  6.640425E-17
3943.00216770362  6.116242E-17
3948.52035331916  6.972685E-17
3954.0385389347  8.682385E-17
3959.55672455024  7.705254E-17
3965.07491016578  5.268942E-17
3970.59309578132  4.491425E-17
3976.11128139686  3.906207E-17
3981.6294670124  4.774529E-17
3987.14765262794  2.350371E-17
3992.66583824348  4.697997E-17
3998.18402385902  8.325942E-17
4003.70220947456  2.929715E-17
4009.2203950901  3.339206E-17
4014.73858070564  5.159498E-17
4020.25676632118  5.339887E-17
4025.77495193672  6.314742E-17
4031.29313755226  2.379195E-17
4036.8113231678  5.197383E-17
4042.32950878334  4.070693E-17
4047.84769439888  4.385404E-17
4053.36588001442  6.407765E-17
4058.88406562996  6.512154E-17
4064.4022512455  6.117374E-17
4069.92043686104  3.623783E-17
4075.43862247658  3.506520E-17
4080.95680809212  5.077052E-17
4086.47499370766  7.279105E-17
4091.9931793232  8.180356E-17
4097.51136493874  8.297435E-17
4103.02955055428  5.053985E-17
4108.54773616982  6.882552E-17
4114.06592178536  6.548333E-17
4119.5841074009  6.629297E-17
4125.10229301644  3.679311E-17
4130.62047863198  9.209938E-17
4136.13866424752  5.202704E-17
4141.65684986306  7.083977E-17
4147.1750354786  6.774811E-17
4152.69322109414  6.620477E-17
4158.21140670968  4.804161E-17
4163.72959232522  6.002133E-17
4169.24777794076  6.734746E-17
4174.7659635563  7.040494E-17
4180.28414917184  6.619967E-17
4185.80233478738  5.470482E-17
4191.32052040292  5.248640E-17
4196.83870601846  5.065580E-17
4202.356891634  5.921482E-17
4207.87507724954  7.053077E-17
4213.39326286508  2.848658E-17
4218.91144848062  3.928561E-17
4224.42963409616  5.832059E-17
4229.9478197117  4.695687E-17
4235.46600532724  6.350293E-17
4240.98419094278  5.062137E-17
4246.50237655832  5.248301E-17
4252.02056217386  6.635882E-17
4257.5387477894  3.578769E-17
4263.05693340494  5.649694E-17
4268.57511902048  6.315019E-17
4274.09330463602  8.660422E-17
4279.61149025156  9.551425E-17
4285.1296758671  7.709799E-17
4290.64786148264  4.656955E-17
4296.16604709818  4.692304E-17
4301.68423271372  7.588802E-17
4307.20241832926  7.183412E-17
4312.7206039448  7.078856E-17
4318.23878956034  4.939674E-17
4323.75697517588  5.135016E-17
4329.27516079142  6.710079E-17
4334.79334640696  6.648391E-17
4340.3115320225  6.984593E-17
4345.82971763804  7.271364E-17
4351.34790325358  7.835008E-17
4356.86608886912  3.152196E-17
4362.38427448466  6.947952E-17
4367.9024601002  7.540802E-17
4373.42064571574  7.552731E-17
4378.93883133128  5.693368E-17
4384.45701694682  9.349746E-17
4389.97520256236  4.348923E-17
4395.4933881779  4.301065E-17
4401.01157379344  6.276797E-17
4406.52975940898  4.610138E-17
4412.04794502452  5.092672E-17
4417.56613064006  6.565287E-17
4423.0843162556  7.783500E-17
4428.60250187114  6.272888E-17
4434.12068748668  4.460977E-17
4439.63887310222  5.294597E-17
4445.15705871776  4.257594E-17
4450.6752443333  5.070728E-17
4456.19342994884  5.894212E-17
4461.71161556438  7.119626E-17
4467.22980117992  4.829519E-17
4472.74798679546  7.280122E-17
4478.266172411  7.082318E-17
4483.78435802654  7.055393E-17
4489.30254364208  6.360774E-17
4494.82072925762  5.631219E-17
4500.33891487316  7.822390E-17
4505.8571004887  6.090062E-17
4511.37528610424  4.714082E-17
4516.89347171978  6.422021E-17
4522.41165733532  5.488768E-17
4527.92984295086  7.359095E-17
4533.4480285664  5.425397E-17
4538.96621418194  5.446239E-17
4544.48439979748  5.227002E-17
4550.00258541302  5.514625E-17
4555.52077102856  7.344495E-17
4561.0389566441  5.864119E-17
4566.55714225964  4.750726E-17
4572.07532787518  7.040435E-17
4577.59351349072  6.867601E-17
4583.11169910626  7.139455E-17
4588.6298847218  1.117222E-16
4594.14807033734  9.427588E-17
4599.66625595288  4.477691E-17
4605.18444156842  4.960816E-17
4610.70262718396  7.654495E-17
4616.2208127995  8.555191E-17
4621.73899841504  9.213533E-17
4627.25718403059  6.371336E-17
4632.77536964612  6.204772E-17
4638.29355526166  7.911558E-17
4643.8117408772  7.825454E-17
4649.32992649274  6.667932E-17
4654.84811210829  5.792384E-17
4660.36629772382  7.101687E-17
4665.88448333936  6.772702E-17
4671.4026689549  8.311517E-17
4676.92085457044  6.870014E-17
4682.43904018598  8.846709E-17
4687.95722580152  8.179750E-17
4693.47541141706  8.571602E-17
4698.9935970326  7.023604E-17
4704.51178264814  8.002012E-17
4710.02996826369  9.070405E-17
4715.54815387922  8.354359E-17
4721.06633949476  7.910590E-17
4726.5845251103  6.658770E-17
4732.10271072584  8.073430E-17
4737.62089634138  7.523053E-17
4743.13908195692  8.162497E-17
4748.65726757246  7.757274E-17
4754.175453188  8.147136E-17
4759.69363880355  7.748868E-17
4765.21182441909  8.055471E-17
4770.73001003462  8.854268E-17
4776.24819565016  1.010470E-16
4781.7663812657  9.935013E-17
4787.28456688125  7.594660E-17
4792.80275249678  6.754563E-17
4798.32093811232  7.607794E-17
4803.83912372786  9.190975E-17
4809.3573093434  1.004555E-16
4814.87549495894  1.040559E-16
4820.39368057449  9.080373E-17
4825.91186619002  8.626001E-17
4831.43005180556  7.033666E-17
4836.9482374211  9.941769E-17
4842.46642303665  9.203833E-17
4847.98460865219  8.458156E-17
4853.50279426772  8.697905E-17
4859.02097988326  9.308134E-17
4864.5391654988  8.008239E-17
4870.05735111434  7.136622E-17
4875.57553672988  7.658691E-17
4881.09372234542  8.664251E-17
4886.61190796096  7.683111E-17
4892.1300935765  7.717601E-17
4897.64827919205  8.817276E-17
4903.16646480758  9.101761E-17
4908.68465042312  8.108676E-17
4914.20283603866  9.653120E-17
4919.7210216542  9.278367E-17
4925.23920726974  7.399013E-17
4930.75739288529  7.629191E-17
4936.27557850082  8.001476E-17
4941.79376411636  7.520104E-17
4947.3119497319  8.592232E-17
4952.83013534744  7.125196E-17
4958.34832096299  7.649037E-17
4963.86650657852  7.712862E-17
4969.38469219406  8.007944E-17
4974.90287780961  1.051054E-16
4980.42106342515  1.142379E-16
4985.93924904069  8.578996E-17
4991.45743465622  9.435204E-17
4996.97562027176  9.255838E-17
5002.49380588731  8.922982E-17
5008.01199150285  9.599063E-17
5013.53017711838  5.740072E-17
5019.04836273392  7.747264E-17
5024.56654834947  9.414275E-17
5030.08473396501  7.497888E-17
5035.60291958054  8.551891E-17
5041.12110519609  8.254908E-17
5046.63929081162  7.508537E-17
5052.15747642717  9.417537E-17
5057.67566204271  9.534683E-17
5063.19384765825  1.044781E-16
5068.71203327379  7.270594E-17
5074.23021888932  9.063315E-17
5079.74840450486  9.011359E-17
5085.26659012041  9.202382E-17
5090.78477573595  8.626418E-17
5096.30296135149  7.493370E-17
5101.82114696703  8.258782E-17
5107.33933258257  9.218301E-17
5112.85751819811  8.799600E-17
5118.37570381365  9.893950E-17
5123.89388942919  1.262224E-16
5129.41207504472  1.463071E-16
5134.93026066027  1.346849E-16
5140.44844627581  1.045941E-16
5145.96663189135  9.895351E-17
5151.48481750689  7.946107E-17
5157.00300312242  8.080963E-17
5162.52118873797  9.709144E-17
5168.03937435351  9.420724E-17
5173.55755996905  8.989164E-17
5179.07574558459  8.458908E-17
5184.59393120012  9.059873E-17
5190.11211681567  9.961745E-17
5195.63030243121  8.219677E-17
5201.14848804675  8.859482E-17
5206.66667366229  7.619025E-17
5212.18485927782  7.042390E-17
5217.70304489337  8.070918E-17
5223.22123050891  8.028358E-17
5228.73941612445  8.035930E-17
5234.25760173999  8.646074E-17
5239.77578735553  8.192442E-17
5245.29397297107  7.463253E-17
5250.81215858661  8.327200E-17
5256.33034420215  7.729534E-17
5261.84852981769  8.926524E-17
5267.36671543322  7.369788E-17
5272.88490104877  6.688546E-17
5278.40308666431  6.355015E-17
5283.92127227985  7.629368E-17
5289.43945789539  6.391024E-17
5294.95764351093  8.521230E-17
5300.47582912647  9.396369E-17
5305.99401474201  8.078256E-17
5311.51220035755  7.241064E-17
5317.03038597309  7.401279E-17
5322.54857158863  9.282829E-17
5328.06675720417  6.687472E-17
5333.58494281971  7.631620E-17
5339.10312843525  7.520243E-17
5344.62131405079  6.311187E-17
5350.13949966633  8.376167E-17
5355.65768528187  9.050336E-17
5361.17587089741  9.271872E-17
5366.69405651295  7.942179E-17
5372.21224212849  8.346300E-17
5377.73042774403  7.378956E-17
5383.24861335957  8.147411E-17
5388.76679897511  8.682021E-17
5394.28498459065  7.591266E-17
5399.80317020619  8.696542E-17
5405.32135582173  8.926100E-17
5410.83954143727  7.269488E-17
5416.35772705281  5.638748E-17
5421.87591266835  9.278191E-17
5427.39409828389  7.504006E-17
5432.91228389943  9.010347E-17
5438.43046951497  7.676941E-17
5443.94865513051  6.093521E-17
5449.46684074605  8.576816E-17
5454.98502636159  7.620345E-17
5460.50321197713  7.453329E-17
5466.02139759267  8.200154E-17
5471.53958320821  9.684615E-17
5477.05776882375  8.653240E-17
5482.57595443929  8.581437E-17
5488.09414005483  1.046222E-16
5493.61232567037  8.027902E-17
5499.13051128591  7.702571E-17
5504.64869690145  7.941747E-17
5510.16688251699  9.947647E-17
5515.68506813253  8.634391E-17
5521.20325374807  7.956439E-17
5526.72143936361  7.723604E-17
5532.23962497915  6.275966E-17
5537.75781059469  8.687513E-17
5543.27599621023  9.427274E-17
5548.79418182577  8.414323E-17
5554.31236744131  8.181394E-17
5559.83055305685  7.710567E-17
5565.34873867239  7.547618E-17
5570.86692428793  8.272237E-17
5576.38510990347  7.868005E-17
5581.90329551901  7.744852E-17
5587.42148113455  6.348238E-17
5592.93966675009  7.027373E-17
5598.45785236563  7.346988E-17
5603.97603798117  8.067378E-17
5609.49422359671  6.717749E-17
5615.01240921225  7.282192E-17
5620.53059482779  8.946873E-17
5626.04878044333  8.790396E-17
5631.56696605887  7.058785E-17
5637.08515167441  6.100914E-17
5642.60333728995  7.356657E-17
5648.12152290549  7.770619E-17
5653.63970852103  7.387624E-17
5659.15789413657  5.559323E-17
5664.67607975211  8.211443E-17
5670.19426536765  7.848739E-17
5675.71245098319  8.225513E-17
5681.23063659873  8.119253E-17
5686.74882221427  8.179945E-17
5692.26700782981  8.215895E-17
5697.78519344535  8.864570E-17
5703.30337906089  8.098909E-17
5708.82156467643  9.964298E-17
5714.33975029197  6.675482E-17
5719.85793590751  9.144838E-17
5725.37612152305  7.976341E-17
5730.89430713859  8.144625E-17
5736.41249275413  8.058134E-17
5741.93067836967  8.972455E-17
5747.44886398521  7.230789E-17
5752.96704960075  7.941651E-17
5758.48523521629  7.267271E-17
5764.00342083183  5.836068E-17
5769.52160644737  7.270374E-17
5775.03979206291  8.604894E-17
5780.55797767845  7.373678E-17
5786.07616329399  6.397400E-17
5791.59434890953  6.563198E-17
5797.11253452507  8.738560E-17
5802.63072014061  7.380397E-17
5808.14890575615  7.784935E-17
5813.66709137169  8.618419E-17
5819.18527698723  7.769321E-17
5824.70346260277  8.509458E-17
5830.22164821831  8.363415E-17
5835.73983383385  8.003368E-17
5841.25801944939  9.472663E-17
5846.77620506493  8.188890E-17
5852.29439068047  8.872061E-17
5857.81257629601  8.302592E-17
5863.33076191155  7.419110E-17
5868.84894752709  8.376993E-17
5874.36713314263  8.445042E-17
5879.88531875817  6.917289E-17
5885.40350437371  6.627981E-17
5890.92168998925  8.763606E-17
5896.43987560479  8.807895E-17
5901.95806122033  9.231244E-17
5907.47624683587  6.802263E-17
5912.99443245141  8.209740E-17
5918.51261806695  8.455949E-17
5924.03080368249  6.881038E-17
5929.54898929803  7.760674E-17
5935.06717491357  8.879206E-17
5940.58536052911  8.402765E-17
5946.10354614465  7.986571E-17
5951.62173176019  8.534290E-17
5957.13991737573  8.338023E-17
5962.65810299127  7.195223E-17
5968.17628860681  8.697244E-17
5973.69447422235  7.850911E-17
5979.21265983789  7.500522E-17
5984.73084545343  7.470045E-17
5990.24903106897  5.843210E-17
5995.76721668451  6.224846E-17
6001.28540230005  6.947469E-17
6006.80358791559  7.300313E-17
6012.32177353113  8.160665E-17
6017.83995914667  8.424353E-17
6023.35814476221  7.181734E-17
6028.87633037775  7.284891E-17
6034.39451599329  7.837644E-17
6039.91270160883  7.301875E-17
6045.43088722437  6.507845E-17
6050.94907283991  7.459337E-17
6056.46725845545  8.236790E-17
6061.98544407099  8.070125E-17
6067.50362968653  8.040249E-17
6073.02181530207  7.781956E-17
6078.54000091761  7.357844E-17
6084.05818653315  6.840485E-17
6089.57637214869  7.624240E-17
6095.09455776423  8.016352E-17
6100.61274337977  7.145945E-17
6106.13092899531  9.282661E-17
6111.64911461085  8.748496E-17
6117.16730022639  7.000197E-17
6122.68548584193  7.481949E-17
6128.20367145747  7.954721E-17
6133.72185707301  8.068583E-17
6139.24004268855  8.836964E-17
6144.75822830409  8.112352E-17
6150.27641391963  7.900849E-17
6155.79459953517  7.366664E-17
6161.31278515071  6.847871E-17
6166.83097076625  5.760121E-17
6172.34915638179  7.085514E-17
6177.86734199733  9.034047E-17
6183.38552761287  6.799949E-17
6188.90371322841  7.927391E-17
6194.42189884395  6.824879E-17
6199.94008445949  7.046375E-17
6205.45827007503  6.502219E-17
6210.97645569057  7.201726E-17
6216.49464130611  7.139236E-17
6222.01282692165  7.398928E-17
6227.53101253719  7.608239E-17
6233.04919815273  7.801088E-17
6238.56738376827  7.599429E-17
6244.08556938381  7.639100E-17
6249.60375499935  9.232686E-17
6255.12194061489  9.121536E-17
6260.64012623043  8.725441E-17
6266.15831184597  7.682640E-17
6271.67649746151  5.654034E-17
6277.19468307705  6.896638E-17
6282.71286869259  7.742803E-17
6288.23105430813  7.266821E-17
6293.74923992367  8.009825E-17
6299.26742553921  7.359296E-17
6304.78561115475  7.065631E-17
6310.30379677029  7.204805E-17
6315.82198238583  6.245001E-17
6321.34016800137  6.608819E-17
6326.85835361691  7.577829E-17
6332.37653923245  7.729673E-17
6337.89472484799  8.182049E-17
6343.41291046353  7.551561E-17
6348.93109607907  6.485703E-17
6354.44928169461  5.969491E-17
6359.96746731015  6.525096E-17
6365.48565292569  7.125525E-17
6371.00383854123  7.964207E-17
6376.52202415677  5.629575E-17
6382.04020977231  6.017267E-17
6387.55839538785  7.737031E-17
6393.07658100339  7.364151E-17
6398.59476661893  7.165874E-17
6404.11295223447  6.499474E-17
6409.63113785001  6.516962E-17
6415.14932346555  7.084891E-17
6420.66750908109  7.090388E-17
6426.18569469663  6.765957E-17
6431.70388031217  7.236964E-17
6437.22206592771  7.628774E-17
6442.74025154325  6.296364E-17
6448.25843715879  7.603285E-17
6453.77662277433  5.915517E-17
6459.29480838987  8.004651E-17
6464.81299400541  7.514666E-17
6470.33117962095  6.950861E-17
6475.84936523649  7.352669E-17
6481.36755085203  7.153737E-17
6486.88573646757  7.816988E-17
6492.40392208311  5.341393E-17
6497.92210769865  7.021922E-17
6503.44029331419  7.818062E-17
6508.95847892973  6.419528E-17
6514.47666454527  7.011495E-17
6519.99485016081  6.954824E-17
6525.51303577635  6.177509E-17
6531.03122139189  5.613184E-17
6536.54940700743  7.107735E-17
6542.06759262297  6.628012E-17
6547.58577823851  6.768159E-17
6553.10396385405  6.587665E-17
6558.62214946959  7.609896E-17
6564.14033508513  7.046740E-17
6569.65852070067  6.843559E-17
6575.17670631621  7.128157E-17
6580.69489193175  7.462833E-17
6586.21307754729  6.920477E-17
6591.73126316283  6.219833E-17
6597.24944877837  6.256471E-17
6602.76763439391  6.786505E-17
6608.28582000945  6.796484E-17
6613.80400562499  6.948454E-17
6619.32219124053  6.266180E-17
6624.84037685607  6.733977E-17
6630.35856247161  7.029228E-17
6635.87674808715  6.242550E-17
6641.39493370269  5.743591E-17
6646.91311931823  6.452038E-17
6652.43130493377  7.433210E-17
6657.94949054931  7.164702E-17
6663.46767616485  6.944975E-17
6668.98586178039  6.324567E-17
6674.50404739593  7.203949E-17
6680.02223301147  5.644773E-17
6685.54041862701  4.848351E-17
6691.05860424255  5.945846E-17
6696.57678985809  6.536161E-17
6702.09497547363  7.723829E-17
6707.61316108917  1.338060E-16
6713.13134670471  1.884967E-16
6718.64953232025  1.897550E-16
6724.16771793579  1.777801E-16
6729.68590355133  1.378136E-16
6735.20408916687  8.604581E-17
6740.72227478241  1.006780E-16
6746.24046039795  9.108458E-17
6751.75864601349  6.741069E-17
6757.27683162903  6.062225E-17
6762.79501724457  7.641170E-17
6768.31320286011  7.015590E-17
6773.83138847565  7.494227E-17
6779.34957409119  6.966403E-17
6784.86775970673  6.919175E-17
6790.38594532227  6.298513E-17
6795.90413093781  7.853425E-17
6801.42231655335  5.972417E-17
6806.94050216889  6.082440E-17
6812.45868778443  6.619379E-17
6817.97687339997  6.847905E-17
6823.49505901551  5.845385E-17
6829.01324463105  8.005934E-17
6834.53143024659  7.611617E-17
6840.04961586213  6.846673E-17
6845.56780147767  7.459741E-17
6851.08598709321  6.330322E-17
6856.60417270875  5.628715E-17
6862.12235832429  5.265291E-17
6867.64054393983  8.236682E-17
6873.15872955537  9.792761E-17
6878.67691517091  8.594318E-17
6884.19510078645  9.548360E-17
6889.71328640199  9.141319E-17
6895.23147201753  8.493539E-17
6900.74965763307  7.581896E-17
6906.26784324861  5.778568E-17
6911.78602886415  5.507149E-17
6917.30421447969  6.782843E-17
6922.82240009523  5.137752E-17
6928.34058571077  6.943461E-17
6933.85877132631  6.326806E-17
6939.37695694185  5.112003E-17
6944.89514255739  6.627193E-17
6950.41332817293  6.085020E-17
6955.93151378847  6.665524E-17
6961.44969940401  5.145910E-17
6966.96788501955  6.970438E-17
6972.48607063509  7.150338E-17
6978.00425625063  6.532052E-17
6983.52244186617  6.879357E-17
6989.04062748171  6.253612E-17
6994.55881309725  6.096792E-17
7000.07699871279  5.122514E-17
7005.59518432833  7.359462E-17
7011.11336994387  7.377118E-17
7016.63155555941  6.145249E-17
7022.14974117495  6.538299E-17
7027.66792679049  6.906831E-17
7033.18611240603  7.332087E-17
7038.70429802157  7.119890E-17
7044.22248363711  6.193688E-17
7049.74066925265  5.852483E-17
7055.25885486819  6.857927E-17
7060.77704048373  8.080534E-17
7066.29522609927  6.969728E-17
7071.81341171481  6.021099E-17
7077.33159733035  5.941207E-17
7082.84978294589  6.921296E-17
7088.36796856143  6.474018E-17
7093.88615417697  5.352294E-17
7099.40433979251  5.760353E-17
7104.92252540805  7.093583E-17
7110.44071102359  6.544795E-17
7115.95889663913  5.421596E-17
7121.47708225467  5.935450E-17
7126.99526787021  6.654716E-17
7132.51345348575  6.667845E-17
7138.03163910129  6.393515E-17
7143.54982471683  5.599571E-17
7149.06801033237  6.360930E-17
7154.58619594791  5.463733E-17
7160.10438156345  5.987597E-17
7165.62256717899  5.756362E-17
7171.14075279453  5.504930E-17
7176.65893841007  6.278959E-17
7182.17712402561  5.802432E-17
7187.69530964115  4.679441E-17
7193.21349525669  4.561267E-17
7198.73168087223  5.464912E-17
7204.24986648777  6.059253E-17
7209.76805210331  5.524367E-17
7215.28623771885  5.144629E-17
7220.80442333439  5.802741E-17
7226.32260894993  5.645428E-17
7231.84079456547  4.185334E-17
7237.35898018101  4.711685E-17
7242.87716579655  5.416853E-17
7248.39535141209  5.491075E-17
7253.91353702763  5.798709E-17
7259.43172264317  6.013984E-17
7264.94990825871  5.531589E-17
7270.46809387425  5.617011E-17
7275.98627948979  7.043653E-17
7281.50446510533  6.197277E-17
7287.02265072087  6.504740E-17
7292.54083633641  5.117073E-17
7298.05902195195  6.434900E-17
7303.57720756749  6.001381E-17
7309.09539318303  5.644058E-17
7314.61357879857  6.663702E-17
7320.13176441411  7.118105E-17
7325.64995002965  6.820700E-17
7331.16813564519  6.833330E-17
7336.68632126073  6.047333E-17
7342.20450687627  7.160426E-17
7347.72269249181  7.142775E-17
7353.24087810735  5.110044E-17
7358.75906372289  5.718317E-17
7364.27724933843  7.059376E-17
7369.79543495397  7.365192E-17
7375.31362056951  7.295299E-17
7380.83180618505  6.364485E-17
7386.34999180059  6.058683E-17
7391.86817741613  6.440378E-17
7397.38636303167  6.929942E-17
7402.90454864721  6.664060E-17
7408.42273426275  5.857432E-17
7413.94091987829  6.896559E-17
7419.45910549383  5.744037E-17
7424.97729110937  6.192567E-17
7430.49547672491  6.579722E-17
7436.01366234045  6.246599E-17
7441.53184795599  5.887991E-17
7447.05003357153  6.937271E-17
7452.56821918707  6.129243E-17
7458.08640480261  6.476571E-17
7463.60459041815  6.258363E-17
7469.12277603369  5.501925E-17
7474.64096164923  6.335468E-17
7480.15914726477  5.568784E-17
7485.67733288031  6.199924E-17
7491.19551849585  6.731626E-17
7496.71370411139  5.997177E-17
7502.23188972693  6.941479E-17
7507.75007534247  6.238137E-17
7513.26826095801  7.242369E-17
7518.78644657355  8.596201E-17
7524.30463218909  6.636561E-17
7529.82281780463  7.292395E-17
7535.34100342017  8.622610E-17
7540.85918903571  6.930942E-17
7546.37737465125  6.846188E-17
7551.89556026679  7.254128E-17
7557.41374588233  6.083082E-17
7562.93193149787  6.179912E-17
7568.45011711341  6.617591E-17
7573.96830272895  7.934148E-17
7579.48648834449  6.452506E-17
7585.00467396003  5.530247E-17
7590.52285957557  5.344931E-17
7596.04104519111  5.244015E-17
7601.55923080665  6.178225E-17
7607.07741642219  4.284800E-17
7612.59560203773  5.614221E-17
7618.11378765327  5.869332E-17
7623.63197326881  4.549864E-17
7629.15015888435  4.857599E-17
7634.66834449989  3.831351E-17
7640.18653011543  3.299867E-17
7645.70471573097  4.997463E-17
7651.22290134651  5.765331E-17
7656.74108696205  4.514905E-17
7662.25927257759  5.559092E-17
7667.77745819313  6.395899E-17
7673.29564380867  6.640662E-17
7678.81382942421  6.477746E-17
7684.33201503975  5.975927E-17
7689.85020065529  6.480499E-17
7695.36838627083  6.132536E-17
7700.88657188637  6.518907E-17
7706.40475750191  4.400451E-17
7711.92294311745  5.450502E-17
7717.44112873299  4.329450E-17
7722.95931434853  3.416548E-17
7728.47749996407  4.791514E-17
7733.99568557961  5.516242E-17
7739.51387119515  7.138530E-17
7745.03205681069  7.172149E-17
7750.55024242623  4.945028E-17
7756.06842804177  4.231093E-17
7761.58661365731  3.682153E-17
7767.10479927285  3.326419E-17
7772.62298488839  4.092103E-17
7778.14117050393  4.610009E-17
7783.65935611947  5.713340E-17
7789.17754173501  8.121648E-17
7794.69572735055  7.979812E-17
7800.21391296609  5.398437E-17
7805.73209858163  7.133058E-17
7811.25028419717  5.053133E-17
7816.76846981271  6.107241E-17
7822.28665542825  3.999601E-17
7827.80484104379  3.782436E-17
7833.32302665933  3.498310E-17
7838.84121227487  5.038144E-17
7844.35939789041  5.498953E-17
7849.87758350595  5.175679E-17
7855.39576912149  4.887238E-17
7860.91395473703  3.591471E-17
7866.43214035257  4.774515E-17
7871.95032596811  5.505160E-17
7877.46851158365  5.567906E-17
7882.98669719919  3.962732E-17
7888.50488281473  4.259371E-17
7894.02306843027  4.156232E-17
7899.54125404581  3.481631E-17
7905.05943966135  3.376375E-18
7910.57762527689  1.884248E-19
7916.09581089243  3.757713E-17
7921.61399650797  3.724338E-17
7927.13218212351  3.589354E-17
7932.65036773905  2.738995E-17
7938.16855335459  5.988212E-17
7943.68673897013  5.198880E-17
7949.20492458567  4.888871E-17
7954.72311020121  6.321241E-17
7960.24129581675  8.158965E-17
7965.75948143229  6.686716E-17
7971.27766704783  4.223329E-17
7976.79585266337  5.274196E-17
7982.31403827891  5.851081E-17
7987.83222389445  4.690704E-17
7993.35040950999  5.249152E-17
7998.86859512553  3.210008E-17
8004.38678074107  2.160355E-17
8009.90496635661  3.566694E-17
8015.42315197215  3.278206E-17
8020.94133758769  3.715360E-17
8026.45952320323  4.972889E-17
8031.97770881877  4.219830E-17
8037.49589443431  2.829224E-17
8043.01408004985  4.388776E-17
8048.53226566539  5.114185E-17
8054.05045128093  5.104484E-17
8059.56863689647  5.008338E-17
8065.08682251201  4.797994E-17
8070.60500812755  3.961217E-17
8076.12319374309  3.709418E-17
8081.64137935863  5.250307E-17
8087.15956497417  4.637960E-17
8092.67775058971  5.933483E-17
8098.19593620525  5.795779E-17
8103.71412182079  5.178986E-17
8109.23230743633  4.379340E-17
8114.75049305187  4.612517E-17
8120.26867866741  5.218279E-17
8125.78686428295  4.766776E-17
8131.30504989849  4.708065E-17
8136.82323551403  4.756838E-17
8142.34142112957  4.365746E-17
8147.85960674511  4.521405E-17
8153.37779236065  4.878486E-17
8158.89597797619  4.281248E-17
8164.41416359173  4.554522E-17
8169.93234920727  5.595310E-17
8175.45053482281  5.424576E-17
8180.96872043835  4.813573E-17
8186.48690605389  4.323517E-17
8192.00509166943  5.195659E-17
8197.52327728497  5.695519E-17
8203.04146290051  5.155887E-17
8208.55964851605  5.172266E-17
8214.07783413159  4.503072E-17
8219.59601974713  4.865742E-17
8225.11420536267  5.394306E-17
8230.63239097821  6.008021E-17
8236.15057659375  5.250237E-17
8241.66876220929  3.866485E-17
8247.18694782483  4.341403E-17
8252.70513344037  6.356185E-17
8258.22331905591  5.468452E-17
8263.74150467145  5.064481E-17
8269.25969028699  4.212428E-17
8274.77787590253  4.524523E-17
8280.29606151807  5.440247E-17
8285.81424713361  5.550674E-17
8291.33243274915  5.662256E-17
8296.85061836469  4.637079E-17
8302.36880398023  6.954406E-17
8307.88698959577  1.052834E-16
8313.40517521131  8.682592E-17
8318.92336082685  5.510806E-17
8324.44154644239  5.494330E-17
8329.95973205793  4.664924E-17
8335.47791767347  9.504874E-18
8340.99610328901  -1.668403E-17
8346.51428890455  2.566012E-17
8352.03247452009  7.077768E-17
8357.55066013563  6.588714E-17
8363.06884575117  2.488772E-17
8368.58703136671  4.598130E-17
8374.10521698225  3.287551E-17
8379.62340259779  4.658553E-17
8385.14158821333  5.824890E-17
8390.65977382887  5.259833E-17
8396.17795944441  7.602816E-17
8401.69614505995  2.265879E-17
8407.21433067549  3.401655E-17
8412.73251629103  3.435592E-17
8418.25070190657  3.674538E-17
8423.76888752211  3.512650E-17
8429.28707313765  3.489511E-17
8434.80525875319  1.215777E-17
8440.32344436873  2.540060E-17
8445.84162998427  4.105459E-17
8451.35981559981  3.865521E-17
8456.87800121535  3.737387E-17
8462.39618683089  5.538966E-17
8467.91437244643  4.661022E-17
8473.43255806197  3.973708E-17
8478.95074367751  4.353445E-17
8484.46892929305  4.478067E-17
8489.98711490859  5.426016E-17
8495.50530052413  4.819045E-17
8501.02348613967  4.293268E-17
8506.54167175521  4.724505E-17
8512.05985737075  5.177212E-17
8517.57804298629  4.050003E-17
8523.09622860183  4.653384E-17
8528.61441421737  4.646950E-17
8534.13259983291  4.805686E-17
8539.65078544845  4.524067E-17
8545.16897106399  4.931915E-17
8550.68715667953  4.787531E-17
8556.20534229507  4.179167E-17
8561.72352791061  3.866656E-17
8567.24171352615  5.495835E-17
8572.75989914169  5.384249E-17
8578.27808475723  4.295682E-17
8583.79627037277  4.355251E-17
8589.31445598831  5.153259E-17
8594.83264160385  4.197171E-17
8600.35082721939  4.233400E-17
8605.86901283493  4.336209E-17
8611.38719845047  4.088354E-17
8616.90538406601  4.410873E-17
8622.42356968155  4.333371E-17
8627.94175529709  4.418962E-17
8633.45994091263  4.667611E-17
8638.97812652817  5.251525E-17
8644.49631214371  5.638794E-17
8650.01449775925  5.219790E-17
8655.53268337479  4.980300E-17
8661.05086899033  4.306601E-17
8666.56905460587  4.297820E-17
8672.08724022141  4.926185E-17
8677.60542583695  4.795094E-17
8683.12361145249  5.858824E-17
8688.64179706803  5.797121E-17
8694.15998268357  5.028262E-17
8699.67816829911  5.933674E-17
8705.19635391465  4.374258E-17
8710.71453953019  2.889886E-17
8716.23272514573  4.493284E-17
8721.75091076127  3.964689E-17
8727.26909637681  3.252567E-17
8732.78728199235  3.843591E-17
8738.30546760789  5.208696E-17
8743.82365322343  4.559491E-17
8749.34183883897  3.817805E-17
8754.86002445451  1.638380E-17
8760.37821007005  2.913537E-17
8765.89639568559  3.706396E-17
8771.41458130113  5.896447E-17
8776.93276691667  7.444995E-17
8782.45095253221  3.315349E-17
8787.96913814775  3.095794E-17
8793.48732376329  5.111565E-17
8799.00550937883  6.281293E-17
8804.52369499437  4.963127E-17
8810.04188060991  3.437913E-17
8815.56006622545  7.286330E-17
8821.07825184099  8.585437E-17
8826.59643745653  7.378533E-17
8832.11462307207  1.000222E-16
8837.63280868761  1.238099E-16
8843.15099430315  8.710709E-17
8848.66917991869  4.572980E-17
8854.18736553423  4.389646E-17
8859.70555114977  4.356289E-17
8865.22373676531  3.944557E-17
8870.74192238085  5.556661E-17
8876.26010799639  1.825487E-17
8881.77829361193  2.031517E-17
8887.29647922747  1.774808E-17
8892.81466484301  4.045913E-17
8898.33285045855  5.546794E-17
8903.85103607409  5.342394E-17
8909.36922168963  5.772173E-17
8914.88740730517  3.236892E-17
8920.40559292071  3.371894E-17
8925.92377853625  -7.092103E-18
8931.44196415179  2.031591E-17
8936.96014976733  4.007287E-17
8942.47833538287  2.271767E-17
8947.99652099841  4.450177E-17
8953.51470661395  6.104641E-17
8959.03289222949  3.570873E-17
8964.55107784503  4.307273E-17
8970.06926346057  5.126737E-17
8975.58744907611  3.846065E-17
8981.10563469165  3.824010E-17
8986.62382030719  4.670910E-17
8992.14200592273  4.031412E-17
8997.66019153827  3.420713E-17
9003.17837715381  4.468365E-17
9008.69656276935  4.331366E-17
9014.21474838489  5.462948E-17
9019.73293400043  6.242409E-17
9025.25111961597  6.038477E-17
9030.76930523151  7.168310E-17
9036.28749084705  5.338746E-17
9041.80567646259  5.550289E-17
9047.32386207813  5.095624E-17
9052.84204769367  4.821319E-17
9058.36023330921  4.206976E-17
9063.87841892475  4.359956E-17
9069.39660454029  5.286114E-17
9074.91479015583  2.464346E-17
9080.43297577137  6.036915E-17
9085.95116138691  6.140219E-17
9091.46934700245  4.829952E-17
9096.98753261799  3.174709E-17
9102.50571823353  4.348729E-17
9108.02390384907  3.709281E-17
9113.54208946461  4.479567E-17
9119.06027508015  4.640313E-17
9124.57846069569  5.245258E-17
9130.09664631123  3.432805E-17
9135.61483192677  4.232085E-17
9141.13301754231  5.802847E-17
9146.65120315785  5.234139E-17
9152.16938877339  3.329086E-17
9157.68757438893  2.605508E-17
9163.20576000447  5.238734E-17
9168.72394562001  5.944019E-17
9174.24213123555  5.086901E-17
9179.76031685109  5.508529E-17
9185.27850246663  5.447402E-17
9190.79668808217  4.853520E-17
9196.31487369771  5.234346E-17
9201.83305931325  6.557975E-17
9207.35124492879  6.478733E-17
9212.86943054433  8.363143E-17
9218.38761615987  6.310115E-17
9223.90580177541  4.621814E-17
9229.42398739095  5.110073E-17
9234.94217300649  3.333445E-17
9240.46035862203  3.648187E-17
9245.97854423757  4.656940E-17
