3669.21958494     3.54184e-17     
3674.74435427     3.0104e-17      
3680.26912361     4.07411e-17     
3685.79389294     5.23339e-17     
3691.31866227     3.1817e-17      
3696.8434316      1.40678e-17     
3702.36820094     4.43901e-17     
3707.89297027     4.6298e-17      
3713.4177396      4.43219e-17     
3718.94250893     2.3573e-17      
3724.46727827     3.08739e-17     
3729.9920476      4.53186e-17     
3735.51681693     4.12677e-17     
3741.04158626     3.87029e-17     
3746.5663556      4.60281e-17     
3752.09112493     3.85245e-17     
3757.61589426     3.69647e-17     
3763.14066359     3.93986e-17     
3768.66543293     3.76189e-17     
3774.19020226     3.22305e-17     
3779.71497159     2.67981e-17     
3785.23974092     4.06972e-17     
3790.76451026     3.23583e-17     
3796.28927959     3.29094e-17     
3801.81404892     3.27885e-17     
3807.33881825     3.90713e-17     
3812.86358759     3.41832e-17     
3818.38835692     3.06262e-17     
3823.91312625     3.95933e-17     
3829.43789558     3.69923e-17     
3834.96266492     3.74861e-17     
3840.48743425     2.71702e-17     
3846.01220358     4.34602e-17     
3851.53697291     3.50538e-17     
3857.06174225     3.91935e-17     
3862.58651158     3.65911e-17     
3868.11128091     3.12406e-17     
3873.63605024     3.61266e-17     
3879.16081958     3.72987e-17     
3884.68558891     2.94699e-17     
3890.21035824     2.6129e-17      
3895.73512757     3.7954e-17      
3901.25989691     3.31307e-17     
3906.78466624     2.83237e-17     
3912.30943557     3.68321e-17     
3917.8342049      3.93423e-17     
3923.35897424     3.64699e-17     
3928.88374357     3.70671e-17     
3934.4085129      4.7811e-17      
3939.93328223     5.36248e-17     
3945.45805157     4.8093e-17      
3950.9828209      3.20711e-17     
3956.50759023     4.21307e-17     
3962.03235956     4.55389e-17     
3967.5571289      2.94889e-17     
3973.08189823     3.51112e-17     
3978.60666756     4.57822e-17     
3984.13143689     4.01422e-17     
3989.65620623     3.63706e-17     
3995.18097556     4.33003e-17     
4000.70574489     4.23108e-17     
4006.23051422     4.01669e-17     
4011.75528356     4.86544e-17     
4017.28005289     4.7831e-17      
4022.80482222     4.5484e-17      
4028.32959155     3.72899e-17     
4033.85436089     5.06045e-17     
4039.37913022     4.10556e-17     
4044.90389955     4.42975e-17     
4050.42866888     4.1903e-17      
4055.95343822     2.72644e-17     
4061.47820755     3.41369e-17     
4067.00297688     3.57198e-17     
4072.52774621     4.68879e-17     
4078.05251555     4.27893e-17     
4083.57728488     4.61107e-17     
4089.10205421     4.72278e-17     
4094.62682354     4.38466e-17     
4100.15159288     4.7661e-17      
4105.67636221     4.82629e-17     
4111.20113154     4.26821e-17     
4116.72590087     4.05914e-17     
4122.25067021     4.69076e-17     
4127.77543954     4.99382e-17     
4133.30020887     5.05181e-17     
4138.8249782      4.79562e-17     
4144.34974754     5.47251e-17     
4149.87451687     4.18572e-17     
4155.3992862      4.35351e-17     
4160.92405553     4.53267e-17     
4166.44882487     4.29932e-17     
4171.9735942      4.70161e-17     
4177.49836353     4.55896e-17     
4183.02313286     5.53196e-17     
4188.5479022      4.49206e-17     
4194.07267153     4.45593e-17     
4199.59744086     3.6616e-17      
4205.12221019     4.63273e-17     
4210.64697953     4.3582e-17      
4216.17174886     4.42408e-17     
4221.69651819     5.07997e-17     
4227.22128752     4.73348e-17     
4232.74605686     4.66785e-17     
4238.27082619     5.38535e-17     
4243.79559552     5.43117e-17     
4249.32036485     4.74861e-17     
4254.84513419     4.57005e-17     
4260.36990352     4.79321e-17     
4265.89467285     4.80288e-17     
4271.41944218     4.6667e-17      
4276.94421152     5.20895e-17     
4282.46898085     4.96815e-17     
4287.99375018     4.93319e-17     
4293.51851951     4.48853e-17     
4299.04328885     5.38977e-17     
4304.56805818     4.98129e-17     
4310.09282751     5.07391e-17     
4315.61759684     4.29076e-17     
4321.14236618     4.72996e-17     
4326.66713551     5.03129e-17     
4332.19190484     4.3288e-17      
4337.71667417     4.82284e-17     
4343.24144351     4.62332e-17     
4348.76621284     4.7836e-17      
4354.29098217     4.58208e-17     
4359.8157515      5.47912e-17     
4365.34052084     5.03761e-17     
4370.86529017     4.83395e-17     
4376.3900595      5.223e-17       
4381.91482883     5.23758e-17     
4387.43959817     4.76857e-17     
4392.9643675      5.27731e-17     
4398.48913683     5.47784e-17     
4404.01390616     5.21434e-17     
4409.5386755      5.22112e-17     
4415.06344483     5.11101e-17     
4420.58821416     4.55559e-17     
4426.11298349     4.73381e-17     
4431.63775283     4.38787e-17     
4437.16252216     5.11426e-17     
4442.68729149     4.73226e-17     
4448.21206082     5.26059e-17     
4453.73683016     5.01999e-17     
4459.26159949     5.17532e-17     
4464.78636882     4.67611e-17     
4470.31113815     5.13042e-17     
4475.83590749     4.80283e-17     
4481.36067682     5.33183e-17     
4486.88544615     5.07513e-17     
4492.41021548     5.2542e-17      
4497.93498482     4.8321e-17      
4503.45975415     4.26451e-17     
4508.98452348     5.0904e-17      
4514.50929281     4.67358e-17     
4520.03406215     4.07271e-17     
4525.55883148     4.66776e-17     
4531.08360081     4.79594e-17     
4536.60837014     4.9203e-17      
4542.13313948     4.79483e-17     
4547.65790881     5.1504e-17      
4553.18267814     4.3849e-17      
4558.70744747     4.61556e-17     
4564.23221681     5.38265e-17     
4569.75698614     4.511e-17       
4575.28175547     4.79339e-17     
4580.8065248      5.15037e-17     
4586.33129414     4.6351e-17      
4591.85606347     4.35149e-17     
4597.3808328      4.39975e-17     
4602.90560214     5.22392e-17     
4608.43037147     6.6715e-17      
4613.9551408      4.78538e-17     
4619.47991013     5.41462e-17     
4625.00467947     5.63538e-17     
4630.5294488      4.44967e-17     
4636.05421813     4.46356e-17     
4641.57898746     4.11464e-17     
4647.1037568      4.62845e-17     
4652.62852613     4.81755e-17     
4658.15329546     4.13627e-17     
4663.67806479     5.26506e-17     
4669.20283413     4.79617e-17     
4674.72760346     4.48825e-17     
4680.25237279     5.29757e-17     
4685.77714212     4.53396e-17     
4691.30191146     4.50924e-17     
4696.82668079     4.53631e-17     
4702.35145012     4.49756e-17     
4707.87621945     4.64396e-17     
4713.40098879     4.52236e-17     
4718.92575812     4.89861e-17     
4724.45052745     5.15371e-17     
4729.97529678     5.17365e-17     
4735.50006612     4.63015e-17     
4741.02483545     4.88457e-17     
4746.54960478     5.50697e-17     
4752.07437411     5.2742e-17      
4757.59914345     5.06228e-17     
4763.12391278     4.81621e-17     
4768.64868211     5.35265e-17     
4774.17345144     5.61173e-17     
4779.69822078     5.43572e-17     
4785.22299011     5.29763e-17     
4790.74775944     5.21118e-17     
4796.27252877     5.15418e-17     
4801.79729811     5.38522e-17     
4807.32206744     5.34296e-17     
4812.84683677     5.26242e-17     
4818.3716061      5.28698e-17     
4823.89637544     5.73031e-17     
4829.42114477     4.91244e-17     
4834.9459141      5.66859e-17     
4840.47068343     5.22193e-17     
4845.99545277     5.09033e-17     
4851.5202221      4.9492e-17      
4857.04499143     5.14161e-17     
4862.56976076     5.12532e-17     
4868.0945301      5.31917e-17     
4873.61929943     4.63821e-17     
4879.14406876     5.02187e-17     
4884.66883809     6.23514e-17     
4890.19360743     6.24162e-17     
4895.71837676     5.42514e-17     
4901.24314609     4.99669e-17     
4906.76791542     5.01816e-17     
4912.29268476     5.60989e-17     
4917.81745409     5.67456e-17     
4923.34222342     4.56127e-17     
4928.86699275     4.62969e-17     
4934.39176209     5.22922e-17     
4939.91653142     4.81246e-17     
4945.44130075     5.39538e-17     
4950.96607008     5.31771e-17     
4956.49083942     4.96596e-17     
4962.01560875     5.5836e-17      
4967.54037808     5.24889e-17     
4973.06514741     4.81741e-17     
4978.58991675     4.86444e-17     
4984.11468608     4.38377e-17     
4989.63945541     4.786e-17       
4995.16422474     4.94302e-17     
5000.68899408     4.665e-17       
5006.21376341     5.45309e-17     
5011.73853274     4.67108e-17     
5017.26330207     4.78044e-17     
5022.78807141     4.88885e-17     
5028.31284074     4.28235e-17     
5033.83761007     4.65953e-17     
5039.3623794      4.93232e-17     
5044.88714874     3.84503e-17     
5050.41191807     4.48876e-17     
5055.9366874      5.09865e-17     
5061.46145673     5.23484e-17     
5066.98622607     4.77487e-17     
5072.5109954      4.64467e-17     
5078.03576473     5.17801e-17     
5083.56053406     5.63805e-17     
5089.0853034      5.01229e-17     
5094.61007273     5.53199e-17     
5100.13484206     4.89725e-17     
5105.65961139     4.99333e-17     
5111.18438073     4.7528e-17      
5116.70915006     4.60457e-17     
5122.23391939     4.99225e-17     
5127.75868872     5.28002e-17     
5133.28345806     5.15934e-17     
5138.80822739     5.36941e-17     
5144.33299672     5.67355e-17     
5149.85776605     5.04459e-17     
5155.38253539     4.86195e-17     
5160.90730472     5.07809e-17     
5166.43207405     5.08879e-17     
5171.95684338     5.07172e-17     
5177.48161272     4.89201e-17     
5183.00638205     5.14012e-17     
5188.53115138     5.48824e-17     
5194.05592071     4.91125e-17     
5199.58069005     5.19658e-17     
5205.10545938     5.04158e-17     
5210.63022871     5.13065e-17     
5216.15499804     4.93813e-17     
5221.67976738     5.07586e-17     
5227.20453671     5.07793e-17     
5232.72930604     4.7809e-17      
5238.25407537     4.6386e-17      
5243.77884471     4.50312e-17     
5249.30361404     5.39739e-17     
5254.82838337     5.24344e-17     
5260.3531527      5.09685e-17     
5265.87792204     5.06172e-17     
5271.40269137     4.5736e-17      
5276.9274607      4.47744e-17     
5282.45223003     5.04366e-17     
5287.97699937     4.95251e-17     
5293.5017687      5.25661e-17     
5299.02653803     4.90341e-17     
5304.55130736     4.93832e-17     
5310.0760767      4.55323e-17     
5315.60084603     5.40523e-17     
5321.12561536     5.3354e-17      
5326.65038469     4.89935e-17     
5332.17515403     4.85415e-17     
5337.69992336     5.06502e-17     
5343.22469269     5.32634e-17     
5348.74946202     5.05071e-17     
5354.27423136     4.72519e-17     
5359.79900069     4.71003e-17     
5365.32377002     4.4931e-17      
5370.84853935     4.69742e-17     
5376.37330869     4.27104e-17     
5381.89807802     4.7e-17         
5387.42284735     4.61835e-17     
5392.94761668     4.82287e-17     
5398.47238602     4.87082e-17     
5403.99715535     4.4898e-17      
5409.52192468     4.62449e-17     
5415.04669401     4.54434e-17     
5420.57146335     4.67302e-17     
5426.09623268     5.09095e-17     
5431.62100201     5.111e-17       
5437.14577134     4.97715e-17     
5442.67054068     5.10732e-17     
5448.19531001     4.66255e-17     
5453.72007934     4.87623e-17     
5459.24484867     4.86265e-17     
5464.76961801     4.96026e-17     
5470.29438734     4.72688e-17     
5475.81915667     4.71969e-17     
5481.343926       4.97767e-17     
5486.86869534     4.81964e-17     
5492.39346467     5.41194e-17     
5497.918234       4.91994e-17     
5503.44300333     4.5908e-17      
5508.96777267     5.26257e-17     
5514.492542       5.28936e-17     
5520.01731133     4.85052e-17     
5525.54208066     4.7273e-17      
5531.06685        5.25673e-17     
5536.59161933     4.84892e-17     
5542.11638866     5.10702e-17     
5547.641158       5.35835e-17     
5553.16592733     5.06537e-17     
5558.69069666     4.40351e-17     
5564.21546599     4.82179e-17     
5569.74023533     5.01341e-17     
5575.26500466     3.41746e-17     
5580.78977399     4.49643e-17     
5586.31454332     5.43548e-17     
5591.83931266     5.3753e-17      
5597.36408199     5.49687e-17     
5602.88885132     4.71825e-17     
5608.41362065     4.87668e-17     
5613.93838999     5.15908e-17     
5619.46315932     5.01794e-17     
5624.98792865     4.91074e-17     
5630.51269798     4.79587e-17     
5636.03746732     5.27967e-17     
5641.56223665     4.81283e-17     
5647.08700598     5.17081e-17     
5652.61177531     5.4795e-17      
5658.13654465     5.12382e-17     
5663.66131398     5.43901e-17     
5669.18608331     4.82432e-17     
5674.71085264     4.48532e-17     
5680.23562198     4.71953e-17     
5685.76039131     4.8765e-17      
5691.28516064     4.97065e-17     
5696.80992997     5.34707e-17     
5702.33469931     4.32797e-17     
5707.85946864     4.68345e-17     
5713.38423797     4.3285e-17      
5718.9090073      4.7402e-17      
5724.43377664     4.83702e-17     
5729.95854597     5.01374e-17     
5735.4833153      4.51697e-17     
5741.00808463     4.70694e-17     
5746.53285397     4.43939e-17     
5752.0576233      4.89546e-17     
5757.58239263     4.5808e-17      
5763.10716196     4.67615e-17     
5768.6319313      4.63382e-17     
5774.15670063     5.13646e-17     
5779.68146996     5.00178e-17     
5785.20623929     4.39065e-17     
5790.73100863     4.89605e-17     
5796.25577796     4.35789e-17     
5801.78054729     4.68207e-17     
5807.30531662     4.1609e-17      
5812.83008596     4.67745e-17     
5818.35485529     4.25182e-17     
5823.87962462     4.79743e-17     
5829.40439395     4.5705e-17      
5834.92916329     5.11745e-17     
5840.45393262     4.46575e-17     
5845.97870195     4.32265e-17     
5851.50347128     4.38638e-17     
5857.02824062     4.71155e-17     
5862.55300995     4.41548e-17     
5868.07777928     4.45316e-17     
5873.60254861     4.21696e-17     
5879.12731795     4.02883e-17     
5884.65208728     3.95143e-17     
5890.17685661     4.16648e-17     
5895.70162594     4.62923e-17     
5901.22639528     4.26562e-17     
5906.75116461     4.09549e-17     
5912.27593394     4.44616e-17     
5917.80070327     4.11009e-17     
5923.32547261     4.36503e-17     
5928.85024194     3.98989e-17     
5934.37501127     4.72075e-17     
5939.8997806      4.62822e-17     
5945.42454994     4.28297e-17     
5950.94931927     4.26265e-17     
5956.4740886      4.53091e-17     
5961.99885793     4.72812e-17     
5967.52362727     4.15714e-17     
5973.0483966      4.36279e-17     
5978.57316593     4.28765e-17     
5984.09793526     4.09454e-17     
5989.6227046      4.10203e-17     
5995.14747393     3.83282e-17     
6000.67224326     4.80772e-17     
6006.19701259     4.40405e-17     
6011.72178193     3.84378e-17     
6017.24655126     4.19384e-17     
6022.77132059     4.26353e-17     
6028.29608992     4.41358e-17     
6033.82085926     4.25794e-17     
6039.34562859     4.00808e-17     
6044.87039792     3.94093e-17     
6050.39516725     4.21063e-17     
6055.91993659     4.20382e-17     
6061.44470592     4.43929e-17     
6066.96947525     4.33136e-17     
6072.49424458     4.42458e-17     
6078.01901392     4.34778e-17     
6083.54378325     4.0831e-17      
6089.06855258     3.95512e-17     
6094.59332191     4.24772e-17     
6100.11809125     4.32801e-17     
6105.64286058     4.41629e-17     
6111.16762991     3.85186e-17     
6116.69239924     4.36589e-17     
6122.21716858     4.41685e-17     
6127.74193791     4.48466e-17     
6133.26670724     4.36772e-17     
6138.79147657     4.12757e-17     
6144.31624591     4.18551e-17     
6149.84101524     4.45768e-17     
6155.36578457     4.73688e-17     
6160.8905539      4.69024e-17     
6166.41532324     4.17267e-17     
6171.94009257     4.49577e-17     
6177.4648619      4.0621e-17      
6182.98963123     4.48134e-17     
6188.51440057     4.59737e-17     
6194.0391699      4.55345e-17     
6199.56393923     4.53049e-17     
6205.08870856     4.57916e-17     
6210.6134779      4.63278e-17     
6216.13824723     4.18489e-17     
6221.66301656     3.97864e-17     
6227.18778589     3.95388e-17     
6232.71255523     3.78744e-17     
6238.23732456     3.97913e-17     
6243.76209389     4.26202e-17     
6249.28686322     4.31293e-17     
6254.81163256     4.8875e-17      
6260.33640189     4.30806e-17     
6265.86117122     3.9933e-17      
6271.38594055     4.33631e-17     
6276.91070989     4.02582e-17     
6282.43547922     3.75668e-17     
6287.96024855     3.8851e-17      
6293.48501788     4.65631e-17     
6299.00978722     4.67833e-17     
6304.53455655     4.09923e-17     
6310.05932588     4.23157e-17     
6315.58409521     4.07857e-17     
6321.10886455     4.16053e-17     
6326.63363388     4.1813e-17      
6332.15840321     3.73454e-17     
6337.68317254     3.94307e-17     
6343.20794188     4.2039e-17      
6348.73271121     4.22004e-17     
6354.25748054     4.35335e-17     
6359.78224987     4.46761e-17     
6365.30701921     4.41735e-17     
6370.83178854     3.81033e-17     
6376.35655787     4.05065e-17     
6381.8813272      4.50588e-17     
6387.40609654     4.35193e-17     
6392.93086587     4.42429e-17     
6398.4556352      3.89947e-17     
6403.98040453     4.68118e-17     
6409.50517387     4.57045e-17     
6415.0299432      4.38547e-17     
6420.55471253     4.5814e-17      
6426.07948186     4.20878e-17     
6431.6042512      4.19476e-17     
6437.12902053     3.9721e-17      
6442.65378986     4.35822e-17     
6448.17855919     3.78464e-17     
6453.70332853     3.73635e-17     
6459.22809786     4.23453e-17     
6464.75286719     4.50985e-17     
6470.27763653     4.01389e-17     
6475.80240586     4.52488e-17     
6481.32717519     4.45431e-17     
6486.85194452     4.31791e-17     
6492.37671386     4.30742e-17     
6497.90148319     4.35725e-17     
6503.42625252     4.21172e-17     
6508.95102185     4.0813e-17      
6514.47579119     4.09394e-17     
6520.00056052     4.20593e-17     
6525.52532985     4.05718e-17     
6531.05009918     4.26345e-17     
6536.57486852     4.35675e-17     
6542.09963785     4.14379e-17     
6547.62440718     4.27212e-17     
6553.14917651     4.42254e-17     
6558.67394585     4.35768e-17     
6564.19871518     3.92576e-17     
6569.72348451     4.08249e-17     
6575.24825384     4.46237e-17     
6580.77302318     3.88732e-17     
6586.29779251     3.79593e-17     
6591.82256184     3.93128e-17     
6597.34733117     3.50233e-17     
6602.87210051     3.63914e-17     
6608.39686984     4.37595e-17     
6613.92163917     4.05933e-17     
6619.4464085      3.6655e-17      
6624.97117784     3.89454e-17     
6630.49594717     3.8546e-17      
6636.0207165      4.37011e-17     
6641.54548583     3.81208e-17     
6647.07025517     4.19011e-17     
6652.5950245      4.28081e-17     
6658.11979383     4.31899e-17     
6663.64456316     4.0818e-17      
6669.1693325      4.62903e-17     
6674.69410183     4.0232e-17      
6680.21887116     3.86696e-17     
6685.74364049     3.97327e-17     
6691.26840983     4.05945e-17     
6696.79317916     4.21636e-17     
6702.31794849     3.91468e-17     
6707.84271782     4.08724e-17     
6713.36748716     3.98038e-17     
6718.89225649     3.57973e-17     
6724.41702582     3.61508e-17     
6729.94179515     4.10078e-17     
6735.46656449     4.62181e-17     
6740.99133382     4.28549e-17     
6746.51610315     3.85053e-17     
6752.04087248     4.5549e-17      
6757.56564182     4.19877e-17     
6763.09041115     3.99889e-17     
6768.61518048     4.16255e-17     
6774.13994981     4.02616e-17     
6779.66471915     4.22038e-17     
6785.18948848     4.30857e-17     
6790.71425781     3.87918e-17     
6796.23902714     4.4844e-17      
6801.76379648     4.40363e-17     
6807.28856581     4.21379e-17     
6812.81333514     3.92516e-17     
6818.33810447     3.96924e-17     
6823.86287381     4.0997e-17      
6829.38764314     4.09501e-17     
6834.91241247     4.14739e-17     
6840.4371818      4.15154e-17     
6845.96195114     4.08694e-17     
6851.48672047     3.78742e-17     
6857.0114898      3.85779e-17     
6862.53625913     3.72075e-17     
6868.06102847     3.85647e-17     
6873.5857978      3.97011e-17     
6879.11056713     3.99787e-17     
6884.63533646     3.8138e-17      
6890.1601058      4.15225e-17     
6895.68487513     3.94592e-17     
6901.20964446     3.48366e-17     
6906.73441379     4.08348e-17     
6912.25918313     4.52637e-17     
6917.78395246     4.62117e-17     
6923.30872179     4.68915e-17     
6928.83349112     6.73586e-17     
6934.35826046     9.61212e-17     
6939.88302979     9.27822e-17     
6945.40779912     7.90154e-17     
6950.93256845     7.0419e-17      
6956.45733779     6.63841e-17     
6961.98210712     5.87366e-17     
6967.50687645     5.92267e-17     
6973.03164578     5.22278e-17     
6978.55641512     4.1333e-17      
6984.08118445     4.14275e-17     
6989.60595378     4.05989e-17     
6995.13072311     3.95986e-17     
7000.65549245     3.90382e-17     
7006.18026178     4.0978e-17      
7011.70503111     4.02042e-17     
7017.22980044     3.99556e-17     
7022.75456978     3.79424e-17     
7028.27933911     3.85443e-17     
7033.80410844     4.00716e-17     
7039.32887777     4.18187e-17     
7044.85364711     3.95167e-17     
7050.37841644     3.94428e-17     
7055.90318577     4.03372e-17     
7061.4279551      4.50601e-17     
7066.95272444     4.54678e-17     
7072.47749377     4.12527e-17     
7078.0022631      4.30235e-17     
7083.52703243     3.86367e-17     
7089.05180177     4.33499e-17     
7094.5765711      4.86811e-17     
7100.10134043     5.28891e-17     
7105.62610976     4.80799e-17     
7111.1508791      5.19157e-17     
7116.67564843     5.0583e-17      
7122.20041776     4.79083e-17     
7127.72518709     4.3326e-17      
7133.24995643     3.59131e-17     
7138.77472576     3.86517e-17     
7144.29949509     3.80024e-17     
7149.82426442     3.50714e-17     
7155.34903376     3.68533e-17     
7160.87380309     3.6644e-17      
7166.39857242     3.72855e-17     
7171.92334175     3.87743e-17     
7177.44811109     3.60827e-17     
7182.97288042     3.20963e-17     
7188.49764975     3.33243e-17     
7194.02241908     3.68152e-17     
7199.54718842     3.93083e-17     
7205.07195775     3.68396e-17     
7210.59672708     3.40813e-17     
7216.12149641     3.55857e-17     
7221.64626575     3.95575e-17     
7227.17103508     3.81369e-17     
7232.69580441     3.13655e-17     
7238.22057374     2.73688e-17     
7243.74534308     3.58063e-17     
7249.27011241     4.28385e-17     
7254.79488174     4.04884e-17     
7260.31965107     3.31449e-17     
7265.84442041     2.97278e-17     
7271.36918974     3.89705e-17     
7276.89395907     4.60254e-17     
7282.4187284      3.69944e-17     
7287.94349774     3.16977e-17     
7293.46826707     3.65282e-17     
7298.9930364      4.09399e-17     
7304.51780573     4.4917e-17      
7310.04257507     3.61201e-17     
7315.5673444      3.74757e-17     
7321.09211373     3.75238e-17     
7326.61688306     3.50468e-17     
7332.1416524      3.66662e-17     
7337.66642173     3.58764e-17     
7343.19119106     3.45997e-17     
7348.71596039     3.89266e-17     
7354.24072973     3.9319e-17      
7359.76549906     4.27833e-17     
7365.29026839     4.65588e-17     
7370.81503772     4.5083e-17      
7376.33980706     3.68319e-17     
7381.86457639     3.38392e-17     
7387.38934572     3.72047e-17     
7392.91411505     4.40955e-17     
7398.43888439     3.66901e-17     
7403.96365372     3.87088e-17     
7409.48842305     3.8496e-17      
7415.01319239     3.89596e-17     
7420.53796172     3.66923e-17     
7426.06273105     4.06314e-17     
7431.58750038     3.32729e-17     
7437.11226972     3.63144e-17     
7442.63703905     3.85085e-17     
7448.16180838     4.13017e-17     
7453.68657771     4.20798e-17     
7459.21134705     4.44304e-17     
7464.73611638     4.05769e-17     
7470.26088571     3.45128e-17     
7475.78565504     3.19138e-17     
7481.31042438     3.64258e-17     
7486.83519371     4.05261e-17     
7492.35996304     4.03875e-17     
7497.88473237     3.61052e-17     
7503.40950171     3.5554e-17      
7508.93427104     3.24254e-17     
7514.45904037     3.36559e-17     
7519.9838097      4.44303e-17     
7525.50857904     3.95322e-17     
7531.03334837     3.47806e-17     
7536.5581177      2.88875e-17     
7542.08288703     2.78839e-17     
7547.60765637     3.51784e-17     
7553.1324257      4.33013e-17     
7558.65719503     3.86212e-17     
7564.18196436     3.33358e-17     
7569.7067337      2.71042e-17     
7575.23150303     3.46787e-17     
7580.75627236     3.40968e-17     
7586.28104169     4.16508e-17     
7591.80581103     4.47584e-17     
7597.33058036     3.70428e-17     
7602.85534969     4.10455e-17     
7608.38011902     4.03865e-17     
7613.90488836     3.93271e-17     
7619.42965769     3.81436e-17     
7624.95442702     4.50913e-17     
7630.47919635     4.35558e-17     
7636.00396569     3.13088e-17     
7641.52873502     2.88284e-17     
7647.05350435     3.75984e-17     
7652.57827368     4.28695e-17     
7658.10304302     4.42262e-17     
7663.62781235     4.35848e-17     
7669.15258168     3.80224e-17     
7674.67735101     2.88906e-17     
7680.20212035     3.31794e-17     
7685.72688968     4.26608e-17     
7691.25165901     4.16667e-17     
7696.77642834     3.83518e-17     
7702.30119768     3.3308e-17      
7707.82596701     2.54171e-17     
7713.35073634     2.63774e-17     
7718.87550567     3.4097e-17      
7724.40027501     3.89615e-17     
7729.92504434     4.43809e-17     
7735.44981367     4.02911e-17     
7740.974583       3.1533e-17      
7746.49935234     2.62185e-17     
7752.02412167     3.54487e-17     
7757.548891       4.46743e-17     
7763.07366033     4.41403e-17     
7768.59842967     3.80096e-17     
7774.123199       3.05508e-17     
7779.64796833     2.84456e-17     
7785.17273766     3.40988e-17     
7790.697507       4.0961e-17      
7796.22227633     4.16133e-17     
7801.74704566     3.41165e-17     
7807.27181499     3.38749e-17     
7812.79658433     2.92587e-17     
7818.32135366     3.42774e-17     
7823.84612299     3.76948e-17     
7829.37089232     4.19493e-17     
7834.89566166     3.65345e-17     
7840.42043099     3.0344e-17      
7845.94520032     3.04192e-17     
7851.46996965     2.98364e-17     
7856.99473899     3.77125e-17     
7862.51950832     4.33841e-17     
7868.04427765     4.28447e-17     
7873.56904698     3.56424e-17     
7879.09381632     3.11214e-17     
7884.61858565     2.5835e-17      
7890.14335498     3.08746e-17     
7895.66812431     3.70348e-17     
7901.19289365     3.83503e-17     
7906.71766298     3.21547e-17     
7912.24243231     2.82777e-17     
7917.76720164     3.16902e-17     
7923.29197098     2.95156e-17     
7928.81674031     3.67229e-17     
7934.34150964     4.05545e-17     
7939.86627897     3.71086e-17     
7945.39104831     3.8319e-17      
7950.91581764     2.99639e-17     
7956.44058697     3.56068e-17     
7961.9653563      3.92407e-17     
7967.49012564     4.24033e-17     
7973.01489497     4.73846e-17     
7978.5396643      3.31639e-17     
7984.06443363     4.06202e-17     
7989.58920297     2.84909e-17     
7995.1139723      3.21992e-17     
8000.63874163     3.45604e-17     
8006.16351096     3.88932e-17     
8011.6882803      3.60895e-17     
8017.21304963     3.54181e-17     
8022.73781896     3.16597e-17     
8028.26258829     3.12428e-17     
8033.78735763     3.87688e-17     
8039.31212696     3.63419e-17     
8044.83689629     3.92526e-17     
8050.36166562     4.08695e-17     
8055.88643496     3.25996e-17     
8061.41120429     3.1156e-17      
8066.93597362     2.87648e-17     
8072.46074295     3.28043e-17     
8077.98551229     4.29251e-17     
8083.51028162     4.11488e-17     
8089.03505095     3.29352e-17     
8094.55982028     3.10131e-17     
8100.08458962     3.42674e-17     
8105.60935895     2.72731e-17     
8111.13412828     3.83685e-17     
8116.65889761     4.35763e-17     
8122.18366695     4.10018e-17     
8127.70843628     3.50563e-17     
8133.23320561     3.20682e-17     
8138.75797494     3.43035e-17     
8144.28274428     3.65894e-17     
8149.80751361     3.10783e-17     
8155.33228294     3.83804e-17     
8160.85705227     3.84381e-17     
8166.38182161     2.88857e-17     
8171.90659094     2.64197e-17     
8177.43136027     3.15221e-17     
8182.9561296      3.95712e-17     
8188.48089894     3.85046e-17     
8194.00566827     3.56271e-17     
8199.5304376      3.21793e-17     
8205.05520693     3.16793e-17     
8210.57997627     3.20334e-17     
8216.1047456      3.50308e-17     
8221.62951493     3.63416e-17     
8227.15428426     3.4843e-17      
8232.6790536      3.47192e-17     
8238.20382293     3.36347e-17     
8243.72859226     2.76915e-17     
8249.25336159     2.83961e-17     
8254.77813093     3.43867e-17     
8260.30290026     4.06569e-17     
8265.82766959     3.97564e-17     
8271.35243892     3.71401e-17     
8276.87720826     3.03888e-17     
8282.40197759     2.78659e-17     
8287.92674692     3.29315e-17     
8293.45151625     3.6105e-17      
8298.97628559     4.1374e-17      
8304.50105492     3.49007e-17     
8310.02582425     3.28205e-17     
8315.55059358     2.78538e-17     
8321.07536292     2.69299e-17     
8326.60013225     3.33824e-17     
8332.12490158     3.56812e-17     
8337.64967092     3.74798e-17     
8343.17444025     3.64775e-17     
8348.69920958     3.22671e-17     
8354.22397891     2.44558e-17     
8359.74874825     2.48658e-17     
8365.27351758     2.82243e-17     
8370.79828691     3.1349e-17      
8376.32305624     3.48601e-17     
8381.84782558     3.29382e-17     
8387.37259491     3.29524e-17     
8392.89736424     3.08875e-17     
8398.42213357     3.19572e-17     
8403.94690291     2.69393e-17     
8409.47167224     3.62028e-17     
8414.99644157     3.32574e-17     
8420.5212109      3.76591e-17     
8426.04598024     3.25662e-17     
8431.57074957     2.97044e-17     
8437.0955189      2.93127e-17     
8442.62028823     2.8946e-17      
8448.14505757     3.49373e-17     
8453.6698269      3.75378e-17     
8459.19459623     2.82364e-17     
8464.71936556     2.73335e-17     
8470.2441349      3.10729e-17     
8475.76890423     2.9628e-17      
8481.29367356     3.38343e-17     
8486.81844289     3.76473e-17     
8492.34321223     3.65866e-17     
8497.86798156     3.19399e-17     
8503.39275089     2.83635e-17     
8508.91752022     3.11359e-17     
8514.44228956     3.73138e-17     
8519.96705889     3.45572e-17     
8525.49182822     4.25902e-17     
8531.01659755     3.92515e-17     
8536.54136689     3.03402e-17     
8542.06613622     2.63471e-17     
8547.59090555     2.99657e-17     
8553.11567488     3.26516e-17     
8558.64044422     3.37736e-17     
8564.16521355     3.58894e-17     
8569.68998288     2.91782e-17     
8575.21475221     2.95017e-17     
8580.73952155     3.01047e-17     
8586.26429088     3.0384e-17      
8591.78906021     3.51181e-17     
8597.31382954     3.35143e-17     
8602.83859888     3.42529e-17     
8608.36336821     3.65544e-17     
8613.88813754     3.35657e-17     
8619.41290687     2.36812e-17     
8624.93767621     2.77913e-17     
8630.46244554     3.66355e-17     
8635.98721487     3.36578e-17     
8641.5119842      3.71611e-17     
8647.03675354     3.85617e-17     
8652.56152287     2.92364e-17     
8658.0862922      2.44073e-17     
8663.61106153     2.16834e-17     
8669.13583087     2.62731e-17     
8674.6606002      3.37251e-17     
8680.18536953     3.42324e-17     
8685.71013886     3.10483e-17     
8691.2349082      2.77513e-17     
8696.75967753     2.95138e-17     
8702.28444686     2.52861e-17     
8707.80921619     4.26147e-17     
8713.33398553     4.27391e-17     
8718.85875486     3.93372e-17     
8724.38352419     3.82449e-17     
8729.90829352     3.74603e-17     
8735.43306286     2.73053e-17     
8740.95783219     3.15587e-17     
8746.48260152     3.61179e-17     
8752.00737085     3.16916e-17     
8757.53214019     4.42969e-17     
8763.05690952     3.85354e-17     
8768.58167885     3.4022e-17      
8774.10644818     3.19924e-17     
8779.63121752     1.6703e-17      
8785.15598685     2.25021e-17     
8790.68075618     3.97241e-17     
8796.20552551     3.72685e-17     
8801.73029485     3.05511e-17     
8807.25506418     3.15752e-17     
8812.77983351     3.26007e-17     
8818.30460284     2.59665e-17     
8823.82937218     3.22353e-17     
8829.35414151     3.84637e-17     
8834.87891084     4.2069e-17      
8840.40368017     3.62381e-17     
8845.92844951     3.32093e-17     
8851.45321884     2.22931e-17     
8856.97798817     3.17741e-17     
8862.5027575      3.45251e-17     
8868.02752684     4.05111e-17     
8873.55229617     4.29644e-17     
8879.0770655      3.32935e-17     
8884.60183483     2.49749e-17     
8890.12660417     2.68576e-17     
8895.6513735      2.88728e-17     
8901.17614283     4.01753e-17     
8906.70091216     4.2397e-17      
8912.2256815      3.66923e-17     
8917.75045083     3.2407e-17      
8923.27522016     2.67682e-17     
8928.79998949     2.74671e-17     
8934.32475883     4.33304e-17     
8939.84952816     4.45459e-17     
8945.37429749     3.92971e-17     
8950.89906682     3.45574e-17     
8956.42383616     2.31794e-17     
8961.94860549     2.9979e-17      
8967.47337482     4.52466e-17     
8972.99814415     4.33755e-17     
8978.52291349     3.13762e-17     
8984.04768282     3.44567e-17     
8989.57245215     3.60265e-17     
8995.09722148     1.74947e-17     
9000.62199082     2.54413e-17     
9006.14676015     5.02869e-17     
9011.67152948     4.49442e-17     
9017.19629881     3.85473e-17     
9022.72106815     2.75026e-17     
9028.24583748     2.80577e-17     
9033.77060681     2.48962e-17     
9039.29537614     3.13753e-17     
9044.82014548     4.28977e-17     
9050.34491481     4.42894e-17     
9055.86968414     3.23329e-17     
9061.39445347     3.06508e-17     
9066.91922281     3.69487e-17     
9072.44399214     4.21874e-17     
9077.96876147     3.15241e-17     
9083.4935308      4.37871e-17     
9089.01830014     3.4368e-17      
9094.54306947     3.54832e-17     
9100.0678388      3.22027e-17     
9105.59260813     3.66992e-17     
9111.11737747     3.53053e-17     
9116.6421468      3.55751e-17     
9122.16691613     3.98658e-17     
9127.69168546     2.92326e-17     
9133.2164548      2.87247e-17     
9138.74122413     4.0608e-17      
9144.26599346     3.83294e-17     
9149.79076279     3.40099e-17     
9155.31553213     3.43274e-17     
9160.84030146     3.58735e-17     
9166.36507079     3.58719e-17     
9171.88984012     3.6745e-17      
9177.41460946     3.29585e-17     
9182.93937879     2.71672e-17     
9188.46414812     2.79491e-17     
9193.98891745     3.60058e-17     
9199.51368679     4.63052e-17     
9205.03845612     3.72759e-17     
9210.56322545     4.15992e-17     
9216.08799478     2.54516e-17     
9221.61276412     2.92587e-17     
9227.13753345     3.62305e-17     
9232.66230278     3.68832e-17     
9238.18707211     2.38245e-17     
9243.71184145     3.14359e-17     
9249.23661078     2.7894e-17      
9254.76138011     3.19687e-17     
9260.28614944     3.53644e-17     
9265.81091878     2.67679e-17     
9271.33568811     2.83985e-17     
