3668.94325304     6.86516e-17     
3674.46795173     7.04143e-17     
3679.99265042     6.88732e-17     
3685.51734911     6.49354e-17     
3691.0420478      6.29898e-17     
3696.5667465      6.67932e-17     
3702.09144519     7.30933e-17     
3707.61614388     6.40649e-17     
3713.14084257     6.83533e-17     
3718.66554126     6.63096e-17     
3724.19023995     6.1943e-17      
3729.71493864     6.21114e-17     
3735.23963733     6.32058e-17     
3740.76433602     6.711e-17       
3746.28903471     6.34633e-17     
3751.81373341     6.27472e-17     
3757.3384321      6.8207e-17      
3762.86313079     6.48172e-17     
3768.38782948     6.36295e-17     
3773.91252817     6.72482e-17     
3779.43722686     7.21051e-17     
3784.96192555     7.06273e-17     
3790.48662424     6.3636e-17      
3796.01132293     6.63482e-17     
3801.53602162     6.63687e-17     
3807.06072032     6.55431e-17     
3812.58541901     6.68201e-17     
3818.1101177      6.49007e-17     
3823.63481639     6.62312e-17     
3829.15951508     6.3525e-17      
3834.68421377     7.47381e-17     
3840.20891246     6.82604e-17     
3845.73361115     6.79855e-17     
3851.25830984     6.70405e-17     
3856.78300853     6.79492e-17     
3862.30770723     6.53858e-17     
3867.83240592     6.92334e-17     
3873.35710461     6.87609e-17     
3878.8818033      7.42414e-17     
3884.40650199     7.15971e-17     
3889.93120068     6.79277e-17     
3895.45589937     6.97782e-17     
3900.98059806     6.52226e-17     
3906.50529675     6.91432e-17     
3912.02999544     6.6937e-17      
3917.55469414     6.44975e-17     
3923.07939283     6.69741e-17     
3928.60409152     6.49007e-17     
3934.12879021     6.77014e-17     
3939.6534889      6.92786e-17     
3945.17818759     6.58041e-17     
3950.70288628     7.00418e-17     
3956.22758497     6.27291e-17     
3961.75228366     6.4952e-17      
3967.27698235     5.85848e-17     
3972.80168105     6.04111e-17     
3978.32637974     6.45586e-17     
3983.85107843     6.32647e-17     
3989.37577712     6.62514e-17     
3994.90047581     6.44304e-17     
4000.4251745      6.557e-17       
4005.94987319     6.46718e-17     
4011.47457188     6.46972e-17     
4016.99927057     6.24046e-17     
4022.52396927     6.21812e-17     
4028.04866796     6.36361e-17     
4033.57336665     6.81106e-17     
4039.09806534     6.41247e-17     
4044.62276403     6.26059e-17     
4050.14746272     6.14287e-17     
4055.67216141     6.42965e-17     
4061.1968601      6.12871e-17     
4066.72155879     6.02756e-17     
4072.24625748     6.25707e-17     
4077.77095618     6.25499e-17     
4083.29565487     6.32758e-17     
4088.82035356     6.09674e-17     
4094.34505225     5.84593e-17     
4099.86975094     6.31798e-17     
4105.39444963     6.24285e-17     
4110.91914832     6.44642e-17     
4116.44384701     6.1375e-17      
4121.9685457      6.44035e-17     
4127.49324439     6.2525e-17      
4133.01794309     5.97107e-17     
4138.54264178     6.35374e-17     
4144.06734047     5.94364e-17     
4149.59203916     6.26088e-17     
4155.11673785     5.98815e-17     
4160.64143654     6.09082e-17     
4166.16613523     5.97056e-17     
4171.69083392     6.02659e-17     
4177.21553261     6.03803e-17     
4182.7402313      5.60481e-17     
4188.26493        5.78906e-17     
4193.78962869     5.97403e-17     
4199.31432738     5.99993e-17     
4204.83902607     5.72049e-17     
4210.36372476     6.09894e-17     
4215.88842345     5.75999e-17     
4221.41312214     5.42664e-17     
4226.93782083     5.92828e-17     
4232.46251952     5.6485e-17      
4237.98721821     5.91625e-17     
4243.51191691     5.93524e-17     
4249.0366156      5.84976e-17     
4254.56131429     5.66551e-17     
4260.08601298     5.65177e-17     
4265.61071167     5.73375e-17     
4271.13541036     5.44712e-17     
4276.66010905     5.39956e-17     
4282.18480774     5.71382e-17     
4287.70950643     5.60113e-17     
4293.23420512     5.60269e-17     
4298.75890382     5.7943e-17      
4304.28360251     5.58269e-17     
4309.8083012      5.26129e-17     
4315.33299989     5.39092e-17     
4320.85769858     5.60075e-17     
4326.38239727     5.55515e-17     
4331.90709596     5.27792e-17     
4337.43179465     5.73022e-17     
4342.95649334     5.46263e-17     
4348.48119203     5.38302e-17     
4354.00589073     5.01878e-17     
4359.53058942     5.59788e-17     
4365.05528811     5.15227e-17     
4370.5799868      5.62102e-17     
4376.10468549     5.86089e-17     
4381.62938418     5.32402e-17     
4387.15408287     5.57654e-17     
4392.67878156     5.26515e-17     
4398.20348025     5.41475e-17     
4403.72817895     5.34964e-17     
4409.25287764     5.55656e-17     
4414.77757633     5.29712e-17     
4420.30227502     5.18533e-17     
4425.82697371     5.16315e-17     
4431.3516724      4.85186e-17     
4436.87637109     5.01246e-17     
4442.40106978     4.65681e-17     
4447.92576847     4.86714e-17     
4453.45046716     5.11823e-17     
4458.97516586     5.26681e-17     
4464.49986455     5.34737e-17     
4470.02456324     4.75137e-17     
4475.54926193     4.89857e-17     
4481.07396062     5.1753e-17      
4486.59865931     5.07435e-17     
4492.123358       4.99155e-17     
4497.64805669     4.95977e-17     
4503.17275538     5.08985e-17     
4508.69745407     5.20705e-17     
4514.22215277     5.01268e-17     
4519.74685146     4.79236e-17     
4525.27155015     4.88542e-17     
4530.79624884     5.09809e-17     
4536.32094753     5.01965e-17     
4541.84564622     5.12324e-17     
4547.37034491     5.17671e-17     
4552.8950436      4.97434e-17     
4558.41974229     5.09183e-17     
4563.94444098     5.0463e-17      
4569.46913968     4.85505e-17     
4574.99383837     4.9568e-17      
4580.51853706     4.8966e-17      
4586.04323575     4.87494e-17     
4591.56793444     5.28142e-17     
4597.09263313     5.08061e-17     
4602.61733182     5.15084e-17     
4608.14203051     5.36738e-17     
4613.6667292      4.89645e-17     
4619.19142789     4.95562e-17     
4624.71612659     5.54305e-17     
4630.24082528     5.17453e-17     
4635.76552397     5.06936e-17     
4641.29022266     5.15213e-17     
4646.81492135     4.99099e-17     
4652.33962004     5.35391e-17     
4657.86431873     5.4316e-17      
4663.38901742     5.2093e-17      
4668.91371611     5.65575e-17     
4674.4384148      5.66448e-17     
4679.9631135      5.53069e-17     
4685.48781219     5.67258e-17     
4691.01251088     5.34789e-17     
4696.53720957     5.09682e-17     
4702.06190826     5.10739e-17     
4707.58660695     4.8728e-17      
4713.11130564     4.66197e-17     
4718.63600433     4.95325e-17     
4724.16070302     4.82531e-17     
4729.68540172     4.92438e-17     
4735.21010041     4.80602e-17     
4740.7347991      4.96987e-17     
4746.25949779     4.97732e-17     
4751.78419648     4.9349e-17      
4757.30889517     4.8563e-17      
4762.83359386     4.91261e-17     
4768.35829255     4.88265e-17     
4773.88299124     4.69873e-17     
4779.40768993     4.6821e-17      
4784.93238863     4.54979e-17     
4790.45708732     4.85005e-17     
4795.98178601     4.82926e-17     
4801.5064847      4.75543e-17     
4807.03118339     4.58408e-17     
4812.55588208     4.94757e-17     
4818.08058077     4.7165e-17      
4823.60527946     4.77136e-17     
4829.12997815     4.48061e-17     
4834.65467684     4.58748e-17     
4840.17937554     4.38287e-17     
4845.70407423     4.52326e-17     
4851.22877292     4.5577e-17      
4856.75347161     4.75908e-17     
4862.2781703      4.5175e-17      
4867.80286899     4.43331e-17     
4873.32756768     4.43592e-17     
4878.85226637     4.47978e-17     
4884.37696506     4.65167e-17     
4889.90166375     4.80061e-17     
4895.42636245     4.63307e-17     
4900.95106114     4.54532e-17     
4906.47575983     4.50794e-17     
4912.00045852     4.50924e-17     
4917.52515721     4.70544e-17     
4923.0498559      4.57822e-17     
4928.57455459     4.46346e-17     
4934.09925328     4.45694e-17     
4939.62395197     4.41501e-17     
4945.14865066     4.43705e-17     
4950.67334936     4.5403e-17      
4956.19804805     4.58455e-17     
4961.72274674     4.5629e-17      
4967.24744543     4.53536e-17     
4972.77214412     4.42306e-17     
4978.29684281     4.59447e-17     
4983.8215415      4.21919e-17     
4989.34624019     4.13996e-17     
4994.87093888     4.43942e-17     
5000.39563757     4.19412e-17     
5005.92033627     4.39708e-17     
5011.44503496     4.39114e-17     
5016.96973365     4.22546e-17     
5022.49443234     4.28127e-17     
5028.01913103     4.48126e-17     
5033.54382972     4.25498e-17     
5039.06852841     4.29798e-17     
5044.5932271      4.27211e-17     
5050.11792579     3.85052e-17     
5055.64262448     4.23133e-17     
5061.16732318     3.99332e-17     
5066.69202187     4.18337e-17     
5072.21672056     4.46486e-17     
5077.74141925     4.36482e-17     
5083.26611794     4.09948e-17     
5088.79081663     4.15988e-17     
5094.31551532     4.15091e-17     
5099.84021401     4.02587e-17     
5105.3649127      4.15081e-17     
5110.8896114      4.48717e-17     
5116.41431009     4.10458e-17     
5121.93900878     3.96292e-17     
5127.46370747     4.13238e-17     
5132.98840616     4.10591e-17     
5138.51310485     4.07684e-17     
5144.03780354     3.93717e-17     
5149.56250223     3.94594e-17     
5155.08720092     4.03146e-17     
5160.61189961     4.02658e-17     
5166.13659831     4.22962e-17     
5171.661297       3.97694e-17     
5177.18599569     3.87572e-17     
5182.71069438     4.19434e-17     
5188.23539307     4.25604e-17     
5193.76009176     4.09548e-17     
5199.28479045     3.92536e-17     
5204.80948914     3.96221e-17     
5210.33418783     3.92063e-17     
5215.85888652     4.23593e-17     
5221.38358522     4.34083e-17     
5226.90828391     3.92157e-17     
5232.4329826      4.22867e-17     
5237.95768129     4.14174e-17     
5243.48237998     4.09588e-17     
5249.00707867     3.94265e-17     
5254.53177736     3.90139e-17     
5260.05647605     3.78421e-17     
5265.58117474     3.91074e-17     
5271.10587343     3.74104e-17     
5276.63057213     3.94791e-17     
5282.15527082     3.92889e-17     
5287.67996951     4.02156e-17     
5293.2046682      4.23211e-17     
5298.72936689     3.87991e-17     
5304.25406558     3.8744e-17      
5309.77876427     3.86177e-17     
5315.30346296     3.92448e-17     
5320.82816165     3.91751e-17     
5326.35286034     3.82503e-17     
5331.87755904     3.874e-17       
5337.40225773     3.86065e-17     
5342.92695642     3.83763e-17     
5348.45165511     3.80789e-17     
5353.9763538      3.90896e-17     
5359.50105249     3.76512e-17     
5365.02575118     3.87225e-17     
5370.55044987     3.81158e-17     
5376.07514856     3.61448e-17     
5381.59984725     3.68385e-17     
5387.12454595     3.64973e-17     
5392.64924464     3.74985e-17     
5398.17394333     3.77799e-17     
5403.69864202     3.69411e-17     
5409.22334071     3.84821e-17     
5414.7480394      3.92591e-17     
5420.27273809     3.4493e-17      
5425.79743678     3.91107e-17     
5431.32213547     3.64083e-17     
5436.84683417     3.96267e-17     
5442.37153286     3.62598e-17     
5447.89623155     3.71866e-17     
5453.42093024     3.78885e-17     
5458.94562893     3.57535e-17     
5464.47032762     3.60552e-17     
5469.99502631     3.86578e-17     
5475.519725       4.00831e-17     
5481.04442369     3.97607e-17     
5486.56912238     3.69396e-17     
5492.09382108     3.7475e-17      
5497.61851977     3.64217e-17     
5503.14321846     3.77783e-17     
5508.66791715     3.67962e-17     
5514.19261584     3.53146e-17     
5519.71731453     3.66782e-17     
5525.24201322     3.60378e-17     
5530.76671191     3.64053e-17     
5536.2914106      3.58332e-17     
5541.81610929     3.83342e-17     
5547.34080799     3.73642e-17     
5552.86550668     3.73172e-17     
5558.39020537     3.63353e-17     
5563.91490406     3.43931e-17     
5569.43960275     3.44432e-17     
5574.96430144     3.44462e-17     
5580.48900013     3.59011e-17     
5586.01369882     3.02101e-17     
5591.53839751     3.58276e-17     
5597.0630962      3.68426e-17     
5602.5877949      3.49842e-17     
5608.11249359     3.61154e-17     
5613.63719228     3.59565e-17     
5619.16189097     3.65134e-17     
5624.68658966     3.67846e-17     
5630.21128835     3.40801e-17     
5635.73598704     3.63755e-17     
5641.26068573     3.46735e-17     
5646.78538442     3.32021e-17     
5652.31008311     3.4645e-17      
5657.83478181     3.55956e-17     
5663.3594805      3.44839e-17     
5668.88417919     3.51451e-17     
5674.40887788     3.34946e-17     
5679.93357657     3.35277e-17     
5685.45827526     3.62936e-17     
5690.98297395     3.62168e-17     
5696.50767264     3.3589e-17      
5702.03237133     3.49387e-17     
5707.55707002     3.52829e-17     
5713.08176872     3.50787e-17     
5718.60646741     3.40491e-17     
5724.1311661      3.52815e-17     
5729.65586479     3.50331e-17     
5735.18056348     3.52564e-17     
5740.70526217     3.33802e-17     
5746.22996086     3.40235e-17     
5751.75465955     3.4705e-17      
5757.27935824     3.31526e-17     
5762.80405693     3.23619e-17     
5768.32875563     3.33908e-17     
5773.85345432     3.52944e-17     
5779.37815301     3.21245e-17     
5784.9028517      3.39029e-17     
5790.42755039     3.32185e-17     
5795.95224908     3.27085e-17     
5801.47694777     3.42169e-17     
5807.00164646     3.50026e-17     
5812.52634515     3.23828e-17     
5818.05104385     3.34796e-17     
5823.57574254     3.39503e-17     
5829.10044123     3.36495e-17     
5834.62513992     3.39767e-17     
5840.14983861     3.3737e-17      
5845.6745373      3.45899e-17     
5851.19923599     3.12971e-17     
5856.72393468     3.27362e-17     
5862.24863337     3.2152e-17      
5867.77333206     3.23263e-17     
5873.29803076     3.53092e-17     
5878.82272945     3.19513e-17     
5884.34742814     3.30394e-17     
5889.87212683     3.17741e-17     
5895.39682552     3.15811e-17     
5900.92152421     3.29163e-17     
5906.4462229      3.22079e-17     
5911.97092159     3.34109e-17     
5917.49562028     3.21306e-17     
5923.02031897     3.37147e-17     
5928.54501767     3.12418e-17     
5934.06971636     3.40929e-17     
5939.59441505     3.20097e-17     
5945.11911374     2.97392e-17     
5950.64381243     3.14724e-17     
5956.16851112     3.26964e-17     
5961.69320981     3.2605e-17      
5967.2179085      3.31911e-17     
5972.74260719     3.32031e-17     
5978.26730588     3.05238e-17     
5983.79200458     3.19267e-17     
5989.31670327     3.36084e-17     
5994.84140196     3.39948e-17     
6000.36610065     3.27292e-17     
6005.89079934     3.23843e-17     
6011.41549803     3.39634e-17     
6016.94019672     3.18873e-17     
6022.46489541     2.88323e-17     
6027.9895941      3.03895e-17     
6033.51429279     3.28849e-17     
6039.03899149     3.23367e-17     
6044.56369018     3.04025e-17     
6050.08838887     3.15343e-17     
6055.61308756     3.33959e-17     
6061.13778625     3.12819e-17     
6066.66248494     3.11479e-17     
6072.18718363     2.97008e-17     
6077.71188232     3.17758e-17     
6083.23658101     3.1345e-17      
6088.7612797      3.00265e-17     
6094.2859784      2.91417e-17     
6099.81067709     3.13542e-17     
6105.33537578     3.01213e-17     
6110.86007447     2.79918e-17     
6116.38477316     3.0058e-17      
6121.90947185     3.13604e-17     
6127.43417054     2.86792e-17     
6132.95886923     2.91932e-17     
6138.48356792     3.00119e-17     
6144.00826662     2.92787e-17     
6149.53296531     3.05232e-17     
6155.057664       3.12362e-17     
6160.58236269     3.13762e-17     
6166.10706138     2.86841e-17     
6171.63176007     2.84719e-17     
6177.15645876     2.71891e-17     
6182.68115745     2.93579e-17     
6188.20585614     2.63358e-17     
6193.73055483     2.91873e-17     
6199.25525353     2.87524e-17     
6204.77995222     3.00091e-17     
6210.30465091     2.82217e-17     
6215.8293496      3.02286e-17     
6221.35404829     2.97683e-17     
6226.87874698     2.95901e-17     
6232.40344567     2.89033e-17     
6237.92814436     2.79342e-17     
6243.45284305     2.92702e-17     
6248.97754174     2.9601e-17      
6254.50224044     2.80332e-17     
6260.02693913     2.84892e-17     
6265.55163782     3.1964e-17      
6271.07633651     2.99222e-17     
6276.6010352      2.80058e-17     
6282.12573389     2.79422e-17     
6287.65043258     2.64658e-17     
6293.17513127     2.69794e-17     
6298.69982996     2.7566e-17      
6304.22452865     2.66138e-17     
6309.74922735     2.68827e-17     
6315.27392604     2.71006e-17     
6320.79862473     2.842e-17       
6326.32332342     2.75273e-17     
6331.84802211     2.59657e-17     
6337.3727208      2.68817e-17     
6342.89741949     2.64665e-17     
6348.42211818     2.80884e-17     
6353.94681687     2.95464e-17     
6359.47151556     2.77309e-17     
6364.99621426     2.83007e-17     
6370.52091295     2.85847e-17     
6376.04561164     2.69473e-17     
6381.57031033     2.66333e-17     
6387.09500902     2.79853e-17     
6392.61970771     2.61956e-17     
6398.1444064      2.72179e-17     
6403.66910509     2.53252e-17     
6409.19380378     2.77436e-17     
6414.71850247     2.62921e-17     
6420.24320117     2.72714e-17     
6425.76789986     2.83453e-17     
6431.29259855     2.7744e-17      
6436.81729724     2.73663e-17     
6442.34199593     2.62396e-17     
6447.86669462     3.00853e-17     
6453.39139331     2.66962e-17     
6458.916092       2.87064e-17     
6464.44079069     2.4434e-17      
6469.96548939     2.44716e-17     
6475.49018808     2.37715e-17     
6481.01488677     2.65449e-17     
6486.53958546     2.69073e-17     
6492.06428415     2.54645e-17     
6497.58898284     2.75984e-17     
6503.11368153     2.92219e-17     
6508.63838022     2.66342e-17     
6514.16307891     2.62701e-17     
6519.6877776      2.58625e-17     
6525.2124763      2.58072e-17     
6530.73717499     2.58849e-17     
6536.26187368     2.74235e-17     
6541.78657237     2.67934e-17     
6547.31127106     2.42491e-17     
6552.83596975     2.41176e-17     
6558.36066844     2.54178e-17     
6563.88536713     2.37249e-17     
6569.41006582     2.40947e-17     
6574.93476451     2.57676e-17     
6580.45946321     2.74038e-17     
6585.9841619      2.71695e-17     
6591.50886059     2.52787e-17     
6597.03355928     2.42635e-17     
6602.55825797     2.72731e-17     
6608.08295666     2.6223e-17      
6613.60765535     2.46842e-17     
6619.13235404     2.62217e-17     
6624.65705273     2.76908e-17     
6630.18175142     2.65469e-17     
6635.70645012     2.4906e-17      
6641.23114881     2.56021e-17     
6646.7558475      2.43994e-17     
6652.28054619     2.33012e-17     
6657.80524488     2.38438e-17     
6663.32994357     2.65727e-17     
6668.85464226     2.37174e-17     
6674.37934095     2.45601e-17     
6679.90403964     2.34086e-17     
6685.42873833     2.4642e-17      
6690.95343703     2.56541e-17     
6696.47813572     2.34658e-17     
6702.00283441     2.57559e-17     
6707.5275331      2.53259e-17     
6713.05223179     2.58575e-17     
6718.57693048     2.55998e-17     
6724.10162917     2.22971e-17     
6729.62632786     2.35734e-17     
6735.15102655     2.29195e-17     
6740.67572524     2.30055e-17     
6746.20042394     2.33647e-17     
6751.72512263     2.20854e-17     
6757.24982132     2.64309e-17     
6762.77452001     2.58871e-17     
6768.2992187      2.55629e-17     
6773.82391739     2.59706e-17     
6779.34861608     2.55077e-17     
6784.87331477     2.47825e-17     
6790.39801346     2.38644e-17     
6795.92271215     2.4922e-17      
6801.44741085     2.59269e-17     
6806.97210954     2.57312e-17     
6812.49680823     2.61783e-17     
6818.02150692     2.71607e-17     
6823.54620561     2.40194e-17     
6829.0709043      2.4234e-17      
6834.59560299     2.61886e-17     
6840.12030168     2.5619e-17      
6845.64500037     2.51065e-17     
6851.16969907     2.38348e-17     
6856.69439776     2.63971e-17     
6862.21909645     2.38468e-17     
6867.74379514     2.21121e-17     
6873.26849383     2.15866e-17     
6878.79319252     2.39812e-17     
6884.31789121     2.47343e-17     
6889.8425899      2.45457e-17     
6895.36728859     2.56469e-17     
6900.89198728     2.5643e-17      
6906.41668598     2.44725e-17     
6911.94138467     2.30328e-17     
6917.46608336     2.42622e-17     
6922.99078205     2.48617e-17     
6928.51548074     2.56958e-17     
6934.04017943     2.4631e-17      
6939.56487812     2.40087e-17     
6945.08957681     2.36263e-17     
6950.6142755      2.4461e-17      
6956.13897419     2.25323e-17     
6961.66367289     2.4559e-17      
6967.18837158     2.3836e-17      
6972.71307027     2.32721e-17     
6978.23776896     2.21367e-17     
6983.76246765     2.17661e-17     
6989.28716634     2.29959e-17     
6994.81186503     2.20486e-17     
7000.33656372     2.28236e-17     
7005.86126241     2.39382e-17     
7011.3859611      2.40915e-17     
7016.9106598      2.32775e-17     
7022.43535849     2.00783e-17     
7027.96005718     2.19364e-17     
7033.48475587     2.32903e-17     
7039.00945456     2.31706e-17     
7044.53415325     2.29943e-17     
7050.05885194     2.13673e-17     
7055.58355063     2.1841e-17      
7061.10824932     2.30074e-17     
7066.63294801     2.26778e-17     
7072.15764671     2.28761e-17     
7077.6823454      2.24227e-17     
7083.20704409     2.1819e-17      
7088.73174278     2.27957e-17     
7094.25644147     2.21938e-17     
7099.78114016     2.14461e-17     
7105.30583885     2.12596e-17     
7110.83053754     2.25902e-17     
7116.35523623     1.92421e-17     
7121.87993492     2.00872e-17     
7127.40463362     2.40487e-17     
7132.92933231     2.27828e-17     
7138.454031       2.42065e-17     
7143.97872969     2.42952e-17     
7149.50342838     2.18848e-17     
7155.02812707     2.08331e-17     
7160.55282576     2.41015e-17     
7166.07752445     2.26848e-17     
7171.60222314     2.25887e-17     
7177.12692184     2.23796e-17     
7182.65162053     2.2985e-17      
7188.17631922     2.10202e-17     
7193.70101791     2.22889e-17     
7199.2257166      2.28786e-17     
7204.75041529     2.23346e-17     
7210.27511398     2.18971e-17     
7215.79981267     2.27225e-17     
7221.32451136     2.37751e-17     
7226.84921005     2.35736e-17     
7232.37390875     2.56861e-17     
7237.89860744     2.82875e-17     
7243.42330613     2.72453e-17     
7248.94800482     2.85781e-17     
7254.47270351     2.48258e-17     
7259.9974022      2.48518e-17     
7265.52210089     2.24059e-17     
7271.04679958     2.15457e-17     
7276.57149827     2.40062e-17     
7282.09619696     2.38045e-17     
7287.62089566     2.10383e-17     
7293.14559435     2.26972e-17     
7298.67029304     2.36067e-17     
7304.19499173     2.25456e-17     
7309.71969042     2.07793e-17     
7315.24438911     1.95858e-17     
7320.7690878      2.03214e-17     
7326.29378649     2.30955e-17     
7331.81848518     2.42739e-17     
7337.34318387     2.17827e-17     
7342.86788257     2.11352e-17     
7348.39258126     2.045e-17       
7353.91727995     2.04897e-17     
7359.44197864     2.07681e-17     
7364.96667733     2.12032e-17     
7370.49137602     1.95362e-17     
7376.01607471     2.00132e-17     
7381.5407734      2.06529e-17     
7387.06547209     2.29624e-17     
7392.59017078     2.20112e-17     
7398.11486948     2.0808e-17      
7403.63956817     1.98128e-17     
7409.16426686     1.94738e-17     
7414.68896555     2.07271e-17     
7420.21366424     2.08521e-17     
7425.73836293     2.12101e-17     
7431.26306162     1.94744e-17     
7436.78776031     1.97407e-17     
7442.312459       2.07453e-17     
7447.83715769     2.11429e-17     
7453.36185639     2.33135e-17     
7458.88655508     2.18933e-17     
7464.41125377     2.00969e-17     
7469.93595246     1.9098e-17      
7475.46065115     2.27935e-17     
7480.98534984     2.31878e-17     
7486.51004853     2.21576e-17     
7492.03474722     2.14356e-17     
7497.55944591     1.99351e-17     
7503.0841446      2.06824e-17     
7508.6088433      2.14375e-17     
7514.13354199     2.0854e-17      
7519.65824068     2.17783e-17     
7525.18293937     2.39821e-17     
7530.70763806     1.90491e-17     
7536.23233675     2.24111e-17     
7541.75703544     2.2255e-17      
7547.28173413     2.28666e-17     
7552.80643282     2.15583e-17     
7558.33113152     2.21604e-17     
7563.85583021     2.23438e-17     
7569.3805289      2.09582e-17     
7574.90522759     2.06778e-17     
7580.42992628     2.27359e-17     
7585.95462497     2.3239e-17      
7591.47932366     2.64402e-17     
7597.00402235     2.71052e-17     
7602.52872104     2.86662e-17     
7608.05341973     1.98122e-17     
7613.57811843     1.75697e-17     
7619.10281712     1.8279e-17      
7624.62751581     2.24637e-17     
7630.1522145      2.56453e-17     
7635.67691319     2.19392e-17     
7641.20161188     1.91889e-17     
7646.72631057     1.93333e-17     
7652.25100926     2.14101e-17     
7657.77570795     2.22079e-17     
7663.30040664     1.93418e-17     
7668.82510534     1.98264e-17     
7674.34980403     1.95796e-17     
7679.87450272     1.6518e-17      
7685.39920141     1.87915e-17     
7690.9239001      2.19032e-17     
7696.44859879     2.10365e-17     
7701.97329748     1.85246e-17     
7707.49799617     1.80685e-17     
7713.02269486     2.17871e-17     
7718.54739355     1.86353e-17     
7724.07209225     2.27847e-17     
7729.59679094     2.03923e-17     
7735.12148963     1.93695e-17     
7740.64618832     1.70565e-17     
7746.17088701     2.05971e-17     
7751.6955857      2.18929e-17     
7757.22028439     2.18827e-17     
7762.74498308     2.04001e-17     
7768.26968177     2.01037e-17     
7773.79438046     1.77492e-17     
7779.31907916     1.62266e-17     
7784.84377785     1.89835e-17     
7790.36847654     1.95042e-17     
7795.89317523     1.96668e-17     
7801.41787392     1.65411e-17     
7806.94257261     1.926e-17       
7812.4672713      1.63385e-17     
7817.99196999     1.80328e-17     
7823.51666868     1.92387e-17     
7829.04136737     1.91566e-17     
7834.56606607     1.95773e-17     
7840.09076476     1.72773e-17     
7845.61546345     1.76352e-17     
7851.14016214     1.69008e-17     
7856.66486083     2.01302e-17     
7862.18955952     2.20278e-17     
7867.71425821     2.13982e-17     
7873.2389569      1.74684e-17     
7878.76365559     1.82918e-17     
7884.28835429     1.60771e-17     
7889.81305298     1.74479e-17     
7895.33775167     2.03342e-17     
7900.86245036     1.90192e-17     
7906.38714905     1.88123e-17     
7911.91184774     1.6904e-17      
7917.43654643     1.27682e-17     
7922.96124512     1.27685e-17     
7928.48594381     1.63946e-17     
7934.0106425      1.79931e-17     
7939.5353412      1.85288e-17     
7945.06003989     1.58316e-17     
7950.58473858     1.99819e-17     
7956.10943727     1.77626e-17     
7961.63413596     1.76307e-17     
7967.15883465     1.91427e-17     
7972.68353334     2.06395e-17     
7978.20823203     1.47694e-17     
7983.73293072     1.95299e-17     
7989.25762941     1.84456e-17     
7994.78232811     1.72846e-17     
8000.3070268      1.79839e-17     
8005.83172549     1.75699e-17     
8011.35642418     1.80658e-17     
8016.88112287     1.56633e-17     
8022.40582156     1.40214e-17     
8027.93052025     1.55982e-17     
8033.45521894     1.94187e-17     
8038.97991763     2.00966e-17     
8044.50461632     1.80975e-17     
8050.02931502     1.83e-17        
8055.55401371     1.71753e-17     
8061.0787124      1.67802e-17     
8066.60341109     1.81423e-17     
8072.12810978     1.9384e-17      
8077.65280847     1.97654e-17     
8083.17750716     2.07386e-17     
8088.70220585     2.39928e-17     
8094.22690454     2.0609e-17      
8099.75160323     2.17645e-17     
8105.27630193     2.50291e-17     
8110.80100062     3.16725e-17     
8116.32569931     2.75813e-17     
8121.850398       2.7785e-17      
8127.37509669     3.02084e-17     
8132.89979538     2.32557e-17     
8138.42449407     2.3517e-17      
8143.94919276     2.24423e-17     
8149.47389145     1.94356e-17     
8154.99859014     2.17367e-17     
8160.52328884     1.9251e-17      
8166.04798753     1.66604e-17     
8171.57268622     1.64468e-17     
8177.09738491     1.79569e-17     
8182.6220836      1.907e-17       
8188.14678229     1.86651e-17     
8193.67148098     2.13431e-17     
8199.19617967     2.05288e-17     
8204.72087836     1.84005e-17     
8210.24557705     1.66578e-17     
8215.77027575     1.83163e-17     
8221.29497444     1.98014e-17     
8226.81967313     1.54211e-17     
8232.34437182     1.91098e-17     
8237.86907051     1.48303e-17     
8243.3937692      1.26334e-17     
8248.91846789     1.07947e-17     
8254.44316658     1.61172e-17     
8259.96786527     1.61327e-17     
8265.49256397     1.72095e-17     
8271.01726266     1.75079e-17     
8276.54196135     1.52664e-17     
8282.06666004     1.64246e-17     
8287.59135873     1.6469e-17      
8293.11605742     1.81818e-17     
8298.64075611     1.7473e-17      
8304.1654548      1.74685e-17     
8309.69015349     1.59264e-17     
8315.21485218     1.58517e-17     
8320.73955088     1.51129e-17     
8326.26424957     1.53521e-17     
8331.78894826     1.83212e-17     
8337.31364695     2.09378e-17     
8342.83834564     1.84039e-17     
8348.36304433     1.42824e-17     
8353.88774302     1.60739e-17     
8359.41244171     1.97393e-17     
8364.9371404      1.98647e-17     
8370.46183909     1.22565e-17     
8375.98653779     1.69743e-17     
8381.51123648     1.97448e-17     
8387.03593517     1.69839e-17     
8392.56063386     1.72464e-17     
8398.08533255     1.55064e-17     
8403.61003124     1.61493e-17     
8409.13472993     1.67577e-17     
8414.65942862     1.39759e-17     
8420.18412731     1.54666e-17     
8425.708826       1.389e-17       
8431.2335247      1.1382e-17      
8436.75822339     1.51606e-17     
8442.28292208     1.99734e-17     
8447.80762077     2.21718e-17     
8453.33231946     1.91574e-17     
8458.85701815     1.35409e-17     
8464.38171684     1.35494e-17     
8469.90641553     1.64707e-17     
8475.43111422     1.08165e-17     
8480.95581291     1.1333e-17      
8486.48051161     1.49023e-17     
8492.0052103      1.48673e-17     
8497.52990899     1.45799e-17     
8503.05460768     1.41006e-17     
8508.57930637     1.68712e-17     
8514.10400506     1.34553e-17     
8519.62870375     1.67847e-17     
8525.15340244     1.68528e-17     
8530.67810113     1.58608e-17     
8536.20279982     1.43174e-17     
8541.72749852     1.56758e-17     
8547.25219721     1.84559e-17     
8552.7768959      1.54649e-17     
8558.30159459     1.68178e-17     
8563.82629328     1.83363e-17     
8569.35099197     1.39836e-17     
8574.87569066     1.43794e-17     
8580.40038935     1.5419e-17      
8585.92508804     1.27716e-17     
8591.44978674     1.25039e-17     
8596.97448543     1.59623e-17     
8602.49918412     1.3874e-17      
8608.02388281     1.29428e-17     
8613.5485815      1.67292e-17     
8619.07328019     1.17944e-17     
8624.59797888     1.05563e-17     
8630.12267757     2.04502e-17     
8635.64737626     1.63005e-17     
8641.17207495     1.476e-17       
8646.69677365     1.71057e-17     
8652.22147234     1.63057e-17     
8657.74617103     1.5722e-17      
8663.27086972     1.18566e-17     
8668.79556841     1.63303e-17     
8674.3202671      1.22471e-17     
8679.84496579     1.64941e-17     
8685.36966448     1.28438e-17     
8690.89436317     1.4213e-17      
8696.41906186     1.23136e-17     
8701.94376056     1.34348e-17     
8707.46845925     1.71022e-17     
8712.99315794     1.84176e-17     
8718.51785663     1.36246e-17     
8724.04255532     1.56307e-17     
8729.56725401     1.80843e-17     
8735.0919527      1.52893e-17     
8740.61665139     1.43873e-17     
8746.14135008     1.54275e-17     
8751.66604877     1.7868e-17      
8757.19074747     1.61885e-17     
8762.71544616     1.75504e-17     
8768.24014485     1.36641e-17     
8773.76484354     1.63986e-17     
8779.28954223     1.26055e-17     
8784.81424092     1.36587e-17     
8790.33893961     1.63778e-17     
8795.8636383      1.32135e-17     
8801.38833699     1.80329e-17     
8806.91303568     1.38657e-17     
8812.43773438     1.69016e-17     
8817.96243307     2.14889e-17     
8823.48713176     1.75726e-17     
8829.01183045     1.44892e-17     
8834.53652914     1.80924e-17     
8840.06122783     1.63406e-17     
8845.58592652     1.8155e-17      
8851.11062521     1.75413e-17     
8856.6353239      1.41631e-17     
8862.16002259     1.44763e-17     
8867.68472129     2.33344e-17     
8873.20941998     1.66188e-17     
8878.73411867     1.32283e-17     
8884.25881736     1.24593e-17     
8889.78351605     6.74017e-18     
8895.30821474     1.09925e-17     
8900.83291343     1.60659e-17     
8906.35761212     1.70385e-17     
8911.88231081     1.44142e-17     
8917.4070095      1.73536e-17     
8922.9317082      1.96769e-17     
8928.45640689     1.45993e-17     
8933.98110558     1.81441e-17     
8939.50580427     1.66816e-17     
8945.03050296     1.13284e-17     
8950.55520165     1.09576e-17     
8956.07990034     1.21347e-17     
8961.60459903     8.97685e-18     
8967.12929772     8.3196e-18      
8972.65399642     1.50813e-17     
8978.17869511     1.8379e-17      
8983.7033938      1.60255e-17     
8989.22809249     1.48184e-17     
8994.75279118     1.03202e-17     
9000.27748987     1.51291e-17     
9005.80218856     1.54987e-17     
9011.32688725     1.17384e-17     
9016.85158594     9.69465e-18     
9022.37628463     1.29552e-17     
9027.90098333     1.02696e-17     
9033.42568202     9.71175e-18     
9038.95038071     1.89964e-17     
9044.4750794      1.74574e-17     
9049.99977809     1.46924e-17     
9055.52447678     1.37418e-17     
9061.04917547     1.44892e-17     
9066.57387416     1.38769e-17     
9072.09857285     1.80886e-17     
9077.62327154     1.81812e-17     
9083.14797024     1.1323e-17      
9088.67266893     1.17339e-17     
9094.19736762     9.01997e-18     
9099.72206631     1.4075e-17      
9105.246765       1.83933e-17     
9110.77146369     1.79745e-17     
9116.29616238     1.4762e-17      
9121.82086107     1.02166e-17     
9127.34555976     1.67905e-17     
9132.87025845     1.84618e-17     
9138.39495715     1.19096e-17     
9143.91965584     1.31759e-17     
9149.44435453     1.35136e-17     
9154.96905322     1.11032e-17     
9160.49375191     1.12619e-17     
9166.0184506      1.1659e-17      
9171.54314929     1.45164e-17     
9177.06784798     1.79075e-17     
9182.59254667     1.61778e-17     
9188.11724536     1.33018e-17     
9193.64194406     7.37274e-18     
9199.16664275     1.362e-17       
9204.69134144     1.45468e-17     
9210.21604013     1.26888e-17     
9215.74073882     2.01443e-17     
9221.26543751     1.59395e-17     
9226.7901362      1.0948e-17      
9232.31483489     1.10409e-17     
9237.83953358     1.25065e-17     
9243.36423227     1.5334e-17      
9248.88893097     7.49963e-18     
9254.41362966     1.24351e-17     
9259.93832835     1.09237e-17     
9265.46302704     1.47222e-17     
9270.98772573     0.0             
