3649.80761719  0.
3655.32432461035  6.222749E-17
3660.8410320307  5.939657E-17
3666.35773945105  4.438617E-17
3671.8744468714  6.317200E-17
3677.39115429175  6.175449E-17
3682.9078617121  5.322894E-17
3688.42456913245  7.197782E-17
3693.9412765528  5.678778E-17
3699.45798397315  4.093021E-17
3704.9746913935  4.692838E-17
3710.49139881385  6.625729E-17
3716.0081062342  6.241057E-17
3721.52481365455  6.291108E-17
3727.0415210749  6.778461E-17
3732.55822849525  6.848236E-17
3738.0749359156  5.610664E-17
3743.59164333595  6.837830E-17
3749.1083507563  5.736800E-17
3754.62505817665  5.955219E-17
3760.141765597  6.054289E-17
3765.65847301735  5.465365E-17
3771.1751804377  5.883499E-17
3776.69188785805  5.745109E-17
3782.2085952784  5.366907E-17
3787.72530269875  6.171329E-17
3793.2420101191  6.323509E-17
3798.75871753945  7.849466E-17
3804.2754249598  1.012292E-16
3809.79213238015  1.195898E-16
3815.3088398005  1.119455E-16
3820.82554722085  1.190671E-16
3826.3422546412  9.266722E-17
3831.85896206155  7.285210E-17
3837.3756694819  6.660235E-17
3842.89237690225  6.136281E-17
3848.4090843226  7.266855E-17
3853.92579174295  7.605401E-17
3859.4424991633  7.305297E-17
3864.95920658365  7.839834E-17
3870.475914004  7.729031E-17
3875.99262142435  7.691348E-17
3881.5093288447  8.072628E-17
3887.02603626505  8.641993E-17
3892.5427436854  8.099489E-17
3898.05945110575  7.725893E-17
3903.5761585261  7.597976E-17
3909.09286594645  7.878476E-17
3914.6095733668  7.619702E-17
3920.12628078715  7.535866E-17
3925.6429882075  8.297261E-17
3931.15969562785  7.818460E-17
3936.6764030482  7.555772E-17
3942.19311046855  8.333940E-17
3947.7098178889  7.554249E-17
3953.22652530925  8.852372E-17
3958.7432327296  9.215316E-17
3964.25994014995  8.904308E-17
3969.7766475703  8.200649E-17
3975.29335499065  8.289516E-17
3980.810062411  7.614247E-17
3986.32676983135  8.291724E-17
3991.8434772517  7.742833E-17
3997.36018467205  8.008407E-17
4002.8768920924  8.179930E-17
4008.39359951275  8.287921E-17
4013.9103069331  7.862364E-17
4019.42701435345  8.354263E-17
4024.9437217738  8.550250E-17
4030.46042919415  8.615581E-17
4035.9771366145  8.358166E-17
4041.49384403485  8.233365E-17
4047.0105514552  7.520432E-17
4052.52725887555  7.540586E-17
4058.0439662959  7.862771E-17
4063.56067371625  8.274524E-17
4069.0773811366  9.403606E-17
4074.59408855695  8.684123E-17
4080.1107959773  9.657105E-17
4085.62750339765  9.329810E-17
4091.144210818  9.953579E-17
4096.66091823835  1.065196E-16
4102.1776256587  1.099308E-16
4107.69433307905  1.007152E-16
4113.2110404994  1.017512E-16
4118.72774791975  1.015999E-16
4124.2444553401  9.928382E-17
4129.76116276045  1.032049E-16
4135.2778701808  9.267738E-17
4140.79457760115  9.849858E-17
4146.3112850215  9.962426E-17
4151.82799244185  9.670371E-17
4157.3446998622  1.044367E-16
4162.86140728255  9.728615E-17
4168.3781147029  1.016555E-16
4173.89482212325  9.424666E-17
4179.4115295436  9.643500E-17
4184.92823696395  9.091876E-17
4190.4449443843  9.353828E-17
4195.96165180465  8.784651E-17
4201.478359225  9.485729E-17
4206.99506664535  9.088129E-17
4212.5117740657  9.637115E-17
4218.02848148605  9.521308E-17
4223.5451889064  1.017504E-16
4229.06189632675  9.490913E-17
4234.5786037471  1.032407E-16
4240.09531116745  9.961286E-17
4245.6120185878  9.403250E-17
4251.12872600815  9.351808E-17
4256.6454334285  9.449912E-17
4262.16214084885  9.686972E-17
4267.6788482692  9.433372E-17
4273.19555568955  1.031711E-16
4278.7122631099  1.079415E-16
4284.22897053025  9.434028E-17
4289.7456779506  1.024243E-16
4295.26238537095  9.868891E-17
4300.7790927913  9.915976E-17
4306.29580021165  9.353728E-17
4311.812507632  9.636449E-17
4317.32921505235  9.458287E-17
4322.8459224727  9.488723E-17
4328.36262989305  1.019008E-16
4333.8793373134  9.700030E-17
4339.39604473375  8.892693E-17
4344.9127521541  9.745453E-17
4350.42945957445  9.899271E-17
4355.9461669948  9.486920E-17
4361.46287441516  1.023571E-16
4366.9795818355  1.018044E-16
4372.49628925585  9.014440E-17
4378.0129966762  9.280859E-17
4383.52970409655  8.684693E-17
4389.0464115169  8.818695E-17
4394.56311893725  8.955839E-17
4400.0798263576  8.569561E-17
4405.59653377795  8.822751E-17
4411.1132411983  8.797198E-17
4416.62994861865  9.517327E-17
4422.146656039  8.865699E-17
4427.66336345935  9.086480E-17
4433.1800708797  8.559826E-17
4438.69677830005  9.456919E-17
4444.2134857204  9.367113E-17
4449.73019314075  9.725642E-17
4455.2469005611  1.011008E-16
4460.76360798145  1.038464E-16
4466.2803154018  1.002282E-16
4471.79702282215  9.599735E-17
4477.3137302425  9.666360E-17
4482.83043766285  9.508339E-17
4488.3471450832  9.532016E-17
4493.86385250355  9.133373E-17
4499.3805599239  9.260918E-17
4504.89726734425  9.463995E-17
4510.41397476461  9.272315E-17
4515.93068218495  9.401058E-17
4521.4473896053  1.013501E-16
4526.96409702565  1.016864E-16
4532.480804446  9.857241E-17
4537.99751186635  9.635787E-17
4543.5142192867  9.435519E-17
4549.03092670705  9.413853E-17
4554.5476341274  1.030638E-16
4560.06434154775  9.371129E-17
4565.5810489681  9.672110E-17
4571.09775638845  9.512068E-17
4576.6144638088  9.713996E-17
4582.13117122915  9.280796E-17
4587.6478786495  1.033959E-16
4593.16458606985  9.996630E-17
4598.6812934902  9.800400E-17
4604.19800091055  1.001837E-16
4609.7147083309  9.989625E-17
4615.23141575125  1.023792E-16
4620.7481231716  9.392014E-17
4626.26483059195  9.834967E-17
4631.7815380123  9.721598E-17
4637.29824543265  9.208593E-17
4642.814952853  9.450488E-17
4648.33166027335  8.899642E-17
4653.8483676937  9.447340E-17
4659.36507511406  9.243330E-17
4664.8817825344  9.052213E-17
4670.39848995475  9.587181E-17
4675.9151973751  9.945808E-17
4681.43190479545  9.820501E-17
4686.9486122158  1.016270E-16
4692.46531963615  1.018838E-16
4697.9820270565  1.043783E-16
4703.49873447685  1.071291E-16
4709.0154418972  1.067614E-16
4714.53214931755  1.053797E-16
4720.04885673791  1.030750E-16
4725.56556415825  1.002025E-16
4731.0822715786  1.034175E-16
4736.59897899895  1.002400E-16
4742.1156864193  1.005778E-16
4747.63239383965  1.038140E-16
4753.14910126  1.045204E-16
4758.66580868035  1.038656E-16
4764.1825161007  1.056317E-16
4769.69922352105  1.021195E-16
4775.2159309414  1.082914E-16
4780.73263836175  1.102360E-16
4786.2493457821  1.033731E-16
4791.76605320245  1.028970E-16
4797.2827606228  1.055163E-16
4802.79946804315  1.061902E-16
4808.3161754635  1.050297E-16
4813.83288288385  9.849940E-17
4819.3495903042  1.052843E-16
4824.86629772455  1.017869E-16
4830.3830051449  1.022911E-16
4835.89971256525  9.638530E-17
4841.4164199856  1.054747E-16
4846.93312740595  1.068121E-16
4852.4498348263  1.053935E-16
4857.96654224665  1.032582E-16
4863.483249667  1.037970E-16
4868.99995708736  1.031349E-16
4874.5166645077  1.039843E-16
4880.03337192805  1.049267E-16
4885.5500793484  1.036963E-16
4891.06678676875  1.047077E-16
4896.5834941891  1.027215E-16
4902.10020160945  1.020352E-16
4907.6169090298  1.011925E-16
4913.13361645015  1.042715E-16
4918.6503238705  1.041354E-16
4924.16703129085  9.809778E-17
4929.6837387112  1.024029E-16
4935.20044613155  9.984793E-17
4940.7171535519  9.820289E-17
4946.23386097225  9.210112E-17
4951.7505683926  9.156853E-17
4957.26727581295  9.274255E-17
4962.7839832333  9.316007E-17
4968.30069065365  1.090651E-16
4973.81739807401  1.224139E-16
4979.33410549435  1.284827E-16
4984.8508129147  1.182007E-16
4990.36752033505  1.223265E-16
4995.8842277554  1.087473E-16
5001.40093517575  1.008364E-16
5006.9176425961  9.789812E-17
5012.43435001645  9.853068E-17
5017.95105743681  9.394617E-17
5023.46776485715  9.382857E-17
5028.9844722775  9.176989E-17
5034.50117969785  9.688527E-17
5040.0178871182  9.804747E-17
5045.53459453855  1.017624E-16
5051.0513019589  1.003556E-16
5056.56800937925  1.063246E-16
5062.08471679961  1.076150E-16
5067.60142421995  1.137853E-16
5073.11813164031  1.134866E-16
5078.63483906065  1.201709E-16
5084.15154648101  1.106848E-16
5089.66825390136  1.158763E-16
5095.1849613217  1.105133E-16
5100.70166874205  1.010655E-16
5106.2183761624  1.003327E-16
5111.73508358275  1.070452E-16
5117.2517910031  1.253045E-16
5122.76849842345  1.330029E-16
5128.28520584381  1.363321E-16
5133.80191326416  1.367919E-16
5139.3186206845  1.325245E-16
5144.83532810486  1.215094E-16
5150.3520355252  1.072519E-16
5155.86874294556  1.018976E-16
5161.3854503659  1.001813E-16
5166.90215778626  1.050339E-16
5172.4188652066  1.051301E-16
5177.93557262696  1.041082E-16
5183.4522800473  1.048705E-16
5188.96898746765  1.010549E-16
5194.48569488801  9.949319E-17
5200.00240230836  9.977166E-17
5205.51910972871  1.053667E-16
5211.03581714906  1.021169E-16
5216.55252456941  1.011641E-16
5222.06923198976  9.901396E-17
5227.58593941011  1.074988E-16
5233.10264683046  1.063347E-16
5238.6193542508  1.012205E-16
5244.13606167115  1.022433E-16
5249.6527690915  9.867819E-17
5255.16947651185  9.801040E-17
5260.68618393221  9.748456E-17
5266.20289135255  9.156997E-17
5271.7195987729  8.762624E-17
5277.23630619326  9.051821E-17
5282.75301361361  8.809218E-17
5288.26972103396  9.608511E-17
5293.78642845431  1.035397E-16
5299.30313587465  9.513092E-17
5304.81984329501  9.305618E-17
5310.33655071535  9.569956E-17
5315.85325813571  9.687771E-17
5321.36996555605  1.007782E-16
5326.8866729764  1.030144E-16
5332.40338039676  1.030267E-16
5337.92008781711  9.672593E-17
5343.43679523745  9.737193E-17
5348.95350265781  9.844274E-17
5354.47021007816  9.450757E-17
5359.98691749851  9.794376E-17
5365.50362491885  1.032450E-16
5371.02033233921  1.014962E-16
5376.53703975955  9.735538E-17
5382.0537471799  9.491811E-17
5387.57045460025  9.534432E-17
5393.0871620206  1.026604E-16
5398.60386944095  1.012365E-16
5404.1205768613  1.038425E-16
5409.63728428166  9.896505E-17
5415.153991702  9.786909E-17
5420.67069912235  9.811725E-17
5426.18740654271  1.033416E-16
5431.70411396306  1.002607E-16
5437.22082138341  9.694627E-17
5442.73752880376  9.894867E-17
5448.2542362241  1.039775E-16
5453.77094364446  1.037724E-16
5459.28765106481  9.911074E-17
5464.80435848516  1.020354E-16
5470.32106590551  9.782417E-17
5475.83777332586  1.044354E-16
5481.35448074621  1.067676E-16
5486.87118816656  9.871377E-17
5492.38789558691  9.975720E-17
5497.90460300726  1.005155E-16
5503.42131042761  1.039139E-16
5508.93801784796  1.004410E-16
5514.45472526831  9.558004E-17
5519.97143268866  1.031199E-16
5525.48814010901  9.905288E-17
5531.00484752936  1.057263E-16
5536.52155494971  1.010644E-16
5542.03826237006  1.005366E-16
5547.55496979041  9.754456E-17
5553.07167721076  1.029351E-16
5558.58838463111  1.027550E-16
5564.10509205146  1.089538E-16
5569.62179947181  9.519897E-17
5575.13850689216  9.538318E-17
5580.65521431251  9.912917E-17
5586.17192173286  1.005185E-16
5591.6886291532  9.661462E-17
5597.20533657355  9.634039E-17
5602.72204399391  1.005943E-16
5608.23875141425  9.917733E-17
5613.75545883461  1.025665E-16
5619.27216625495  1.042986E-16
5624.7888736753  9.578822E-17
5630.30558109566  9.779230E-17
5635.82228851601  9.516354E-17
5641.33899593636  1.004954E-16
5646.85570335671  9.802250E-17
5652.37241077706  9.920195E-17
5657.88911819741  1.006718E-16
5663.40582561775  1.006462E-16
5668.92253303811  1.038182E-16
5674.43924045846  1.000394E-16
5679.9559478788  1.016829E-16
5685.47265529916  1.000025E-16
5690.9893627195  9.685423E-17
5696.50607013986  9.671511E-17
5702.02277756021  9.498789E-17
5707.53948498056  9.879289E-17
5713.05619240091  9.590486E-17
5718.57289982125  9.781123E-17
5724.08960724161  9.553725E-17
5729.60631466196  1.002754E-16
5735.1230220823  1.021613E-16
5740.63972950265  9.681239E-17
5746.15643692301  9.336047E-17
5751.67314434336  1.011693E-16
5757.18985176371  9.557233E-17
5762.70655918406  9.661112E-17
5768.22326660441  9.449075E-17
5773.73997402475  9.539260E-17
5779.25668144511  8.956928E-17
5784.77338886546  9.106707E-17
5790.29009628581  9.672286E-17
5795.80680370616  1.006672E-16
5801.32351112651  9.781956E-17
5806.84021854685  1.009402E-16
5812.35692596721  9.906346E-17
5817.87363338756  9.984419E-17
5823.39034080791  1.014278E-16
5828.90704822825  9.651705E-17
5834.42375564861  9.905547E-17
5839.94046306895  9.627302E-17
5845.45717048931  9.678129E-17
5850.97387790966  9.315586E-17
5856.49058533001  9.674655E-17
5862.00729275036  9.832364E-17
5867.52400017071  1.013028E-16
5873.04070759106  9.908936E-17
5878.55741501141  9.571215E-17
5884.07412243176  9.504835E-17
5889.59082985211  9.552707E-17
5895.10753727246  9.736868E-17
5900.62424469281  9.453156E-17
5906.14095211316  9.358422E-17
5911.65765953351  9.651221E-17
5917.17436695386  9.614182E-17
5922.69107437421  9.611758E-17
5928.20778179456  9.868325E-17
5933.72448921491  9.622157E-17
5939.24119663526  9.513259E-17
5944.7579040556  9.311826E-17
5950.27461147596  9.749748E-17
5955.7913188963  9.185579E-17
5961.30802631666  9.422571E-17
5966.82473373701  1.009693E-16
5972.34144115736  1.000960E-16
5977.8581485777  9.402529E-17
5983.37485599806  9.543698E-17
5988.8915634184  9.314140E-17
5994.40827083876  9.164730E-17
5999.92497825911  9.158065E-17
6005.44168567946  8.817857E-17
6010.95839309981  9.608225E-17
6016.47510052016  9.696406E-17
6021.99180794051  9.495702E-17
6027.50851536086  9.284810E-17
6033.0252227812  9.778703E-17
6038.54193020156  9.554656E-17
6044.05863762191  9.011022E-17
6049.57534504226  8.984776E-17
6055.09205246261  9.319596E-17
6060.60875988296  9.636598E-17
6066.12546730331  9.474991E-17
6071.64217472366  9.402303E-17
6077.15888214401  9.215178E-17
6082.67558956436  9.602421E-17
6088.19229698471  9.793509E-17
6093.70900440506  9.974749E-17
6099.22571182541  9.054527E-17
6104.74241924576  9.365177E-17
6110.25912666611  9.342239E-17
6115.77583408646  9.415597E-17
6121.29254150681  9.663766E-17
6126.80924892715  9.443989E-17
6132.32595634751  9.332488E-17
6137.84266376785  8.846847E-17
6143.35937118821  9.739136E-17
6148.87607860856  9.572953E-17
6154.39278602891  9.228084E-17
6159.90949344926  9.583870E-17
6165.42620086961  9.256574E-17
6170.94290828996  8.768171E-17
6176.45961571031  9.322209E-17
6181.97632313066  9.790852E-17
6187.49303055101  9.589177E-17
6193.00973797136  9.222336E-17
6198.52644539171  9.525445E-17
6204.04315281206  9.308146E-17
6209.55986023241  9.184109E-17
6215.07656765276  9.473031E-17
6220.59327507311  9.440201E-17
6226.10998249346  9.554364E-17
6231.62668991381  9.794482E-17
6237.14339733416  9.165460E-17
6242.66010475451  8.981376E-17
6248.17681217486  9.141967E-17
6253.69351959521  9.238454E-17
6259.21022701556  9.353323E-17
6264.72693443591  8.713532E-17
6270.24364185626  9.120951E-17
6275.76034927661  9.789086E-17
6281.27705669696  9.204567E-17
6286.79376411731  9.229066E-17
6292.31047153766  9.311157E-17
6297.82717895801  8.616024E-17
6303.34388637836  8.601711E-17
6308.86059379871  9.265576E-17
6314.37730121906  9.351367E-17
6319.89400863941  8.839340E-17
6325.41071605976  9.138467E-17
6330.9274234801  8.869704E-17
6336.44413090046  8.967930E-17
6341.96083832081  9.221928E-17
6347.47754574116  9.085512E-17
6352.99425316151  8.984194E-17
6358.51096058186  8.067635E-17
6364.02766800221  8.736854E-17
6369.54437542256  8.767537E-17
6375.06108284291  8.709088E-17
6380.57779026326  9.131039E-17
6386.09449768361  8.896613E-17
6391.61120510396  9.001332E-17
6397.12791252431  9.182112E-17
6402.64461994466  8.817873E-17
6408.16132736501  8.961954E-17
6413.67803478536  8.702147E-17
6419.19474220571  8.526858E-17
6424.71144962606  8.690418E-17
6430.22815704641  8.709532E-17
6435.74486446676  9.003297E-17
6441.26157188711  8.902600E-17
6446.77827930746  8.983864E-17
6452.29498672781  9.162064E-17
6457.81169414816  9.172133E-17
6463.32840156851  8.866093E-17
6468.84510898886  8.572939E-17
6474.36181640921  8.496535E-17
6479.87852382956  8.400595E-17
6485.39523124991  8.708022E-17
6490.91193867026  8.744987E-17
6496.42864609061  8.608048E-17
6501.94535351096  8.733063E-17
6507.46206093131  9.174479E-17
6512.97876835166  9.022750E-17
6518.49547577201  8.778956E-17
6524.01218319236  8.758581E-17
6529.52889061271  8.512040E-17
6535.04559803306  8.424574E-17
6540.56230545341  8.805779E-17
6546.07901287376  8.429324E-17
6551.59572029411  8.355134E-17
6557.11242771446  8.481300E-17
6562.62913513481  8.113100E-17
6568.14584255516  8.268711E-17
6573.66254997551  8.327827E-17
6579.17925739586  8.856721E-17
6584.69596481621  9.002469E-17
6590.21267223656  9.102935E-17
6595.72937965691  8.720362E-17
6601.24608707726  8.691306E-17
6606.76279449761  8.469179E-17
6612.27950191796  8.225399E-17
6617.79620933831  8.367365E-17
6623.31291675866  8.998422E-17
6628.82962417901  8.592509E-17
6634.34633159936  8.806453E-17
6639.86303901971  8.509069E-17
6645.37974644006  9.053867E-17
6650.89645386041  8.788167E-17
6656.41316128076  8.197970E-17
6661.92986870111  8.471053E-17
6667.44657612146  8.873049E-17
6672.96328354181  8.729663E-17
6678.47999096216  8.441099E-17
6683.99669838251  8.495569E-17
6689.51340580286  8.605153E-17
6695.03011322321  8.780618E-17
6700.54682064356  1.193816E-16
6706.06352806391  1.691791E-16
6711.58023548426  1.934417E-16
6717.09694290461  1.990910E-16
6722.61365032496  1.942902E-16
6728.13035774531  1.873226E-16
6733.64706516566  1.657022E-16
6739.16377258601  1.250028E-16
6744.68048000636  1.012383E-16
6750.19718742671  1.069229E-16
6755.71389484706  1.005335E-16
6761.23060226741  9.146165E-17
6766.74730968776  8.946856E-17
6772.26401710811  8.569648E-17
6777.78072452846  8.944824E-17
6783.29743194881  9.219182E-17
6788.81413936916  8.893684E-17
6794.33084678951  9.285140E-17
6799.84755420986  8.502979E-17
6805.36426163021  8.905070E-17
6810.88096905056  8.910647E-17
6816.39767647091  8.344499E-17
6821.91438389126  8.547609E-17
6827.43109131161  8.814478E-17
6832.94779873196  9.202802E-17
6838.46450615231  8.806107E-17
6843.98121357266  8.689309E-17
6849.49792099301  8.663421E-17
6855.01462841336  8.443984E-17
6860.53133583371  9.151431E-17
6866.04804325406  1.005957E-16
6871.56475067441  1.006253E-16
6877.08145809476  1.070352E-16
6882.59816551511  1.102748E-16
6888.11487293546  1.038346E-16
6893.63158035581  9.814250E-17
6899.14828777616  9.504068E-17
6904.66499519651  9.009524E-17
6910.18170261686  9.122393E-17
6915.69841003721  8.420407E-17
6921.21511745756  8.332766E-17
6926.73182487791  8.217865E-17
6932.24853229826  7.948210E-17
6937.76523971861  8.058298E-17
6943.28194713896  7.769987E-17
6948.79865455931  7.589313E-17
6954.31536197966  8.265126E-17
6959.83206940001  7.893347E-17
6965.34877682036  8.392976E-17
6970.86548424071  8.190760E-17
6976.38219166106  7.641960E-17
6981.89889908141  8.144776E-17
6987.41560650176  8.287683E-17
6992.93231392211  8.277629E-17
6998.44902134246  8.315632E-17
7003.96572876281  8.261143E-17
7009.48243618316  8.256283E-17
7014.99914360351  8.003650E-17
7020.51585102386  7.967836E-17
7026.03255844421  8.403018E-17
7031.54926586456  8.328493E-17
7037.06597328491  8.533440E-17
7042.58268070526  8.453016E-17
7048.09938812561  8.026898E-17
7053.61609554596  8.565406E-17
7059.13280296631  8.811106E-17
7064.64951038666  8.422321E-17
7070.16621780701  8.172364E-17
7075.68292522736  8.250280E-17
7081.19963264771  7.843252E-17
7086.71634006806  8.337357E-17
7092.23304748841  8.000187E-17
7097.74975490876  8.517178E-17
7103.26646232911  8.119719E-17
7108.78316974946  8.132071E-17
7114.29987716981  8.220256E-17
7119.81658459016  8.736023E-17
7125.33329201051  8.291745E-17
7130.84999943086  8.346396E-17
7136.36670685121  8.187436E-17
7141.88341427156  7.883880E-17
7147.40012169191  8.194027E-17
7152.91682911226  8.306840E-17
7158.43353653261  7.977734E-17
7163.95024395296  7.391495E-17
7169.46695137331  7.592287E-17
7174.98365879366  7.391193E-17
7180.50036621401  7.521764E-17
7186.01707363436  8.072110E-17
7191.53378105471  7.407921E-17
7197.05048847506  7.394727E-17
7202.56719589541  7.881711E-17
7208.08390331576  7.720750E-17
7213.60061073611  7.576603E-17
7219.11731815646  7.499611E-17
7224.63402557681  7.468271E-17
7230.15073299716  8.241456E-17
7235.66744041751  7.270436E-17
7241.18414783786  6.662937E-17
7246.70085525821  7.522582E-17
7252.21756267856  7.459703E-17
7257.73427009891  7.202473E-17
7263.25097751926  7.408955E-17
7268.76768493961  8.371010E-17
7274.28439235996  8.417701E-17
7279.80109978031  8.756093E-17
7285.31780720066  7.808294E-17
7290.83451462101  8.141998E-17
7296.35122204136  7.892572E-17
7301.86792946171  7.846976E-17
7307.38463688206  8.048074E-17
7312.90134430241  8.438669E-17
7318.41805172276  8.129822E-17
7323.93475914311  7.970455E-17
7329.45146656346  7.827189E-17
7334.96817398381  8.178666E-17
7340.48488140416  9.017074E-17
7346.00158882451  8.540043E-17
7351.51829624486  7.663087E-17
7357.03500366521  8.100353E-17
7362.55171108556  8.325821E-17
7368.06841850591  7.760024E-17
7373.58512592626  7.989894E-17
7379.10183334661  7.877503E-17
7384.61854076696  8.035806E-17
7390.13524818731  7.548006E-17
7395.65195560766  8.551100E-17
7401.16866302801  7.939764E-17
7406.68537044836  7.794283E-17
7412.20207786871  8.248861E-17
7417.71878528906  7.791665E-17
7423.23549270941  8.250089E-17
7428.75220012976  8.101214E-17
7434.26890755011  7.740976E-17
7439.78561497046  8.009690E-17
7445.30232239081  7.734514E-17
7450.81902981116  7.781309E-17
7456.33573723151  7.955966E-17
7461.85244465186  8.214258E-17
7467.36915207221  7.778922E-17
7472.88585949256  7.985570E-17
7478.40256691291  8.480472E-17
7483.91927433326  7.619975E-17
7489.43598175361  7.814408E-17
7494.95268917396  8.068867E-17
7500.46939659431  7.666655E-17
7505.98610401466  8.388666E-17
7511.50281143501  8.299180E-17
7517.01951885536  8.419866E-17
7522.53622627571  9.355022E-17
7528.05293369606  8.943329E-17
7533.56964111641  7.679513E-17
7539.08634853676  8.260127E-17
7544.60305595711  8.635512E-17
7550.11976337746  7.682718E-17
7555.63647079781  8.147860E-17
7561.15317821816  7.511805E-17
7566.66988563851  7.681039E-17
7572.18659305886  7.863630E-17
7577.70330047921  7.150916E-17
7583.22000789956  7.203393E-17
7588.73671531991  7.497341E-17
7594.25342274026  8.003400E-17
7599.77013016061  8.643725E-17
7605.28683758096  9.456222E-17
7610.80354500131  8.087604E-17
7616.32025242166  6.834389E-17
7621.83695984201  7.121531E-17
7627.35366726236  7.331209E-17
7632.87037468271  8.000702E-17
7638.38708210306  7.358943E-17
7643.90378952341  6.757617E-17
7649.42049694376  6.941577E-17
7654.93720436411  7.187519E-17
7660.45391178446  7.044230E-17
7665.97061920481  7.127091E-17
7671.48732662516  7.539565E-17
7677.00403404551  7.220225E-17
7682.52074146586  7.797317E-17
7688.03744888621  8.132758E-17
7693.55415630656  7.537063E-17
7699.07086372691  7.848833E-17
7704.58757114726  7.252689E-17
7710.10427856761  7.233141E-17
7715.62098598796  7.011580E-17
7721.13769340831  7.078752E-17
7726.65440082866  6.724143E-17
7732.17110824901  7.701141E-17
7737.68781566936  6.103086E-17
7743.20452308971  6.289620E-17
7748.72123051006  8.337264E-17
7754.23793793041  8.126288E-17
7759.75464535076  7.653028E-17
7765.27135277111  7.687776E-17
7770.78806019146  7.458091E-17
7776.30476761181  7.300970E-17
7781.82147503216  7.954435E-17
7787.33818245251  8.116812E-17
7792.85488987286  8.548161E-17
7798.37159729321  9.036627E-17
7803.88830471356  8.919348E-17
7809.40501213391  8.555487E-17
7814.92171955426  7.731333E-17
7820.43842697461  7.321916E-17
7825.95513439496  6.803441E-17
7831.47184181531  7.148972E-17
7836.98854923566  7.584928E-17
7842.50525665601  5.980743E-17
7848.02196407636  6.930519E-17
7853.53867149671  6.816752E-17
7859.05537891706  7.476091E-17
7864.57208633741  7.380887E-17
7870.08879375776  6.687154E-17
7875.60550117811  7.721117E-17
7881.12220859846  7.292504E-17
7886.63891601881  6.462038E-17
7892.15562343916  6.916228E-17
7897.67233085951  5.924402E-17
7903.18903827986  4.537005E-17
7908.70574570021  4.482669E-17
7914.22245312056  4.582322E-17
7919.73916054091  5.012004E-17
7925.25586796126  5.250563E-17
7930.77257538161  4.737945E-17
7936.28928280196  5.915326E-17
7941.80599022231  6.443162E-17
7947.32269764266  7.125582E-17
7952.83940506301  7.831485E-17
7958.35611248336  8.122474E-17
7963.87281990371  7.988885E-17
7969.38952732406  7.790870E-17
7974.90623474441  7.289007E-17
7980.42294216476  7.018326E-17
7985.93964958511  5.874780E-17
7991.45635700546  5.503048E-17
7996.97306442581  5.869271E-17
8002.48977184616  5.947669E-17
8008.00647926651  6.383052E-17
8013.52318668686  5.875127E-17
8019.03989410721  5.273696E-17
8024.55660152756  5.767890E-17
8030.07330894791  5.818398E-17
8035.59001636826  5.390243E-17
8041.10672378861  6.089440E-17
8046.62343120896  6.198506E-17
8052.14013862931  6.642422E-17
8057.65684604966  7.620950E-17
8063.17355347001  6.474287E-17
8068.69026089036  6.655829E-17
8074.20696831071  7.450564E-17
8079.72367573106  6.598049E-17
8085.24038315141  7.048029E-17
8090.75709057176  7.219428E-17
8096.27379799211  6.369651E-17
8101.79050541246  6.795768E-17
8107.30721283281  6.224048E-17
8112.82392025316  7.108688E-17
8118.34062767351  6.584434E-17
8123.85733509386  7.056123E-17
8129.37404251421  6.124251E-17
8134.89074993456  6.558005E-17
8140.40745735491  6.401729E-17
8145.92416477526  6.475307E-17
8151.44087219561  6.343104E-17
8156.95757961596  6.178254E-17
8162.47428703631  6.875177E-17
8167.99099445666  6.598963E-17
8173.50770187701  6.350559E-17
8179.02440929736  6.828551E-17
8184.54111671771  6.209251E-17
8190.05782413806  6.150867E-17
8195.57453155841  6.833154E-17
8201.09123897876  6.308934E-17
8206.60794639911  6.797687E-17
8212.12465381946  7.154272E-17
8217.64136123981  6.727237E-17
8223.15806866016  6.648110E-17
8228.67477608051  7.292813E-17
8234.19148350086  6.886704E-17
8239.70819092121  6.579007E-17
8245.22489834156  6.281416E-17
8250.74160576191  6.564797E-17
8256.25831318226  6.568278E-17
8261.77502060261  6.744712E-17
8267.29172802296  6.797490E-17
8272.80843544331  5.901727E-17
8278.32514286366  5.878369E-17
8283.84185028401  6.826015E-17
8289.35855770436  6.830311E-17
8294.87526512471  6.756749E-17
8300.39197254506  6.863389E-17
8305.90867996541  7.826383E-17
8311.42538738576  8.668748E-17
8316.94209480611  7.542590E-17
8322.45880222646  6.514301E-17
8327.97550964681  6.843028E-17
8333.49221706716  6.543934E-17
8339.00892448751  5.020055E-17
8344.52563190786  5.078169E-17
8350.04233932821  4.874268E-17
8355.55904674856  4.532220E-17
8361.07575416891  3.358618E-17
8366.59246158926  4.966129E-17
8372.10916900961  6.691300E-17
8377.62587642996  6.749304E-17
8383.14258385031  5.810449E-17
8388.65929127066  6.286933E-17
8394.17599869101  7.065632E-17
8399.69270611136  6.074310E-17
8405.20941353171  6.716391E-17
8410.72612095206  6.396262E-17
8416.24282837241  5.318444E-17
8421.75953579276  3.607894E-17
8427.27624321311  5.603887E-17
8432.79295063346  6.213370E-17
8438.30965805381  4.974585E-17
8443.82636547416  4.859616E-17
8449.34307289451  5.970457E-17
8454.85978031486  5.457995E-17
8460.37648773521  6.004127E-17
8465.89319515556  6.273874E-17
8471.40990257591  5.592317E-17
8476.92660999626  5.758734E-17
8482.44331741661  6.090696E-17
8487.96002483696  6.219231E-17
8493.47673225731  6.673008E-17
8498.99343967766  6.425164E-17
8504.51014709801  5.246077E-17
8510.02685451836  6.610520E-17
8515.54356193871  6.088491E-17
8521.06026935906  6.332880E-17
8526.57697677941  6.101052E-17
8532.09368419976  7.101174E-17
8537.61039162011  7.083815E-17
8543.12709904046  6.996621E-17
8548.64380646081  6.854232E-17
8554.16051388116  6.041111E-17
8559.67722130151  5.571372E-17
8565.19392872186  7.105652E-17
8570.71063614221  6.770752E-17
8576.22734356256  6.947468E-17
8581.74405098291  7.501373E-17
8587.26075840326  6.532429E-17
8592.77746582361  6.154119E-17
8598.29417324396  6.368539E-17
8603.81088066431  7.195017E-17
8609.32758808466  6.349152E-17
8614.84429550501  6.663809E-17
8620.36100292536  7.060981E-17
8625.87771034571  6.851487E-17
8631.39441776606  6.659896E-17
8636.91112518641  6.472291E-17
8642.42783260676  6.515086E-17
8647.94454002711  5.884049E-17
8653.46124744746  6.650119E-17
8658.97795486781  5.811385E-17
8664.49466228816  5.770436E-17
8670.01136970851  5.754840E-17
8675.52807712886  6.237554E-17
8681.04478454921  7.028036E-17
8686.56149196956  6.407505E-17
8692.07819938991  6.719571E-17
8697.59490681026  6.028655E-17
8703.11161423061  6.566725E-17
8708.62832165096  6.707257E-17
8714.14502907131  6.389040E-17
8719.66173649166  6.571724E-17
8725.17844391201  6.570853E-17
8730.69515133236  5.937263E-17
8736.21185875271  6.739231E-17
8741.72856617306  5.903482E-17
8747.24527359341  7.619206E-17
8752.76198101376  5.986479E-17
8758.27868843411  5.470852E-17
8763.79539585446  4.080233E-17
8769.31210327481  4.144417E-17
8774.82881069516  5.423757E-17
8780.34551811551  5.748178E-17
8785.86222553586  4.488570E-17
8791.37893295621  4.601368E-17
8796.89564037656  6.604630E-17
8802.41234779691  7.335962E-17
8807.92905521726  7.904515E-17
8813.44576263761  9.614521E-17
8818.96247005796  1.069471E-16
8824.47917747831  1.005119E-16
8829.99588489866  8.924834E-17
8835.51259231901  8.577840E-17
8841.02929973936  1.113655E-16
8846.54600715971  6.077234E-17
8852.06271458006  6.016840E-17
8857.57942200041  6.523376E-17
8863.09612942076  5.787659E-17
8868.61283684111  5.975388E-17
8874.12954426146  4.665761E-17
8879.64625168181  4.957210E-17
8885.16295910216  5.581504E-17
8890.67966652251  5.175557E-17
8896.19637394286  4.963435E-17
8901.71308136321  5.924374E-17
8907.22978878356  5.341943E-17
8912.74649620391  5.677557E-17
8918.26320362426  5.222323E-17
8923.77991104461  5.088364E-17
8929.29661846496  3.647781E-17
8934.81332588531  3.966489E-17
8940.33003330566  4.098937E-17
8945.84674072601  5.013649E-17
8951.36344814636  5.632119E-17
8956.88015556671  4.744222E-17
8962.39686298706  3.801333E-17
8967.91357040741  4.696244E-17
8973.43027782776  5.420132E-17
8978.94698524811  5.785141E-17
8984.46369266846  7.432530E-17
8989.98040008881  7.388347E-17
8995.49710750916  7.122740E-17
9001.01381492951  6.942161E-17
9006.53052234986  7.144008E-17
9012.04722977021  7.793994E-17
9017.56393719056  6.539351E-17
9023.08064461091  7.067404E-17
9028.59735203126  5.890442E-17
9034.11405945161  6.968086E-17
9039.63076687196  6.447696E-17
9045.14747429231  5.720443E-17
9050.66418171266  5.895799E-17
9056.18088913301  5.597522E-17
9061.69759655336  4.583589E-17
9067.21430397371  5.649810E-17
9072.73101139406  5.671655E-17
9078.24771881441  6.207830E-17
9083.76442623476  5.855778E-17
9089.28113365511  6.756123E-17
9094.79784107546  6.445585E-17
9100.31454849581  6.325732E-17
9105.83125591616  4.929631E-17
9111.34796333651  5.700040E-17
9116.86467075686  5.970772E-17
9122.38137817721  5.678353E-17
9127.89808559756  5.674388E-17
9133.41479301791  6.875984E-17
9138.93150043826  7.192976E-17
9144.44820785861  7.015119E-17
9149.96491527896  6.168524E-17
9155.48162269931  5.443207E-17
9160.99833011966  5.071968E-17
9166.51503754001  5.054991E-17
9172.03174496036  5.336558E-17
9177.54845238071  5.742846E-17
9183.06515980106  5.153040E-17
9188.58186722141  5.709776E-17
9194.09857464176  5.352160E-17
9199.61528206211  5.018711E-17
9205.13198948246  6.797580E-17
9210.64869690281  7.356568E-17
9216.16540432316  6.523885E-17
9221.68211174351  5.164149E-17
9227.19881916386  5.229650E-17
9232.71552658421  5.350650E-17
9238.23223400456  6.195123E-17
9243.74894142491  5.661748E-17
