3668.21958494     5.24138e-19     
3673.74435427     3.58674e-17     
3679.26912361     4.56809e-17     
3684.79389294     5.82974e-17     
3690.31866227     -2.30718e-18    
3695.8434316      5.21619e-17     
3701.36820094     7.50446e-18     
3706.89297027     4.14044e-17     
3712.4177396      6.5749e-17      
3717.94250893     6.66546e-17     
3723.46727827     3.92376e-17     
3728.9920476      5.42207e-17     
3734.51681693     1.0723e-16      
3740.04158626     2.08432e-18     
3745.5663556      4.53823e-17     
3751.09112493     4.90079e-17     
3756.61589426     5.02395e-17     
3762.14066359     4.92383e-17     
3767.66543293     4.9867e-17      
3773.19020226     6.81174e-18     
3778.71497159     4.54966e-17     
3784.23974092     1.91469e-17     
3789.76451026     1.3753e-17      
3795.28927959     2.2723e-17      
3800.81404892     5.02845e-17     
3806.33881825     4.72998e-17     
3811.86358759     2.43119e-17     
3817.38835692     3.7734e-17      
3822.91312625     2.17852e-17     
3828.43789558     5.89842e-17     
3833.96266492     3.3226e-17      
3839.48743425     4.65216e-17     
3845.01220358     2.71793e-17     
3850.53697291     4.95163e-17     
3856.06174225     4.49101e-17     
3861.58651158     3.62117e-17     
3867.11128091     3.50894e-17     
3872.63605024     5.922e-17       
3878.16081958     5.75083e-17     
3883.68558891     5.94883e-17     
3889.21035824     2.08853e-17     
3894.73512757     4.46741e-17     
3900.25989691     3.57357e-17     
3905.78466624     3.48417e-17     
3911.30943557     4.42288e-18     
3916.8342049      5.49657e-17     
3922.35897424     2.87568e-17     
3927.88374357     1.12025e-17     
3933.4085129      2.03135e-17     
3938.93328223     4.67858e-17     
3944.45805157     2.63715e-17     
3949.9828209      2.78426e-17     
3955.50759023     5.2555e-17      
3961.03235956     1.93734e-17     
3966.5571289      3.85885e-17     
3972.08189823     5.36302e-17     
3977.60666756     4.37371e-17     
3983.13143689     4.84705e-17     
3988.65620623     4.01652e-17     
3994.18097556     6.90902e-17     
3999.70574489     7.60268e-17     
4005.23051422     7.23969e-17     
4010.75528356     7.3062e-17      
4016.28005289     3.75951e-17     
4021.80482222     7.00435e-17     
4027.32959155     5.38671e-17     
4032.85436089     3.49159e-17     
4038.37913022     4.31406e-17     
4043.90389955     5.86818e-17     
4049.42866888     6.89727e-17     
4054.95343822     5.37286e-17     
4060.47820755     7.31457e-17     
4066.00297688     6.48227e-17     
4071.52774621     4.26471e-17     
4077.05251555     7.30695e-17     
4082.57728488     5.06468e-17     
4088.10205421     4.37486e-17     
4093.62682354     5.98746e-17     
4099.15159288     4.37168e-17     
4104.67636221     4.405e-17       
4110.20113154     3.04664e-17     
4115.72590087     4.02662e-17     
4121.25067021     4.3395e-17      
4126.77543954     6.12333e-17     
4132.30020887     6.52575e-17     
4137.8249782      4.25035e-17     
4143.34974754     5.10714e-17     
4148.87451687     4.07861e-17     
4154.3992862      3.37089e-17     
4159.92405553     5.65747e-17     
4165.44882487     5.33124e-17     
4170.9735942      6.86592e-17     
4176.49836353     6.75286e-17     
4182.02313286     6.00158e-17     
4187.5479022      4.04872e-17     
4193.07267153     4.54835e-17     
4198.59744086     4.08149e-17     
4204.12221019     5.90201e-17     
4209.64697953     5.50067e-17     
4215.17174886     3.88342e-17     
4220.69651819     5.38242e-17     
4226.22128752     5.30034e-17     
4231.74605686     3.44084e-17     
4237.27082619     3.39523e-17     
4242.79559552     2.78745e-17     
4248.32036485     4.78599e-17     
4253.84513419     5.1192e-17      
4259.36990352     4.03671e-17     
4264.89467285     5.96615e-17     
4270.41944218     5.60546e-17     
4275.94421152     3.55736e-17     
4281.46898085     6.66448e-17     
4286.99375018     6.11681e-17     
4292.51851951     5.51524e-17     
4298.04328885     7.3724e-17      
4303.56805818     7.24355e-17     
4309.09282751     6.02895e-17     
4314.61759684     2.30201e-17     
4320.14236618     1.85672e-17     
4325.66713551     3.03689e-17     
4331.19190484     7.13095e-17     
4336.71667417     7.84786e-17     
4342.24144351     5.51706e-17     
4347.76621284     5.65953e-17     
4353.29098217     4.42422e-17     
4358.8157515      3.2714e-17      
4364.34052084     7.0671e-17      
4369.86529017     4.89219e-17     
4375.3900595      8.12769e-17     
4380.91482883     7.94348e-17     
4386.43959817     9.9623e-17      
4391.9643675      7.25444e-17     
4397.48913683     8.38264e-17     
4403.01390616     1.03095e-16     
4408.5386755      1.0219e-16      
4414.06344483     1.04222e-16     
4419.58821416     1.02071e-16     
4425.11298349     9.46461e-17     
4430.63775283     8.28038e-17     
4436.16252216     8.94558e-17     
4441.68729149     1.01092e-16     
4447.21206082     9.66245e-17     
4452.73683016     8.63893e-17     
4458.26159949     1.06572e-16     
4463.78636882     7.45326e-17     
4469.31113815     9.8336e-17      
4474.83590749     9.44208e-17     
4480.36067682     9.46942e-17     
4485.88544615     8.60998e-17     
4491.41021548     9.22036e-17     
4496.93498482     9.86812e-17     
4502.45975415     1.03859e-16     
4507.98452348     9.47403e-17     
4513.50929281     9.73238e-17     
4519.03406215     1.0019e-16      
4524.55883148     1.02397e-16     
4530.08360081     9.75479e-17     
4535.60837014     9.74188e-17     
4541.13313948     9.2293e-17      
4546.65790881     7.95222e-17     
4552.18267814     7.74675e-17     
4557.70744747     9.57112e-17     
4563.23221681     7.75721e-17     
4568.75698614     1.08059e-16     
4574.28175547     8.16305e-17     
4579.8065248      1.08509e-16     
4585.33129414     9.54413e-17     
4590.85606347     8.14975e-17     
4596.3808328      9.81333e-17     
4601.90560214     1.04493e-16     
4607.43037147     8.52733e-17     
4612.9551408      8.24575e-17     
4618.47991013     1.04693e-16     
4624.00467947     9.4127e-17      
4629.5294488      1.14818e-16     
4635.05421813     8.93591e-17     
4640.57898746     8.18368e-17     
4646.1037568      9.61868e-17     
4651.62852613     8.59588e-17     
4657.15329546     9.55319e-17     
4662.67806479     1.14172e-16     
4668.20283413     1.10707e-16     
4673.72760346     1.00108e-16     
4679.25237279     1.08771e-16     
4684.77714212     9.80755e-17     
4690.30191146     9.57199e-17     
4695.82668079     1.0228e-16      
4701.35145012     9.4948e-17      
4706.87621945     8.91117e-17     
4712.40098879     8.92276e-17     
4717.92575812     8.18686e-17     
4723.45052745     7.31388e-17     
4728.97529678     7.82727e-17     
4734.50006612     1.03748e-16     
4740.02483545     1.01865e-16     
4745.54960478     1.02717e-16     
4751.07437411     1.13527e-16     
4756.59914345     1.14642e-16     
4762.12391278     1.02562e-16     
4767.64868211     1.14425e-16     
4773.17345144     1.2479e-16      
4778.69822078     1.13504e-16     
4784.22299011     1.09942e-16     
4789.74775944     1.0939e-16      
4795.27252877     1.27196e-16     
4800.79729811     1.12713e-16     
4806.32206744     9.27912e-17     
4811.84683677     1.07605e-16     
4817.3716061      1.1036e-16      
4822.89637544     1.11031e-16     
4828.42114477     1.30882e-16     
4833.9459141      1.27114e-16     
4839.47068343     1.25293e-16     
4844.99545277     1.20767e-16     
4850.5202221      1.12775e-16     
4856.04499143     1.3043e-16      
4861.56976076     1.19183e-16     
4867.0945301      1.26969e-16     
4872.61929943     1.24839e-16     
4878.14406876     1.38536e-16     
4883.66883809     1.26035e-16     
4889.19360743     1.423e-16       
4894.71837676     1.40233e-16     
4900.24314609     1.26192e-16     
4905.76791542     1.24059e-16     
4911.29268476     1.42074e-16     
4916.81745409     1.40138e-16     
4922.34222342     1.47562e-16     
4927.86699275     1.52277e-16     
4933.39176209     1.28998e-16     
4938.91653142     1.39156e-16     
4944.44130075     1.48879e-16     
4949.96607008     1.43613e-16     
4955.49083942     1.48692e-16     
4961.01560875     1.53142e-16     
4966.54037808     1.36503e-16     
4972.06514741     1.54889e-16     
4977.58991675     1.41538e-16     
4983.11468608     1.29764e-16     
4988.63945541     1.36749e-16     
4994.16422474     1.46454e-16     
4999.68899408     1.48325e-16     
5005.21376341     1.58736e-16     
5010.73853274     1.44463e-16     
5016.26330207     1.46463e-16     
5021.78807141     1.5397e-16      
5027.31284074     1.34857e-16     
5032.83761007     1.36969e-16     
5038.3623794      1.71453e-16     
5043.88714874     1.45991e-16     
5049.41191807     1.44694e-16     
5054.9366874      1.5423e-16      
5060.46145673     1.47371e-16     
5065.98622607     1.6716e-16      
5071.5109954      1.58562e-16     
5077.03576473     1.64624e-16     
5082.56053406     1.57499e-16     
5088.0853034      1.55313e-16     
5093.61007273     1.62834e-16     
5099.13484206     1.52294e-16     
5104.65961139     1.48132e-16     
5110.18438073     1.49709e-16     
5115.70915006     1.58307e-16     
5121.23391939     1.40504e-16     
5126.75868872     1.45635e-16     
5132.28345806     1.63781e-16     
5137.80822739     1.42113e-16     
5143.33299672     1.36273e-16     
5148.85776605     1.46427e-16     
5154.38253539     1.63866e-16     
5159.90730472     1.54731e-16     
5165.43207405     1.50493e-16     
5170.95684338     1.4532e-16      
5176.48161272     1.46503e-16     
5182.00638205     1.55575e-16     
5187.53115138     1.52881e-16     
5193.05592071     1.54164e-16     
5198.58069005     1.71896e-16     
5204.10545938     1.71027e-16     
5209.63022871     1.53882e-16     
5215.15499804     1.50707e-16     
5220.67976738     1.52402e-16     
5226.20453671     1.56438e-16     
5231.72930604     1.49254e-16     
5237.25407537     1.51216e-16     
5242.77884471     1.6645e-16      
5248.30361404     1.65982e-16     
5253.82838337     1.58779e-16     
5259.3531527      1.68603e-16     
5264.87792204     1.68114e-16     
5270.40269137     1.62327e-16     
5275.9274607      1.61935e-16     
5281.45223003     1.64633e-16     
5286.97699937     1.7719e-16      
5292.5017687      1.73075e-16     
5298.02653803     1.73397e-16     
5303.55130736     1.63396e-16     
5309.0760767      1.66033e-16     
5314.60084603     1.51172e-16     
5320.12561536     1.57386e-16     
5325.65038469     1.46548e-16     
5331.17515403     1.63656e-16     
5336.69992336     1.45032e-16     
5342.22469269     1.60739e-16     
5347.74946202     1.43192e-16     
5353.27423136     1.56972e-16     
5358.79900069     1.69477e-16     
5364.32377002     1.62188e-16     
5369.84853935     1.70407e-16     
5375.37330869     1.68708e-16     
5380.89807802     1.88857e-16     
5386.42284735     1.60104e-16     
5391.94761668     1.56722e-16     
5397.47238602     1.55013e-16     
5402.99715535     1.61482e-16     
5408.52192468     1.7807e-16      
5414.04669401     1.71519e-16     
5419.57146335     1.89164e-16     
5425.09623268     1.78173e-16     
5430.62100201     1.70664e-16     
5436.14577134     1.57499e-16     
5441.67054068     1.73052e-16     
5447.19531001     1.53519e-16     
5452.72007934     1.6853e-16      
5458.24484867     1.64458e-16     
5463.76961801     1.55487e-16     
5469.29438734     1.61273e-16     
5474.81915667     1.86195e-16     
5480.343926       1.59274e-16     
5485.86869534     1.63856e-16     
5491.39346467     1.64091e-16     
5496.918234       1.6084e-16      
5502.44300333     1.48355e-16     
5507.96777267     1.43731e-16     
5513.492542       1.46496e-16     
5519.01731133     1.53407e-16     
5524.54208066     1.59043e-16     
5530.06685        1.59018e-16     
5535.59161933     1.57931e-16     
5541.11638866     1.57375e-16     
5546.641158       1.71061e-16     
5552.16592733     1.61238e-16     
5557.69069666     1.45727e-16     
5563.21546599     1.4477e-16      
5568.74023533     1.5368e-16      
5574.26500466     1.39246e-16     
5579.78977399     1.68698e-16     
5585.31454332     1.74315e-16     
5590.83931266     1.60279e-16     
5596.36408199     1.57989e-16     
5601.88885132     1.54416e-16     
5607.41362065     1.62732e-16     
5612.93838999     1.43807e-16     
5618.46315932     1.44597e-16     
5623.98792865     1.53512e-16     
5629.51269798     1.58961e-16     
5635.03746732     1.49293e-16     
5640.56223665     1.53461e-16     
5646.08700598     1.44741e-16     
5651.61177531     1.5892e-16      
5657.13654465     1.29118e-16     
5662.66131398     1.32175e-16     
5668.18608331     1.23706e-16     
5673.71085264     1.21189e-16     
5679.23562198     1.35758e-16     
5684.76039131     1.22068e-16     
5690.28516064     1.36512e-16     
5695.80992997     1.64213e-16     
5701.33469931     1.37335e-16     
5706.85946864     1.28174e-16     
5712.38423797     1.474e-16       
5717.9090073      1.39662e-16     
5723.43377664     1.41781e-16     
5728.95854597     1.57592e-16     
5734.4833153      1.54874e-16     
5740.00808463     1.35649e-16     
5745.53285397     1.70453e-16     
5751.0576233      1.75103e-16     
5756.58239263     1.63019e-16     
5762.10716196     1.62767e-16     
5767.6319313      1.5313e-16      
5773.15670063     1.59106e-16     
5778.68146996     1.64036e-16     
5784.20623929     1.65023e-16     
5789.73100863     1.71552e-16     
5795.25577796     1.72552e-16     
5800.78054729     1.74173e-16     
5806.30531662     1.66406e-16     
5811.83008596     1.87321e-16     
5817.35485529     1.99872e-16     
5822.87962462     1.93117e-16     
5828.40439395     1.69974e-16     
5833.92916329     1.79666e-16     
5839.45393262     1.84333e-16     
5844.97870195     1.57617e-16     
5850.50347128     1.76827e-16     
5856.02824062     1.75659e-16     
5861.55300995     1.89498e-16     
5867.07777928     1.87832e-16     
5872.60254861     2.08155e-16     
5878.12731795     1.96519e-16     
5883.65208728     1.77126e-16     
5889.17685661     1.76004e-16     
5894.70162594     1.78043e-16     
5900.22639528     1.82111e-16     
5905.75116461     1.75919e-16     
5911.27593394     1.84218e-16     
5916.80070327     1.80299e-16     
5922.32547261     1.69457e-16     
5927.85024194     1.74393e-16     
5933.37501127     1.72249e-16     
5938.8997806      1.77577e-16     
5944.42454994     1.92826e-16     
5949.94931927     1.82681e-16     
5955.4740886      1.86559e-16     
5960.99885793     1.76621e-16     
5966.52362727     1.70125e-16     
5972.0483966      1.77962e-16     
5977.57316593     1.82408e-16     
5983.09793526     1.78047e-16     
5988.6227046      1.699e-16       
5994.14747393     1.64994e-16     
5999.67224326     1.71406e-16     
6005.19701259     1.77935e-16     
6010.72178193     1.74059e-16     
6016.24655126     1.65132e-16     
6021.77132059     1.80567e-16     
6027.29608992     1.88096e-16     
6032.82085926     1.74913e-16     
6038.34562859     1.71374e-16     
6043.87039792     1.65058e-16     
6049.39516725     1.71135e-16     
6054.91993659     1.8348e-16      
6060.44470592     1.81185e-16     
6065.96947525     1.96264e-16     
6071.49424458     2.02183e-16     
6077.01901392     1.81838e-16     
6082.54378325     1.9221e-16      
6088.06855258     1.77733e-16     
6093.59332191     1.82487e-16     
6099.11809125     1.95703e-16     
6104.64286058     1.85604e-16     
6110.16762991     1.7991e-16      
6115.69239924     1.73585e-16     
6121.21716858     1.80098e-16     
6126.74193791     1.77108e-16     
6132.26670724     1.764e-16       
6137.79147657     1.63022e-16     
6143.31624591     1.85476e-16     
6148.84101524     1.95469e-16     
6154.36578457     1.79743e-16     
6159.8905539      1.89955e-16     
6165.41532324     1.85381e-16     
6170.94009257     1.77928e-16     
6176.4648619      1.68239e-16     
6181.98963123     1.73898e-16     
6187.51440057     1.82028e-16     
6193.0391699      1.77548e-16     
6198.56393923     1.88358e-16     
6204.08870856     1.88953e-16     
6209.6134779      1.73873e-16     
6215.13824723     1.61374e-16     
6220.66301656     1.68064e-16     
6226.18778589     2.01188e-16     
6231.71255523     1.9306e-16      
6237.23732456     1.90818e-16     
6242.76209389     1.76053e-16     
6248.28686322     1.72769e-16     
6253.81163256     1.73206e-16     
6259.33640189     1.7069e-16      
6264.86117122     1.77711e-16     
6270.38594055     1.88841e-16     
6275.91070989     1.84495e-16     
6281.43547922     1.77793e-16     
6286.96024855     1.94962e-16     
6292.48501788     1.99336e-16     
6298.00978722     1.8887e-16      
6303.53455655     1.97903e-16     
6309.05932588     1.91716e-16     
6314.58409521     1.80732e-16     
6320.10886455     1.99984e-16     
6325.63363388     1.94779e-16     
6331.15840321     1.96972e-16     
6336.68317254     1.96174e-16     
6342.20794188     1.9283e-16      
6347.73271121     1.83676e-16     
6353.25748054     1.80372e-16     
6358.78224987     1.96791e-16     
6364.30701921     2.00838e-16     
6369.83178854     1.87952e-16     
6375.35655787     1.94955e-16     
6380.8813272      1.90103e-16     
6386.40609654     1.96579e-16     
6391.93086587     2.13302e-16     
6397.4556352      2.00217e-16     
6402.98040453     1.87913e-16     
6408.50517387     2.06437e-16     
6414.0299432      1.9924e-16      
6419.55471253     1.87396e-16     
6425.07948186     1.74545e-16     
6430.6042512      1.95191e-16     
6436.12902053     2.00185e-16     
6441.65378986     1.83936e-16     
6447.17855919     1.83811e-16     
6452.70332853     1.80361e-16     
6458.22809786     1.59012e-16     
6463.75286719     1.69789e-16     
6469.27763653     1.56679e-16     
6474.80240586     1.63952e-16     
6480.32717519     1.79649e-16     
6485.85194452     1.73933e-16     
6491.37671386     1.87727e-16     
6496.90148319     1.97779e-16     
6502.42625252     1.84853e-16     
6507.95102185     1.80148e-16     
6513.47579119     1.82656e-16     
6519.00056052     1.85414e-16     
6524.52532985     1.94944e-16     
6530.05009918     2.01862e-16     
6535.57486852     1.77978e-16     
6541.09963785     1.79278e-16     
6546.62440718     1.9396e-16      
6552.14917651     1.87446e-16     
6557.67394585     1.95957e-16     
6563.19871518     1.81112e-16     
6568.72348451     1.94595e-16     
6574.24825384     1.9513e-16      
6579.77302318     1.975e-16       
6585.29779251     2.00554e-16     
6590.82256184     1.84585e-16     
6596.34733117     1.90997e-16     
6601.87210051     1.85242e-16     
6607.39686984     2.0435e-16      
6612.92163917     1.96758e-16     
6618.4464085      1.94652e-16     
6623.97117784     1.9646e-16      
6629.49594717     1.96137e-16     
6635.0207165      2.05115e-16     
6640.54548583     2.03461e-16     
6646.07025517     1.92507e-16     
6651.5950245      1.89784e-16     
6657.11979383     1.89255e-16     
6662.64456316     2.04287e-16     
6668.1693325      2.08012e-16     
6673.69410183     1.85065e-16     
6679.21887116     1.92503e-16     
6684.74364049     1.98105e-16     
6690.26840983     1.98432e-16     
6695.79317916     1.94736e-16     
6701.31794849     1.89469e-16     
6706.84271782     1.93176e-16     
6712.36748716     1.80482e-16     
6717.89225649     1.85141e-16     
6723.41702582     1.9727e-16      
6728.94179515     1.75441e-16     
6734.46656449     1.83958e-16     
6739.99133382     1.94406e-16     
6745.51610315     1.82851e-16     
6751.04087248     1.8885e-16      
6756.56564182     1.83083e-16     
6762.09041115     1.85483e-16     
6767.61518048     1.82546e-16     
6773.13994981     1.83347e-16     
6778.66471915     1.94317e-16     
6784.18948848     1.85191e-16     
6789.71425781     1.79133e-16     
6795.23902714     1.82965e-16     
6800.76379648     1.74364e-16     
6806.28856581     1.8576e-16      
6811.81333514     1.77774e-16     
6817.33810447     1.89423e-16     
6822.86287381     1.73469e-16     
6828.38764314     1.71467e-16     
6833.91241247     1.7919e-16      
6839.4371818      1.59103e-16     
6844.96195114     1.62845e-16     
6850.48672047     1.69592e-16     
6856.0114898      1.63972e-16     
6861.53625913     1.72186e-16     
6867.06102847     1.6217e-16      
6872.5857978      1.64512e-16     
6878.11056713     1.8356e-16      
6883.63533646     1.84051e-16     
6889.1601058      1.78105e-16     
6894.68487513     1.7506e-16      
6900.20964446     1.75052e-16     
6905.73441379     1.8244e-16      
6911.25918313     1.79682e-16     
6916.78395246     1.83648e-16     
6922.30872179     1.77022e-16     
6927.83349112     1.73071e-16     
6933.35826046     1.61223e-16     
6938.88302979     1.61951e-16     
6944.40779912     1.87817e-16     
6949.93256845     1.75771e-16     
6955.45733779     1.79033e-16     
6960.98210712     1.78116e-16     
6966.50687645     1.82906e-16     
6972.03164578     1.87656e-16     
6977.55641512     1.85397e-16     
6983.08118445     1.8858e-16      
6988.60595378     1.76824e-16     
6994.13072311     1.79795e-16     
6999.65549245     1.86065e-16     
7005.18026178     1.82457e-16     
7010.70503111     1.99112e-16     
7016.22980044     1.96606e-16     
7021.75456978     1.79854e-16     
7027.27933911     1.74285e-16     
7032.80410844     1.81845e-16     
7038.32887777     1.90811e-16     
7043.85364711     1.88986e-16     
7049.37841644     1.85886e-16     
7054.90318577     1.94368e-16     
7060.4279551      2.05369e-16     
7065.95272444     1.9265e-16      
7071.47749377     1.81348e-16     
7077.0022631      1.84601e-16     
7082.52703243     2.01088e-16     
7088.05180177     1.85137e-16     
7093.5765711      1.92333e-16     
7099.10134043     1.96811e-16     
7104.62610976     1.84656e-16     
7110.1508791      2.06386e-16     
7115.67564843     2.02063e-16     
7121.20041776     2.00397e-16     
7126.72518709     1.71439e-16     
7132.24995643     2.00255e-16     
7137.77472576     1.98205e-16     
7143.29949509     1.89181e-16     
7148.82426442     1.88509e-16     
7154.34903376     1.907e-16       
7159.87380309     1.83681e-16     
7165.39857242     1.72425e-16     
7170.92334175     1.88322e-16     
7176.44811109     1.86543e-16     
7181.97288042     1.63031e-16     
7187.49764975     1.73509e-16     
7193.02241908     1.77253e-16     
7198.54718842     1.69842e-16     
7204.07195775     1.80344e-16     
7209.59672708     1.95156e-16     
7215.12149641     1.96356e-16     
7220.64626575     1.93178e-16     
7226.17103508     2.01429e-16     
7231.69580441     1.88064e-16     
7237.22057374     1.67178e-16     
7242.74534308     1.87417e-16     
7248.27011241     1.71353e-16     
7253.79488174     1.80169e-16     
7259.31965107     1.92698e-16     
7264.84442041     1.66785e-16     
7270.36918974     1.74847e-16     
7275.89395907     1.95654e-16     
7281.4187284      1.82777e-16     
7286.94349774     1.76227e-16     
7292.46826707     1.66044e-16     
7297.9930364      1.68174e-16     
7303.51780573     1.81911e-16     
7309.04257507     1.81382e-16     
7314.5673444      1.66871e-16     
7320.09211373     1.73608e-16     
7325.61688306     1.7211e-16      
7331.1416524      1.91549e-16     
7336.66642173     2.05024e-16     
7342.19119106     1.83997e-16     
7347.71596039     1.78026e-16     
7353.24072973     1.6983e-16      
7358.76549906     1.71232e-16     
7364.29026839     1.83017e-16     
7369.81503772     1.93627e-16     
7375.33980706     1.90051e-16     
7380.86457639     1.69633e-16     
7386.38934572     1.85701e-16     
7391.91411505     1.96129e-16     
7397.43888439     1.90245e-16     
7402.96365372     1.61736e-16     
7408.48842305     1.65141e-16     
7414.01319239     1.86431e-16     
7419.53796172     1.87689e-16     
7425.06273105     1.93144e-16     
7430.58750038     2.01838e-16     
7436.11226972     1.88483e-16     
7441.63703905     1.69418e-16     
7447.16180838     1.76616e-16     
7452.68657771     1.86701e-16     
7458.21134705     1.86966e-16     
7463.73611638     1.79473e-16     
7469.26088571     1.89291e-16     
7474.78565504     1.83259e-16     
7480.31042438     1.94782e-16     
7485.83519371     1.93383e-16     
7491.35996304     1.89284e-16     
7496.88473237     1.95095e-16     
7502.40950171     1.78236e-16     
7507.93427104     1.84495e-16     
7513.45904037     1.87569e-16     
7518.9838097      1.94941e-16     
7524.50857904     2.00906e-16     
7530.03334837     1.96314e-16     
7535.5581177      1.91059e-16     
7541.08288703     1.83371e-16     
7546.60765637     1.86638e-16     
7552.1324257      1.85189e-16     
7557.65719503     1.9123e-16      
7563.18196436     1.89068e-16     
7568.7067337      1.88254e-16     
7574.23150303     1.91689e-16     
7579.75627236     1.94825e-16     
7585.28104169     2.13497e-16     
7590.80581103     2.17499e-16     
7596.33058036     2.24597e-16     
7601.85534969     1.91526e-16     
7607.38011902     1.48895e-16     
7612.90488836     1.60849e-16     
7618.42965769     1.83092e-16     
7623.95442702     1.92234e-16     
7629.47919635     1.80289e-16     
7635.00396569     1.8876e-16      
7640.52873502     1.7525e-16      
7646.05350435     1.59443e-16     
7651.57827368     1.85455e-16     
7657.10304302     1.74616e-16     
7662.62781235     1.68528e-16     
7668.15258168     1.64975e-16     
7673.67735101     1.61546e-16     
7679.20212035     1.84656e-16     
7684.72688968     1.93098e-16     
7690.25165901     2.00836e-16     
7695.77642834     1.93726e-16     
7701.30119768     1.89707e-16     
7706.82596701     1.86706e-16     
7712.35073634     1.96387e-16     
7717.87550567     2.0531e-16      
7723.40027501     2.43395e-16     
7728.92504434     2.09693e-16     
7734.44981367     1.88814e-16     
7739.974583       1.83594e-16     
7745.49935234     2.01273e-16     
7751.02412167     1.92925e-16     
7756.548891       1.93905e-16     
7762.07366033     2.18091e-16     
7767.59842967     1.8506e-16      
7773.123199       1.62288e-16     
7778.64796833     1.74542e-16     
7784.17273766     1.67543e-16     
7789.697507       1.86565e-16     
7795.22227633     1.98359e-16     
7800.74704566     1.69181e-16     
7806.27181499     1.68516e-16     
7811.79658433     1.59779e-16     
7817.32135366     1.57287e-16     
7822.84612299     1.77765e-16     
7828.37089232     1.76319e-16     
7833.89566166     1.79114e-16     
7839.42043099     1.58806e-16     
7844.94520032     1.7066e-16      
7850.46996965     1.59165e-16     
7855.99473899     1.70569e-16     
7861.51950832     1.8922e-16      
7867.04427765     1.6661e-16      
7872.56904698     1.86215e-16     
7878.09381632     1.61903e-16     
7883.61858565     1.65347e-16     
7889.14335498     1.62041e-16     
7894.66812431     1.77574e-16     
7900.19289365     1.92984e-16     
7905.71766298     1.80159e-16     
7911.24243231     1.74024e-16     
7916.76720164     1.63401e-16     
7922.29197098     1.66256e-16     
7927.81674031     1.77966e-16     
7933.34150964     1.94259e-16     
7938.86627897     1.87233e-16     
7944.39104831     1.86721e-16     
7949.91581764     1.80845e-16     
7955.44058697     1.75355e-16     
7960.9653563      1.71998e-16     
7966.49012564     2.10481e-16     
7972.01489497     2.09532e-16     
7977.5396643      1.84774e-16     
7983.06443363     1.95e-16        
7988.58920297     1.58087e-16     
7994.1139723      1.76719e-16     
7999.63874163     1.74111e-16     
8005.16351096     1.95518e-16     
8010.6882803      2.02852e-16     
8016.21304963     1.78946e-16     
8021.73781896     1.80536e-16     
8027.26258829     1.86237e-16     
8032.78735763     1.89967e-16     
8038.31212696     2.00585e-16     
8043.83689629     2.02124e-16     
8049.36166562     1.7979e-16      
8054.88643496     1.72679e-16     
8060.41120429     1.90009e-16     
8065.93597362     1.8323e-16      
8071.46074295     1.92985e-16     
8076.98551229     2.09528e-16     
8082.51028162     2.2212e-16      
8088.03505095     1.98479e-16     
8093.55982028     1.96606e-16     
8099.08458962     1.95895e-16     
8104.60935895     1.94286e-16     
8110.13412828     2.01997e-16     
8115.65889761     2.00821e-16     
8121.18366695     1.94409e-16     
8126.70843628     1.94779e-16     
8132.23320561     1.854e-16       
8137.75797494     1.69353e-16     
8143.28274428     1.88783e-16     
8148.80751361     2.01013e-16     
8154.33228294     2.03584e-16     
8159.85705227     2.12478e-16     
8165.38182161     1.8609e-16      
8170.90659094     1.70899e-16     
8176.43136027     1.87442e-16     
8181.9561296      2.01038e-16     
8187.48089894     2.05948e-16     
8193.00566827     1.99026e-16     
8198.5304376      1.95804e-16     
8204.05520693     1.79493e-16     
8209.57997627     1.87361e-16     
8215.1047456      2.16646e-16     
8220.62951493     2.24819e-16     
8226.15428426     1.98819e-16     
8231.6790536      2.07613e-16     
8237.20382293     1.71027e-16     
8242.72859226     1.77724e-16     
8248.25336159     1.74881e-16     
8253.77813093     2.04135e-16     
8259.30290026     2.16652e-16     
8264.82766959     2.20588e-16     
8270.35243892     2.14996e-16     
8275.87720826     2.16559e-16     
8281.40197759     1.92559e-16     
8286.92674692     1.86325e-16     
8292.45151625     2.13753e-16     
8297.97628559     2.23445e-16     
8303.50105492     2.06603e-16     
8309.02582425     2.10725e-16     
8314.55059358     1.89719e-16     
8320.07536292     1.70915e-16     
8325.60013225     2.01302e-16     
8331.12490158     2.02705e-16     
8336.64967092     2.08891e-16     
8342.17444025     2.08832e-16     
8347.69920958     1.75183e-16     
8353.22397891     1.77489e-16     
8358.74874825     1.80271e-16     
8364.27351758     1.98762e-16     
8369.79828691     1.95171e-16     
8375.32305624     2.02745e-16     
8380.84782558     1.86636e-16     
8386.37259491     1.94788e-16     
8391.89736424     1.71915e-16     
8397.42213357     1.7856e-16      
8402.94690291     1.87716e-16     
8408.47167224     2.16067e-16     
8413.99644157     2.09309e-16     
8419.5212109      1.73088e-16     
8425.04598024     1.63967e-16     
8430.57074957     1.63502e-16     
8436.0955189      1.71296e-16     
8441.62028823     1.99551e-16     
8447.14505757     2.06197e-16     
8452.6698269      2.04812e-16     
8458.19459623     1.74061e-16     
8463.71936556     1.74361e-16     
8469.2441349      1.72904e-16     
8474.76890423     1.67119e-16     
8480.29367356     1.97097e-16     
8485.81844289     2.04756e-16     
8491.34321223     2.093e-16       
8496.86798156     2.02095e-16     
8502.39275089     1.89515e-16     
8507.91752022     1.71797e-16     
8513.44228956     2.01516e-16     
8518.96705889     2.03672e-16     
8524.49182822     1.94332e-16     
8530.01659755     1.98445e-16     
8535.54136689     1.9201e-16      
8541.06613622     1.72358e-16     
8546.59090555     1.78921e-16     
8552.11567488     1.76071e-16     
8557.64044422     2.18952e-16     
8563.16521355     1.98599e-16     
8568.68998288     1.85572e-16     
8574.21475221     1.85991e-16     
8579.73952155     1.75622e-16     
8585.26429088     1.63886e-16     
8590.78906021     1.89412e-16     
8596.31382954     1.99456e-16     
8601.83859888     1.8804e-16      
8607.36336821     1.96466e-16     
8612.88813754     1.91911e-16     
8618.41290687     1.88392e-16     
8623.93767621     1.80538e-16     
8629.46244554     1.87567e-16     
8634.98721487     2.19641e-16     
8640.5119842      2.15399e-16     
8646.03675354     2.0392e-16      
8651.56152287     1.814e-16       
8657.0862922      1.80954e-16     
8662.61106153     1.92565e-16     
8668.13583087     2.02705e-16     
8673.6606002      2.0017e-16      
8679.18536953     2.08558e-16     
8684.71013886     1.88496e-16     
8690.2349082      2.04164e-16     
8695.75967753     1.67111e-16     
8701.28444686     1.51189e-16     
8706.80921619     1.91836e-16     
8712.33398553     2.11282e-16     
8717.85875486     1.87019e-16     
8723.38352419     1.64707e-16     
8728.90829352     1.54409e-16     
8734.43306286     1.65406e-16     
8739.95783219     1.73181e-16     
8745.48260152     1.8369e-16      
8751.00737085     2.14937e-16     
8756.53214019     2.18653e-16     
8762.05690952     1.74274e-16     
8767.58167885     1.76558e-16     
8773.10644818     1.45811e-16     
8778.63121752     1.49925e-16     
8784.15598685     2.0168e-16      
8789.68075618     2.11396e-16     
8795.20552551     1.90875e-16     
8800.73029485     2.03481e-16     
8806.25506418     1.82422e-16     
8811.77983351     1.67652e-16     
8817.30460284     1.92933e-16     
8822.82937218     1.94121e-16     
8828.35414151     2.62605e-16     
8833.87891084     2.18492e-16     
8839.40368017     2.06114e-16     
8844.92844951     1.84675e-16     
8850.45321884     1.82337e-16     
8855.97798817     2.08498e-16     
8861.5027575      2.13203e-16     
8867.02752684     2.19576e-16     
8872.55229617     1.8856e-16      
8878.0770655      2.02947e-16     
8883.60183483     1.6962e-16      
8889.12660417     1.51943e-16     
8894.6513735      1.84692e-16     
8900.17614283     2.11e-16        
8905.70091216     2.01782e-16     
8911.2256815      1.744e-16       
8916.75045083     1.84062e-16     
8922.27522016     1.57863e-16     
8927.79998949     1.82031e-16     
8933.32475883     1.80329e-16     
8938.84952816     2.19967e-16     
8944.37429749     2.002e-16       
8949.89906682     1.83461e-16     
8955.42383616     1.81381e-16     
8960.94860549     1.86722e-16     
8966.47337482     2.01057e-16     
8971.99814415     1.82457e-16     
8977.52291349     1.7231e-16      
8983.04768282     1.84939e-16     
8988.57245215     1.8141e-16      
8994.09722148     1.31321e-16     
8999.62199082     1.62218e-16     
9005.14676015     1.86329e-16     
9010.67152948     1.73176e-16     
9016.19629881     1.76122e-16     
9021.72106815     1.58458e-16     
9027.24583748     1.42712e-16     
9032.77060681     1.92107e-16     
9038.29537614     1.6998e-16      
9043.82014548     2.32514e-16     
9049.34491481     1.92463e-16     
9054.86968414     1.63728e-16     
9060.39445347     1.78645e-16     
9065.91922281     1.81473e-16     
9071.44399214     2.00666e-16     
9076.96876147     2.04306e-16     
9082.4935308      1.96597e-16     
9088.01830014     1.31611e-16     
9093.54306947     1.07534e-16     
9099.0678388      1.36942e-16     
9104.59260813     1.8645e-16      
9110.11737747     1.85383e-16     
9115.6421468      1.47597e-16     
9121.16691613     1.59897e-16     
9126.69168546     1.61711e-16     
9132.2164548      1.69623e-16     
9137.74122413     1.72955e-16     
9143.26599346     1.60002e-16     
9148.79076279     1.535e-16       
9154.31553213     1.53345e-16     
9159.84030146     1.63875e-16     
9165.36507079     1.62393e-16     
9170.88984012     1.59943e-16     
9176.41460946     1.52079e-16     
9181.93937879     1.5672e-16      
9187.46414812     1.55634e-16     
9192.98891745     1.96963e-16     
9198.51368679     1.81414e-16     
9204.03845612     2.04862e-16     
9209.56322545     1.68388e-16     
9215.08799478     1.40826e-16     
9220.61276412     1.76873e-16     
9226.13753345     1.68548e-16     
9231.66230278     2.01687e-16     
9237.18707211     1.54948e-16     
9242.71184145     1.62529e-16     
9248.23661078     1.60024e-16     
9253.76138011     1.35034e-16     
9259.28614944     1.1369e-16      
9264.81091878     1.59433e-16     
9270.33568811     1.41708e-16     
