3649.80761719  0.
3655.32432461035  3.545404E-17
3660.8410320307  4.323059E-17
3666.35773945105  2.808860E-17
3671.8744468714  5.212634E-17
3677.39115429175  4.433360E-17
3682.9078617121  5.010094E-17
3688.42456913245  4.205080E-17
3693.9412765528  2.868371E-17
3699.45798397315  2.724753E-17
3704.9746913935  3.282665E-17
3710.49139881385  3.810495E-17
3716.0081062342  3.804545E-17
3721.52481365455  5.978681E-17
3727.0415210749  1.711198E-17
3732.55822849525  3.579923E-17
3738.0749359156  4.481275E-17
3743.59164333595  4.608417E-17
3749.1083507563  4.160512E-17
3754.62505817665  4.791311E-17
3760.141765597  4.574660E-17
3765.65847301735  3.797890E-17
3771.1751804377  3.801479E-17
3776.69188785805  3.001254E-17
3782.2085952784  4.130117E-17
3787.72530269875  3.605563E-17
3793.2420101191  2.692458E-17
3798.75871753945  4.253574E-17
3804.2754249598  5.401826E-17
3809.79213238015  8.419369E-17
3815.3088398005  7.108938E-17
3820.82554722085  6.304936E-17
3826.3422546412  6.874427E-17
3831.85896206155  4.941130E-17
3837.3756694819  2.995138E-17
3842.89237690225  4.038651E-17
3848.4090843226  4.879717E-17
3853.92579174295  5.659069E-17
3859.4424991633  5.026139E-17
3864.95920658365  5.464965E-17
3870.475914004  4.010719E-17
3875.99262142435  4.574802E-17
3881.5093288447  5.345588E-17
3887.02603626505  4.641796E-17
3892.5427436854  4.873310E-17
3898.05945110575  5.411046E-17
3903.5761585261  5.399698E-17
3909.09286594645  4.561855E-17
3914.6095733668  5.341346E-17
3920.12628078715  5.113514E-17
3925.6429882075  4.633677E-17
3931.15969562785  4.079306E-17
3936.6764030482  5.145167E-17
3942.19311046855  4.049620E-17
3947.7098178889  5.208849E-17
3953.22652530925  5.639608E-17
3958.7432327296  5.120613E-17
3964.25994014995  5.929805E-17
3969.7766475703  5.499378E-17
3975.29335499065  4.616380E-17
3980.810062411  4.115448E-17
3986.32676983135  4.577543E-17
3991.8434772517  4.823639E-17
3997.36018467205  4.205586E-17
4002.8768920924  4.477082E-17
4008.39359951275  5.427521E-17
4013.9103069331  4.881953E-17
4019.42701435345  5.122271E-17
4024.9437217738  5.229207E-17
4030.46042919415  5.212770E-17
4035.9771366145  4.670836E-17
4041.49384403485  5.518995E-17
4047.0105514552  4.868453E-17
4052.52725887555  5.271106E-17
4058.0439662959  6.051217E-17
4063.56067371625  5.137806E-17
4069.0773811366  4.884313E-17
4074.59408855695  4.699336E-17
4080.1107959773  6.057262E-17
4085.62750339765  5.943291E-17
4091.144210818  6.239718E-17
4096.66091823835  6.305189E-17
4102.1776256587  6.360165E-17
4107.69433307905  5.679063E-17
4113.2110404994  6.595392E-17
4118.72774791975  5.904830E-17
4124.2444553401  6.193716E-17
4129.76116276045  6.632717E-17
4135.2778701808  6.573024E-17
4140.79457760115  5.863940E-17
4146.3112850215  5.025102E-17
4151.82799244185  5.932764E-17
4157.3446998622  6.125778E-17
4162.86140728255  6.248216E-17
4168.3781147029  6.589968E-17
4173.89482212325  5.990676E-17
4179.4115295436  5.830129E-17
4184.92823696395  6.222459E-17
4190.4449443843  6.029158E-17
4195.96165180465  5.927826E-17
4201.478359225  6.381510E-17
4206.99506664535  5.788906E-17
4212.5117740657  6.262113E-17
4218.02848148605  6.259578E-17
4223.5451889064  6.415266E-17
4229.06189632675  6.132554E-17
4234.5786037471  5.632976E-17
4240.09531116745  5.953717E-17
4245.6120185878  5.929952E-17
4251.12872600815  6.267741E-17
4256.6454334285  6.713440E-17
4262.16214084885  5.442292E-17
4267.6788482692  6.616843E-17
4273.19555568955  6.272791E-17
4278.7122631099  6.371706E-17
4284.22897053025  5.995410E-17
4289.7456779506  6.282022E-17
4295.26238537095  6.386258E-17
4300.7790927913  6.910761E-17
4306.29580021165  6.240450E-17
4311.812507632  6.033102E-17
4317.32921505235  6.352206E-17
4322.8459224727  6.169349E-17
4328.36262989305  6.192566E-17
4333.8793373134  5.827387E-17
4339.39604473375  5.792313E-17
4344.9127521541  5.915526E-17
4350.42945957445  6.131018E-17
4355.9461669948  6.154846E-17
4361.46287441516  6.722634E-17
4366.9795818355  6.294116E-17
4372.49628925585  5.839039E-17
4378.0129966762  6.125676E-17
4383.52970409655  6.329687E-17
4389.0464115169  5.681003E-17
4394.56311893725  5.258106E-17
4400.0798263576  5.330818E-17
4405.59653377795  5.037588E-17
4411.1132411983  4.666598E-17
4416.62994861865  4.875417E-17
4422.146656039  5.906515E-17
4427.66336345935  5.191485E-17
4433.1800708797  6.038141E-17
4438.69677830005  5.687842E-17
4444.2134857204  6.063167E-17
4449.73019314075  6.334226E-17
4455.2469005611  6.502772E-17
4460.76360798145  5.747919E-17
4466.2803154018  6.134565E-17
4471.79702282215  6.513042E-17
4477.3137302425  6.650309E-17
4482.83043766285  5.829284E-17
4488.3471450832  5.678981E-17
4493.86385250355  5.783246E-17
4499.3805599239  5.760919E-17
4504.89726734425  5.972168E-17
4510.41397476461  6.668470E-17
4515.93068218495  5.963423E-17
4521.4473896053  6.600240E-17
4526.96409702565  6.897696E-17
4532.480804446  6.431556E-17
4537.99751186635  6.370915E-17
4543.5142192867  6.524972E-17
4549.03092670705  6.077695E-17
4554.5476341274  6.072789E-17
4560.06434154775  5.884677E-17
4565.5810489681  6.846116E-17
4571.09775638845  6.756398E-17
4576.6144638088  6.230528E-17
4582.13117122915  6.200499E-17
4587.6478786495  6.208106E-17
4593.16458606985  5.683984E-17
4598.6812934902  5.084149E-17
4604.19800091055  6.653002E-17
4609.7147083309  6.616854E-17
4615.23141575125  5.771727E-17
4620.7481231716  5.699697E-17
4626.26483059195  5.853299E-17
4631.7815380123  5.532570E-17
4637.29824543265  5.981122E-17
4642.814952853  6.351244E-17
4648.33166027335  5.561152E-17
4653.8483676937  6.516001E-17
4659.36507511406  5.687659E-17
4664.8817825344  6.159196E-17
4670.39848995475  5.379211E-17
4675.9151973751  6.198279E-17
4681.43190479545  5.840017E-17
4686.9486122158  6.103874E-17
4692.46531963615  6.618862E-17
4697.9820270565  6.122972E-17
4703.49873447685  6.879954E-17
4709.0154418972  6.204911E-17
4714.53214931755  5.975328E-17
4720.04885673791  6.386910E-17
4725.56556415825  6.196765E-17
4731.0822715786  6.519172E-17
4736.59897899895  6.836668E-17
4742.1156864193  7.835697E-17
4747.63239383965  6.999757E-17
4753.14910126  6.781831E-17
4758.66580868035  6.515205E-17
4764.1825161007  7.079570E-17
4769.69922352105  6.781370E-17
4775.2159309414  6.365754E-17
4780.73263836175  6.432959E-17
4786.2493457821  6.106158E-17
4791.76605320245  6.411197E-17
4797.2827606228  6.635681E-17
4802.79946804315  6.230323E-17
4808.3161754635  6.319190E-17
4813.83288288385  6.201417E-17
4819.3495903042  6.660235E-17
4824.86629772455  6.354592E-17
4830.3830051449  6.151663E-17
4835.89971256525  6.611099E-17
4841.4164199856  6.721697E-17
4846.93312740595  5.728273E-17
4852.4498348263  6.184780E-17
4857.96654224665  6.486222E-17
4863.483249667  6.374096E-17
4868.99995708736  6.325526E-17
4874.5166645077  6.080057E-17
4880.03337192805  5.713466E-17
4885.5500793484  6.134659E-17
4891.06678676875  5.658824E-17
4896.5834941891  6.137756E-17
4902.10020160945  6.281152E-17
4907.6169090298  6.046748E-17
4913.13361645015  6.503275E-17
4918.6503238705  7.385809E-17
4924.16703129085  6.543221E-17
4929.6837387112  6.221274E-17
4935.20044613155  6.149256E-17
4940.7171535519  6.007669E-17
4946.23386097225  6.066324E-17
4951.7505683926  6.104129E-17
4957.26727581295  5.900128E-17
4962.7839832333  6.003806E-17
4968.30069065365  6.358984E-17
4973.81739807401  6.713143E-17
4979.33410549435  6.831214E-17
4984.8508129147  7.346229E-17
4990.36752033505  7.066163E-17
4995.8842277554  7.015880E-17
5001.40093517575  5.926579E-17
5006.9176425961  6.009776E-17
5012.43435001645  5.785586E-17
5017.95105743681  5.255048E-17
5023.46776485715  6.110764E-17
5028.9844722775  6.157063E-17
5034.50117969785  5.760851E-17
5040.0178871182  6.247620E-17
5045.53459453855  6.230961E-17
5051.0513019589  6.419368E-17
5056.56800937925  5.877966E-17
5062.08471679961  6.616068E-17
5067.60142421995  6.598187E-17
5073.11813164031  6.655814E-17
5078.63483906065  6.883543E-17
5084.15154648101  7.398033E-17
5089.66825390136  6.766050E-17
5095.1849613217  6.338420E-17
5100.70166874205  5.857188E-17
5106.2183761624  5.589672E-17
5111.73508358275  6.536136E-17
5117.2517910031  7.809535E-17
5122.76849842345  8.592373E-17
5128.28520584381  8.653692E-17
5133.80191326416  7.855510E-17
5139.3186206845  8.297731E-17
5144.83532810486  7.333741E-17
5150.3520355252  6.127160E-17
5155.86874294556  6.281975E-17
5161.3854503659  5.993856E-17
5166.90215778626  6.473436E-17
5172.4188652066  6.543673E-17
5177.93557262696  6.530161E-17
5183.4522800473  5.861664E-17
5188.96898746765  6.063152E-17
5194.48569488801  6.008842E-17
5200.00240230836  5.880354E-17
5205.51910972871  5.893383E-17
5211.03581714906  6.065979E-17
5216.55252456941  6.305680E-17
5222.06923198976  6.396480E-17
5227.58593941011  6.590796E-17
5233.10264683046  5.872415E-17
5238.6193542508  6.025426E-17
5244.13606167115  5.991708E-17
5249.6527690915  6.213331E-17
5255.16947651185  5.880923E-17
5260.68618393221  6.104545E-17
5266.20289135255  5.417926E-17
5271.7195987729  5.736389E-17
5277.23630619326  5.580679E-17
5282.75301361361  5.273116E-17
5288.26972103396  5.749865E-17
5293.78642845431  5.692172E-17
5299.30313587465  5.718550E-17
5304.81984329501  6.054005E-17
5310.33655071535  6.260918E-17
5315.85325813571  6.240442E-17
5321.36996555605  5.735269E-17
5326.8866729764  6.011008E-17
5332.40338039676  6.209117E-17
5337.92008781711  5.587379E-17
5343.43679523745  5.938636E-17
5348.95350265781  6.379677E-17
5354.47021007816  6.230547E-17
5359.98691749851  6.119795E-17
5365.50362491885  6.179040E-17
5371.02033233921  6.281218E-17
5376.53703975955  6.596630E-17
5382.0537471799  6.260117E-17
5387.57045460025  6.203252E-17
5393.0871620206  6.152566E-17
5398.60386944095  5.822696E-17
5404.1205768613  6.338474E-17
5409.63728428166  6.092203E-17
5415.153991702  6.385856E-17
5420.67069912235  6.152712E-17
5426.18740654271  5.908792E-17
5431.70411396306  5.652057E-17
5437.22082138341  6.922146E-17
5442.73752880376  6.272296E-17
5448.2542362241  6.204864E-17
5453.77094364446  6.405697E-17
5459.28765106481  5.924495E-17
5464.80435848516  5.986229E-17
5470.32106590551  5.519906E-17
5475.83777332586  6.684389E-17
5481.35448074621  6.492911E-17
5486.87118816656  6.237430E-17
5492.38789558691  6.630567E-17
5497.90460300726  6.426409E-17
5503.42131042761  6.263466E-17
5508.93801784796  5.904771E-17
5514.45472526831  6.022670E-17
5519.97143268866  5.434069E-17
5525.48814010901  5.833784E-17
5531.00484752936  5.732440E-17
5536.52155494971  5.542168E-17
5542.03826237006  6.337145E-17
5547.55496979041  6.008914E-17
5553.07167721076  5.946437E-17
5558.58838463111  6.379104E-17
5564.10509205146  6.639871E-17
5569.62179947181  6.811918E-17
5575.13850689216  6.098022E-17
5580.65521431251  6.387252E-17
5586.17192173286  5.496764E-17
5591.6886291532  6.223022E-17
5597.20533657355  6.009144E-17
5602.72204399391  6.113971E-17
5608.23875141425  5.698497E-17
5613.75545883461  6.080170E-17
5619.27216625495  5.889896E-17
5624.7888736753  6.343742E-17
5630.30558109566  5.749451E-17
5635.82228851601  6.273597E-17
5641.33899593636  5.860289E-17
5646.85570335671  5.687749E-17
5652.37241077706  5.467829E-17
5657.88911819741  6.293467E-17
5663.40582561775  6.187095E-17
5668.92253303811  5.867892E-17
5674.43924045846  5.906822E-17
5679.9559478788  5.560168E-17
5685.47265529916  5.737941E-17
5690.9893627195  5.719277E-17
5696.50607013986  5.481847E-17
5702.02277756021  5.791506E-17
5707.53948498056  5.551457E-17
5713.05619240091  5.539034E-17
5718.57289982125  5.491704E-17
5724.08960724161  5.562627E-17
5729.60631466196  5.818310E-17
5735.1230220823  5.729286E-17
5740.63972950265  5.851476E-17
5746.15643692301  5.632751E-17
5751.67314434336  5.849138E-17
5757.18985176371  5.692386E-17
5762.70655918406  5.461635E-17
5768.22326660441  5.620512E-17
5773.73997402475  5.582221E-17
5779.25668144511  5.349081E-17
5784.77338886546  5.907026E-17
5790.29009628581  5.666376E-17
5795.80680370616  5.980230E-17
5801.32351112651  6.513436E-17
5806.84021854685  5.930983E-17
5812.35692596721  5.684304E-17
5817.87363338756  5.564138E-17
5823.39034080791  6.056295E-17
5828.90704822825  6.418605E-17
5834.42375564861  5.639539E-17
5839.94046306895  6.046553E-17
5845.45717048931  6.085181E-17
5850.97387790966  6.253723E-17
5856.49058533001  5.589021E-17
5862.00729275036  5.946486E-17
5867.52400017071  5.794630E-17
5873.04070759106  5.590802E-17
5878.55741501141  5.717250E-17
5884.07412243176  5.551291E-17
5889.59082985211  6.131834E-17
5895.10753727246  6.029236E-17
5900.62424469281  5.451352E-17
5906.14095211316  4.930303E-17
5911.65765953351  5.495382E-17
5917.17436695386  6.002312E-17
5922.69107437421  6.027919E-17
5928.20778179456  5.412013E-17
5933.72448921491  5.587651E-17
5939.24119663526  5.771452E-17
5944.7579040556  5.954239E-17
5950.27461147596  5.897070E-17
5955.7913188963  5.774535E-17
5961.30802631666  5.607049E-17
5966.82473373701  6.025877E-17
5972.34144115736  6.577112E-17
5977.8581485777  5.678394E-17
5983.37485599806  6.096349E-17
5988.8915634184  6.082810E-17
5994.40827083876  5.412185E-17
5999.92497825911  5.757900E-17
6005.44168567946  5.873503E-17
6010.95839309981  5.787865E-17
6016.47510052016  5.962872E-17
6021.99180794051  5.759311E-17
6027.50851536086  5.946067E-17
6033.0252227812  5.782563E-17
6038.54193020156  5.997805E-17
6044.05863762191  5.674414E-17
6049.57534504226  5.818129E-17
6055.09205246261  5.913995E-17
6060.60875988296  5.646870E-17
6066.12546730331  5.579615E-17
6071.64217472366  5.520743E-17
6077.15888214401  5.687646E-17
6082.67558956436  5.575969E-17
6088.19229698471  5.512444E-17
6093.70900440506  5.734589E-17
6099.22571182541  5.766872E-17
6104.74241924576  5.953947E-17
6110.25912666611  5.856566E-17
6115.77583408646  5.713388E-17
6121.29254150681  5.927967E-17
6126.80924892715  5.342193E-17
6132.32595634751  5.542349E-17
6137.84266376785  5.401082E-17
6143.35937118821  5.387314E-17
6148.87607860856  5.241740E-17
6154.39278602891  5.377829E-17
6159.90949344926  6.096190E-17
6165.42620086961  5.713866E-17
6170.94290828996  5.133739E-17
6176.45961571031  5.274056E-17
6181.97632313066  5.424242E-17
6187.49303055101  5.746706E-17
6193.00973797136  5.522170E-17
6198.52644539171  5.850333E-17
6204.04315281206  5.850643E-17
6209.55986023241  5.691527E-17
6215.07656765276  5.637197E-17
6220.59327507311  5.721839E-17
6226.10998249346  5.777603E-17
6231.62668991381  5.764916E-17
6237.14339733416  5.932423E-17
6242.66010475451  5.928024E-17
6248.17681217486  5.857740E-17
6253.69351959521  5.733680E-17
6259.21022701556  5.106438E-17
6264.72693443591  5.135073E-17
6270.24364185626  5.821665E-17
6275.76034927661  5.220652E-17
6281.27705669696  5.528278E-17
6286.79376411731  5.525546E-17
6292.31047153766  4.978253E-17
6297.82717895801  5.527152E-17
6303.34388637836  5.446492E-17
6308.86059379871  5.893211E-17
6314.37730121906  6.089222E-17
6319.89400863941  5.472455E-17
6325.41071605976  5.403642E-17
6330.9274234801  5.199971E-17
6336.44413090046  5.374076E-17
6341.96083832081  5.314041E-17
6347.47754574116  5.342860E-17
6352.99425316151  5.212827E-17
6358.51096058186  4.700783E-17
6364.02766800221  5.090015E-17
6369.54437542256  5.043328E-17
6375.06108284291  5.358483E-17
6380.57779026326  5.208009E-17
6386.09449768361  5.253189E-17
6391.61120510396  5.791967E-17
6397.12791252431  5.961185E-17
6402.64461994466  5.791168E-17
6408.16132736501  5.498673E-17
6413.67803478536  5.433454E-17
6419.19474220571  5.400646E-17
6424.71144962606  5.975622E-17
6430.22815704641  5.393976E-17
6435.74486446676  5.262496E-17
6441.26157188711  5.468383E-17
6446.77827930746  5.149920E-17
6452.29498672781  5.516405E-17
6457.81169414816  5.488877E-17
6463.32840156851  5.206726E-17
6468.84510898886  5.197858E-17
6474.36181640921  5.283579E-17
6479.87852382956  4.729499E-17
6485.39523124991  4.924944E-17
6490.91193867026  5.303065E-17
6496.42864609061  4.889121E-17
6501.94535351096  4.717482E-17
6507.46206093131  5.214389E-17
6512.97876835166  5.646328E-17
6518.49547577201  5.349114E-17
6524.01218319236  5.201582E-17
6529.52889061271  4.773394E-17
6535.04559803306  4.679995E-17
6540.56230545341  5.276142E-17
6546.07901287376  5.169637E-17
6551.59572029411  5.092084E-17
6557.11242771446  5.230455E-17
6562.62913513481  4.991443E-17
6568.14584255516  5.193849E-17
6573.66254997551  5.029789E-17
6579.17925739586  5.176867E-17
6584.69596481621  5.042683E-17
6590.21267223656  5.413560E-17
6595.72937965691  4.839126E-17
6601.24608707726  4.667320E-17
6606.76279449761  4.981120E-17
6612.27950191796  5.317852E-17
6617.79620933831  5.252627E-17
6623.31291675866  5.434136E-17
6628.82962417901  5.109174E-17
6634.34633159936  5.515071E-17
6639.86303901971  4.866364E-17
6645.37974644006  5.356084E-17
6650.89645386041  5.196392E-17
6656.41316128076  4.949939E-17
6661.92986870111  5.425705E-17
6667.44657612146  5.262479E-17
6672.96328354181  4.588428E-17
6678.47999096216  4.482330E-17
6683.99669838251  4.634237E-17
6689.51340580286  4.882627E-17
6695.03011322321  5.529168E-17
6700.54682064356  6.601728E-17
6706.06352806391  8.679372E-17
6711.58023548426  1.028790E-16
6717.09694290461  1.055288E-16
6722.61365032496  1.120311E-16
6728.13035774531  1.177582E-16
6733.64706516566  1.051527E-16
6739.16377258601  7.569566E-17
6744.68048000636  6.341499E-17
6750.19718742671  6.137632E-17
6755.71389484706  5.753499E-17
6761.23060226741  5.575546E-17
6766.74730968776  4.719567E-17
6772.26401710811  5.347925E-17
6777.78072452846  5.394451E-17
6783.29743194881  5.248610E-17
6788.81413936916  4.925509E-17
6794.33084678951  5.094007E-17
6799.84755420986  5.475268E-17
6805.36426163021  5.049978E-17
6810.88096905056  5.008736E-17
6816.39767647091  5.480850E-17
6821.91438389126  5.740266E-17
6827.43109131161  4.898984E-17
6832.94779873196  4.428927E-17
6838.46450615231  4.948944E-17
6843.98121357266  5.215722E-17
6849.49792099301  5.061241E-17
6855.01462841336  4.851490E-17
6860.53133583371  5.096687E-17
6866.04804325406  5.465900E-17
6871.56475067441  5.815489E-17
6877.08145809476  6.146433E-17
6882.59816551511  5.934656E-17
6888.11487293546  5.925084E-17
6893.63158035581  5.928427E-17
6899.14828777616  5.426246E-17
6904.66499519651  5.457432E-17
6910.18170261686  4.785539E-17
6915.69841003721  4.237477E-17
6921.21511745756  5.419962E-17
6926.73182487791  4.250459E-17
6932.24853229826  5.353776E-17
6937.76523971861  4.922905E-17
6943.28194713896  4.341941E-17
6948.79865455931  4.828732E-17
6954.31536197966  4.723974E-17
6959.83206940001  4.713573E-17
6965.34877682036  4.799680E-17
6970.86548424071  4.245307E-17
6976.38219166106  4.731440E-17
6981.89889908141  4.900671E-17
6987.41560650176  5.132134E-17
6992.93231392211  4.994859E-17
6998.44902134246  4.469915E-17
7003.96572876281  4.748579E-17
7009.48243618316  4.670285E-17
7014.99914360351  4.562232E-17
7020.51585102386  4.684880E-17
7026.03255844421  4.776165E-17
7031.54926586456  4.681545E-17
7037.06597328491  4.990620E-17
7042.58268070526  4.737498E-17
7048.09938812561  4.478190E-17
7053.61609554596  5.167706E-17
7059.13280296631  4.986804E-17
7064.64951038666  4.841665E-17
7070.16621780701  4.871791E-17
7075.68292522736  4.961856E-17
7081.19963264771  4.920190E-17
7086.71634006806  4.894906E-17
7092.23304748841  4.645915E-17
7097.74975490876  4.885425E-17
7103.26646232911  4.442824E-17
7108.78316974946  4.806573E-17
7114.29987716981  5.123195E-17
7119.81658459016  5.338562E-17
7125.33329201051  5.378411E-17
7130.84999943086  4.254098E-17
7136.36670685121  4.941610E-17
7141.88341427156  5.127523E-17
7147.40012169191  4.850558E-17
7152.91682911226  4.630335E-17
7158.43353653261  4.739224E-17
7163.95024395296  4.278521E-17
7169.46695137331  4.381373E-17
7174.98365879366  4.417260E-17
7180.50036621401  3.994411E-17
7186.01707363436  4.055115E-17
7191.53378105471  4.121144E-17
7197.05048847506  4.064551E-17
7202.56719589541  4.303799E-17
7208.08390331576  4.360664E-17
7213.60061073611  4.471303E-17
7219.11731815646  4.688078E-17
7224.63402557681  4.321383E-17
7230.15073299716  4.991298E-17
7235.66744041751  3.573425E-17
7241.18414783786  3.460467E-17
7246.70085525821  3.685638E-17
7252.21756267856  4.343139E-17
7257.73427009891  3.925922E-17
7263.25097751926  4.664767E-17
7268.76768493961  4.952679E-17
7274.28439235996  4.749251E-17
7279.80109978031  5.252955E-17
7285.31780720066  4.419376E-17
7290.83451462101  4.827910E-17
7296.35122204136  4.936504E-17
7301.86792946171  4.263661E-17
7307.38463688206  4.431343E-17
7312.90134430241  4.927535E-17
7318.41805172276  4.204656E-17
7323.93475914311  3.597338E-17
7329.45146656346  4.764990E-17
7334.96817398381  5.167175E-17
7340.48488140416  4.225460E-17
7346.00158882451  4.642289E-17
7351.51829624486  4.779743E-17
7357.03500366521  4.941748E-17
7362.55171108556  4.851377E-17
7368.06841850591  5.039668E-17
7373.58512592626  4.335530E-17
7379.10183334661  4.081401E-17
7384.61854076696  5.067150E-17
7390.13524818731  5.016277E-17
7395.65195560766  5.111283E-17
7401.16866302801  4.878695E-17
7406.68537044836  4.664108E-17
7412.20207786871  4.453970E-17
7417.71878528906  4.251665E-17
7423.23549270941  4.457333E-17
7428.75220012976  5.380532E-17
7434.26890755011  4.916470E-17
7439.78561497046  4.695658E-17
7445.30232239081  4.422173E-17
7450.81902981116  4.941969E-17
7456.33573723151  4.629798E-17
7461.85244465186  4.772666E-17
7467.36915207221  4.778335E-17
7472.88585949256  4.284625E-17
7478.40256691291  4.619502E-17
7483.91927433326  4.815311E-17
7489.43598175361  4.441592E-17
7494.95268917396  4.375635E-17
7500.46939659431  4.924821E-17
7505.98610401466  5.015769E-17
7511.50281143501  4.759448E-17
7517.01951885536  5.341852E-17
7522.53622627571  6.152605E-17
7528.05293369606  5.727131E-17
7533.56964111641  5.814415E-17
7539.08634853676  5.120784E-17
7544.60305595711  4.990620E-17
7550.11976337746  4.663196E-17
7555.63647079781  4.311428E-17
7561.15317821816  3.687709E-17
7566.66988563851  3.855388E-17
7572.18659305886  4.663566E-17
7577.70330047921  4.496869E-17
7583.22000789956  4.435221E-17
7588.73671531991  4.260609E-17
7594.25342274026  5.338056E-17
7599.77013016061  5.544934E-17
7605.28683758096  5.555172E-17
7610.80354500131  4.727663E-17
7616.32025242166  3.431600E-17
7621.83695984201  3.352582E-17
7627.35366726236  3.390087E-17
7632.87037468271  3.861457E-17
7638.38708210306  4.546843E-17
7643.90378952341  3.638559E-17
7649.42049694376  3.916296E-17
7654.93720436411  4.392742E-17
7660.45391178446  4.415094E-17
7665.97061920481  4.736842E-17
7671.48732662516  4.481337E-17
7677.00403404551  4.320714E-17
7682.52074146586  4.593708E-17
7688.03744888621  4.564005E-17
7693.55415630656  4.251432E-17
7699.07086372691  3.959193E-17
7704.58757114726  2.697280E-17
7710.10427856761  2.785259E-17
7715.62098598796  3.120996E-17
7721.13769340831  3.626441E-17
7726.65440082866  3.607536E-17
7732.17110824901  3.082993E-17
7737.68781566936  5.136336E-17
7743.20452308971  4.745094E-17
7748.72123051006  4.572863E-17
7754.23793793041  4.612431E-17
7759.75464535076  3.892868E-17
7765.27135277111  3.563307E-17
7770.78806019146  3.948197E-17
7776.30476761181  4.797344E-17
7781.82147503216  5.202601E-17
7787.33818245251  5.441233E-17
7792.85488987286  5.473322E-17
7798.37159729321  5.112713E-17
7803.88830471356  5.812224E-17
7809.40501213391  5.845788E-17
7814.92171955426  3.806288E-17
7820.43842697461  2.243121E-17
7825.95513439496  3.194233E-17
7831.47184181531  4.249162E-17
7836.98854923566  3.545153E-17
7842.50525665601  2.389596E-17
7848.02196407636  2.942720E-17
7853.53867149671  4.271483E-17
7859.05537891706  5.048459E-17
7864.57208633741  4.143009E-17
7870.08879375776  3.969240E-17
7875.60550117811  5.069166E-17
7881.12220859846  4.666171E-17
7886.63891601881  3.177530E-17
7892.15562343916  2.501390E-17
7897.67233085951  1.770083E-17
7903.18903827986  4.325979E-18
7908.70574570021  -7.514035E-19
7914.22245312056  4.550603E-18
7919.73916054091  1.103986E-17
7925.25586796126  7.806929E-18
7930.77257538161  1.326577E-17
7936.28928280196  1.716601E-17
7941.80599022231  3.003620E-17
7947.32269764266  4.497842E-17
7952.83940506301  4.461868E-17
7958.35611248336  4.941153E-17
7963.87281990371  4.009313E-17
7969.38952732406  4.652773E-17
7974.90623474441  5.845947E-17
7980.42294216476  4.391004E-17
7985.93964958511  2.706980E-17
7991.45635700546  2.883080E-17
7996.97306442581  2.440531E-17
8002.48977184616  1.879413E-17
8008.00647926651  1.835549E-17
8013.52318668686  1.628443E-17
8019.03989410721  2.431302E-17
8024.55660152756  2.701128E-17
8030.07330894791  2.545005E-17
8035.59001636826  1.970675E-17
8041.10672378861  1.875358E-17
8046.62343120896  2.417528E-17
8052.14013862931  3.049181E-17
8057.65684604966  3.135133E-17
8063.17355347001  3.038421E-17
8068.69026089036  2.901266E-17
8074.20696831071  2.623188E-17
8079.72367573106  3.133887E-17
8085.24038315141  3.410516E-17
8090.75709057176  4.094909E-17
8096.27379799211  3.583191E-17
8101.79050541246  4.078134E-17
8107.30721283281  3.875460E-17
8112.82392025316  3.777296E-17
8118.34062767351  2.651409E-17
8123.85733509386  3.833160E-17
8129.37404251421  3.918244E-17
8134.89074993456  3.660537E-17
8140.40745735491  3.469023E-17
8145.92416477526  3.796969E-17
8151.44087219561  3.695370E-17
8156.95757961596  3.289664E-17
8162.47428703631  3.539176E-17
8167.99099445666  4.415075E-17
8173.50770187701  3.823269E-17
8179.02440929736  3.588338E-17
8184.54111671771  4.098863E-17
8190.05782413806  4.067884E-17
8195.57453155841  3.882266E-17
8201.09123897876  3.915183E-17
8206.60794639911  3.935416E-17
8212.12465381946  3.707780E-17
8217.64136123981  3.986280E-17
8223.15806866016  3.426161E-17
8228.67477608051  3.801382E-17
8234.19148350086  4.339695E-17
8239.70819092121  3.006840E-17
8245.22489834156  3.356402E-17
8250.74160576191  3.737378E-17
8256.25831318226  3.330825E-17
8261.77502060261  3.788750E-17
8267.29172802296  3.233903E-17
8272.80843544331  2.269821E-17
8278.32514286366  3.220274E-17
8283.84185028401  6.929882E-17
8289.35855770436  5.589786E-17
8294.87526512471  4.063151E-17
8300.39197254506  4.972132E-17
8305.90867996541  5.213597E-17
8311.42538738576  6.240007E-17
8316.94209480611  5.031580E-17
8322.45880222646  3.214485E-17
8327.97550964681  3.253596E-17
8333.49221706716  1.616959E-17
8339.00892448751  2.790109E-18
8344.52563190786  -4.750320E-18
8350.04233932821  7.402672E-18
8355.55904674856  8.451394E-18
8361.07575416891  8.137788E-19
8366.59246158926  1.714288E-17
8372.10916900961  1.759295E-17
8377.62587642996  3.481478E-17
8383.14258385031  3.670883E-17
8388.65929127066  4.251779E-17
8394.17599869101  4.275664E-17
8399.69270611136  3.527997E-17
8405.20941353171  3.989279E-17
8410.72612095206  2.897543E-17
8416.24282837241  2.203407E-17
8421.75953579276  -7.240768E-18
8427.27624321311  1.294541E-17
8432.79295063346  3.889248E-18
8438.30965805381  1.132371E-17
8443.82636547416  7.266929E-18
8449.34307289451  5.978987E-18
8454.85978031486  1.625508E-17
8460.37648773521  1.148073E-17
8465.89319515556  1.460645E-17
8471.40990257591  1.033001E-17
8476.92660999626  1.068115E-17
8482.44331741661  2.405990E-17
8487.96002483696  2.523757E-17
8493.47673225731  2.376434E-17
8498.99343967766  2.835626E-17
8504.51014709801  1.899787E-17
8510.02685451836  2.014259E-17
8515.54356193871  2.220701E-17
8521.06026935906  2.496305E-17
8526.57697677941  2.951728E-17
8532.09368419976  3.476904E-17
8537.61039162011  3.680287E-17
8543.12709904046  3.872471E-17
8548.64380646081  3.047499E-17
8554.16051388116  2.591273E-17
8559.67722130151  2.927701E-17
8565.19392872186  3.208006E-17
8570.71063614221  3.441404E-17
8576.22734356256  3.413078E-17
8581.74405098291  3.844056E-17
8587.26075840326  3.343142E-17
8592.77746582361  3.180663E-17
8598.29417324396  3.946827E-17
8603.81088066431  4.141699E-17
8609.32758808466  3.833429E-17
8614.84429550501  4.870867E-17
8620.36100292536  4.641349E-17
8625.87771034571  4.511161E-17
8631.39441776606  4.765800E-17
8636.91112518641  3.946924E-17
8642.42783260676  3.019314E-17
8647.94454002711  3.488718E-17
8653.46124744746  4.461456E-17
8658.97795486781  4.053868E-17
8664.49466228816  2.885373E-17
8670.01136970851  2.775024E-17
8675.52807712886  3.533467E-17
8681.04478454921  3.313060E-17
8686.56149196956  4.948331E-17
8692.07819938991  7.182209E-17
8697.59490681026  3.720946E-17
8703.11161423061  3.569732E-17
8708.62832165096  1.854452E-17
8714.14502907131  2.608938E-17
8719.66173649166  4.231569E-17
8725.17844391201  3.666007E-17
8730.69515133236  3.813557E-17
8736.21185875271  3.459458E-17
8741.72856617306  2.950766E-17
8747.24527359341  3.596483E-17
8752.76198101376  2.716409E-17
8758.27868843411  2.329862E-18
8763.79539585446  5.893395E-18
8769.31210327481  1.040416E-17
8774.82881069516  5.467326E-18
8780.34551811551  1.350815E-17
8785.86222553586  2.230565E-17
8791.37893295621  3.209408E-17
8796.89564037656  4.132763E-17
8802.41234779691  5.773241E-17
8807.92905521726  6.523519E-17
8813.44576263761  1.042071E-16
8818.96247005796  1.118033E-16
8824.47917747831  8.851678E-17
8829.99588489866  7.304693E-17
8835.51259231901  7.874041E-17
8841.02929973936  8.860907E-17
8846.54600715971  3.650457E-17
8852.06271458006  2.281193E-17
8857.57942200041  4.164257E-17
8863.09612942076  2.792064E-17
8868.61283684111  1.764197E-17
8874.12954426146  1.266710E-17
8879.64625168181  3.811257E-17
8885.16295910216  3.287274E-17
8890.67966652251  2.502793E-17
8896.19637394286  2.220412E-17
8901.71308136321  1.989468E-17
8907.22978878356  9.322353E-18
8912.74649620391  1.024249E-17
8918.26320362426  1.532376E-17
8923.77991104461  2.339055E-17
8929.29661846496  1.274289E-17
8934.81332588531  6.904231E-18
8940.33003330566  7.986812E-18
8945.84674072601  2.529662E-17
8951.36344814636  2.475387E-17
8956.88015556671  2.713441E-17
8962.39686298706  1.463541E-17
8967.91357040741  2.196283E-17
8973.43027782776  3.131551E-17
8978.94698524811  3.191624E-17
8984.46369266846  3.874523E-17
8989.98040008881  4.705282E-17
8995.49710750916  5.031686E-17
9001.01381492951  4.320994E-17
9006.53052234986  3.953710E-17
9012.04722977021  5.614306E-17
9017.56393719056  4.174668E-17
9023.08064461091  4.196754E-17
9028.59735203126  4.193923E-17
9034.11405945161  4.311385E-17
9039.63076687196  3.539977E-17
9045.14747429231  1.912876E-17
9050.66418171266  2.812087E-17
9056.18088913301  2.346198E-17
9061.69759655336  7.617454E-18
9067.21430397371  1.322027E-17
9072.73101139406  2.859465E-17
9078.24771881441  2.857950E-17
9083.76442623476  2.851821E-17
9089.28113365511  3.730906E-17
9094.79784107546  3.457437E-17
9100.31454849581  3.148641E-17
9105.83125591616  3.555189E-17
9111.34796333651  3.520613E-17
9116.86467075686  2.544727E-17
9122.38137817721  3.102929E-17
9127.89808559756  4.149589E-17
9133.41479301791  3.578145E-17
9138.93150043826  2.495446E-17
9144.44820785861  3.450231E-17
9149.96491527896  3.536628E-17
9155.48162269931  1.981275E-17
9160.99833011966  2.033833E-17
9166.51503754001  3.516181E-17
9172.03174496036  3.326759E-17
9177.54845238071  3.378512E-17
9183.06515980106  3.385705E-17
9188.58186722141  2.975860E-17
9194.09857464176  2.793131E-17
9199.61528206211  2.839018E-17
9205.13198948246  3.536353E-17
9210.64869690281  4.022598E-17
9216.16540432316  3.466595E-17
9221.68211174351  3.502412E-17
9227.19881916386  3.905631E-17
9232.71552658421  4.784904E-17
9238.23223400456  3.186639E-17
9243.74894142491  4.156140E-17
