3250.  1.038308E-17
3252.70677137375  6.582997E-17
3255.4135427475  3.608132E-17
3258.12031412125  5.785209E-17
3260.827085495  5.876481E-17
3263.53385686875  1.325044E-17
3266.2406282425  2.332377E-17
3268.94739961624  6.273855E-17
3271.65417098999  6.308720E-17
3274.36094236374  3.064174E-17
3277.06771373749  3.443908E-17
3279.77448511124  4.492351E-17
3282.48125648499  -6.722815E-18
3285.18802785874  8.064506E-18
3287.89479923249  3.132017E-18
3290.60157060623  -6.860993E-18
3293.30834197998  -5.733984E-18
3296.01511335373  1.447888E-17
3298.72188472748  1.954180E-17
3301.42865610123  2.433482E-17
3304.13542747498  2.975818E-17
3306.84219884873  5.521168E-17
3309.54897022248  6.521953E-17
3312.25574159623  5.428987E-17
3314.96251296997  4.636765E-17
3317.66928434372  3.222806E-17
3320.37605571747  1.272855E-17
3323.08282709122  2.376788E-17
3325.78959846497  1.693367E-17
3328.49636983872  1.873580E-17
3331.20314121247  2.742298E-17
3333.90991258622  3.163810E-17
3336.61668395996  2.970251E-17
3339.32345533371  4.647630E-17
3342.03022670746  2.279455E-17
3344.73699808121  1.841837E-17
3347.44376945496  2.020395E-17
3350.15054082871  2.377440E-17
3352.85731220246  1.510852E-17
3355.56408357621  6.570754E-19
3358.27085494995  -6.722815E-18
3360.9776263237  4.016894E-18
3363.68439769745  2.654818E-17
3366.3911690712  1.107734E-17
3369.09794044495  -1.716513E-18
3371.8047118187  6.071146E-18
3374.51148319245  1.948597E-17
3377.2182545662  1.956752E-17
3379.92502593994  1.099349E-17
3382.63179731369  8.879998E-18
3385.33856868744  1.565668E-17
3388.04534006119  2.698621E-17
3390.75211143494  2.453632E-17
3393.45888280869  3.116323E-17
3396.16565418244  4.216763E-17
3398.87242555619  2.511497E-17
3401.57919692993  3.176092E-17
3404.28596830368  4.024476E-17
3406.99273967743  3.160750E-17
3409.69951105118  2.069978E-17
3412.40628242493  2.111528E-17
3415.11305379868  2.501778E-17
3417.81982517243  1.840900E-17
3420.52659654618  2.310036E-17
3423.23336791993  2.417687E-17
3425.94013929367  1.961687E-17
3428.64691066742  2.700409E-17
3431.35368204117  3.379963E-17
3434.06045341492  2.315756E-17
3436.76722478867  1.698064E-17
3439.47399616242  1.997718E-17
3442.18076753617  3.042122E-17
3444.88753890992  2.502339E-17
3447.59431028366  2.586073E-17
3450.30108165741  2.397098E-17
3453.00785303116  2.148905E-17
3455.71462440491  1.851991E-17
3458.42139577866  2.233522E-17
3461.12816715241  2.698259E-17
3463.83493852616  2.176319E-17
3466.54170989991  2.304646E-17
3469.24848127365  2.564789E-17
3471.9552526474  2.415741E-17
3474.66202402115  8.930916E-18
3477.3687953949  1.798730E-17
3480.07556676865  2.136633E-17
3482.7823381424  2.413811E-17
3485.48910951615  2.662025E-17
3488.1958808899  2.463054E-17
3490.90265226364  2.016088E-17
3493.60942363739  1.789845E-17
3496.31619501114  2.396244E-17
3499.02296638489  2.789290E-17
3501.72973775864  3.413681E-17
3504.43650913239  4.235433E-17
3507.14328050614  3.971698E-17
3509.85005187989  2.900233E-17
3512.55682325364  2.784035E-17
3515.26359462738  2.687016E-17
3517.97036600113  3.270319E-17
3520.67713737488  2.590080E-17
3523.38390874863  2.644348E-17
3526.09068012238  2.841276E-17
3528.79745149613  2.796460E-17
3531.50422286988  3.072605E-17
3534.21099424363  3.176366E-17
3536.91776561737  2.979825E-17
3539.62453699112  2.531272E-17
3542.33130836487  2.410500E-17
3545.03807973862  2.968316E-17
3547.74485111237  3.650526E-17
3550.45162248612  3.401208E-17
3553.15839385987  2.993337E-17
3555.86516523362  3.829857E-17
3558.57193660736  4.108336E-17
3561.27870798111  3.340283E-17
3563.98547935486  3.109321E-17
3566.69225072861  2.999789E-17
3569.39902210236  3.111813E-17
3572.10579347611  3.369543E-17
3574.81256484986  2.457321E-17
3577.51933622361  2.197052E-17
3580.22610759735  3.212012E-17
3582.9328789711  2.884385E-17
3585.63965034485  2.487862E-17
3588.3464217186  3.151749E-17
3591.05319309235  3.909606E-17
3593.7599644661  3.478204E-17
3596.46673583985  2.735044E-17
3599.1735072136  3.146748E-17
3601.88027858734  3.072287E-17
3604.58704996109  2.889397E-17
3607.29382133484  3.486918E-17
3610.00059270859  3.390504E-17
3612.70736408234  3.105204E-17
3615.41413545609  3.189378E-17
3618.12090682984  2.807402E-17
3620.82767820359  2.904280E-17
3623.53444957734  3.421720E-17
3626.24122095108  3.629958E-17
3628.94799232483  3.464623E-17
3631.65476369858  3.261971E-17
3634.36153507233  3.330785E-17
3637.06830644608  3.247373E-17
3639.77507781983  2.655967E-17
3642.48184919358  2.600855E-17
3645.18862056733  3.233977E-17
3647.89539194107  3.618403E-17
3650.60216331482  3.180967E-17
3653.30893468857  3.477909E-17
3656.01570606232  3.596403E-17
3658.72247743607  3.840136E-17
3661.42924880982  3.206650E-17
3664.13602018357  3.134497E-17
3666.84279155732  3.148337E-17
3669.54956293106  3.083202E-17
3672.25633430481  3.149296E-17
3674.96310567856  3.171001E-17
3677.66987705231  3.765685E-17
3680.37664842606  4.181843E-17
3683.08341979981  3.516251E-17
3685.79019117356  3.639874E-17
3688.49696254731  3.827179E-17
3691.20373392105  3.521178E-17
3693.9105052948  2.755737E-17
3696.61727666855  3.022052E-17
3699.3240480423  4.226750E-17
3702.03081941605  4.150134E-17
3704.7375907898  3.639618E-17
3707.44436216355  3.450323E-17
3710.1511335373  3.372251E-17
3712.85790491104  3.111797E-17
3715.56467628479  2.995870E-17
3718.27144765854  3.685419E-17
3720.97821903229  3.715090E-17
3723.68499040604  3.309325E-17
3726.39176177979  3.352093E-17
3729.09853315354  3.181898E-17
3731.80530452729  3.583736E-17
3734.51207590104  3.543161E-17
3737.21884727478  3.607905E-17
3739.92561864853  3.250327E-17
3742.63239002228  3.261883E-17
3745.33916139603  3.527216E-17
3748.04593276978  3.499579E-17
3750.75270414353  3.709105E-17
3753.45947551728  3.688643E-17
3756.16624689103  3.733720E-17
3758.87301826477  3.842908E-17
3761.57978963852  4.039711E-17
3764.28656101227  4.011696E-17
3766.99333238602  3.622009E-17
3769.70010375977  3.791272E-17
3772.40687513352  3.801920E-17
3775.11364650727  4.128708E-17
3777.82041788102  4.251137E-17
3780.52718925476  3.699148E-17
3783.23396062851  3.723940E-17
3785.94073200226  4.109544E-17
3788.64750337601  4.484903E-17
3791.35427474976  4.604859E-17
3794.06104612351  4.502072E-17
3796.76781749726  4.976083E-17
3799.47458887101  5.328486E-17
3802.18136024476  4.765839E-17
3804.8881316185  4.329234E-17
3807.59490299225  4.454202E-17
3810.301674366  4.397836E-17
3813.00844573975  4.394473E-17
3815.7152171135  5.159785E-17
3818.42198848725  4.971700E-17
3821.128759861  4.696341E-17
3823.83553123474  4.203193E-17
3826.54230260849  4.361454E-17
3829.24907398224  4.816902E-17
3831.95584535599  4.892694E-17
3834.66261672974  5.285888E-17
3837.36938810349  6.127522E-17
3840.07615947724  6.881380E-17
3842.78293085099  7.326709E-17
3845.48970222473  6.798670E-17
3848.19647359848  5.647462E-17
3850.90324497223  4.589582E-17
3853.61001634598  4.890276E-17
3856.31678771973  5.161419E-17
3859.02355909348  4.722013E-17
3861.73033046723  4.323614E-17
3864.43710184098  4.843213E-17
3867.14387321473  5.276206E-17
3869.85064458847  5.156068E-17
3872.55741596222  5.110207E-17
3875.26418733597  5.208606E-17
3877.97095870972  5.084241E-17
3880.67773008347  5.069396E-17
3883.38450145722  5.139036E-17
3886.09127283097  5.134722E-17
3888.79804420471  4.947684E-17
3891.50481557846  5.191153E-17
3894.21158695221  4.821456E-17
3896.91835832596  5.483878E-17
3899.62512969971  5.511339E-17
3902.33190107346  4.782015E-17
3905.03867244721  4.675606E-17
3907.74544382096  4.532168E-17
3910.45221519471  4.771728E-17
3913.15898656845  5.054089E-17
3915.8657579422  4.959216E-17
3918.57252931595  4.771983E-17
3921.2793006897  4.766601E-17
3923.98607206345  4.987271E-17
3926.6928434372  5.393150E-17
3929.39961481095  5.432264E-17
3932.1063861847  5.428179E-17
3934.81315755844  4.941533E-17
3937.51992893219  5.039275E-17
3940.22670030594  5.117384E-17
3942.93347167969  4.889592E-17
3945.64024305344  4.889436E-17
3948.34701442719  4.953915E-17
3951.05378580094  5.227770E-17
3953.76055717469  5.430269E-17
3956.46732854844  5.755051E-17
3959.17409992218  5.736228E-17
3961.88087129593  5.377860E-17
3964.58764266968  5.345926E-17
3967.29441404343  5.772937E-17
3970.00118541718  5.929487E-17
3972.70795679093  5.998441E-17
3975.41472816468  5.909735E-17
3978.12149953843  5.597134E-17
3980.82827091217  5.956914E-17
3983.53504228592  5.806114E-17
3986.24181365967  5.664191E-17
3988.94858503342  5.362551E-17
3991.65535640717  5.321168E-17
3994.36212778092  5.527926E-17
3997.06889915467  5.473312E-17
3999.77567052842  5.236082E-17
4002.48244190217  5.193654E-17
4005.18921327591  5.341374E-17
4007.89598464966  5.801691E-17
4010.60275602341  5.821927E-17
4013.30952739716  5.531922E-17
4016.01629877091  5.557282E-17
4018.72307014466  5.694815E-17
4021.42984151841  5.961514E-17
4024.13661289216  6.020535E-17
4026.8433842659  5.982635E-17
4029.55015563965  5.868585E-17
4032.2569270134  5.732063E-17
4034.96369838715  5.910851E-17
4037.6704697609  5.897886E-17
4040.37724113465  6.043744E-17
4043.0840125084  5.994219E-17
4045.79078388214  5.802058E-17
4048.49755525589  5.887573E-17
4051.20432662964  6.201571E-17
4053.91109800339  6.571615E-17
4056.61786937714  6.321582E-17
4059.32464075089  6.000446E-17
4062.03141212464  5.872687E-17
4064.73818349839  6.071664E-17
4067.44495487214  6.262973E-17
4070.15172624588  6.499088E-17
4072.85849761963  6.263785E-17
4075.56526899338  6.143927E-17
4078.27204036713  6.337475E-17
4080.97881174088  6.089596E-17
4083.68558311463  6.036979E-17
4086.39235448838  5.705022E-17
4089.09912586213  5.601367E-17
4091.80589723587  6.035091E-17
4094.51266860962  6.514031E-17
4097.21943998337  6.931179E-17
4099.92621135712  6.445231E-17
4102.63298273087  6.580872E-17
4105.33975410462  6.856098E-17
4108.04652547837  7.040443E-17
4110.75329685212  6.830213E-17
4113.46006822586  6.634331E-17
4116.16683959961  6.728302E-17
4118.87361097336  6.968253E-17
4121.58038234711  7.216766E-17
4124.28715372086  7.234136E-17
4126.99392509461  7.214167E-17
4129.70069646836  6.832672E-17
4132.40746784211  6.970386E-17
4135.11423921585  7.379404E-17
4137.8210105896  7.328466E-17
4140.52778196335  7.327512E-17
4143.2345533371  6.986225E-17
4145.94132471085  6.980884E-17
4148.6480960846  7.321389E-17
4151.35486745835  7.190287E-17
4154.0616388321  7.216950E-17
4156.76841020584  7.340693E-17
4159.47518157959  7.255202E-17
4162.18195295334  7.211249E-17
4164.88872432709  7.131572E-17
4167.59549570084  7.121379E-17
4170.30226707459  6.808707E-17
4173.00903844834  6.869018E-17
4175.71580982209  7.152714E-17
4178.42258119583  7.081800E-17
4181.12935256958  6.991088E-17
4183.83612394333  6.963212E-17
4186.54289531708  7.030453E-17
4189.24966669083  6.721281E-17
4191.95643806458  6.886975E-17
4194.66320943833  6.903242E-17
4197.36998081208  6.664714E-17
4200.07675218583  6.688052E-17
4202.78352355957  6.963770E-17
4205.49029493332  7.224343E-17
4208.19706630707  7.137906E-17
4210.90383768082  6.994894E-17
4213.61060905457  6.970430E-17
4216.31738042832  6.503684E-17
4219.02415180207  6.550453E-17
4221.73092317582  6.686108E-17
4224.43769454956  6.932994E-17
4227.14446592331  7.298430E-17
4229.85123729706  7.176348E-17
4232.55800867081  7.030598E-17
4235.26478004456  7.061955E-17
4237.97155141831  7.170000E-17
4240.67832279206  6.893643E-17
4243.38509416581  7.196577E-17
4246.09186553955  7.291538E-17
4248.7986369133  7.285022E-17
4251.50540828705  7.195795E-17
4254.2121796608  7.115639E-17
4256.91895103455  7.469841E-17
4259.6257224083  7.618998E-17
4262.33249378205  7.116730E-17
4265.0392651558  6.951474E-17
4267.74603652954  7.279664E-17
4270.45280790329  7.162916E-17
4273.15957927704  7.107398E-17
4275.86635065079  7.310834E-17
4278.57312202454  7.334053E-17
4281.27989339829  7.269456E-17
4283.98666477204  7.085523E-17
4286.69343614579  7.083961E-17
4289.40020751954  7.038623E-17
4292.10697889328  7.193728E-17
4294.81375026703  7.253100E-17
4297.52052164078  6.915856E-17
4300.22729301453  6.387075E-17
4302.93406438828  6.689204E-17
4305.64083576203  6.754820E-17
4308.34760713578  6.764698E-17
4311.05437850953  6.712467E-17
4313.76114988327  6.721166E-17
4316.46792125702  6.688804E-17
4319.17469263077  6.358298E-17
4321.88146400452  6.464495E-17
4324.58823537827  6.626405E-17
4327.29500675202  6.574217E-17
4330.00177812577  6.304282E-17
4332.70854949952  6.116782E-17
4335.41532087326  6.233626E-17
4338.12209224701  6.626634E-17
4340.82886362076  6.547978E-17
4343.53563499451  6.506975E-17
4346.24240636826  6.247912E-17
4348.94917774201  6.277860E-17
4351.65594911576  6.433086E-17
4354.36272048951  6.325152E-17
4357.06949186326  6.125926E-17
4359.776263237  6.304634E-17
4362.48303461075  6.502345E-17
4365.1898059845  6.564210E-17
4367.89657735825  6.919906E-17
4370.603348732  6.990793E-17
4373.31012010575  6.728705E-17
4376.0168914795  6.717670E-17
4378.72366285324  6.924681E-17
4381.43043422699  6.757530E-17
4384.13720560074  6.730346E-17
4386.84397697449  6.973583E-17
4389.55074834824  7.150063E-17
4392.25751972199  7.049152E-17
4394.96429109574  6.865929E-17
4397.67106246949  6.781931E-17
4400.37783384324  6.689168E-17
4403.08460521698  6.933661E-17
4405.79137659073  6.951710E-17
4408.49814796448  7.092018E-17
4411.20491933823  7.053458E-17
4413.91169071198  7.057552E-17
4416.61846208573  6.817126E-17
4419.32523345948  6.853106E-17
4422.03200483323  6.887661E-17
4424.73877620697  6.805432E-17
4427.44554758072  6.660304E-17
4430.15231895447  6.815108E-17
4432.85909032822  7.000325E-17
4435.56586170197  6.704748E-17
4438.27263307572  6.808422E-17
4440.97940444947  6.760987E-17
4443.68617582321  6.655134E-17
4446.39294719696  6.537482E-17
4449.09971857071  6.410156E-17
4451.80648994446  6.685037E-17
4454.51326131821  6.829110E-17
4457.22003269196  6.338017E-17
4459.92680406571  5.982284E-17
4462.63357543946  6.252141E-17
4465.34034681321  6.799382E-17
4468.04711818695  7.076858E-17
4470.7538895607  6.912429E-17
4473.46066093445  6.987466E-17
4476.1674323082  6.927372E-17
4478.87420368195  6.900978E-17
4481.5809750557  6.918946E-17
4484.28774642945  6.968813E-17
4486.9945178032  7.117468E-17
4489.70128917694  6.999225E-17
4492.40806055069  6.825787E-17
4495.11483192444  6.801765E-17
4497.82160329819  6.939478E-17
4500.52837467194  6.867985E-17
4503.23514604569  6.841843E-17
4505.94191741944  7.142330E-17
4508.64868879319  7.154057E-17
4511.35546016693  6.789215E-17
4514.06223154068  6.823076E-17
4516.76900291443  7.059910E-17
4519.47577428818  7.029925E-17
4522.18254566193  6.941702E-17
4524.88931703568  6.932500E-17
4527.59608840943  6.944192E-17
4530.30285978318  6.851678E-17
4533.00963115692  6.669957E-17
4535.71640253067  7.059610E-17
4538.42317390442  6.985950E-17
4541.12994527817  6.761090E-17
4543.83671665192  6.893257E-17
4546.54348802567  7.012667E-17
4549.25025939942  6.998518E-17
4551.95703077317  6.812035E-17
4554.66380214691  7.024986E-17
4557.37057352066  6.990122E-17
4560.07734489441  6.926500E-17
4562.78411626816  7.009030E-17
4565.49088764191  6.930670E-17
4568.19765901566  6.821047E-17
4570.90443038941  6.884424E-17
4573.61120176316  6.836775E-17
4576.3179731369  6.576356E-17
4579.02474451065  6.720272E-17
4581.7315158844  7.100972E-17
4584.43828725815  7.067855E-17
4587.1450586319  6.787957E-17
4589.85183000565  7.023959E-17
4592.5586013794  7.334407E-17
4595.26537275315  7.060188E-17
4597.9721441269  7.032940E-17
4600.67891550064  7.345834E-17
4603.38568687439  7.421910E-17
4606.09245824814  7.459075E-17
4608.79922962189  7.589979E-17
4611.50600099564  7.690155E-17
4614.21277236939  7.740389E-17
4616.91954374314  7.779742E-17
4619.62631511689  7.652481E-17
4622.33308649063  8.003422E-17
4625.03985786438  8.359015E-17
4627.74662923813  8.083169E-17
4630.45340061188  7.957414E-17
4633.16017198563  8.112482E-17
4635.86694335938  8.477384E-17
4638.57371473313  8.452158E-17
4641.28048610688  8.235278E-17
4643.98725748063  8.419310E-17
4646.69402885438  8.268723E-17
4649.40080022812  8.372358E-17
4652.10757160187  8.488442E-17
4654.81434297562  8.422686E-17
4657.52111434937  8.468267E-17
4660.22788572312  8.266159E-17
4662.93465709687  8.113862E-17
4665.64142847062  8.309129E-17
4668.34819984436  8.661588E-17
4671.05497121811  8.764157E-17
4673.76174259186  8.773656E-17
4676.46851396561  8.474711E-17
4679.17528533936  8.545676E-17
4681.88205671311  8.603711E-17
4684.58882808686  8.450304E-17
4687.29559946061  8.680133E-17
4690.00237083436  8.766363E-17
4692.7091422081  8.708657E-17
4695.41591358185  8.522034E-17
4698.1226849556  8.442084E-17
4700.82945632935  8.325936E-17
4703.5362277031  8.524925E-17
4706.24299907685  8.610081E-17
4708.9497704506  8.566696E-17
4711.65654182435  8.542139E-17
4714.36331319809  8.612393E-17
4717.07008457184  8.577014E-17
4719.77685594559  8.514587E-17
4722.48362731934  8.666618E-17
4725.19039869309  8.757069E-17
4727.89717006684  8.558980E-17
4730.60394144059  8.595338E-17
4733.31071281433  8.468580E-17
4736.01748418808  8.444754E-17
4738.72425556183  8.561313E-17
4741.43102693558  8.545043E-17
4744.13779830933  8.793410E-17
4746.84456968308  8.935240E-17
4749.55134105683  8.708910E-17
4752.25811243058  8.690903E-17
4754.96488380433  8.569620E-17
4757.67165517807  8.659516E-17
4760.37842655182  8.821894E-17
4763.08519792557  8.731583E-17
4765.79196929932  8.777133E-17
4768.49874067307  8.635811E-17
4771.20551204682  8.603391E-17
4773.91228342057  8.737582E-17
4776.61905479432  8.577140E-17
4779.32582616806  8.298425E-17
4782.03259754181  8.359596E-17
4784.73936891556  8.589003E-17
4787.44614028931  8.384477E-17
4790.15291166306  8.002319E-17
4792.85968303681  8.254217E-17
4795.56645441056  8.395943E-17
4798.27322578431  8.248574E-17
4800.97999715805  8.242718E-17
4803.6867685318  8.286419E-17
4806.39353990555  8.273050E-17
4809.1003112793  8.290381E-17
4811.80708265305  8.258275E-17
4814.5138540268  8.267441E-17
4817.22062540055  8.177911E-17
4819.9273967743  8.156316E-17
4822.63416814805  8.034304E-17
4825.34093952179  8.059057E-17
4828.04771089554  8.297162E-17
4830.75448226929  8.222902E-17
4833.46125364304  7.730008E-17
4836.16802501679  7.552944E-17
4838.87479639054  7.638363E-17
4841.58156776429  7.763546E-17
4844.28833913804  7.614549E-17
4846.99511051178  7.445442E-17
4849.70188188553  7.639662E-17
4852.40865325928  7.890475E-17
4855.11542463303  7.655816E-17
4857.82219600678  7.842137E-17
4860.52896738053  7.901211E-17
4863.23573875428  7.530609E-17
4865.94251012803  7.481567E-17
4868.64928150177  7.457639E-17
4871.35605287552  7.497644E-17
4874.06282424927  7.712091E-17
4876.76959562302  7.519769E-17
4879.47636699677  7.299781E-17
4882.18313837052  7.438381E-17
4884.88990974427  7.339343E-17
4887.59668111802  7.152501E-17
4890.30345249177  7.184376E-17
4893.01022386551  7.383394E-17
4895.71699523926  7.636176E-17
4898.42376661301  7.508050E-17
4901.13053798676  7.447196E-17
4903.83730936051  7.656199E-17
4906.54408073426  7.671393E-17
4909.25085210801  7.635772E-17
4911.95762348176  7.646813E-17
4914.6643948555  7.737214E-17
4917.37116622925  7.758871E-17
4920.077937603  7.677268E-17
4922.78470897675  7.791073E-17
4925.4914803505  7.874321E-17
4928.19825172425  7.781377E-17
4930.905023098  8.000791E-17
4933.61179447175  8.031761E-17
4936.31856584549  7.918036E-17
4939.02533721924  8.136095E-17
4941.73210859299  7.945835E-17
4944.43887996674  7.778181E-17
4947.14565134049  7.915651E-17
4949.85242271424  8.020044E-17
4952.55919408799  8.237711E-17
4955.26596546174  8.184706E-17
4957.97273683548  8.152848E-17
4960.67950820923  8.280763E-17
4963.38627958298  8.296671E-17
4966.09305095673  8.199400E-17
4968.79982233048  8.200180E-17
4971.50659370423  8.444570E-17
4974.21336507798  8.595150E-17
4976.92013645173  8.399435E-17
4979.62690782548  8.324532E-17
4982.33367919922  8.262759E-17
4985.04045057297  8.231050E-17
4987.74722194672  8.167670E-17
4990.45399332047  8.263830E-17
4993.16076469422  8.423858E-17
4995.86753606797  8.740059E-17
4998.57430744172  9.392535E-17
5001.28107881547  1.041779E-16
5003.98785018921  1.130423E-16
5006.69462156296  1.086013E-16
5009.40139293671  9.493308E-17
5012.10816431046  8.934830E-17
5014.81493568421  8.398867E-17
5017.52170705796  7.869786E-17
5020.22847843171  8.046750E-17
5022.93524980546  8.137101E-17
5025.6420211792  8.259502E-17
5028.34879255295  8.393599E-17
5031.0555639267  8.318752E-17
5033.76233530045  8.369948E-17
5036.4691066742  8.400483E-17
5039.17587804795  8.083258E-17
5041.8826494217  8.094504E-17
5044.58942079545  8.329368E-17
5047.29619216919  8.471231E-17
5050.00296354294  8.343355E-17
5052.70973491669  8.242454E-17
5055.41650629044  8.331720E-17
5058.12327766419  8.381635E-17
5060.83004903794  8.497335E-17
5063.53682041169  8.548750E-17
5066.24359178544  8.350804E-17
5068.95036315919  8.414687E-17
5071.65713453293  8.394645E-17
5074.36390590668  8.562053E-17
5077.07067728043  8.901456E-17
5079.77744865418  8.866487E-17
5082.48422002793  8.507727E-17
5085.19099140168  8.376374E-17
5087.89776277543  8.425240E-17
5090.60453414918  8.566677E-17
5093.31130552292  8.567641E-17
5096.01807689667  8.762243E-17
5098.72484827042  9.259979E-17
5101.43161964417  9.490797E-17
5104.13839101792  9.143220E-17
5106.84516239167  8.774391E-17
5109.55193376542  8.464017E-17
5112.25870513916  8.291653E-17
5114.96547651291  8.338730E-17
5117.67224788666  8.281142E-17
5120.37901926041  8.484362E-17
5123.08579063416  8.410913E-17
5125.79256200791  8.296278E-17
5128.49933338166  8.599959E-17
5131.20610475541  8.424554E-17
5133.91287612915  8.399050E-17
5136.61964750291  8.305738E-17
5139.32641887665  7.814724E-17
5142.0331902504  7.852584E-17
5144.73996162415  8.550715E-17
5147.4467329979  9.385913E-17
5150.15350437165  9.761897E-17
5152.8602757454  9.484521E-17
5155.56704711915  8.783669E-17
5158.2738184929  8.297758E-17
5160.98058986664  8.114578E-17
5163.68736124039  8.027216E-17
5166.39413261414  8.043017E-17
5169.10090398789  7.963402E-17
5171.80767536164  7.759481E-17
5174.51444673539  7.664579E-17
5177.22121810914  7.536417E-17
5179.92798948288  7.478689E-17
5182.63476085663  7.667569E-17
5185.34153223038  7.602778E-17
5188.04830360413  7.221301E-17
5190.75507497788  7.118675E-17
5193.46184635163  7.186480E-17
5196.16861772538  7.239412E-17
5198.87538909913  7.533520E-17
5201.58216047287  7.491117E-17
5204.28893184662  7.253610E-17
5206.99570322037  7.462881E-17
5209.70247459412  7.646969E-17
5212.40924596787  7.404077E-17
5215.11601734162  7.257220E-17
5217.82278871537  7.433318E-17
5220.52956008912  7.563103E-17
5223.23633146287  7.547254E-17
5225.94310283661  7.490670E-17
5228.64987421036  7.549388E-17
5231.35664558411  7.651260E-17
5234.06341695786  7.767865E-17
5236.77018833161  7.724469E-17
5239.47695970536  7.662678E-17
5242.18373107911  7.533097E-17
5244.89050245286  7.246728E-17
5247.5972738266  7.297534E-17
5250.30404520035  7.646510E-17
5253.0108165741  7.989652E-17
5255.71758794785  7.867996E-17
5258.4243593216  7.446493E-17
5261.13113069535  7.696900E-17
5263.8379020691  7.750918E-17
5266.54467344285  7.648540E-17
5269.25144481659  7.889419E-17
5271.95821619034  7.757668E-17
5274.66498756409  7.888156E-17
5277.37175893784  8.328926E-17
5280.07853031159  8.135200E-17
5282.78530168534  7.769970E-17
5285.49207305909  7.811564E-17
5288.19884443284  7.810961E-17
5290.90561580659  7.722345E-17
5293.61238718033  7.899887E-17
5296.31915855408  7.947274E-17
5299.02592992783  8.030798E-17
5301.73270130158  8.158388E-17
5304.43947267533  8.204902E-17
5307.14624404908  8.009483E-17
5309.85301542283  8.162796E-17
5312.55978679658  7.838132E-17
5315.26655817032  7.945866E-17
5317.97332954407  8.336219E-17
5320.68010091782  8.343170E-17
5323.38687229157  8.229826E-17
5326.09364366532  8.110520E-17
5328.80041503907  7.930617E-17
5331.50718641282  7.891614E-17
5334.21395778656  8.203444E-17
5336.92072916031  8.307560E-17
5339.62750053406  8.767889E-17
5342.33427190781  8.678766E-17
5345.04104328156  8.431652E-17
5347.74781465531  8.240701E-17
5350.45458602906  8.214845E-17
5353.16135740281  8.210468E-17
5355.86812877656  8.149358E-17
5358.5749001503  7.763209E-17
5361.28167152405  8.038981E-17
5363.9884428978  8.373363E-17
5366.69521427155  8.128837E-17
5369.4019856453  8.152292E-17
5372.10875701905  8.132341E-17
5374.8155283928  8.218719E-17
5377.52229976655  8.322918E-17
5380.22907114029  8.260330E-17
5382.93584251404  8.124160E-17
5385.64261388779  7.845781E-17
5388.34938526154  8.016393E-17
5391.05615663529  8.097920E-17
5393.76292800904  8.285416E-17
5396.46969938279  8.273908E-17
5399.17647075654  8.198667E-17
5401.88324213028  8.202754E-17
5404.59001350403  8.156975E-17
5407.29678487778  7.849731E-17
5410.00355625153  7.948420E-17
5412.71032762528  7.991736E-17
5415.41709899903  8.101293E-17
5418.12387037278  8.039190E-17
5420.83064174653  8.227931E-17
5423.53741312027  8.428817E-17
5426.24418449402  8.166452E-17
5428.95095586777  8.297398E-17
5431.65772724152  8.274300E-17
5434.36449861527  8.101816E-17
5437.07126998902  8.421424E-17
5439.77804136277  7.937100E-17
5442.48481273652  7.972044E-17
5445.19158411026  8.463539E-17
5447.89835548401  8.285690E-17
5450.60512685776  7.937120E-17
5453.31189823151  8.050576E-17
5456.01866960526  8.247229E-17
5458.72544097901  8.027766E-17
5461.43221235276  7.867670E-17
5464.13898372651  8.000141E-17
5466.84575510026  8.014405E-17
5469.552526474  8.029852E-17
5472.25929784775  8.161209E-17
5474.9660692215  8.276604E-17
5477.67284059525  8.358499E-17
5480.379611969  8.112532E-17
5483.08638334275  7.909692E-17
5485.7931547165  7.926544E-17
5488.49992609025  8.146478E-17
5491.20669746399  8.308485E-17
5493.91346883774  7.990685E-17
5496.62024021149  7.736600E-17
5499.32701158524  7.919247E-17
5502.03378295899  7.996828E-17
5504.74055433274  7.818781E-17
5507.44732570649  7.860490E-17
5510.15409708024  7.947491E-17
5512.86086845398  7.821379E-17
5515.56763982773  7.851339E-17
5518.27441120148  7.870409E-17
5520.98118257523  7.799566E-17
5523.68795394898  7.973034E-17
5526.39472532273  7.911459E-17
5529.10149669648  7.716158E-17
5531.80826807023  7.977430E-17
5534.51503944398  8.138224E-17
5537.22181081772  7.928833E-17
5539.92858219147  7.754261E-17
5542.63535356522  7.938679E-17
5545.34212493897  8.078991E-17
5548.04889631272  8.013821E-17
5550.75566768647  8.018661E-17
5553.46243906022  7.745769E-17
5556.16921043397  7.673385E-17
5558.87598180771  7.849008E-17
5561.58275318146  7.666071E-17
5564.28952455521  7.535915E-17
5566.99629592896  7.601459E-17
5569.70306730271  7.807048E-17
5572.40983867646  8.057331E-17
5575.11661005021  7.670472E-17
5577.82338142396  7.500729E-17
5580.5301527977  7.639043E-17
5583.23692417145  7.942023E-17
5585.9436955452  7.633986E-17
5588.65046691895  7.662034E-17
5591.3572382927  7.766591E-17
5594.06400966645  8.000161E-17
5596.7707810402  7.883813E-17
5599.47755241395  7.728411E-17
5602.1843237877  7.883188E-17
5604.89109516144  7.820600E-17
5607.59786653519  7.704823E-17
5610.30463790894  7.555649E-17
5613.01140928269  7.261611E-17
5615.71818065644  7.649389E-17
5618.42495203019  7.680731E-17
5621.13172340394  7.726235E-17
5623.83849477768  7.717879E-17
5626.54526615143  7.673492E-17
5629.25203752518  7.776490E-17
5631.95880889893  7.784267E-17
5634.66558027268  7.614714E-17
5637.37235164643  7.645097E-17
5640.07912302018  7.713532E-17
5642.78589439393  7.540898E-17
5645.49266576768  7.431302E-17
5648.19943714142  7.509578E-17
5650.90620851517  7.558594E-17
5653.61297988892  7.349541E-17
5656.31975126267  7.491239E-17
5659.02652263642  7.493165E-17
5661.73329401017  7.153177E-17
5664.44006538392  7.368708E-17
5667.14683675767  7.509912E-17
5669.85360813141  7.336883E-17
5672.56037950516  7.134181E-17
5675.26715087891  7.125814E-17
5677.97392225266  7.399372E-17
5680.68069362641  7.241235E-17
5683.38746500016  6.947579E-17
5686.09423637391  7.051806E-17
5688.80100774766  7.164488E-17
5691.5077791214  6.929723E-17
5694.21455049515  6.605038E-17
5696.9213218689  6.826064E-17
5699.62809324265  7.160815E-17
5702.3348646164  7.066449E-17
5705.04163599015  7.048805E-17
5707.7484073639  7.302984E-17
5710.45517873765  7.397907E-17
5713.16195011139  7.190885E-17
5715.86872148514  6.906269E-17
5718.57549285889  6.859718E-17
5721.28226423264  7.043017E-17
5723.98903560639  7.020637E-17
5726.69580698014  6.772046E-17
5729.40257835389  6.898739E-17
5732.10934972763  6.937501E-17
5734.81612110138  7.090331E-17
5737.52289247513  7.027713E-17
5740.22966384888  7.330073E-17
5742.93643522263  6.922845E-17
5745.64320659638  6.777668E-17
5748.34997797013  6.966591E-17
5751.05674934388  6.934672E-17
5753.76352071763  7.156550E-17
5756.47029209137  7.176679E-17
5759.17706346512  7.370277E-17
5761.88383483887  7.034538E-17
5764.59060621262  6.874918E-17
5767.29737758637  7.130682E-17
5770.00414896012  6.882634E-17
5772.71092033387  6.975714E-17
5775.41769170762  7.110409E-17
5778.12446308136  7.122663E-17
5780.83123445511  7.073933E-17
5783.53800582886  7.112638E-17
5786.24477720261  6.999610E-17
5788.95154857636  6.952364E-17
5791.65831995011  6.950813E-17
5794.36509132386  7.100332E-17
5797.07186269761  7.010067E-17
5799.77863407135  7.023489E-17
5802.4854054451  7.145577E-17
5805.19217681885  7.010378E-17
5807.8989481926  6.865592E-17
5810.60571956635  6.947544E-17
5813.3124909401  7.045426E-17
5816.01926231385  6.901505E-17
5818.7260336876  7.050675E-17
5821.43280506134  7.255169E-17
5824.13957643509  7.145176E-17
5826.84634780884  7.054919E-17
5829.55311918259  6.938005E-17
5832.25989055634  6.848003E-17
5834.96666193009  6.759228E-17
5837.67343330384  6.800157E-17
5840.38020467759  6.926165E-17
5843.08697605134  6.841438E-17
5845.79374742508  6.889369E-17
5848.50051879883  6.970911E-17
5851.20729017258  6.900529E-17
5853.91406154633  6.871221E-17
5856.62083292008  7.045936E-17
5859.32760429383  7.008936E-17
5862.03437566758  7.080690E-17
5864.74114704133  7.130270E-17
5867.44791841507  6.846557E-17
5870.15468978882  6.754869E-17
5872.86146116257  6.900218E-17
5875.56823253632  6.798865E-17
5878.27500391007  6.586328E-17
5880.98177528382  6.427090E-17
5883.68854665757  6.561819E-17
5886.39531803132  6.610479E-17
5889.10208940506  6.208963E-17
5891.80886077881  6.077746E-17
5894.51563215256  6.247810E-17
5897.22240352631  6.259030E-17
5899.92917490006  6.342410E-17
5902.63594627381  6.572634E-17
5905.34271764756  6.579788E-17
5908.04948902131  6.832432E-17
5910.75626039505  7.023431E-17
5913.4630317688  7.178912E-17
5916.16980314255  7.129715E-17
5918.8765745163  6.858846E-17
5921.58334589005  6.807112E-17
5924.2901172638  6.696693E-17
5926.99688863755  6.690056E-17
5929.7036600113  6.896735E-17
5932.41043138505  6.839032E-17
5935.11720275879  7.040073E-17
5937.82397413254  7.230714E-17
5940.53074550629  7.110826E-17
5943.23751688004  7.044837E-17
5945.94428825379  7.197684E-17
5948.65105962754  7.261604E-17
5951.35783100129  7.224700E-17
5954.06460237504  7.209668E-17
5956.77137374878  7.036523E-17
5959.47814512253  6.950280E-17
5962.18491649628  7.180426E-17
5964.89168787003  7.249136E-17
5967.59845924378  7.040181E-17
5970.30523061753  7.276321E-17
5973.01200199128  7.529680E-17
5975.71877336503  7.366798E-17
5978.42554473877  7.331781E-17
5981.13231611252  7.587681E-17
5983.83908748627  7.775735E-17
5986.54585886002  7.692898E-17
5989.25263023377  7.514200E-17
5991.95940160752  7.555126E-17
5994.66617298127  7.756587E-17
5997.37294435502  7.587362E-17
6000.07971572876  7.144337E-17
6002.78648710251  7.182929E-17
6005.49325847626  7.550780E-17
6008.20002985001  7.588049E-17
6010.90680122376  7.016658E-17
6013.61357259751  7.150147E-17
6016.32034397126  7.276845E-17
6019.02711534501  7.137714E-17
6021.73388671875  7.126514E-17
6024.4406580925  7.063594E-17
6027.14742946625  6.957808E-17
6029.85420084  7.051316E-17
6032.56097221375  7.109302E-17
6035.2677435875  7.180124E-17
6037.97451496125  7.235768E-17
6040.681286335  7.019084E-17
6043.38805770875  7.200843E-17
6046.09482908249  7.417640E-17
6048.80160045624  7.529365E-17
6051.50837182999  7.278709E-17
6054.21514320374  7.039267E-17
6056.92191457749  7.091564E-17
6059.62868595124  7.204932E-17
6062.33545732499  7.452991E-17
6065.04222869874  7.233719E-17
6067.74900007248  6.968199E-17
6070.45577144623  7.142327E-17
6073.16254281998  7.378530E-17
6075.86931419373  7.668402E-17
6078.57608556748  7.439633E-17
6081.28285694123  7.197707E-17
6083.98962831498  7.287553E-17
6086.69639968873  7.301697E-17
6089.40317106247  7.269662E-17
6092.10994243622  7.301474E-17
6094.81671380997  7.407061E-17
6097.52348518372  7.068370E-17
6100.23025655747  7.155368E-17
6102.93702793122  7.273573E-17
6105.64379930497  7.067921E-17
6108.35057067872  7.084586E-17
6111.05734205246  7.135525E-17
6113.76411342621  7.204680E-17
6116.47088479996  7.388564E-17
6119.17765617371  7.641239E-17
6121.88442754746  7.434566E-17
6124.59119892121  7.330059E-17
6127.29797029496  7.382108E-17
6130.00474166871  7.344328E-17
6132.71151304246  7.410462E-17
6135.4182844162  7.136529E-17
6138.12505578995  7.338637E-17
6140.8318271637  7.513019E-17
6143.53859853745  7.282961E-17
6146.2453699112  7.226653E-17
6148.95214128495  7.257135E-17
6151.6589126587  7.434824E-17
6154.36568403245  7.303481E-17
6157.07245540619  7.116665E-17
6159.77922677994  7.344692E-17
6162.48599815369  7.348291E-17
6165.19276952744  7.225147E-17
6167.89954090119  6.889996E-17
6170.60631227494  6.938884E-17
6173.31308364869  7.462462E-17
6176.01985502243  7.292690E-17
6178.72662639618  7.206448E-17
6181.43339776993  7.289165E-17
6184.14016914368  7.258533E-17
6186.84694051743  7.365973E-17
6189.55371189118  7.387592E-17
6192.26048326493  7.357789E-17
6194.96725463868  7.427117E-17
6197.67402601243  7.424373E-17
6200.38079738617  7.335235E-17
6203.08756875992  7.221855E-17
6205.79434013367  7.297921E-17
6208.50111150742  7.426252E-17
6211.20788288117  7.474233E-17
6213.91465425492  7.374663E-17
6216.62142562867  7.351004E-17
6219.32819700242  7.406948E-17
6222.03496837616  7.431845E-17
6224.74173974991  7.419274E-17
6227.44851112366  7.364167E-17
6230.15528249741  7.178712E-17
6232.86205387116  7.273250E-17
6235.56882524491  7.127559E-17
6238.27559661866  7.067135E-17
6240.98236799241  7.218281E-17
6243.68913936615  7.478543E-17
6246.3959107399  7.237077E-17
6249.10268211365  6.977133E-17
6251.8094534874  7.196365E-17
6254.51622486115  7.096825E-17
6257.2229962349  6.807282E-17
6259.92976760865  6.920601E-17
6262.6365389824  6.882812E-17
6265.34331035615  6.621408E-17
6268.05008172989  6.531809E-17
6270.75685310364  6.694544E-17
6273.46362447739  7.017665E-17
6276.17039585114  6.954646E-17
6278.87716722489  6.604204E-17
6281.58393859864  6.486004E-17
6284.29070997239  6.556655E-17
6286.99748134614  6.485868E-17
6289.70425271988  6.411308E-17
6292.41102409363  6.348588E-17
6295.11779546738  6.223972E-17
6297.82456684113  6.026774E-17
6300.53133821488  6.005369E-17
6303.23810958863  6.471495E-17
6305.94488096238  6.501763E-17
6308.65165233613  6.476372E-17
6311.35842370987  6.344417E-17
6314.06519508362  6.102659E-17
6316.77196645737  6.323892E-17
6319.47873783112  6.416039E-17
6322.18550920487  6.151315E-17
6324.89228057862  6.329609E-17
6327.59905195237  6.244489E-17
6330.30582332612  6.116328E-17
6333.01259469987  6.342184E-17
6335.71936607361  6.341221E-17
6338.42613744736  6.156883E-17
6341.13290882111  6.123629E-17
6343.83968019486  6.088860E-17
6346.54645156861  6.058322E-17
6349.25322294236  6.205821E-17
6351.95999431611  6.466024E-17
6354.66676568986  6.412377E-17
6357.3735370636  6.157831E-17
6360.08030843735  6.087763E-17
6362.7870798111  6.128160E-17
6365.49385118485  6.041189E-17
6368.2006225586  6.019438E-17
6370.90739393235  6.264972E-17
6373.6141653061  6.237864E-17
6376.32093667985  6.309227E-17
6379.02770805359  6.175003E-17
6381.73447942734  6.194946E-17
6384.44125080109  6.369495E-17
6387.14802217484  6.285711E-17
6389.85479354859  6.274686E-17
6392.56156492234  6.259114E-17
6395.26833629609  6.083385E-17
6397.97510766983  5.852791E-17
6400.68187904358  5.815877E-17
6403.38865041733  6.105288E-17
6406.09542179108  6.238126E-17
6408.80219316483  5.897957E-17
6411.50896453858  5.605093E-17
6414.21573591233  5.994468E-17
6416.92250728608  6.158594E-17
6419.62927865982  5.858681E-17
6422.33605003358  5.738522E-17
6425.04282140732  5.714344E-17
6427.74959278107  5.768302E-17
6430.45636415482  5.956198E-17
6433.16313552857  5.982966E-17
6435.86990690232  5.903785E-17
6438.57667827607  6.018104E-17
6441.28344964982  6.058948E-17
6443.99022102356  5.930304E-17
6446.69699239731  5.962195E-17
6449.40376377106  5.937916E-17
6452.11053514481  5.822692E-17
6454.81730651856  5.821168E-17
6457.52407789231  5.894902E-17
6460.23084926606  6.187274E-17
6462.93762063981  6.179150E-17
6465.64439201355  5.834138E-17
6468.3511633873  5.760467E-17
6471.05793476105  6.004146E-17
6473.7647061348  6.125192E-17
6476.47147750855  6.260877E-17
6479.1782488823  6.467261E-17
6481.88502025605  6.205612E-17
6484.5917916298  5.606862E-17
6487.29856300354  5.926879E-17
6490.00533437729  5.928486E-17
6492.71210575104  5.987342E-17
6495.41887712479  5.725329E-17
6498.12564849854  5.768536E-17
6500.83241987229  5.775198E-17
6503.53919124604  5.475866E-17
6506.24596261979  5.705241E-17
6508.95273399354  5.741344E-17
6511.65950536728  5.672015E-17
6514.36627674103  5.954101E-17
6517.07304811478  6.025528E-17
6519.77981948853  6.001047E-17
6522.48659086228  6.045174E-17
6525.19336223603  6.172489E-17
6527.90013360978  6.012874E-17
6530.60690498353  5.764757E-17
6533.31367635727  5.905695E-17
6536.02044773102  5.906234E-17
6538.72721910477  5.768214E-17
6541.43399047852  5.743614E-17
6544.14076185227  6.089595E-17
6546.84753322602  6.069810E-17
6549.55430459977  5.865838E-17
6552.26107597352  5.630845E-17
6554.96784734726  5.610963E-17
6557.67461872101  5.831993E-17
6560.38139009476  5.816410E-17
6563.08816146851  5.757609E-17
6565.79493284226  5.634698E-17
6568.50170421601  5.819826E-17
6571.20847558976  6.076841E-17
6573.91524696351  5.942517E-17
6576.62201833726  6.050992E-17
6579.328789711  5.902720E-17
6582.03556108475  5.957444E-17
6584.7423324585  6.022420E-17
6587.44910383225  6.176835E-17
6590.155875206  6.323011E-17
6592.86264657975  6.331981E-17
6595.5694179535  6.572178E-17
6598.27618932725  6.728564E-17
6600.98296070099  6.493550E-17
6603.68973207474  6.278476E-17
6606.39650344849  5.991018E-17
6609.10327482224  5.811110E-17
6611.81004619599  6.135563E-17
6614.51681756974  6.373665E-17
6617.22358894349  6.147353E-17
6619.93036031724  6.200609E-17
6622.63713169098  6.877244E-17
6625.34390306473  7.060415E-17
6628.05067443848  7.011976E-17
6630.75744581223  7.013033E-17
6633.46421718598  7.090249E-17
6636.17098855973  7.131970E-17
6638.87775993348  7.213226E-17
6641.58453130723  7.406802E-17
6644.29130268098  7.435284E-17
6646.99807405472  7.065308E-17
6649.70484542847  7.182155E-17
6652.41161680222  7.377985E-17
6655.11838817597  7.243723E-17
6657.82515954972  7.101361E-17
6660.53193092347  7.437261E-17
6663.23870229722  7.653872E-17
6665.94547367097  7.483125E-17
6668.65224504471  7.564013E-17
6671.35901641846  7.558172E-17
6674.06578779221  7.623850E-17
6676.77255916596  7.688897E-17
6679.47933053971  7.574116E-17
6682.18610191346  7.756817E-17
6684.89287328721  7.864702E-17
6687.59964466095  7.669789E-17
6690.3064160347  7.691559E-17
6693.01318740845  7.848820E-17
6695.7199587822  7.865753E-17
6698.42673015595  7.724261E-17
6701.1335015297  7.729354E-17
6703.84027290345  7.859973E-17
6706.5470442772  7.784122E-17
6709.25381565094  7.806796E-17
6711.9605870247  7.660178E-17
6714.66735839844  7.603367E-17
6717.37412977219  7.672575E-17
6720.08090114594  7.822152E-17
6722.78767251969  7.992455E-17
6725.49444389344  7.781215E-17
6728.20121526719  8.132253E-17
6730.90798664094  8.319550E-17
6733.61475801468  8.425458E-17
6736.32152938843  8.924787E-17
6739.02830076218  9.788218E-17
6741.73507213593  1.195520E-16
6744.44184350968  1.577811E-16
6747.14861488343  1.961101E-16
6749.85538625718  2.146871E-16
6752.56215763093  2.090790E-16
6755.26892900467  1.830708E-16
6757.97570037842  1.496689E-16
6760.68247175217  1.234686E-16
6763.38924312592  1.051792E-16
6766.09601449967  9.735427E-17
6768.80278587342  9.759011E-17
6771.50955724717  9.315514E-17
6774.21632862092  8.875253E-17
6776.92309999466  8.649990E-17
6779.62987136841  8.214545E-17
6782.33664274216  8.220614E-17
6785.04341411591  8.240698E-17
6787.75018548966  8.374888E-17
6790.45695686341  8.208312E-17
6793.16372823716  7.927712E-17
6795.8704996109  7.833342E-17
6798.57727098465  7.754123E-17
6801.2840423584  7.919031E-17
6803.99081373215  8.351539E-17
6806.6975851059  8.001802E-17
6809.40435647965  7.834449E-17
6812.1111278534  7.870721E-17
6814.81789922715  7.688876E-17
6817.52467060089  7.618579E-17
6820.23144197465  7.710222E-17
6822.93821334839  7.573817E-17
6825.64498472214  7.501586E-17
6828.35175609589  7.529818E-17
6831.05852746964  7.410814E-17
6833.76529884339  7.330252E-17
6836.47207021714  7.182669E-17
6839.17884159089  7.086592E-17
6841.88561296463  7.078193E-17
6844.59238433838  6.870570E-17
6847.29915571213  6.806211E-17
6850.00592708588  6.747916E-17
6852.71269845963  6.683144E-17
6855.41946983338  6.752155E-17
6858.12624120713  6.816819E-17
6860.83301258088  6.479715E-17
6863.53978395462  5.916070E-17
6866.24655532837  5.794995E-17
6868.95332670212  5.906731E-17
6871.66009807587  5.817686E-17
6874.36686944962  6.116098E-17
6877.07364082337  6.303904E-17
6879.78041219712  6.335864E-17
6882.48718357087  6.164311E-17
6885.19395494461  5.989680E-17
6887.90072631836  6.089251E-17
6890.60749769211  6.190452E-17
6893.31426906586  6.031593E-17
6896.02104043961  5.978519E-17
6898.72781181336  6.239407E-17
6901.43458318711  6.469323E-17
6904.14135456086  6.637568E-17
6906.8481259346  6.763830E-17
6909.55489730835  6.535949E-17
6912.2616686821  6.280768E-17
6914.96844005585  6.299377E-17
6917.6752114296  6.289240E-17
6920.38198280335  6.274323E-17
6923.0887541771  6.294880E-17
6925.79552555085  6.511694E-17
6928.5022969246  6.391612E-17
6931.20906829834  5.821787E-17
6933.91583967209  5.773557E-17
6936.62261104584  5.779405E-17
6939.32938241959  5.772352E-17
6942.03615379334  5.952019E-17
6944.74292516709  6.027883E-17
6947.44969654084  6.055877E-17
6950.15646791459  5.924248E-17
6952.86323928833  5.898240E-17
6955.57001066208  6.127725E-17
6958.27678203583  5.943360E-17
6960.98355340958  5.703726E-17
6963.69032478333  5.755861E-17
6966.39709615708  5.783245E-17
6969.10386753083  6.061315E-17
6971.81063890458  6.169216E-17
6974.51741027832  5.828566E-17
6977.22418165207  5.845131E-17
6979.93095302582  5.976540E-17
6982.63772439957  6.003147E-17
6985.34449577332  5.883006E-17
6988.05126714707  5.439152E-17
6990.75803852082  5.500444E-17
6993.46480989457  5.825985E-17
6996.17158126832  5.832809E-17
6998.87835264206  5.932558E-17
7001.58512401581  5.761445E-17
7004.29189538956  5.900049E-17
7006.99866676331  6.116514E-17
7009.70543813706  6.129644E-17
7012.41220951081  5.891996E-17
7015.11898088456  5.847520E-17
7017.82575225831  5.797750E-17
7020.53252363205  5.547846E-17
7023.2392950058  5.536030E-17
7025.94606637955  5.921216E-17
7028.6528377533  5.884580E-17
7031.35960912705  5.553525E-17
7034.0663805008  5.586149E-17
7036.77315187455  5.695863E-17
7039.4799232483  5.764581E-17
7042.18669462204  5.860667E-17
7044.89346599579  5.842236E-17
7047.60023736954  5.747503E-17
7050.30700874329  6.002167E-17
7053.01378011704  5.733110E-17
7055.72055149079  5.713245E-17
7058.42732286454  5.812836E-17
7061.13409423829  5.873465E-17
7063.84086561203  5.879855E-17
7066.54763698578  5.933286E-17
7069.25440835953  5.909077E-17
7071.96117973328  5.779771E-17
7074.66795110703  5.774482E-17
7077.37472248078  5.775703E-17
7080.08149385453  5.711629E-17
7082.78826522828  5.484941E-17
7085.49503660202  5.630624E-17
7088.20180797577  5.749153E-17
7090.90857934952  5.678013E-17
7093.61535072327  5.631071E-17
7096.32212209702  5.440853E-17
7099.02889347077  5.439976E-17
7101.73566484452  5.551136E-17
7104.44243621827  5.550058E-17
7107.14920759201  5.617678E-17
7109.85597896576  5.687544E-17
7112.56275033951  5.729809E-17
7115.26952171326  5.632200E-17
7117.97629308701  5.798398E-17
7120.68306446076  5.721086E-17
7123.38983583451  5.648148E-17
7126.09660720826  5.377816E-17
7128.80337858201  5.595473E-17
7131.51014995575  5.817263E-17
7134.2169213295  5.777539E-17
7136.92369270325  5.765046E-17
7139.630464077  5.705904E-17
7142.33723545075  5.608856E-17
7145.0440068245  5.690553E-17
7147.75077819825  5.937334E-17
7150.457549572  6.144408E-17
7153.16432094574  6.067642E-17
7155.87109231949  5.781531E-17
7158.57786369324  5.575280E-17
7161.28463506699  5.600706E-17
7163.99140644074  5.703666E-17
7166.69817781449  5.591311E-17
7169.40494918824  5.441435E-17
7172.11172056199  5.444357E-17
7174.81849193573  5.455497E-17
7177.52526330948  5.485288E-17
7180.23203468323  5.425272E-17
7182.93880605698  5.247549E-17
7185.64557743073  5.403088E-17
7188.35234880448  5.340971E-17
7191.05912017823  5.367760E-17
7193.76589155198  5.603240E-17
7196.47266292572  5.713503E-17
7199.17943429947  5.616554E-17
7201.88620567322  5.323519E-17
7204.59297704697  5.405511E-17
7207.29974842072  5.483079E-17
7210.00651979447  5.361098E-17
7212.71329116822  5.328055E-17
7215.42006254197  5.280723E-17
7218.12683391572  5.273488E-17
7220.83360528946  5.314408E-17
7223.54037666321  5.301140E-17
7226.24714803696  5.267117E-17
7228.95391941071  5.260527E-17
7231.66069078446  5.384416E-17
7234.36746215821  5.281040E-17
7237.07423353196  5.097081E-17
7239.78100490571  5.098962E-17
7242.48777627945  5.034555E-17
7245.1945476532  5.166768E-17
7247.90131902695  5.316328E-17
7250.6080904007  5.113417E-17
7253.31486177445  5.133059E-17
7256.0216331482  5.071788E-17
7258.72840452195  4.970775E-17
7261.4351758957  5.269515E-17
7264.14194726944  5.331207E-17
7266.84871864319  5.267384E-17
7269.55549001694  5.134440E-17
7272.26226139069  5.175069E-17
7274.96903276444  5.345785E-17
7277.67580413819  5.177561E-17
7280.38257551194  5.154478E-17
7283.08934688569  5.125086E-17
7285.79611825943  4.989562E-17
7288.50288963318  5.236024E-17
7291.20966100693  5.359684E-17
7293.91643238068  5.047258E-17
7296.62320375443  4.918171E-17
7299.32997512818  4.929793E-17
7302.03674650193  5.162750E-17
7304.74351787568  5.237737E-17
7307.45028924943  4.841711E-17
7310.15706062317  5.061996E-17
7312.86383199692  5.379710E-17
7315.57060337067  5.428035E-17
7318.27737474442  5.047800E-17
7320.98414611817  5.181619E-17
7323.69091749192  5.359838E-17
7326.39768886567  5.364562E-17
7329.10446023942  5.548198E-17
7331.81123161316  5.428206E-17
7334.51800298691  5.184360E-17
7337.22477436066  5.224077E-17
7339.93154573441  5.305970E-17
7342.63831710816  5.241709E-17
7345.34508848191  5.177297E-17
7348.05185985566  5.115215E-17
7350.75863122941  5.003663E-17
7353.46540260315  5.041315E-17
7356.1721739769  5.098291E-17
7358.87894535065  5.243866E-17
7361.5857167244  5.313027E-17
7364.29248809815  5.285834E-17
7366.9992594719  5.405012E-17
7369.70603084565  5.272329E-17
7372.4128022194  5.119773E-17
7375.11957359314  4.985174E-17
7377.82634496689  5.193711E-17
7380.53311634064  5.290155E-17
7383.23988771439  5.038842E-17
7385.94665908814  5.178622E-17
7388.65343046189  5.161123E-17
7391.36020183564  4.795540E-17
7394.06697320939  5.135218E-17
7396.77374458313  5.465425E-17
7399.48051595688  5.214401E-17
7402.18728733063  5.080001E-17
7404.89405870438  5.013642E-17
7407.60083007813  5.351086E-17
7410.30760145188  5.227465E-17
7413.01437282563  5.089728E-17
7415.72114419938  5.308693E-17
7418.42791557313  5.345887E-17
7421.13468694687  5.183067E-17
7423.84145832062  5.321694E-17
7426.54822969437  5.232562E-17
7429.25500106812  5.269130E-17
7431.96177244187  5.327344E-17
7434.66854381562  5.190756E-17
7437.37531518937  5.089279E-17
7440.08208656312  5.254400E-17
7442.78885793686  5.392515E-17
7445.49562931061  5.378315E-17
7448.20240068436  5.478875E-17
7450.90917205811  5.245790E-17
7453.61594343186  5.190920E-17
7456.32271480561  5.343275E-17
7459.02948617936  4.993651E-17
7461.73625755311  5.218364E-17
7464.44302892686  5.468115E-17
7467.1498003006  5.524732E-17
7469.85657167435  5.472524E-17
7472.5633430481  5.225664E-17
7475.27011442185  5.260125E-17
7477.9768857956  5.245787E-17
7480.68365716935  5.191532E-17
7483.3904285431  5.200951E-17
7486.09719991685  5.052043E-17
7488.80397129059  5.062240E-17
7491.51074266434  5.128920E-17
7494.21751403809  5.126613E-17
7496.92428541184  5.190427E-17
7499.63105678559  5.191488E-17
7502.33782815934  5.294709E-17
7505.04459953309  5.347651E-17
7507.75137090684  5.309215E-17
7510.45814228058  5.191787E-17
7513.16491365433  5.297512E-17
7515.87168502808  5.219241E-17
7518.57845640183  5.249857E-17
7521.28522777558  5.003252E-17
7523.99199914933  5.011703E-17
7526.69877052308  5.194172E-17
7529.40554189683  5.098943E-17
7532.11231327058  4.969517E-17
7534.81908464432  5.105360E-17
7537.52585601807  5.040404E-17
7540.23262739182  4.870204E-17
7542.93939876557  4.718916E-17
7545.64617013932  4.713040E-17
7548.35294151307  5.111138E-17
7551.05971288682  5.182234E-17
7553.76648426057  4.988275E-17
7556.47325563431  5.316454E-17
7559.18002700806  5.393685E-17
7561.88679838181  5.124716E-17
7564.59356975556  4.809589E-17
7567.30034112931  4.526998E-17
7570.00711250306  4.661571E-17
7572.71388387681  4.659089E-17
7575.42065525056  4.779435E-17
7578.1274266243  4.937890E-17
7580.83419799805  4.923148E-17
7583.5409693718  4.652368E-17
7586.24774074555  4.303274E-17
7588.9545121193  4.083364E-17
7591.66128349305  3.690056E-17
7594.3680548668  3.229253E-17
7597.07482624055  3.214295E-17
7599.7815976143  3.158551E-17
7602.48836898804  3.082749E-17
7605.19514036179  3.854379E-17
7607.90191173554  4.548293E-17
7610.60868310929  5.036253E-17
7613.31545448304  4.725396E-17
7616.02222585679  4.324427E-17
7618.72899723054  4.056333E-17
7621.43576860428  3.858962E-17
7624.14253997803  3.417085E-17
7626.84931135178  3.629773E-17
7629.55608272553  4.009439E-17
7632.26285409928  4.302438E-17
7634.96962547303  4.215532E-17
7637.67639684678  4.057445E-17
7640.38316822053  4.401580E-17
7643.08993959427  4.371878E-17
7645.79671096802  4.184721E-17
7648.50348234177  4.395810E-17
7651.21025371552  4.329243E-17
7653.91702508927  4.453719E-17
7656.62379646302  4.854560E-17
7659.33056783677  4.781400E-17
7662.03733921052  4.626392E-17
7664.74411058426  4.477323E-17
7667.45088195801  4.251245E-17
7670.15765333176  4.311345E-17
7672.86442470551  4.700530E-17
7675.57119607926  4.730964E-17
7678.27796745301  4.537361E-17
7680.98473882676  4.675309E-17
7683.69151020051  4.979294E-17
7686.39828157425  4.860574E-17
7689.105052948  4.670825E-17
7691.81182432175  4.618972E-17
7694.5185956955  4.788167E-17
7697.22536706925  5.119675E-17
7699.932138443  4.794351E-17
7702.63890981675  4.246456E-17
7705.3456811905  4.438589E-17
7708.05245256425  4.713221E-17
7710.75922393799  4.532365E-17
7713.46599531174  4.296482E-17
7716.17276668549  4.325648E-17
7718.87953805924  4.459359E-17
7721.58630943299  4.633450E-17
7724.29308080674  4.641889E-17
7726.99985218049  4.550540E-17
7729.70662355424  4.795152E-17
7732.41339492798  4.890313E-17
7735.12016630173  4.822538E-17
7737.82693767548  4.841147E-17
7740.53370904923  4.601423E-17
7743.24048042298  4.494239E-17
7745.94725179673  4.642365E-17
7748.65402317048  4.522103E-17
7751.36079454423  4.636198E-17
7754.06756591797  4.747038E-17
7756.77433729172  4.594162E-17
7759.48110866547  4.485104E-17
7762.18788003922  4.322808E-17
7764.89465141297  4.543389E-17
7767.60142278672  4.581848E-17
7770.30819416047  4.832324E-17
7773.01496553422  4.600373E-17
7775.72173690797  4.456161E-17
7778.42850828171  4.477086E-17
7781.13527965546  4.540801E-17
7783.84205102921  4.637933E-17
7786.54882240296  4.681404E-17
7789.25559377671  4.604244E-17
7791.96236515046  4.497879E-17
7794.66913652421  4.478133E-17
7797.37590789796  4.539046E-17
7800.0826792717  4.753244E-17
7802.78945064545  4.681667E-17
7805.4962220192  4.834414E-17
7808.20299339295  4.609589E-17
7810.9097647667  4.695600E-17
7813.61653614045  4.411740E-17
7816.3233075142  4.575296E-17
7819.03007888795  4.494902E-17
7821.73685026169  4.545714E-17
7824.44362163544  4.138435E-17
7827.15039300919  4.209687E-17
7829.85716438294  4.678286E-17
7832.56393575669  4.588845E-17
7835.27070713044  4.670586E-17
7837.97747850419  4.686938E-17
7840.68424987794  4.270297E-17
7843.39102125169  4.349486E-17
7846.09779262543  4.448129E-17
7848.80456399918  4.433761E-17
7851.51133537293  4.653681E-17
7854.21810674668  4.224137E-17
7856.92487812043  4.310041E-17
7859.63164949418  4.218402E-17
7862.33842086793  4.487413E-17
7865.04519224168  4.583212E-17
7867.75196361542  4.417819E-17
7870.45873498917  4.408715E-17
7873.16550636292  4.599533E-17
7875.87227773667  4.443932E-17
7878.57904911042  4.172674E-17
7881.28582048417  4.178322E-17
7883.99259185792  4.129339E-17
7886.69936323167  4.023415E-17
7889.40613460541  3.995184E-17
7892.11290597916  4.210098E-17
7894.81967735291  4.227676E-17
