3663.45281124     3.62794e-17     
3668.97939148     4.25122e-17     
3674.50597171     5.0001e-17      
3680.03255195     3.96827e-17     
3685.55913219     3.1869e-17      
3691.08571242     4.63017e-17     
3696.61229266     4.4112e-17      
3702.1388729      4.12292e-17     
3707.66545313     4.98818e-17     
3713.19203337     5.03675e-17     
3718.71861361     4.89087e-17     
3724.24519385     3.85357e-17     
3729.77177408     4.28767e-17     
3735.29835432     6.33866e-17     
3740.82493456     3.80739e-17     
3746.35151479     4.96958e-17     
3751.87809503     4.3089e-17      
3757.40467527     5.2061e-17      
3762.9312555      4.828e-17       
3768.45783574     4.32068e-17     
3773.98441598     4.83697e-17     
3779.51099621     5.35264e-17     
3785.03757645     4.57762e-17     
3790.56415669     4.70794e-17     
3796.09073692     3.61624e-17     
3801.61731716     5.42233e-17     
3807.1438974      5.28026e-17     
3812.67047763     4.16726e-17     
3818.19705787     4.84784e-17     
3823.72363811     5.01763e-17     
3829.25021835     5.19336e-17     
3834.77679858     4.47993e-17     
3840.30337882     4.52356e-17     
3845.82995906     4.91015e-17     
3851.35653929     5.7059e-17      
3856.88311953     4.37926e-17     
3862.40969977     5.3053e-17      
3867.93628        6.00824e-17     
3873.46286024     5.50303e-17     
3878.98944048     4.59022e-17     
3884.51602071     5.46158e-17     
3890.04260095     4.62324e-17     
3895.56918119     6.02147e-17     
3901.09576142     5.33088e-17     
3906.62234166     4.9223e-17      
3912.1489219      4.79405e-17     
3917.67550213     5.32855e-17     
3923.20208237     5.64325e-17     
3928.72866261     4.69274e-17     
3934.25524284     5.71124e-17     
3939.78182308     6.10399e-17     
3945.30840332     5.4201e-17      
3950.83498356     4.93445e-17     
3956.36156379     5.60871e-17     
3961.88814403     5.94655e-17     
3967.41472427     5.13766e-17     
3972.9413045      6.16124e-17     
3978.46788474     4.71346e-17     
3983.99446498     5.74867e-17     
3989.52104521     5.79382e-17     
3995.04762545     5.47258e-17     
4000.57420569     5.06278e-17     
4006.10078592     5.69564e-17     
4011.62736616     4.97039e-17     
4017.1539464      6.05642e-17     
4022.68052663     6.28248e-17     
4028.20710687     4.9657e-17      
4033.73368711     5.47029e-17     
4039.26026734     5.43961e-17     
4044.78684758     4.94415e-17     
4050.31342782     5.76916e-17     
4055.84000806     6.07713e-17     
4061.36658829     5.80273e-17     
4066.89316853     5.71406e-17     
4072.41974877     6.39348e-17     
4077.946329       6.41098e-17     
4083.47290924     6.18124e-17     
4088.99948948     5.91657e-17     
4094.52606971     5.5851e-17      
4100.05264995     5.88523e-17     
4105.57923019     6.11855e-17     
4111.10581042     6.59942e-17     
4116.63239066     6.42825e-17     
4122.1589709      6.09059e-17     
4127.68555113     5.35814e-17     
4133.21213137     6.23227e-17     
4138.73871161     6.43437e-17     
4144.26529184     6.02348e-17     
4149.79187208     5.34044e-17     
4155.31845232     6.77619e-17     
4160.84503256     6.91501e-17     
4166.37161279     6.53023e-17     
4171.89819303     5.94684e-17     
4177.42477327     6.12708e-17     
4182.9513535      6.4116e-17      
4188.47793374     6.96726e-17     
4194.00451398     6.43284e-17     
4199.53109421     6.3233e-17      
4205.05767445     6.70695e-17     
4210.58425469     7.14376e-17     
4216.11083492     5.91743e-17     
4221.63741516     6.87209e-17     
4227.1639954      6.24486e-17     
4232.69057563     6.96011e-17     
4238.21715587     6.74531e-17     
4243.74373611     6.6603e-17      
4249.27031634     6.71869e-17     
4254.79689658     6.98354e-17     
4260.32347682     6.27787e-17     
4265.85005705     6.20331e-17     
4271.37663729     6.74839e-17     
4276.90321753     6.90533e-17     
4282.42979777     6.79301e-17     
4287.956378       7.22688e-17     
4293.48295824     7.07229e-17     
4299.00953848     6.35175e-17     
4304.53611871     7.28931e-17     
4310.06269895     6.89007e-17     
4315.58927919     6.89224e-17     
4321.11585942     6.91435e-17     
4326.64243966     7.02531e-17     
4332.1690199      6.82859e-17     
4337.69560013     6.71643e-17     
4343.22218037     7.62025e-17     
4348.74876061     7.12324e-17     
4354.27534084     6.53444e-17     
4359.80192108     6.96319e-17     
4365.32850132     7.16991e-17     
4370.85508155     7.17652e-17     
4376.38166179     6.47122e-17     
4381.90824203     7.18556e-17     
4387.43482227     6.44001e-17     
4392.9614025      7.02984e-17     
4398.48798274     6.81363e-17     
4404.01456298     6.66335e-17     
4409.54114321     6.83699e-17     
4415.06772345     7.20024e-17     
4420.59430369     6.66057e-17     
4426.12088392     7.46779e-17     
4431.64746416     6.14668e-17     
4437.1740444      6.26735e-17     
4442.70062463     6.51825e-17     
4448.22720487     6.49955e-17     
4453.75378511     6.31649e-17     
4459.28036534     6.04841e-17     
4464.80694558     5.95412e-17     
4470.33352582     6.37306e-17     
4475.86010605     6.0021e-17      
4481.38668629     6.48361e-17     
4486.91326653     6.48241e-17     
4492.43984677     6.52576e-17     
4497.966427       6.57779e-17     
4503.49300724     6.06954e-17     
4509.01958748     6.33114e-17     
4514.54616771     6.6739e-17      
4520.07274795     6.49766e-17     
4525.59932819     6.42189e-17     
4531.12590842     6.35322e-17     
4536.65248866     7.03075e-17     
4542.1790689      6.81815e-17     
4547.70564913     6.57481e-17     
4553.23222937     6.23267e-17     
4558.75880961     6.38289e-17     
4564.28538984     6.37277e-17     
4569.81197008     6.53484e-17     
4575.33855032     7.0017e-17      
4580.86513055     6.45749e-17     
4586.39171079     6.64557e-17     
4591.91829103     6.1902e-17      
4597.44487126     6.25575e-17     
4602.9714515      7.14791e-17     
4608.49803174     6.29274e-17     
4614.02461198     6.7389e-17      
4619.55119221     6.75399e-17     
4625.07777245     6.68508e-17     
4630.60435269     6.83905e-17     
4636.13093292     6.59942e-17     
4641.65751316     7.56144e-17     
4647.1840934      7.13074e-17     
4652.71067363     7.00714e-17     
4658.23725387     7.46789e-17     
4663.76383411     7.15272e-17     
4669.29041434     7.11245e-17     
4674.81699458     6.79896e-17     
4680.34357482     7.23256e-17     
4685.87015505     7.22667e-17     
4691.39673529     7.13836e-17     
4696.92331553     7.0578e-17      
4702.44989576     7.42352e-17     
4707.976476       7.78805e-17     
4713.50305624     7.24101e-17     
4719.02963648     6.98519e-17     
4724.55621671     7.52437e-17     
4730.08279695     7.13575e-17     
4735.60937719     7.51953e-17     
4741.13595742     7.4453e-17      
4746.66253766     7.54196e-17     
4752.1891179      7.30272e-17     
4757.71569813     6.68028e-17     
4763.24227837     7.31836e-17     
4768.76885861     7.26666e-17     
4774.29543884     7.16214e-17     
4779.82201908     6.93999e-17     
4785.34859932     6.64412e-17     
4790.87517955     7.01985e-17     
4796.40175979     7.50492e-17     
4801.92834003     7.53172e-17     
4807.45492026     7.08942e-17     
4812.9815005      7.79645e-17     
4818.50808074     7.53351e-17     
4824.03466098     6.96668e-17     
4829.56124121     6.99303e-17     
4835.08782145     7.33136e-17     
4840.61440169     7.07522e-17     
4846.14098192     7.77981e-17     
4851.66756216     8.1999e-17      
4857.1941424      7.47998e-17     
4862.72072263     6.89943e-17     
4868.24730287     7.3929e-17      
4873.77388311     7.08512e-17     
4879.30046334     7.22115e-17     
4884.82704358     7.52514e-17     
4890.35362382     7.34029e-17     
4895.88020405     7.26645e-17     
4901.40678429     6.90546e-17     
4906.93336453     7.78114e-17     
4912.45994476     7.26109e-17     
4917.986525       6.6405e-17      
4923.51310524     7.6089e-17      
4929.03968548     7.21998e-17     
4934.56626571     7.94541e-17     
4940.09284595     7.057e-17       
4945.61942619     6.92078e-17     
4951.14600642     7.35898e-17     
4956.67258666     7.23061e-17     
4962.1991669      7.33992e-17     
4967.72574713     6.83497e-17     
4973.25232737     7.32601e-17     
4978.77890761     7.92956e-17     
4984.30548784     7.44954e-17     
4989.83206808     7.52965e-17     
4995.35864832     6.92046e-17     
5000.88522855     6.53382e-17     
5006.41180879     6.64835e-17     
5011.93838903     6.91691e-17     
5017.46496926     6.5329e-17      
5022.9915495      6.41483e-17     
5028.51812974     7.08375e-17     
5034.04470997     6.58391e-17     
5039.57129021     6.20518e-17     
5045.09787045     6.70695e-17     
5050.62445069     6.11304e-17     
5056.15103092     6.34936e-17     
5061.67761116     6.5634e-17      
5067.2041914      6.42438e-17     
5072.73077163     6.60924e-17     
5078.25735187     6.95631e-17     
5083.78393211     7.02292e-17     
5089.31051234     6.44364e-17     
5094.83709258     6.2539e-17      
5100.36367282     6.26279e-17     
5105.89025305     6.48318e-17     
5111.41683329     6.05366e-17     
5116.94341353     6.6191e-17      
5122.46999376     6.6633e-17      
5127.996574       6.26085e-17     
5133.52315424     5.55022e-17     
5139.04973447     6.11271e-17     
5144.57631471     6.51426e-17     
5150.10289495     6.28539e-17     
5155.62947519     5.91511e-17     
5161.15605542     6.05686e-17     
5166.68263566     7.00802e-17     
5172.2092159      6.55916e-17     
5177.73579613     6.68303e-17     
5183.26237637     6.81244e-17     
5188.78895661     6.79756e-17     
5194.31553684     6.91401e-17     
5199.84211708     6.31333e-17     
5205.36869732     6.98867e-17     
5210.89527755     6.83382e-17     
5216.42185779     6.80741e-17     
5221.94843803     6.68761e-17     
5227.47501826     6.46053e-17     
5233.0015985      6.37379e-17     
5238.52817874     7.38089e-17     
5244.05475897     6.35066e-17     
5249.58133921     6.59655e-17     
5255.10791945     6.78749e-17     
5260.63449969     7.00598e-17     
5266.16107992     7.00642e-17     
5271.68766016     7.19958e-17     
5277.2142404      6.92512e-17     
5282.74082063     7.23793e-17     
5288.26740087     6.86299e-17     
5293.79398111     7.34177e-17     
5299.32056134     7.22602e-17     
5304.84714158     7.09967e-17     
5310.37372182     7.04407e-17     
5315.90030205     7.18655e-17     
5321.42688229     7.37408e-17     
5326.95346253     7.5649e-17      
5332.48004276     7.43939e-17     
5338.006623       7.41458e-17     
5343.53320324     7.53497e-17     
5349.05978347     7.56934e-17     
5354.58636371     7.71808e-17     
5360.11294395     7.73159e-17     
5365.63952418     7.32207e-17     
5371.16610442     7.70169e-17     
5376.69268466     8.00667e-17     
5382.2192649      7.40629e-17     
5387.74584513     7.52032e-17     
5393.27242537     7.20997e-17     
5398.79900561     7.38606e-17     
5404.32558584     7.96618e-17     
5409.85216608     7.77533e-17     
5415.37874632     7.81577e-17     
5420.90532655     7.9897e-17      
5426.43190679     7.69746e-17     
5431.95848703     8.09593e-17     
5437.48506726     7.96402e-17     
5443.0116475      8.2348e-17      
5448.53822774     8.36524e-17     
5454.06480797     7.82516e-17     
5459.59138821     7.77092e-17     
5465.11796845     8.38446e-17     
5470.64454868     8.35671e-17     
5476.17112892     8.33873e-17     
5481.69770916     7.81307e-17     
5487.2242894      8.09607e-17     
5492.75086963     7.90909e-17     
5498.27744987     7.98603e-17     
5503.80403011     8.46367e-17     
5509.33061034     8.65361e-17     
5514.85719058     7.95081e-17     
5520.38377082     8.33723e-17     
5525.91035105     8.61136e-17     
5531.43693129     8.29993e-17     
5536.96351153     8.30738e-17     
5542.49009176     8.50371e-17     
5548.016672       8.09618e-17     
5553.54325224     7.37951e-17     
5559.06983247     7.86691e-17     
5564.59641271     8.49543e-17     
5570.12299295     8.59415e-17     
5575.64957318     9.20508e-17     
5581.17615342     8.62497e-17     
5586.70273366     7.59851e-17     
5592.2293139      7.83899e-17     
5597.75589413     7.63546e-17     
5603.28247437     7.47117e-17     
5608.80905461     7.47574e-17     
5614.33563484     7.85079e-17     
5619.86221508     7.86361e-17     
5625.38879532     7.44809e-17     
5630.91537555     8.01254e-17     
5636.44195579     8.11918e-17     
5641.96853603     7.6326e-17      
5647.49511626     8.04726e-17     
5653.0216965      7.86935e-17     
5658.54827674     7.68185e-17     
5664.07485697     7.73632e-17     
5669.60143721     7.31055e-17     
5675.12801745     7.52361e-17     
5680.65459768     7.96914e-17     
5686.18117792     7.90278e-17     
5691.70775816     7.61361e-17     
5697.2343384      7.56545e-17     
5702.76091863     7.65801e-17     
5708.28749887     7.73394e-17     
5713.81407911     7.99866e-17     
5719.34065934     7.78565e-17     
5724.86723958     7.32373e-17     
5730.39381982     7.25578e-17     
5735.92040005     7.00199e-17     
5741.44698029     7.12598e-17     
5746.97356053     7.73984e-17     
5752.50014076     7.89724e-17     
5758.026721       7.00527e-17     
5763.55330124     7.22359e-17     
5769.07988147     7.4743e-17      
5774.60646171     6.62682e-17     
5780.13304195     6.85428e-17     
5785.65962218     7.94808e-17     
5791.18620242     7.46802e-17     
5796.71278266     7.09227e-17     
5802.23936289     6.83283e-17     
5807.76594313     6.74282e-17     
5813.29252337     6.48246e-17     
5818.81910361     6.29328e-17     
5824.34568384     7.07631e-17     
5829.87226408     7.09502e-17     
5835.39884432     6.52102e-17     
5840.92542455     6.51222e-17     
5846.45200479     7.03033e-17     
5851.97858503     6.77776e-17     
5857.50516526     6.57679e-17     
5863.0317455      6.77439e-17     
5868.55832574     6.49555e-17     
5874.08490597     6.85237e-17     
5879.61148621     6.30374e-17     
5885.13806645     6.39653e-17     
5890.66464668     6.64686e-17     
5896.19122692     6.64813e-17     
5901.71780716     6.70096e-17     
5907.24438739     5.98981e-17     
5912.77096763     6.62448e-17     
5918.29754787     7.39103e-17     
5923.82412811     6.3794e-17      
5929.35070834     6.32374e-17     
5934.87728858     6.50109e-17     
5940.40386882     6.26881e-17     
5945.93044905     5.94017e-17     
5951.45702929     6.32989e-17     
5956.98360953     6.414e-17       
5962.51018976     5.97488e-17     
5968.03677        6.06804e-17     
5973.56335024     6.22957e-17     
5979.08993047     5.65091e-17     
5984.61651071     5.39163e-17     
5990.14309095     5.59657e-17     
5995.66967118     5.45327e-17     
6001.19625142     5.73852e-17     
6006.72283166     5.57503e-17     
6012.24941189     5.54317e-17     
6017.77599213     5.52306e-17     
6023.30257237     5.21329e-17     
6028.82915261     5.32497e-17     
6034.35573284     5.4496e-17      
6039.88231308     5.24765e-17     
6045.40889332     5.66942e-17     
6050.93547355     5.68025e-17     
6056.46205379     5.52691e-17     
6061.98863403     5.22326e-17     
6067.51521426     5.80827e-17     
6073.0417945      5.56072e-17     
6078.56837474     6.00194e-17     
6084.09495497     5.49656e-17     
6089.62153521     5.72018e-17     
6095.14811545     5.34161e-17     
6100.67469568     5.7358e-17      
6106.20127592     5.93433e-17     
6111.72785616     5.6124e-17      
6117.25443639     5.49696e-17     
6122.78101663     5.70406e-17     
6128.30759687     6.02251e-17     
6133.8341771      5.62769e-17     
6139.36075734     6.08676e-17     
6144.88733758     6.17844e-17     
6150.41391782     5.59341e-17     
6155.94049805     5.8515e-17      
6161.46707829     6.22276e-17     
6166.99365853     5.65619e-17     
6172.52023876     6.07297e-17     
6178.046819       5.92889e-17     
6183.57339924     5.56434e-17     
6189.09997947     6.39503e-17     
6194.62655971     5.74965e-17     
6200.15313995     5.26201e-17     
6205.67972018     5.54251e-17     
6211.20630042     5.90498e-17     
6216.73288066     6.04214e-17     
6222.25946089     5.65469e-17     
6227.78604113     5.67735e-17     
6233.31262137     5.85207e-17     
6238.8392016      5.64599e-17     
6244.36578184     5.56029e-17     
6249.89236208     5.47533e-17     
6255.41894232     5.67906e-17     
6260.94552255     5.3947e-17      
6266.47210279     5.90604e-17     
6271.99868303     6.31473e-17     
6277.52526326     5.39309e-17     
6283.0518435      5.31527e-17     
6288.57842374     6.12682e-17     
6294.10500397     5.485e-17       
6299.63158421     5.14868e-17     
6305.15816445     4.87757e-17     
6310.68474468     5.28105e-17     
6316.21132492     5.37815e-17     
6321.73790516     5.42588e-17     
6327.26448539     5.7191e-17      
6332.79106563     5.60332e-17     
6338.31764587     5.33566e-17     
6343.8442261      5.65637e-17     
6349.37080634     5.49197e-17     
6354.89738658     5.173e-17       
6360.42396682     4.85853e-17     
6365.95054705     5.40957e-17     
6371.47712729     5.44458e-17     
6377.00370753     5.51933e-17     
6382.53028776     5.29456e-17     
6388.056868       4.84245e-17     
6393.58344824     5.41896e-17     
6399.11002847     5.32642e-17     
6404.63660871     5.498e-17       
6410.16318895     5.81106e-17     
6415.68976918     4.78984e-17     
6421.21634942     5.35847e-17     
6426.74292966     5.39076e-17     
6432.26950989     4.90682e-17     
6437.79609013     4.8661e-17      
6443.32267037     4.73395e-17     
6448.8492506      5.23453e-17     
6454.37583084     5.3588e-17      
6459.90241108     5.01573e-17     
6465.42899131     5.05407e-17     
6470.95557155     4.90974e-17     
6476.48215179     4.52884e-17     
6482.00873203     4.59222e-17     
6487.53531226     4.86077e-17     
6493.0618925      4.92533e-17     
6498.58847274     4.67167e-17     
6504.11505297     4.64574e-17     
6509.64163321     4.59161e-17     
6515.16821345     4.7437e-17      
6520.69479368     4.61534e-17     
6526.22137392     4.5245e-17      
6531.74795416     4.59381e-17     
6537.27453439     4.65403e-17     
6542.80111463     4.53299e-17     
6548.32769487     4.30814e-17     
6553.8542751      4.82813e-17     
6559.38085534     4.24787e-17     
6564.90743558     4.49977e-17     
6570.43401581     4.06024e-17     
6575.96059605     4.97283e-17     
6581.48717629     4.68944e-17     
6587.01375653     4.72562e-17     
6592.54033676     4.16865e-17     
6598.066917       4.56814e-17     
6603.59349724     4.5773e-17      
6609.12007747     3.96815e-17     
6614.64665771     4.23205e-17     
6620.17323795     4.42159e-17     
6625.69981818     4.38967e-17     
6631.22639842     4.39286e-17     
6636.75297866     4.54042e-17     
6642.27955889     4.20358e-17     
6647.80613913     4.19889e-17     
6653.33271937     4.3414e-17      
6658.8592996      4.42473e-17     
6664.38587984     4.72854e-17     
6669.91246008     4.53632e-17     
6675.43904031     4.31269e-17     
6680.96562055     4.70987e-17     
6686.49220079     4.58898e-17     
6692.01878103     4.3159e-17      
6697.54536126     4.34033e-17     
6703.0719415      3.94842e-17     
6708.59852174     4.06462e-17     
6714.12510197     4.01614e-17     
6719.65168221     4.36848e-17     
6725.17826245     4.14312e-17     
6730.70484268     3.7339e-17      
6736.23142292     3.79906e-17     
6741.75800316     3.88836e-17     
6747.28458339     3.87587e-17     
6752.81116363     4.34363e-17     
6758.33774387     4.34515e-17     
6763.8643241      3.67347e-17     
6769.39090434     3.98944e-17     
6774.91748458     3.37869e-17     
6780.44406481     3.77454e-17     
6785.97064505     4.00338e-17     
6791.49722529     4.51407e-17     
6797.02380553     4.096e-17       
6802.55038576     4.00478e-17     
6808.076966       3.82493e-17     
6813.60354624     4.51819e-17     
6819.13012647     4.12082e-17     
6824.65670671     3.92507e-17     
6830.18328695     4.02373e-17     
6835.70986718     3.95069e-17     
6841.23644742     4.02179e-17     
6846.76302766     3.9451e-17      
6852.28960789     4.04401e-17     
6857.81618813     4.08401e-17     
6863.34276837     4.09514e-17     
6868.8693486      3.33575e-17     
6874.39592884     3.14776e-17     
6879.92250908     4.06678e-17     
6885.44908931     4.09693e-17     
6890.97566955     3.51731e-17     
6896.50224979     4.17441e-17     
6902.02883002     4.21125e-17     
6907.55541026     3.97704e-17     
6913.0819905      3.35366e-17     
6918.60857074     4.1676e-17      
6924.13515097     4.02993e-17     
6929.66173121     3.95181e-17     
6935.18831145     3.61501e-17     
6940.71489168     3.61349e-17     
6946.24147192     3.88428e-17     
6951.76805216     3.93204e-17     
6957.29463239     4.06845e-17     
6962.82121263     3.80202e-17     
6968.34779287     3.8899e-17      
6973.8743731      3.8106e-17      
6979.40095334     3.77662e-17     
6984.92753358     3.62517e-17     
6990.45411381     4.19075e-17     
6995.98069405     3.84144e-17     
7001.50727429     3.99645e-17     
7007.03385452     4.09152e-17     
7012.56043476     3.98774e-17     
7018.087015       3.59061e-17     
7023.61359524     3.52461e-17     
7029.14017547     4.05748e-17     
7034.66675571     3.97437e-17     
7040.19333595     4.14232e-17     
7045.71991618     3.91713e-17     
7051.24649642     3.80304e-17     
7056.77307666     3.64734e-17     
7062.29965689     3.62083e-17     
7067.82623713     3.65465e-17     
7073.35281737     3.59545e-17     
7078.8793976      3.94335e-17     
7084.40597784     3.91862e-17     
7089.93255808     4.23463e-17     
7095.45913831     3.55023e-17     
7100.98571855     4.15748e-17     
7106.51229879     3.94154e-17     
7112.03887902     3.86919e-17     
7117.56545926     3.94191e-17     
7123.0920395      3.74977e-17     
7128.61861974     4.27752e-17     
7134.14519997     3.65791e-17     
7139.67178021     4.02511e-17     
7145.19836045     3.87483e-17     
7150.72494068     3.58039e-17     
7156.25152092     3.55373e-17     
7161.77810116     3.68951e-17     
7167.30468139     4.25082e-17     
7172.83126163     3.98911e-17     
7178.35784187     3.84438e-17     
7183.8844221      3.46213e-17     
7189.41100234     3.40979e-17     
7194.93758258     4.07332e-17     
7200.46416281     3.3458e-17      
7205.99074305     3.38089e-17     
7211.51732329     3.58576e-17     
7217.04390352     4.07564e-17     
7222.57048376     3.56254e-17     
7228.097064       3.66024e-17     
7233.62364423     4.31494e-17     
7239.15022447     3.91935e-17     
7244.67680471     4.42437e-17     
7250.20338495     3.94767e-17     
7255.72996518     3.55928e-17     
7261.25654542     3.70705e-17     
7266.78312566     4.27825e-17     
7272.30970589     4.18541e-17     
7277.83628613     4.10283e-17     
7283.36286637     3.28938e-17     
7288.8894466      3.53419e-17     
7294.41602684     3.47935e-17     
7299.94260708     3.72218e-17     
7305.46918731     3.61012e-17     
7310.99576755     2.93401e-17     
7316.52234779     2.74328e-17     
7322.04892802     3.39807e-17     
7327.57550826     3.90669e-17     
7333.1020885      3.23024e-17     
7338.62866873     3.11756e-17     
7344.15524897     3.65195e-17     
7349.68182921     3.66388e-17     
7355.20840945     3.78018e-17     
7360.73498968     3.70328e-17     
7366.26156992     3.876e-17       
7371.78815016     2.6729e-17      
7377.31473039     2.85536e-17     
7382.84131063     3.33257e-17     
7388.36789087     3.7499e-17      
7393.8944711      3.15273e-17     
7399.42105134     3.64467e-17     
7404.94763158     3.21145e-17     
7410.47421181     3.20365e-17     
7416.00079205     3.62411e-17     
7421.52737229     3.33903e-17     
7427.05395252     3.30312e-17     
7432.58053276     2.99882e-17     
7438.107113       2.66082e-17     
7443.63369323     3.46417e-17     
7449.16027347     3.18862e-17     
7454.68685371     2.89288e-17     
7460.21343395     3.24075e-17     
7465.74001418     2.80424e-17     
7471.26659442     3.1202e-17      
7476.79317466     3.53437e-17     
7482.31975489     3.39052e-17     
7487.84633513     3.43247e-17     
7493.37291537     3.28363e-17     
7498.8994956      2.50774e-17     
7504.42607584     3.39728e-17     
7509.95265608     3.25965e-17     
7515.47923631     2.98971e-17     
7521.00581655     3.30211e-17     
7526.53239679     2.98086e-17     
7532.05897702     2.65388e-17     
7537.58555726     2.85716e-17     
7543.1121375      3.00641e-17     
7548.63871773     3.7638e-17      
7554.16529797     3.05402e-17     
7559.69187821     2.91291e-17     
7565.21845845     3.05177e-17     
7570.74503868     2.68396e-17     
7576.27161892     3.52861e-17     
7581.79819916     3.71016e-17     
7587.32477939     3.27569e-17     
7592.85135963     3.84222e-17     
7598.37793987     3.60301e-17     
7603.9045201      2.50483e-17     
7609.43110034     2.21561e-17     
7614.95768058     3.0934e-17      
7620.48426081     3.74991e-17     
7626.01084105     3.67138e-17     
7631.53742129     2.46797e-17     
7637.06400152     2.6856e-17      
7642.59058176     3.32802e-17     
7648.117162       2.74843e-17     
7653.64374223     3.20671e-17     
7659.17032247     2.92257e-17     
7664.69690271     3.11939e-17     
7670.22348294     2.71549e-17     
7675.75006318     2.93255e-17     
7681.27664342     3.16484e-17     
7686.80322366     2.8489e-17      
7692.32980389     3.15025e-17     
7697.85638413     3.1171e-17      
7703.38296437     2.9325e-17      
7708.9095446      3.73108e-17     
7714.43612484     3.87533e-17     
7719.96270508     3.51842e-17     
7725.48928531     3.16431e-17     
7731.01586555     2.86807e-17     
7736.54244579     3.10797e-17     
7742.06902602     3.96746e-17     
7747.59560626     4.61418e-17     
7753.1221865      3.25609e-17     
7758.64876673     2.65669e-17     
7764.17534697     2.87013e-17     
7769.70192721     2.8041e-17      
7775.22850744     3.19196e-17     
7780.75508768     3.18408e-17     
7786.28166792     3.63525e-17     
7791.80824816     3.59199e-17     
7797.33482839     3.31643e-17     
7802.86140863     2.4636e-17      
7808.38798887     2.61035e-17     
7813.9145691      3.35956e-17     
7819.44114934     2.88026e-17     
7824.96772958     2.94326e-17     
7830.49430981     3.56878e-17     
7836.02089005     2.85495e-17     
7841.54747029     2.72292e-17     
7847.07405052     3.23132e-17     
7852.60063076     3.17843e-17     
7858.127211       3.89778e-17     
7863.65379123     3.06633e-17     
7869.18037147     3.23359e-17     
7874.70695171     2.87149e-17     
7880.23353194     2.77153e-17     
7885.76011218     2.8791e-17      
7891.28669242     3.3568e-17      
7896.81327266     3.92119e-17     
7902.33985289     3.33291e-17     
7907.86643313     1.98346e-17     
7913.39301337     1.80216e-17     
7918.9195936      2.4539e-17      
7924.44617384     2.75995e-17     
7929.97275408     2.95168e-17     
7935.49933431     2.66038e-17     
7941.02591455     2.79024e-17     
7946.55249479     2.33027e-17     
7952.07907502     2.57436e-17     
7957.60565526     2.93242e-17     
7963.1322355      2.64944e-17     
7968.65881573     2.97965e-17     
7974.18539597     2.19109e-17     
7979.71197621     2.02131e-17     
7985.23855644     1.82152e-17     
7990.76513668     3.24824e-17     
7996.29171692     3.85656e-17     
8001.81829715     4.07363e-17     
8007.34487739     3.22888e-17     
8012.87145763     2.92676e-17     
8018.39803787     2.53175e-17     
8023.9246181      2.21148e-17     
8029.45119834     2.25261e-17     
8034.97777858     2.1444e-17      
8040.50435881     2.53325e-17     
8046.03093905     2.4757e-17      
8051.55751929     2.39602e-17     
8057.08409952     2.69638e-17     
8062.61067976     2.68352e-17     
8068.13726        2.7012e-17      
8073.66384023     2.33741e-17     
8079.19042047     2.2575e-17      
8084.71700071     2.98983e-17     
8090.24358094     3.00877e-17     
8095.77016118     2.91667e-17     
8101.29674142     2.5541e-17      
8106.82332165     3.09749e-17     
8112.34990189     2.68873e-17     
8117.87648213     2.16192e-17     
8123.40306237     2.78354e-17     
8128.9296426      2.76692e-17     
8134.45622284     4.12605e-17     
8139.98280308     2.97703e-17     
8145.50938331     2.5275e-17      
8151.03596355     2.8194e-17      
8156.56254379     2.43559e-17     
8162.08912402     1.78667e-17     
8167.61570426     2.06801e-17     
8173.1422845      2.19724e-17     
8178.66886473     2.23817e-17     
8184.19544497     1.88779e-17     
8189.72202521     2.21992e-17     
8195.24860544     2.21817e-17     
8200.77518568     1.99335e-17     
8206.30176592     2.17405e-17     
8211.82834615     1.79254e-17     
8217.35492639     2.67101e-17     
8222.88150663     2.52405e-17     
8228.40808687     1.6878e-17      
8233.9346671      2.35355e-17     
8239.46124734     1.81893e-17     
8244.98782758     1.90252e-17     
8250.51440781     1.85522e-17     
8256.04098805     1.96785e-17     
8261.56756829     1.96789e-17     
8267.09414852     1.92314e-17     
8272.62072876     1.97337e-17     
8278.147309       1.42907e-17     
8283.67388923     2.60253e-17     
8289.20046947     2.01545e-17     
8294.72704971     2.69725e-17     
8300.25362994     2.41233e-17     
8305.78021018     1.96747e-17     
8311.30679042     1.59847e-17     
8316.83337065     1.4809e-17      
8322.35995089     1.7754e-17      
8327.88653113     2.50377e-17     
8333.41311136     2.15007e-17     
8338.9396916      2.31143e-17     
8344.46627184     2.08528e-17     
8349.99285208     9.58766e-18     
8355.51943231     1.93558e-17     
8361.04601255     2.19983e-17     
8366.57259279     1.82781e-17     
8372.09917302     1.66935e-17     
8377.62575326     2.45781e-17     
8383.1523335      1.68896e-17     
8388.67891373     1.58421e-17     
8394.20549397     2.82482e-17     
8399.73207421     2.71605e-17     
8405.25865444     2.88091e-17     
8410.78523468     1.91574e-17     
8416.31181492     1.84427e-17     
8421.83839515     2.11603e-17     
8427.36497539     8.56857e-18     
8432.89155563     1.83774e-17     
8438.41813586     2.46501e-17     
8443.9447161      2.0461e-17      
8449.47129634     1.67229e-17     
8454.99787658     1.36151e-17     
8460.52445681     2.20105e-17     
8466.05103705     1.45711e-17     
8471.57761729     1.93089e-17     
8477.10419752     1.96703e-17     
8482.63077776     1.77475e-17     
8488.157358       2.64789e-17     
8493.68393823     2.17196e-17     
8499.21051847     2.29397e-17     
8504.73709871     2.5117e-17      
8510.26367894     2.44604e-17     
8515.79025918     2.70104e-17     
8521.31683942     2.22164e-17     
8526.84341965     2.42004e-17     
8532.36999989     1.72833e-17     
8537.89658013     2.28697e-17     
8543.42316036     2.49607e-17     
8548.9497406      2.63803e-17     
8554.47632084     2.49341e-17     
8560.00290108     2.30041e-17     
8565.52948131     2.09254e-17     
8571.05606155     2.0555e-17      
8576.58264179     1.32261e-17     
8582.10922202     3.0975e-17      
8587.63580226     2.48969e-17     
8593.1623825      2.71409e-17     
8598.68896273     2.63727e-17     
8604.21554297     2.72979e-17     
8609.74212321     2.38399e-17     
8615.26870344     2.60916e-17     
8620.79528368     2.50702e-17     
8626.32186392     1.88645e-17     
8631.84844415     2.56723e-17     
8637.37502439     2.74473e-17     
8642.90160463     2.02753e-17     
8648.42818486     1.60031e-17     
8653.9547651      1.24179e-17     
8659.48134534     1.66774e-17     
8665.00792558     2.0483e-17      
8670.53450581     2.40147e-17     
8676.06108605     2.26156e-17     
8681.58766629     1.44059e-17     
8687.11424652     2.37259e-17     
8692.64082676     1.41724e-17     
8698.167407       1.28518e-17     
8703.69398723     1.9032e-17      
8709.22056747     3.25374e-17     
8714.74714771     2.08773e-17     
8720.27372794     2.17309e-17     
8725.80030818     1.76491e-17     
8731.32688842     1.99308e-17     
8736.85346865     2.60388e-17     
8742.38004889     2.12846e-17     
8747.90662913     3.81892e-17     
8753.43320936     3.57633e-17     
8758.9597896      2.29121e-17     
8764.48636984     1.24483e-17     
8770.01295007     2.31896e-17     
8775.53953031     1.42041e-17     
8781.06611055     2.0202e-17      
8786.59269079     3.48983e-17     
8792.11927102     2.45029e-17     
8797.64585126     1.88359e-17     
8803.1724315      2.26281e-17     
8808.69901173     2.77426e-17     
8814.22559197     2.65557e-17     
8819.75217221     2.89158e-17     
8825.27875244     3.48386e-17     
8830.80533268     2.07763e-17     
8836.33191292     1.60472e-17     
8841.85849315     1.18258e-17     
8847.38507339     1.3796e-17      
8852.91165363     2.04451e-17     
8858.43823386     1.48567e-17     
8863.9648141      1.95747e-17     
8869.49139434     3.04284e-17     
8875.01797457     2.16086e-17     
8880.54455481     1.45485e-17     
8886.07113505     1.08033e-17     
8891.59771529     6.99594e-18     
8897.12429552     1.78846e-17     
8902.65087576     1.91434e-17     
8908.177456       5.90206e-18     
8913.70403623     2.0307e-17      
8919.23061647     3.40282e-17     
8924.75719671     2.38025e-17     
8930.28377694     2.30114e-17     
8935.81035718     3.54789e-17     
8941.33693742     2.78294e-17     
8946.86351765     2.30543e-17     
8952.39009789     1.60636e-17     
8957.91667813     2.68397e-17     
8963.44325836     3.25149e-17     
8968.9698386      1.79289e-17     
8974.49641884     2.56912e-17     
8980.02299907     2.97391e-17     
8985.54957931     1.94582e-17     
8991.07615955     1.31248e-17     
8996.60273979     1.00862e-17     
9002.12932002     1.00408e-17     
9007.65590026     1.64015e-17     
9013.1824805      1.99829e-17     
9018.70906073     2.54967e-17     
9024.23564097     2.90483e-17     
9029.76222121     3.20654e-17     
9035.28880144     1.5292e-17      
9040.81538168     3.33625e-17     
9046.34196192     3.10917e-17     
9051.86854215     7.79185e-18     
9057.39512239     1.21028e-17     
9062.92170263     1.96803e-17     
9068.44828286     1.70231e-17     
9073.9748631      2.48727e-17     
9079.50144334     2.19694e-17     
9085.02802357     2.91633e-17     
9090.55460381     2.27536e-17     
9096.08118405     2.12842e-17     
9101.60776428     2.12762e-17     
9107.13434452     2.12874e-17     
9112.66092476     1.89e-17        
9118.187505       2.98679e-17     
9123.71408523     1.0709e-17      
9129.24066547     1.63006e-17     
9134.76724571     3.20233e-17     
9140.29382594     1.68235e-17     
9145.82040618     1.00104e-17     
9151.34698642     1.16788e-17     
9156.87356665     1.09302e-17     
9162.40014689     1.72495e-17     
9167.92672713     1.85054e-17     
9173.45330736     2.03987e-17     
9178.9798876      2.42761e-17     
9184.50646784     1.31933e-17     
9190.03304807     1.58758e-17     
9195.55962831     2.01267e-17     
9201.08620855     2.11794e-17     
9206.61278878     6.24734e-18     
9212.13936902     1.99277e-17     
9217.66594926     4.21732e-17     
9223.1925295      3.64877e-18     
9228.71910973     1.98756e-17     
9234.24568997     1.71404e-17     
9239.77227021     1.68959e-17     
9245.29885044     2.24766e-17     
9250.82543068     2.65128e-17     
9256.35201092     2.8188e-17      
9261.87859115     5.88683e-18     
9267.40517139     2.73819e-17     
