3591.53833008  0.
3597.05651569554  0.
3602.57470131108  0.
3608.09288692662  0.
3613.61107254216  0.
3619.1292581577  0.
3624.64744377324  0.
3630.16562938878  0.
3635.68381500432  0.
3641.20200061986  0.
3646.7201862354  6.050767E-16
3652.23837185094  1.164541E-15
3657.75655746648  -7.968692E-17
3663.27474308202  3.603401E-17
3668.79292869756  -5.536426E-17
3674.3111143131  6.033800E-16
3679.82929992864  -3.711658E-17
3685.34748554418  1.631519E-16
3690.86567115972  3.017608E-17
3696.38385677526  3.252208E-17
3701.9020423908  5.857142E-16
3707.42022800634  -1.743218E-16
3712.93841362188  1.996014E-16
3718.45659923742  9.570787E-17
3723.97478485296  -3.476357E-16
3729.4929704685  2.339886E-16
3735.01115608404  -1.859272E-16
3740.52934169958  1.251376E-16
3746.04752731512  7.412618E-16
3751.56571293066  -4.357107E-16
3757.0838985462  -1.272493E-16
3762.60208416174  5.423635E-16
3768.12026977728  -5.968584E-16
3773.63845539282  -1.316530E-16
3779.15664100836  1.029033E-15
3784.6748266239  1.524387E-16
3790.19301223944  -1.572566E-16
3795.71119785498  -3.684426E-17
3801.22938347052  -2.374415E-17
3806.74756908606  -4.425768E-19
3812.2657547016  9.686124E-17
3817.78394031714  2.345746E-16
3823.30212593268  1.188688E-16
3828.82031154822  7.498800E-16
3834.33849716376  2.512147E-17
3839.8566827793  -1.446755E-16
3845.37486839484  -5.173520E-17
3850.89305401038  -1.118464E-16
3856.41123962592  3.617302E-17
3861.92942524146  -5.119264E-18
3867.447610857  -1.109768E-16
3872.96579647254  5.115809E-16
3878.48398208808  2.474639E-16
3884.00216770362  9.243308E-17
3889.52035331916  -7.908347E-18
3895.0385389347  -1.573803E-16
3900.55672455024  2.657555E-16
3906.07491016578  3.102253E-16
3911.59309578132  3.451116E-16
3917.11128139686  -1.160079E-17
3922.6294670124  -7.886220E-17
3928.14765262794  1.720179E-17
3933.66583824348  -6.480081E-17
3939.18402385902  -1.035641E-17
3944.70220947456  1.130247E-17
3950.2203950901  3.749956E-16
3955.73858070564  1.110349E-16
3961.25676632118  7.165754E-17
3966.77495193672  4.005338E-17
3972.29313755226  1.934813E-16
3977.8113231678  9.790878E-17
3983.32950878334  7.046112E-16
3988.84769439888  3.617545E-16
3994.36588001442  7.746417E-17
3999.88406562996  -2.338881E-16
4005.4022512455  4.392911E-17
4010.92043686104  -9.401732E-17
4016.43862247658  9.630842E-17
4021.95680809212  8.022049E-17
4027.47499370766  1.291483E-16
4032.9931793232  2.528752E-16
4038.51136493874  -3.310923E-17
4044.02955055428  9.694174E-17
4049.54773616982  -3.308747E-17
4055.06592178536  -1.265614E-17
4060.5841074009  -6.526379E-17
4066.10229301644  1.373363E-16
4071.62047863198  1.206449E-16
4077.13866424752  2.927176E-16
4082.65684986306  1.460974E-16
4088.1750354786  1.022921E-16
4093.69322109414  1.069094E-16
4099.21140670968  1.064839E-16
4104.72959232522  1.555749E-16
4110.24777794076  1.258053E-16
4115.7659635563  -3.940098E-16
4121.28414917184  9.817142E-17
4126.80233478738  1.227992E-16
4132.32052040292  -1.096877E-16
4137.83870601846  4.558614E-16
4143.356891634  -9.633127E-18
4148.87507724954  7.728826E-17
4154.39326286508  1.631071E-16
4159.91144848062  3.828474E-16
4165.42963409616  -9.642331E-17
4170.9478197117  1.099566E-16
4176.46600532724  1.164546E-16
4181.98419094278  -2.601760E-16
4187.50237655832  1.411620E-16
4193.02056217386  -1.153425E-16
4198.5387477894  5.109704E-17
4204.05693340494  1.187756E-16
4209.57511902048  -1.001944E-16
4215.09330463602  3.241712E-16
4220.61149025156  2.052868E-16
4226.1296758671  -9.736231E-17
4231.64786148264  6.522858E-17
4237.16604709818  -1.570909E-16
4242.68423271372  1.966666E-16
4248.20241832926  1.853665E-16
4253.7206039448  -1.046653E-17
4259.23878956034  8.282160E-17
4264.75697517588  3.003838E-17
4270.27516079142  9.758178E-17
4275.79334640696  2.151743E-18
4281.3115320225  4.044778E-16
4286.82971763804  4.062322E-17
4292.34790325358  1.708361E-16
4297.86608886912  3.160060E-16
4303.38427448466  -2.415102E-17
4308.9024601002  -4.846198E-17
4314.42064571574  3.727562E-16
4319.93883133128  1.149070E-16
4325.45701694682  1.767398E-16
4330.97520256236  2.418581E-16
4336.4933881779  -8.070267E-17
4342.01157379344  1.125852E-16
4347.52975940898  1.297192E-16
4353.04794502452  -7.171495E-18
4358.56613064006  9.832637E-17
4364.0843162556  2.728561E-17
4369.60250187114  2.800700E-16
4375.12068748668  1.160452E-16
4380.63887310222  4.170385E-17
4386.15705871776  -1.541895E-16
4391.6752443333  2.010087E-16
4397.19342994884  2.450841E-16
4402.71161556438  -2.453047E-16
4408.22980117992  1.309420E-16
4413.74798679546  1.131886E-16
4419.266172411  2.354235E-16
4424.78435802654  1.740578E-16
4430.30254364208  4.238803E-16
4435.82072925762  -1.540006E-16
4441.33891487316  4.403375E-17
4446.8571004887  2.014746E-17
4452.37528610424  -2.176765E-18
4457.89347171978  2.558807E-16
4463.41165733532  1.851956E-16
4468.92984295086  -1.681221E-17
4474.4480285664  6.756604E-17
4479.96621418194  2.470425E-16
4485.48439979748  -1.102535E-16
4491.00258541302  2.110169E-18
4496.52077102856  -1.400105E-16
4502.0389566441  1.108256E-16
4507.55714225964  -9.049564E-17
4513.07532787518  1.728308E-16
4518.59351349072  -1.508343E-17
4524.11169910626  2.169800E-16
4529.6298847218  2.179117E-16
4535.14807033734  1.195835E-16
4540.66625595288  -5.072377E-18
4546.18444156842  5.884082E-17
4551.70262718396  2.705146E-16
4557.2208127995  -2.011290E-16
4562.73899841504  -8.318914E-17
4568.25718403058  3.305671E-16
4573.77536964612  3.233821E-16
4579.29355526166  1.984204E-16
4584.8117408772  1.580339E-16
4590.32992649274  4.482739E-17
4595.84811210828  1.720567E-16
4601.36629772382  2.267450E-16
4606.88448333936  -2.470807E-17
4612.4026689549  -3.748930E-17
4617.92085457044  1.252628E-16
4623.43904018598  -7.742213E-17
4628.95722580152  2.288822E-16
4634.47541141706  -9.586322E-17
4639.9935970326  7.231408E-17
4645.51178264814  4.479610E-17
4651.02996826368  1.302658E-16
4656.54815387922  5.182654E-17
4662.06633949476  2.653515E-16
4667.5845251103  1.623203E-16
4673.10271072584  -3.791736E-17
4678.62089634138  2.054297E-16
4684.13908195692  1.772050E-16
4689.65726757246  9.961454E-17
4695.175453188  6.776570E-17
4700.69363880354  -4.949180E-17
4706.21182441908  2.195798E-16
4711.73001003462  1.469046E-16
4717.24819565016  5.715031E-17
4722.7663812657  1.179901E-16
4728.28456688124  -3.720364E-18
4733.80275249678  2.244834E-16
4739.32093811232  2.605147E-16
4744.83912372786  -1.543497E-18
4750.3573093434  1.286833E-16
4755.87549495894  -5.843621E-17
4761.39368057448  -2.254082E-17
4766.91186619002  1.415179E-16
4772.43005180556  1.720741E-16
4777.9482374211  2.370673E-16
4783.46642303664  3.626942E-16
4788.98460865218  -5.242645E-17
4794.50279426772  2.125598E-17
4800.02097988326  1.143827E-16
4805.5391654988  1.009065E-16
4811.05735111434  1.721843E-16
4816.57553672988  2.448919E-16
4822.09372234542  1.978256E-16
4827.61190796096  -4.810066E-17
4833.1300935765  7.952426E-17
4838.64827919204  1.692110E-16
4844.16646480758  1.537431E-16
4849.68465042312  3.008579E-16
4855.20283603866  2.234088E-16
4860.7210216542  1.681487E-16
4866.23920726975  2.556412E-16
4871.75739288528  1.798886E-16
4877.27557850082  1.733255E-16
4882.79376411636  1.549941E-16
4888.3119497319  3.637435E-17
4893.83013534744  9.997433E-17
4899.34832096298  1.123032E-16
4904.86650657852  9.635327E-17
4910.38469219406  3.288804E-16
4915.9028778096  1.153127E-16
4921.42106342515  4.992829E-17
4926.93924904068  2.377410E-17
4932.45743465622  1.324127E-16
4937.97562027176  1.143177E-16
4943.4938058873  1.735492E-16
4949.01199150285  8.329055E-17
4954.53017711838  3.321653E-17
4960.04836273392  4.740502E-17
4965.56654834946  -9.584519E-18
4971.084733965  9.278738E-17
4976.60291958055  1.630053E-16
4982.12110519608  6.114876E-17
4987.63929081162  8.265580E-17
4993.15747642716  1.380106E-16
4998.6756620427  1.073080E-16
5004.19384765825  2.986969E-16
5009.71203327378  1.236242E-16
5015.23021888932  2.140447E-16
5020.74840450486  1.446397E-16
5026.26659012041  2.406469E-16
5031.78477573595  1.732112E-16
5037.30296135148  1.332898E-16
5042.82114696703  1.668607E-16
5048.33933258256  1.701222E-16
5053.85751819811  6.558289E-17
5059.37570381365  1.436684E-16
5064.89388942918  9.529844E-17
5070.41207504473  3.016824E-16
5075.93026066026  1.821002E-16
5081.44844627581  3.194906E-16
5086.96663189135  1.527923E-16
5092.48481750688  -5.457920E-18
5098.00300312242  8.370229E-17
5103.52118873797  2.146708E-16
5109.03937435351  2.400680E-16
5114.55755996905  1.332880E-16
5120.07574558459  1.725939E-16
5125.59393120012  1.292750E-16
5131.11211681566  2.123212E-16
5136.63030243121  1.138036E-16
5142.14848804675  2.420442E-17
5147.66667366228  6.509950E-17
5153.18485927782  1.278499E-16
5158.70304489336  2.890309E-16
5164.22123050891  1.321644E-16
5169.73941612445  -3.212233E-17
5175.25760173998  2.233675E-17
5180.77578735553  9.551661E-17
5186.29397297106  1.296571E-16
5191.81215858661  1.229496E-16
5197.33034420215  3.160932E-17
5202.84852981768  1.776435E-17
5208.36671543323  -4.682798E-17
5213.88490104877  -3.793668E-17
5219.4030866643  4.905436E-17
5224.92127227985  2.566931E-16
5230.43945789538  1.179102E-16
5235.95764351092  -1.828268E-16
5241.47582912647  1.545724E-16
5246.99401474201  1.455603E-17
5252.51220035755  1.665538E-16
5258.03038597309  2.072370E-16
5263.54857158862  2.257772E-16
5269.06675720417  2.349185E-16
5274.58494281971  3.849171E-17
5280.10312843525  7.840255E-17
5285.62131405078  1.393924E-16
5291.13949966632  1.174337E-17
5296.65768528187  4.083357E-17
5302.17587089741  8.096423E-17
5307.69405651294  8.967182E-18
5313.21224212848  1.720971E-16
5318.73042774403  1.886104E-16
5324.24861335957  1.357599E-16
5329.7667989751  -1.668601E-16
5335.28498459065  1.861459E-16
5340.80317020618  2.725858E-16
5346.32135582173  2.161119E-16
5351.83954143727  7.627788E-18
5357.35772705281  -6.915466E-18
5362.87591266835  2.806181E-16
5368.39409828388  3.748874E-17
5373.91228389942  1.364958E-16
5379.43046951497  3.831410E-17
5384.94865513051  1.338983E-16
5390.46684074605  3.117127E-17
5395.98502636159  1.643028E-16
5401.50321197713  2.004077E-16
5407.02139759267  5.307013E-17
5412.53958320821  3.609583E-16
5418.05776882374  2.843004E-16
5423.57595443928  -2.031623E-17
5429.09414005483  2.106921E-16
5434.61232567037  7.240384E-17
5440.1305112859  5.862193E-17
5445.64869690145  2.023505E-16
5451.16688251698  2.505818E-16
5456.68506813253  4.236319E-16
5462.20325374806  5.951561E-17
5467.72143936361  1.859694E-17
5473.23962497915  -6.371655E-17
5478.75781059468  8.648412E-17
5484.27599621022  4.048726E-16
5489.79418182577  1.074968E-16
5495.31236744131  -4.803643E-17
5500.83055305685  -1.400484E-18
5506.34873867238  1.109659E-16
5511.86692428793  -5.846935E-17
5517.38510990347  -8.720839E-17
5522.90329551901  2.237296E-16
5528.42148113454  4.458166E-18
5533.93966675009  1.221327E-16
5539.45785236563  2.204513E-16
5544.97603798117  -8.031370E-17
5550.49422359671  1.826345E-16
5556.01240921225  -6.504408E-17
5561.53059482778  5.529048E-17
5567.04878044333  -1.080352E-17
5572.56696605886  1.152256E-16
5578.08515167441  -6.743992E-17
5583.60333728995  1.494088E-16
5589.12152290549  1.502435E-16
5594.63970852102  2.356404E-16
5600.15789413657  6.811975E-17
5605.67607975211  3.282372E-16
5611.19426536765  1.855749E-16
5616.71245098319  3.716253E-16
5622.23063659873  3.069549E-16
5627.74882221427  7.787041E-17
5633.26700782981  1.356503E-16
5638.78519344535  2.777527E-16
5644.30337906089  2.771224E-16
5649.82156467643  7.769932E-17
5655.33975029197  2.621228E-16
5660.8579359075  1.949377E-17
5666.37612152305  -8.733853E-17
5671.89430713859  1.967220E-16
5677.41249275413  2.145297E-16
5682.93067836966  -8.168220E-17
5688.44886398521  2.320750E-17
5693.96704960075  4.549323E-17
5699.48523521629  7.114708E-17
5705.00342083183  1.504587E-16
5710.52160644737  2.097752E-16
5716.03979206291  6.424755E-17
5721.55797767845  2.714263E-16
5727.07616329399  2.218725E-16
5732.59434890953  1.261946E-16
5738.11253452507  4.904013E-17
5743.63072014061  2.763207E-16
5749.14890575615  3.754860E-17
5754.66709137169  2.134836E-16
5760.18527698723  1.637666E-16
5765.70346260277  2.878718E-17
5771.2216482183  1.589590E-16
5776.73983383385  1.435812E-17
5782.25801944939  1.951834E-17
5787.77620506493  2.094507E-16
5793.29439068047  9.595948E-17
5798.81257629601  -4.223942E-17
5804.33076191155  -1.810486E-16
5809.84894752709  2.287977E-16
5815.36713314262  1.130578E-16
5820.88531875817  8.179593E-17
5826.40350437371  1.904238E-16
5831.92168998925  1.370525E-16
5837.43987560479  1.320349E-16
5842.95806122033  -9.393073E-17
5848.47624683587  -4.680934E-17
5853.99443245141  1.133755E-16
5859.51261806695  1.854189E-16
5865.03080368249  2.694637E-16
5870.54898929803  1.269440E-16
5876.06717491357  1.581868E-16
5881.5853605291  2.588651E-18
5887.10354614465  -1.365145E-16
5892.62173176019  1.128962E-16
5898.13991737573  4.915114E-17
5903.65810299127  2.327318E-16
5909.17628860681  3.825468E-16
5914.69447422235  1.289128E-16
5920.21265983789  8.559354E-17
5925.73084545342  1.712346E-16
5931.24903106897  1.483603E-16
5936.76721668451  -3.103072E-17
5942.28540230005  -9.336622E-18
5947.80358791559  4.891085E-17
5953.32177353113  1.344930E-16
5958.83995914667  1.135685E-16
5964.35814476221  3.775680E-17
5969.87633037775  5.351583E-17
5975.39451599329  2.163495E-16
5980.91270160883  2.061365E-16
5986.43088722437  1.501165E-16
5991.94907283991  1.189449E-16
5997.46725845545  1.954480E-16
6002.98544407099  1.715316E-16
6008.50362968653  2.924491E-16
6014.02181530206  1.874854E-16
6019.54000091761  9.435518E-17
6025.05818653315  5.719196E-17
6030.57637214869  2.859912E-16
6036.09455776422  -3.638596E-17
6041.61274337977  4.929011E-17
6047.13092899531  1.244349E-16
6052.64911461085  -1.747979E-17
6058.16730022639  1.299866E-16
6063.68548584193  1.664224E-16
6069.20367145747  5.562885E-17
6074.72185707301  -7.684078E-19
6080.24004268855  -3.786745E-17
6085.75822830409  1.914209E-16
6091.27641391963  -4.532314E-18
6096.79459953517  9.390771E-17
6102.31278515071  3.097715E-16
6107.83097076625  1.514702E-16
6113.34915638179  1.873497E-16
6118.86734199733  2.342121E-16
6124.38552761287  3.541772E-16
6129.90371322841  -3.499837E-17
6135.42189884395  2.096198E-16
6140.94008445949  1.830514E-16
6146.45827007502  -8.692489E-17
6151.97645569057  -3.243080E-17
6157.49464130611  1.814307E-16
6163.01282692165  1.554269E-16
6168.53101253719  1.548950E-16
6174.04919815273  1.029331E-16
6179.56738376827  2.134178E-16
6185.08556938381  -3.021840E-17
6190.60375499935  8.556701E-17
6196.12194061489  2.926050E-16
6201.64012623043  1.420480E-16
6207.15831184597  1.012825E-16
6212.67649746151  1.564025E-16
6218.19468307705  -5.277653E-17
6223.71286869259  1.640325E-16
6229.23105430813  3.216046E-16
6234.74923992367  1.286014E-16
6240.26742553921  7.471271E-17
6245.78561115475  1.739938E-16
6251.30379677029  6.941418E-17
6256.82198238583  -3.083518E-17
6262.34016800137  2.536347E-16
6267.85835361691  1.226712E-16
6273.37653923245  1.408317E-16
6278.89472484799  -3.391446E-17
6284.41291046353  2.879893E-17
6289.93109607907  -3.418178E-17
6295.44928169461  -1.749101E-17
6300.96746731015  2.574367E-16
6306.48565292569  4.859407E-17
6312.00383854123  1.151067E-16
6317.52202415677  -5.129377E-17
6323.04020977231  -7.538595E-17
6328.55839538785  6.641403E-17
6334.07658100339  1.263157E-16
6339.59476661893  -1.121009E-16
6345.11295223447  3.816090E-17
6350.63113785001  1.801660E-17
6356.14932346555  -2.595586E-17
6361.66750908109  6.550705E-17
6367.18569469663  1.490432E-16
6372.70388031217  5.117334E-17
6378.22206592771  -1.110368E-17
6383.74025154325  -1.361081E-16
6389.25843715879  6.806939E-17
6394.77662277433  -8.881729E-17
6400.29480838987  1.509490E-17
6405.81299400541  2.404799E-16
6411.33117962095  1.855066E-16
6416.84936523649  1.830602E-17
6422.36755085203  3.507930E-16
6427.88573646757  2.029198E-16
6433.4039220831  8.925843E-17
6438.92210769865  2.504294E-17
6444.44029331419  -2.619544E-17
6449.95847892973  2.673780E-16
6455.47666454526  2.918540E-16
6460.99485016081  1.805214E-16
6466.51303577635  6.243068E-17
6472.03122139189  -3.427114E-18
6477.54940700743  5.771458E-17
6483.06759262297  9.420471E-17
6488.58577823851  2.221192E-16
6494.10396385405  -1.041491E-16
6499.62214946959  4.425760E-17
6505.14033508513  2.257249E-16
6510.65852070067  2.172453E-16
6516.17670631621  9.641409E-17
6521.69489193174  1.577861E-16
6527.21307754729  9.839584E-18
6532.73126316283  -6.045455E-17
6538.24944877837  1.528009E-16
6543.7676343939  1.716218E-16
6549.28582000945  1.323854E-16
6554.80400562499  1.775133E-16
6560.32219124053  1.866260E-16
6565.84037685607  9.629323E-17
6571.35856247161  4.464644E-17
6576.87674808715  1.334835E-16
6582.39493370269  6.394471E-18
6587.91311931823  -8.868927E-17
6593.43130493377  6.847723E-17
6598.94949054931  2.604576E-16
6604.46767616485  2.079322E-16
6609.98586178039  9.293786E-17
6615.50404739593  -3.339809E-18
6621.02223301147  1.754259E-17
6626.54041862701  4.809671E-17
6632.05860424255  -1.119934E-16
6637.57678985809  -5.295536E-17
6643.09497547363  2.013483E-16
6648.61316108917  2.373474E-16
6654.13134670471  1.064664E-16
6659.64953232025  4.585839E-17
6665.16771793579  2.059894E-16
6670.68590355133  2.856144E-16
6676.20408916686  8.320299E-17
6681.72227478241  1.522070E-16
6687.24046039795  1.156200E-17
6692.75864601349  1.485963E-16
6698.27683162903  2.048291E-17
6703.79501724457  1.305627E-16
6709.31320286011  2.908716E-16
6714.83138847565  5.082229E-17
6720.34957409119  1.543748E-16
6725.86775970673  1.093288E-16
6731.38594532227  7.053883E-17
6736.90413093781  1.880335E-16
6742.42231655335  9.523079E-17
6747.94050216889  7.144347E-17
6753.45868778443  1.832254E-16
6758.97687339997  2.343466E-16
6764.49505901551  9.505290E-18
6770.01324463105  5.579812E-17
6775.53143024659  1.279205E-16
6781.04961586213  1.709899E-16
6786.56780147766  2.134644E-16
6792.08598709321  1.331330E-17
6797.60417270875  3.340343E-17
6803.12235832429  9.508374E-17
6808.64054393983  1.272872E-16
6814.15872955537  4.027456E-17
6819.67691517091  -2.559710E-16
6825.19510078645  -1.946361E-16
6830.71328640199  1.276595E-16
6836.23147201753  2.329554E-16
6841.74965763307  3.572503E-16
6847.26784324861  1.828297E-16
6852.78602886415  -1.193928E-16
6858.30421447969  -1.980321E-17
6863.82240009523  2.635681E-16
6869.34058571077  -3.047571E-17
6874.85877132631  1.681535E-16
6880.37695694185  2.510433E-16
6885.89514255739  3.581965E-16
6891.41332817293  1.279207E-16
6896.93151378846  2.221167E-16
6902.44969940401  1.019156E-16
6907.96788501955  2.929798E-16
6913.48607063509  8.798599E-17
6919.00425625063  3.261211E-16
6924.52244186617  1.875902E-16
6930.04062748171  3.761332E-17
6935.55881309725  1.431844E-16
6941.07699871279  7.732185E-17
6946.59518432833  2.295242E-16
6952.11336994387  4.201741E-16
6957.63155555941  1.411174E-16
6963.14974117495  1.415239E-16
6968.66792679049  9.416883E-17
6974.18611240603  6.202493E-17
6979.70429802157  2.437573E-16
6985.22248363711  1.342906E-16
6990.74066925265  4.926112E-17
6996.25885486819  5.683586E-17
7001.77704048373  4.788072E-17
7007.29522609927  2.618434E-16
7012.81341171481  3.376585E-16
7018.33159733035  9.090551E-17
7023.84978294589  2.407769E-17
7029.36796856143  -8.314019E-17
7034.88615417697  -1.601228E-17
7040.40433979251  1.521015E-16
7045.92252540805  1.386351E-16
7051.44071102359  3.468930E-17
7056.95889663913  1.943022E-16
7062.47708225467  2.290048E-16
7067.99526787021  -1.179279E-18
7073.51345348575  2.195054E-17
7079.03163910129  3.174687E-17
7084.54982471683  1.450845E-16
7090.06801033237  1.196070E-16
7095.58619594791  1.552512E-16
7101.10438156345  -7.070183E-17
7106.62256717899  -8.112081E-17
7112.14075279453  -1.032764E-16
7117.65893841007  1.262932E-16
7123.17712402561  1.331213E-16
7128.69530964115  -1.358713E-16
7134.21349525669  2.208210E-18
7139.73168087223  3.506421E-16
7145.24986648777  2.367146E-16
7150.76805210331  -8.570692E-17
7156.28623771885  -2.960698E-17
7161.80442333439  -1.601159E-17
7167.32260894993  2.254766E-17
7172.84079456547  2.008108E-16
7178.35898018101  1.656565E-16
7183.87716579655  2.708088E-16
7189.39535141209  8.684610E-17
7194.91353702763  3.081947E-16
7200.43172264317  4.277328E-17
7205.94990825871  1.424462E-16
7211.46809387425  2.779675E-16
7216.98627948979  3.697383E-16
7222.50446510533  6.023363E-17
7228.02265072087  1.908696E-16
7233.54083633641  1.469185E-16
7239.05902195195  -3.403235E-17
7244.57720756749  -9.500526E-17
7250.09539318303  2.761963E-16
7255.61357879857  1.747098E-16
7261.13176441411  1.509816E-16
7266.64995002965  2.155884E-16
7272.16813564519  1.711296E-16
7277.68632126073  1.143708E-16
7283.20450687627  -5.086023E-17
7288.72269249181  -1.016509E-17
7294.24087810735  1.573117E-17
7299.75906372289  -7.630337E-17
7305.27724933843  8.457476E-17
7310.79543495397  3.805272E-17
7316.31362056951  2.594201E-17
7321.83180618505  2.332346E-16
7327.34999180059  1.814531E-16
7332.86817741613  2.104275E-16
7338.38636303167  9.957191E-17
7343.90454864721  4.112857E-16
7349.42273426275  6.649089E-17
7354.94091987829  5.322777E-17
7360.45910549383  1.637530E-16
7365.97729110937  9.269710E-17
7371.49547672491  1.937941E-16
7377.01366234045  2.553872E-16
7382.53184795599  3.220810E-16
7388.05003357153  2.036988E-17
7393.56821918707  2.370709E-16
7399.08640480261  5.017947E-17
7404.60459041815  -4.479119E-17
7410.12277603369  2.809622E-16
7415.64096164923  3.063943E-16
7421.15914726477  1.161806E-16
7426.67733288031  4.662884E-17
7432.19551849585  -2.068914E-17
7437.71370411139  2.716461E-17
7443.23188972693  1.716592E-16
7448.75007534247  3.410859E-17
7454.26826095801  -4.491409E-19
7459.78644657355  9.879631E-17
7465.30463218909  7.959197E-17
7470.82281780463  4.889439E-17
7476.34100342017  1.014417E-16
7481.85918903571  1.887810E-16
7487.37737465125  1.891298E-16
7492.89556026679  1.196932E-16
7498.41374588233  1.055803E-16
7503.93193149787  -2.659684E-17
7509.45011711341  4.883542E-17
7514.96830272895  2.413573E-16
7520.48648834449  1.652891E-16
7526.00467396003  2.058696E-16
7531.52285957557  2.785995E-16
7537.04104519111  1.282433E-16
7542.55923080665  3.060654E-17
7548.07741642219  -1.137798E-16
7553.59560203773  -4.137068E-17
7559.11378765327  1.341153E-16
7564.63197326881  4.999574E-17
7570.15015888435  2.616208E-17
7575.66834449989  1.529564E-16
7581.18653011543  -1.150614E-16
7586.70471573097  -1.056403E-16
7592.22290134651  2.727871E-16
7597.74108696205  2.414030E-16
7603.25927257759  2.259752E-16
7608.77745819313  3.193179E-16
7614.29564380867  2.354034E-16
7619.81382942421  2.749193E-17
7625.33201503975  4.390537E-16
7630.85020065529  3.675476E-16
7636.36838627083  2.253273E-16
7641.88657188637  -2.790694E-17
7647.40475750191  1.953069E-17
7652.92294311745  -2.170255E-16
7658.44112873299  3.271032E-16
7663.95931434853  1.172723E-16
7669.47749996407  5.706410E-17
7674.99568557961  3.234172E-16
7680.51387119515  2.295639E-16
7686.03205681069  8.612763E-17
7691.55024242623  3.392077E-17
7697.06842804177  -3.211387E-18
7702.58661365731  1.651273E-16
7708.10479927285  2.706102E-17
7713.62298488839  -2.786623E-17
7719.14117050393  1.537402E-16
7724.65935611947  9.594874E-17
7730.17754173501  3.196502E-17
7735.69572735055  1.309321E-16
7741.21391296609  1.946676E-16
7746.73209858163  3.753746E-18
7752.25028419717  -7.556052E-17
7757.76846981271  -8.270454E-17
7763.28665542825  4.585650E-17
7768.80484104379  -8.427225E-17
7774.32302665933  2.968889E-17
7779.84121227487  1.956791E-16
7785.35939789041  7.484942E-17
7790.87758350595  -6.934123E-17
7796.39576912149  -2.728800E-17
7801.91395473703  -1.471780E-17
7807.43214035257  -7.812508E-17
7812.95032596811  -1.064292E-16
7818.46851158365  2.388038E-17
7823.98669719919  -2.703063E-17
7829.50488281473  2.105469E-17
7835.02306843027  2.580356E-17
7840.54125404581  1.002890E-16
7846.05943966135  1.707355E-16
7851.57762527689  2.307394E-16
7857.09581089243  2.644443E-16
7862.61399650797  2.948154E-16
7868.13218212351  1.912861E-16
7873.65036773905  -2.955472E-18
7879.16855335459  1.552684E-16
7884.68673897013  1.045541E-16
7890.20492458567  2.662304E-16
7895.72311020121  1.274271E-16
7901.24129581675  2.194670E-16
7906.75948143229  8.875344E-17
7912.27766704783  3.033236E-16
7917.79585266337  8.801194E-17
7923.31403827891  2.001344E-16
7928.83222389445  3.795340E-17
7934.35040950999  3.130327E-16
7939.86859512553  -8.601320E-18
7945.38678074107  -1.175922E-17
7950.90496635661  1.027525E-16
7956.42315197215  1.614070E-16
7961.94133758769  -6.670864E-17
7967.45952320323  -2.586186E-17
7972.97770881877  1.908566E-16
7978.49589443431  -3.356605E-17
7984.01408004985  8.806071E-18
7989.53226566539  1.547437E-16
7995.05045128093  2.745718E-17
8000.56863689647  1.989757E-16
8006.08682251201  2.416539E-16
8011.60500812755  6.517492E-17
8017.12319374309  -4.203139E-17
8022.64137935863  2.050938E-16
8028.15956497417  5.591199E-17
8033.67775058971  7.062656E-17
8039.19593620525  -7.688451E-17
8044.71412182079  1.173961E-17
8050.23230743633  1.165115E-16
8055.75049305187  1.187696E-16
8061.26867866741  4.018285E-16
8066.78686428295  2.245760E-16
8072.30504989849  6.675510E-17
8077.82323551403  2.701943E-16
8083.34142112957  5.739629E-17
8088.85960674511  2.514001E-16
8094.37779236065  -1.855812E-16
8099.89597797619  -4.123523E-17
8105.41416359173  3.170081E-16
8110.93234920727  9.467995E-17
8116.45053482281  -4.172158E-17
8121.96872043835  3.124800E-17
8127.48690605389  4.831248E-17
8133.00509166943  1.112856E-16
8138.52327728497  1.679243E-16
8144.04146290051  2.083397E-16
8149.55964851605  2.620911E-16
8155.07783413159  3.598063E-16
8160.59601974713  1.648668E-16
8166.11420536267  -8.284708E-17
8171.63239097821  -1.347187E-16
8177.15057659375  1.310003E-16
8182.66876220929  4.434697E-18
8188.18694782483  1.955484E-17
8193.70513344037  3.193997E-16
8199.22331905591  1.701069E-16
8204.74150467145  2.629896E-16
8210.25969028699  -5.041738E-17
8215.77787590253  6.295052E-17
8221.29606151807  7.071741E-17
8226.81424713361  2.836910E-16
8232.33243274915  4.481181E-16
8237.85061836469  7.478617E-18
8243.36880398023  4.967353E-17
8248.88698959577  1.798502E-16
8254.40517521131  6.199973E-17
8259.92336082685  -1.439950E-17
8265.44154644239  -3.777288E-18
8270.95973205793  4.615317E-17
8276.47791767347  6.465906E-17
8281.99610328901  3.276871E-16
8287.51428890455  4.178039E-16
8293.03247452009  4.636939E-17
8298.55066013563  -1.586722E-16
8304.06884575117  -2.732820E-17
8309.58703136671  1.155408E-16
8315.10521698225  -4.024426E-17
8320.62340259779  9.647627E-17
8326.14158821333  1.661938E-16
8331.65977382887  4.114122E-16
8337.17795944441  2.778100E-17
8342.69614505995  -8.816568E-17
8348.21433067549  4.888521E-17
8353.73251629103  2.883222E-16
8359.25070190657  3.143341E-18
8364.76888752211  3.438511E-16
8370.28707313765  9.125282E-17
8375.80525875319  -9.612428E-17
8381.32344436873  1.864596E-16
8386.84162998427  1.859041E-16
8392.35981559981  1.536119E-16
8397.87800121535  2.543191E-17
8403.39618683089  -1.014742E-16
8408.91437244643  -8.345421E-17
8414.43255806197  -2.964338E-17
8419.95074367751  1.040822E-16
8425.46892929305  1.602744E-16
8430.98711490859  1.041332E-16
8436.50530052413  4.559342E-17
8442.02348613967  -5.711722E-18
8447.54167175521  2.304767E-16
8453.05985737075  2.256809E-16
8458.57804298629  -6.427136E-17
8464.09622860183  -1.234576E-16
8469.61441421737  4.031537E-16
8475.13259983291  3.323244E-16
8480.65078544845  1.810537E-16
8486.16897106399  -4.599609E-17
8491.68715667953  -3.200272E-17
8497.20534229507  8.482199E-17
8502.72352791061  1.447836E-16
8508.24171352615  9.768415E-17
8513.75989914169  3.222154E-16
8519.27808475723  3.729288E-16
8524.79627037277  2.935763E-16
8530.31445598831  2.370227E-16
8535.83264160385  5.325311E-17
8541.35082721939  -6.864762E-17
8546.86901283493  1.834028E-16
8552.38719845047  2.570931E-16
8557.90538406601  -5.650595E-17
8563.42356968155  -1.721532E-16
8568.94175529709  6.861772E-17
8574.45994091263  1.425653E-16
8579.97812652817  1.083160E-16
8585.49631214371  1.057936E-16
8591.01449775925  -2.004656E-16
8596.53268337479  -4.059391E-16
8602.05086899033  4.532291E-17
8607.56905460587  4.404402E-16
8613.08724022141  3.598050E-16
8618.60542583695  1.413454E-16
8624.12361145249  2.134849E-16
8629.64179706803  2.041144E-16
8635.15998268357  1.203577E-16
8640.67816829911  2.983664E-16
8646.19635391465  3.115743E-16
8651.71453953019  -2.337193E-18
8657.23272514573  1.214220E-16
8662.75091076127  -8.251690E-17
8668.26909637681  8.809229E-17
8673.78728199235  1.042222E-16
8679.30546760789  -1.381776E-16
8684.82365322343  -1.236004E-16
8690.34183883897  2.363684E-16
8695.86002445451  -6.328284E-17
8701.37821007005  -1.152783E-17
8706.89639568559  1.539346E-16
8712.41458130113  -2.024697E-17
8717.93276691667  1.607649E-16
8723.45095253221  -8.369523E-17
8728.96913814775  -1.718794E-16
8734.48732376329  -1.096110E-16
8740.00550937883  -2.001336E-16
8745.52369499437  3.208786E-16
8751.04188060991  4.376548E-16
8756.56006622545  1.615039E-16
8762.07825184099  -2.227116E-17
8767.59643745653  1.554274E-17
8773.11462307207  -1.562478E-16
8778.63280868761  -1.258207E-16
8784.15099430315  6.925711E-17
8789.66917991869  3.027751E-16
8795.18736553423  2.453000E-18
8800.70555114977  -1.832643E-16
8806.22373676531  -7.644947E-17
8811.74192238085  3.112636E-16
8817.26010799639  3.148734E-16
8822.77829361193  4.181903E-16
8828.29647922747  1.990058E-16
8833.81466484301  -1.573758E-16
8839.33285045855  1.494847E-16
8844.85103607409  9.200539E-17
8850.36922168963  -1.259732E-16
8855.88740730517  7.807704E-17
8861.40559292071  2.620158E-16
8866.92377853625  3.473208E-16
8872.44196415179  -2.028157E-17
8877.96014976733  -8.447168E-17
8883.47833538287  -4.057143E-18
8888.99652099841  3.442368E-16
8894.51470661395  3.254175E-16
8900.03289222949  1.011861E-16
8905.55107784503  1.539597E-16
8911.06926346057  -9.945999E-17
8916.58744907611  -1.699855E-17
8922.10563469165  3.476740E-16
8927.62382030719  4.380008E-16
8933.14200592273  3.298894E-16
8938.66019153827  -9.968385E-17
8944.17837715381  -3.607165E-16
8949.69656276935  6.734611E-17
8955.21474838489  -4.911351E-17
8960.73293400043  -1.253779E-16
8966.25111961597  -2.751094E-18
8971.76930523151  -5.771240E-17
8977.28749084705  -1.038655E-16
8982.80567646259  -2.262312E-17
8988.32386207813  -2.502924E-17
8993.84204769367  2.776845E-17
8999.36023330921  -1.453072E-16
9004.87841892475  1.964265E-16
9010.39660454029  4.071328E-16
9015.91479015583  3.904371E-17
9021.43297577137  3.475215E-16
9026.95116138691  9.964742E-17
9032.46934700245  -9.928911E-18
9037.98753261799  -1.380091E-16
9043.50571823353  9.484672E-17
9049.02390384907  -8.413070E-18
9054.54208946461  -8.056183E-17
9060.06027508015  2.811749E-16
9065.57846069569  1.111691E-16
9071.09664631123  -3.926762E-16
9076.61483192677  8.331985E-17
9082.13301754231  6.458358E-16
9087.65120315785  3.743224E-16
9093.16938877339  -7.268231E-17
9098.68757438893  -5.348198E-17
9104.20576000447  2.245769E-16
9109.72394562001  4.100883E-16
9115.24213123555  5.543402E-16
9120.76031685109  6.867169E-16
9126.27850246663  3.358149E-16
9131.79668808217  7.516824E-17
9137.31487369771  9.072659E-17
9142.83305931325  -1.046571E-16
9148.35124492879  7.600151E-16
9153.86943054433  5.978271E-16
9159.38761615987  -2.049262E-16
9164.90580177541  -3.697411E-16
9170.42398739095  -1.998080E-17
9175.94217300649  2.696580E-16
9181.46035862203  1.024013E-18
9186.97854423757  5.884073E-16
