5992.85781932     9.65137e-19     
5997.07337592     3.34612e-17     
6001.28893253     3.47457e-17     
6005.50448913     6.47465e-18     
6009.72004573     -4.25953e-18    
6013.93560233     2.25751e-17     
6018.15115894     3.95527e-17     
6022.36671554     -6.45025e-18    
6026.58227214     1.97691e-17     
6030.79782875     1.48225e-17     
6035.01338535     1.85889e-17     
6039.22894195     1.21692e-17     
6043.44449856     3.02462e-18     
6047.66005516     1.23222e-17     
6051.87561176     1.4087e-17      
6056.09116836     2.2162e-17      
6060.30672497     3.21393e-17     
6064.52228157     3.01871e-18     
6068.73783817     2.04968e-18     
6072.95339478     1.62435e-17     
6077.16895138     8.6891e-18      
6081.38450798     8.14537e-18     
6085.60006459     7.69177e-18     
6089.81562119     4.22802e-18     
6094.03117779     4.8643e-18      
6098.24673439     2.03936e-17     
6102.462291       1.775e-17       
6106.6778476      9.65866e-18     
6110.8934042      9.70714e-18     
6115.10896081     1.52523e-17     
6119.32451741     3.26067e-17     
6123.54007401     1.35698e-17     
6127.75563061     2.64877e-18     
6131.97118722     3.89655e-17     
6136.18674382     -1.43696e-17    
6140.40230042     2.76885e-17     
6144.61785703     5.06908e-18     
6148.83341363     1.10129e-17     
6153.04897023     1.91955e-18     
6157.26452684     1.55092e-17     
6161.48008344     1.50155e-17     
6165.69564004     3.95918e-17     
6169.91119664     3.08713e-17     
6174.12675325     1.12043e-17     
6178.34230985     8.50611e-18     
6182.55786645     1.79683e-17     
6186.77342306     -1.71243e-19    
6190.98897966     -6.84177e-18    
6195.20453626     1.97033e-17     
6199.42009287     1.06475e-17     
6203.63564947     1.0159e-17      
6207.85120607     1.05367e-17     
6212.06676267     9.30164e-18     
6216.28231928     -1.16722e-18    
6220.49787588     1.72717e-17     
6224.71343248     9.75298e-18     
6228.92898909     -8.50052e-18    
6233.14454569     1.81288e-18     
6237.36010229     1.6395e-17      
6241.57565889     1.68317e-17     
6245.7912155      1.99098e-17     
6250.0067721      -8.29298e-19    
6254.2223287      1.96198e-18     
6258.43788531     1.4117e-17      
6262.65344191     1.74433e-17     
6266.86899851     -1.2781e-17     
6271.08455512     1.09748e-17     
6275.30011172     1.43608e-17     
6279.51566832     2.69373e-17     
6283.73122492     3.25326e-17     
6287.94678153     1.69182e-17     
6292.16233813     3.63804e-18     
6296.37789473     -8.23719e-18    
6300.59345134     -2.14037e-18    
6304.80900794     2.18917e-17     
6309.02456454     8.25854e-18     
6313.24012115     1.8954e-19      
6317.45567775     1.19736e-17     
6321.67123435     1.12782e-17     
6325.88679095     1.84035e-17     
6330.10234756     9.25507e-18     
6334.31790416     -1.08712e-18    
6338.53346076     4.24791e-18     
6342.74901737     -4.35879e-18    
6346.96457397     6.4467e-18      
6351.18013057     1.85677e-17     
6355.39568717     2.41359e-18     
6359.61124378     1.23538e-17     
6363.82680038     1.34739e-17     
6368.04235698     -9.57619e-18    
6372.25791359     3.19195e-18     
6376.47347019     1.11583e-17     
6380.68902679     1.20892e-17     
6384.9045834      3.0281e-17      
6389.12014        1.03323e-17     
6393.3356966      -6.78067e-18    
6397.5512532      1.49145e-17     
6401.76680981     1.96379e-17     
6405.98236641     -3.04379e-19    
6410.19792301     4.47669e-18     
6414.41347962     2.84808e-17     
6418.62903622     -6.83451e-18    
6422.84459282     5.17789e-18     
6427.06014942     8.6358e-18      
6431.27570603     1.27839e-17     
6435.49126263     -1.33576e-17    
6439.70681923     -2.96689e-18    
6443.92237584     8.22536e-18     
6448.13793244     -5.25357e-18    
6452.35348904     -1.43677e-17    
6456.56904565     1.0347e-18      
6460.78460225     9.48364e-18     
6465.00015885     2.45887e-17     
6469.21571545     8.30844e-18     
6473.43127206     -2.64446e-19    
6477.64682866     1.89864e-17     
6481.86238526     3.55258e-17     
6486.07794187     1.43081e-17     
6490.29349847     8.44738e-18     
6494.50905507     1.13789e-17     
6498.72461168     2.14704e-18     
6502.94016828     1.48237e-17     
6507.15572488     1.92444e-17     
6511.37128148     2.34839e-17     
6515.58683809     8.38498e-19     
6519.80239469     1.15281e-17     
6524.01795129     2.3248e-17      
6528.2335079      -2.63484e-18    
6532.4490645      -8.25287e-18    
6536.6646211      1.42935e-17     
6540.8801777      2.0803e-17      
6545.09573431     1.9125e-18      
6549.31129091     1.43964e-17     
6553.52684751     9.3296e-18      
6557.74240412     1.2599e-17      
6561.95796072     1.74319e-17     
6566.17351732     2.07694e-17     
6570.38907393     6.93052e-18     
6574.60463053     -5.66e-18       
6578.82018713     1.92116e-17     
6583.03574373     1.83148e-17     
6587.25130034     1.54864e-17     
6591.46685694     5.63712e-18     
6595.68241354     3.9857e-17      
6599.89797015     1.92725e-17     
6604.11352675     3.99932e-17     
6608.32908335     4.41189e-17     
6612.54463996     5.71799e-17     
6616.76019656     3.01031e-17     
6620.97575316     5.4548e-17      
6625.19130976     2.31504e-17     
6629.40686637     7.42404e-18     
6633.62242297     4.80521e-18     
6637.83797957     1.19986e-17     
6642.05353618     1.66347e-18     
6646.26909278     6.17741e-18     
6650.48464938     2.32183e-17     
6654.70020598     1.3065e-17      
6658.91576259     1.12574e-17     
6663.13131919     2.2532e-17      
6667.34687579     2.80316e-17     
6671.5624324      -5.2875e-18     
6675.777989       3.42939e-18     
6679.9935456      1.06061e-17     
6684.20910221     3.54446e-18     
6688.42465881     -9.29519e-18    
6692.64021541     1.63692e-17     
6696.85577201     8.88531e-18     
6701.07132862     1.81833e-17     
6705.28688522     8.32906e-18     
6709.50244182     2.06592e-17     
6713.71799843     -1.84281e-18    
6717.93355503     2.00532e-17     
6722.14911163     7.48229e-18     
6726.36466824     1.0539e-17      
6730.58022484     1.24306e-17     
6734.79578144     2.79569e-17     
6739.01133804     1.51054e-17     
6743.22689465     1.40073e-17     
6747.44245125     1.86124e-17     
6751.65800785     -9.37838e-18    
6755.87356446     6.91159e-18     
6760.08912106     8.53768e-18     
6764.30467766     1.56249e-17     
6768.52023426     1.54446e-17     
6772.73579087     2.46081e-17     
6776.95134747     1.99e-17        
6781.16690407     1.23431e-17     
6785.38246068     1.65648e-17     
6789.59801728     1.55345e-17     
6793.81357388     2.51183e-17     
6798.02913049     1.82538e-17     
6802.24468709     4.7952e-18      
6806.46024369     -4.49652e-18    
6810.67580029     4.32958e-18     
6814.8913569      1.73421e-17     
6819.1069135      2.5115e-17      
6823.3224701      2.72469e-17     
6827.53802671     7.68183e-18     
6831.75358331     2.00089e-17     
6835.96913991     8.67172e-18     
6840.18469652     8.10636e-18     
6844.40025312     1.88514e-17     
6848.61580972     1.50668e-17     
6852.83136632     1.68894e-17     
6857.04692293     5.95518e-18     
6861.26247953     1.0388e-17      
6865.47803613     2.32931e-17     
6869.69359274     1.57584e-17     
6873.90914934     1.78009e-17     
6878.12470594     1.4817e-17      
6882.34026254     1.64762e-17     
6886.55581915     6.8764e-18      
6890.77137575     1.91694e-17     
6894.98693235     -2.39247e-18    
6899.20248896     1.27378e-17     
6903.41804556     1.63374e-17     
6907.63360216     2.62391e-17     
6911.84915877     1.71937e-17     
6916.06471537     9.23648e-18     
6920.28027197     2.39866e-17     
6924.49582857     5.09677e-18     
6928.71138518     1.07377e-17     
6932.92694178     2.257e-17       
6937.14249838     7.31995e-18     
6941.35805499     -1.67999e-18    
6945.57361159     1.14099e-17     
6949.78916819     2.27486e-17     
6954.0047248      1.84102e-17     
6958.2202814      1.46237e-17     
6962.435838       8.39193e-18     
6966.6513946      -2.40402e-18    
6970.86695121     5.22727e-18     
6975.08250781     2.36411e-17     
6979.29806441     2.57573e-17     
6983.51362102     2.26798e-17     
6987.72917762     1.1285e-17      
6991.94473422     1.69887e-17     
6996.16029082     5.57256e-18     
7000.37584743     8.62778e-18     
7004.59140403     3.03334e-17     
7008.80696063     6.14598e-18     
7013.02251724     5.12874e-18     
7017.23807384     1.38092e-17     
7021.45363044     7.71567e-18     
7025.66918705     2.27322e-18     
7029.88474365     3.57776e-18     
7034.10030025     1.70298e-17     
7038.31585685     1.04738e-17     
7042.53141346     4.24114e-18     
7046.74697006     9.01184e-18     
7050.96252666     1.10393e-17     
7055.17808327     5.17112e-18     
7059.39363987     2.25762e-17     
7063.60919647     1.48855e-17     
7067.82475308     4.54271e-18     
7072.04030968     2.23917e-17     
7076.25586628     1.95897e-17     
7080.47142288     1.74365e-17     
7084.68697949     5.97801e-18     
7088.90253609     2.85629e-18     
7093.11809269     2.82451e-17     
7097.3336493      1.34263e-17     
7101.5492059      -1.62786e-19    
7105.7647625      2.28688e-17     
7109.9803191      1.27956e-17     
7114.19587571     2.54392e-18     
7118.41143231     -2.95455e-18    
7122.62698891     1.02924e-17     
7126.84254552     -2.01299e-18    
7131.05810212     1.36545e-17     
7135.27365872     1.62935e-17     
7139.48921533     1.03652e-17     
7143.70477193     8.51488e-18     
7147.92032853     2.48203e-17     
7152.13588513     1.96753e-17     
7156.35144174     1.22037e-17     
7160.56699834     3.7072e-18      
7164.78255494     -5.61497e-18    
7168.99811155     -1.35677e-18    
7173.21366815     7.7562e-18      
7177.42922475     1.72468e-17     
7181.64478136     2.69812e-17     
7185.86033796     1.5833e-17      
7190.07589456     8.31157e-18     
7194.29145116     8.66902e-18     
7198.50700777     8.90349e-18     
7202.72256437     -6.30426e-18    
7206.93812097     1.24006e-18     
7211.15367758     1.73906e-17     
7215.36923418     1.21851e-17     
7219.58479078     9.93072e-18     
7223.80034738     1.14286e-17     
7228.01590399     2.39792e-17     
7232.23146059     2.64205e-17     
7236.44701719     1.09576e-17     
7240.6625738      2.38978e-17     
7244.8781304      7.69449e-18     
7249.093687       4.29778e-18     
7253.30924361     8.7616e-18      
7257.52480021     1.5647e-17      
7261.74035681     9.09995e-18     
7265.95591341     1.67428e-17     
7270.17147002     1.95152e-18     
7274.38702662     1.54146e-18     
7278.60258322     6.09466e-18     
7282.81813983     1.85254e-17     
7287.03369643     5.61226e-18     
7291.24925303     1.67905e-17     
7295.46480963     2.89331e-17     
7299.68036624     6.0336e-18      
7303.89592284     1.25634e-17     
7308.11147944     3.10384e-17     
7312.32703605     2.38816e-17     
7316.54259265     -1.6215e-18     
7320.75814925     9.20055e-19     
7324.97370586     1.30421e-17     
7329.18926246     5.68836e-18     
7333.40481906     1.74805e-17     
7337.62037566     1.83137e-17     
7341.83593227     6.44761e-18     
7346.05148887     2.74336e-17     
7350.26704547     1.15944e-17     
7354.48260208     9.85869e-18     
7358.69815868     -7.65546e-18    
7362.91371528     4.1611e-18      
7367.12927189     1.80211e-17     
7371.34482849     1.06847e-17     
7375.56038509     2.11633e-17     
7379.77594169     2.07045e-17     
7383.9914983      1.49702e-17     
7388.2070549      2.54714e-17     
7392.4226115      2.4461e-17      
7396.63816811     1.70999e-17     
7400.85372471     3.84664e-18     
7405.06928131     1.0135e-17      
7409.28483791     1.19659e-17     
7413.50039452     1.39327e-17     
7417.71595112     3.40154e-17     
7421.93150772     9.36086e-18     
7426.14706433     6.61342e-18     
7430.36262093     2.51692e-17     
7434.57817753     3.41326e-18     
7438.79373414     6.5794e-18      
7443.00929074     8.50343e-18     
7447.22484734     1.36891e-17     
7451.44040394     1.01412e-17     
7455.65596055     -2.09292e-18    
7459.87151715     1.39587e-17     
7464.08707375     -2.74232e-18    
7468.30263036     2.64335e-17     
7472.51818696     7.6393e-18      
7476.73374356     3.40109e-18     
7480.94930017     8.41731e-18     
7485.16485677     -2.50249e-17    
7489.38041337     8.45897e-18     
7493.59596997     -1.22678e-17    
7497.81152658     1.83279e-17     
7502.02708318     7.81511e-18     
7506.24263978     3.87062e-18     
7510.45819639     8.52341e-18     
7514.67375299     7.25837e-18     
7518.88930959     7.94059e-18     
7523.10486619     7.04515e-18     
7527.3204228      8.61696e-19     
7531.5359794      9.00768e-18     
7535.751536       1.07425e-17     
7539.96709261     3.12879e-17     
7544.18264921     1.08029e-17     
7548.39820581     -1.04872e-17    
7552.61376242     1.1341e-17      
7556.82931902     -6.53812e-18    
7561.04487562     -1.98257e-18    
7565.26043222     1.29363e-18     
7569.47598883     1.44208e-17     
7573.69154543     9.38379e-18     
7577.90710203     8.83256e-18     
7582.12265864     4.48726e-18     
7586.33821524     2.65972e-18     
7590.55377184     1.61839e-17     
7594.76932845     -4.60795e-18    
7598.98488505     -6.42584e-19    
7603.20044165     2.29186e-17     
7607.41599825     -2.06773e-17    
7611.63155486     -6.20735e-18    
7615.84711146     1.48845e-17     
7620.06266806     2.52979e-17     
7624.27822467     5.44325e-17     
7628.49378127     1.94261e-17     
7632.70933787     6.22971e-18     
7636.92489447     1.72624e-17     
7641.14045108     1.31935e-18     
7645.35600768     -2.96366e-18    
7649.57156428     1.6805e-17      
7653.78712089     1.46082e-17     
7658.00267749     2.79763e-18     
7662.21823409     1.97203e-17     
7666.4337907      -9.01744e-18    
7670.6493473      1.39789e-17     
7674.8649039      1.43623e-17     
7679.0804605      1.61132e-17     
7683.29601711     2.16992e-18     
7687.51157371     1.27825e-17     
7691.72713031     9.78993e-18     
7695.94268692     2.81488e-17     
7700.15824352     1.02004e-17     
7704.37380012     2.78527e-17     
7708.58935673     -6.95672e-18    
7712.80491333     2.28772e-19     
7717.02046993     1.57561e-18     
7721.23602653     5.65892e-18     
7725.45158314     -5.56606e-19    
7729.66713974     2.93545e-17     
7733.88269634     1.65562e-17     
7738.09825295     2.40552e-17     
7742.31380955     4.27809e-17     
7746.52936615     -2.0114e-18     
7750.74492275     1.62784e-17     
7754.96047936     1.40183e-17     
7759.17603596     1.81777e-17     
7763.39159256     8.55674e-18     
7767.60714917     2.72874e-17     
7771.82270577     1.67866e-17     
7776.03826237     8.71061e-18     
7780.25381898     2.67994e-17     
7784.46937558     2.32115e-17     
7788.68493218     2.0266e-17      
7792.90048878     4.81585e-18     
7797.11604539     2.86925e-19     
7801.33160199     1.4003e-17      
7805.54715859     4.22492e-18     
7809.7627152      3.32023e-18     
7813.9782718      1.76333e-17     
7818.1938284      1.22865e-17     
7822.40938501     1.16365e-17     
7826.62494161     1.40071e-17     
7830.84049821     1.72267e-17     
7835.05605481     1.04984e-17     
7839.27161142     2.21388e-17     
7843.48716802     1.87718e-17     
7847.70272462     1.1159e-17      
7851.91828123     1.47622e-17     
7856.13383783     2.1732e-17      
7860.34939443     8.54861e-18     
7864.56495103     2.65921e-17     
7868.78050764     7.83626e-18     
7872.99606424     1.12133e-17     
7877.21162084     7.77536e-18     
7881.42717745     1.42775e-17     
7885.64273405     1.46676e-17     
7889.85829065     2.6346e-17      
7894.07384726     1.55637e-17     
7898.28940386     6.2994e-18      
7902.50496046     -7.5314e-19     
7906.72051706     1.62925e-17     
7910.93607367     -1.83606e-18    
7915.15163027     9.23051e-18     
7919.36718687     2.77267e-17     
7923.58274348     2.35679e-17     
7927.79830008     6.72156e-18     
7932.01385668     5.06914e-19     
7936.22941329     1.29438e-17     
7940.44496989     1.1827e-17      
7944.66052649     6.06279e-18     
7948.87608309     1.36357e-17     
7953.0916397      1.09665e-17     
7957.3071963      -7.02115e-18    
7961.5227529      1.45792e-17     
7965.73830951     2.89354e-17     
7969.95386611     1.06043e-18     
7974.16942271     8.60196e-18     
7978.38497931     2.40881e-17     
7982.60053592     6.81202e-18     
7986.81609252     1.98898e-17     
7991.03164912     1.71161e-17     
7995.24720573     1.32347e-17     
7999.46276233     1.76977e-17     
8003.67831893     1.96136e-18     
8007.89387554     -4.83169e-18    
8012.10943214     1.01741e-17     
8016.32498874     1.15452e-17     
8020.54054534     1.64893e-18     
8024.75610195     1.76571e-17     
8028.97165855     1.60186e-17     
8033.18721515     -2.14086e-18    
8037.40277176     7.0289e-18      
8041.61832836     1.58507e-17     
8045.83388496     1.33785e-17     
8050.04944156     1.11868e-17     
8054.26499817     1.45862e-17     
8058.48055477     9.24719e-18     
8062.69611137     1.94212e-17     
8066.91166798     6.52302e-18     
8071.12722458     1.08332e-17     
8075.34278118     1.62816e-17     
8079.55833779     6.2997e-18      
8083.77389439     5.18535e-18     
8087.98945099     1.64144e-17     
8092.20500759     4.70876e-18     
8096.4205642      2.67918e-17     
8100.6361208      2.68962e-17     
8104.8516774      2.28619e-17     
8109.06723401     2.11754e-17     
8113.28279061     6.65859e-18     
8117.49834721     9.12765e-19     
8121.71390382     2.32233e-17     
8125.92946042     2.35644e-17     
8130.14501702     1.95423e-19     
8134.36057362     4.35551e-18     
8138.57613023     1.26599e-17     
8142.79168683     6.66145e-18     
8147.00724343     -8.5328e-18     
8151.22280004     2.43409e-17     
8155.43835664     1.25149e-17     
8159.65391324     1.65975e-17     
8163.86946984     4.47995e-18     
8168.08502645     6.85649e-19     
8172.30058305     -8.28825e-18    
8176.51613965     2.34848e-17     
8180.73169626     -1.01012e-18    
8184.94725286     1.39416e-17     
8189.16280946     -4.84629e-18    
8193.37836607     1.42253e-17     
8197.59392267     2.68329e-17     
8201.80947927     1.24908e-17     
8206.02503587     1.03509e-17     
8210.24059248     1.16051e-17     
8214.45614908     3.41808e-17     
8218.67170568     3.50779e-17     
8222.88726229     2.02459e-17     
8227.10281889     1.4993e-18      
8231.31837549     1.27796e-18     
8235.5339321      1.11953e-17     
8239.7494887      2.19754e-17     
8243.9650453      -4.84454e-18    
8248.1806019      -1.33545e-17    
8252.39615851     -4.32826e-18    
8256.61171511     3.67869e-18     
8260.82727171     9.59706e-18     
8265.04282832     -3.17295e-18    
8269.25838492     1.6517e-17      
8273.47394152     2.86232e-17     
8277.68949812     1.22853e-17     
8281.90505473     2.01697e-17     
8286.12061133     3.62937e-17     
8290.33616793     6.39655e-18     
8294.55172454     2.24846e-17     
8298.76728114     3.16947e-18     
8302.98283774     1.21731e-17     
8307.19839435     1.73175e-17     
8311.41395095     1.40187e-18     
8315.62950755     1.30311e-17     
8319.84506415     2.85963e-17     
8324.06062076     7.7853e-18      
8328.27617736     4.05224e-18     
8332.49173396     -1.97041e-17    
8336.70729057     2.55653e-17     
8340.92284717     1.60269e-19     
8345.13840377     -1.70798e-17    
8349.35396038     -1.12392e-17    
8353.56951698     2.75224e-17     
8357.78507358     1.55625e-17     
8362.00063018     1.7431e-18      
8366.21618679     1.39018e-17     
8370.43174339     6.46018e-18     
8374.64729999     2.60663e-17     
8378.8628566      7.66486e-18     
8383.0784132      1.23128e-17     
8387.2939698      -3.28804e-18    
8391.5095264      -5.57814e-18    
8395.72508301     2.66608e-17     
8399.94063961     -1.21491e-17    
8404.15619621     8.82061e-19     
8408.37175282     1.19065e-17     
8412.58730942     -2.48734e-18    
8416.80286602     2.49106e-17     
8421.01842263     2.6354e-17      
8425.23397923     2.82579e-17     
8429.44953583     1.63321e-17     
8433.66509243     -2.1784e-18     
8437.88064904     5.66521e-18     
8442.09620564     1.2104e-17      
8446.31176224     1.51311e-17     
8450.52731885     1.43905e-17     
8454.74287545     2.25575e-17     
8458.95843205     2.21887e-17     
8463.17398866     4.03407e-18     
8467.38954526     8.19256e-18     
8471.60510186     2.21835e-17     
8475.82065846     8.02706e-18     
8480.03621507     3.88021e-19     
8484.25177167     1.25703e-17     
8488.46732827     1.96017e-17     
8492.68288488     2.44248e-18     
8496.89844148     8.49652e-18     
8501.11399808     2.68494e-19     
8505.32955468     1.52912e-17     
8509.54511129     1.17142e-17     
8513.76066789     9.21312e-18     
8517.97622449     1.05515e-17     
8522.1917811      -5.16708e-18    
8526.4073377      6.76853e-18     
8530.6228943      -1.04392e-17    
8534.83845091     2.85041e-17     
8539.05400751     1.52186e-18     
8543.26956411     2.15446e-17     
8547.48512071     5.32039e-17     
8551.70067732     -6.93771e-18    
8555.91623392     2.5995e-17      
8560.13179052     9.14614e-18     
8564.34734713     5.22639e-18     
8568.56290373     4.44233e-17     
8572.77846033     9.55328e-18     
8576.99401694     1.42416e-17     
8581.20957354     2.24149e-17     
8585.42513014     8.90978e-18     
8589.64068674     3.49202e-17     
8593.85624335     1.87465e-17     
8598.07179995     1.38738e-17     
8602.28735655     3.08835e-17     
8606.50291316     -4.61214e-18    
8610.71846976     -1.52948e-19    
8614.93402636     2.0199e-17      
8619.14958296     1.2327e-17      
8623.36513957     4.53808e-19     
8627.58069617     1.60292e-18     
8631.79625277     2.05055e-17     
8636.01180938     3.50796e-17     
8640.22736598     1.29494e-17     
8644.44292258     1.70383e-18     
8648.65847919     -1.65908e-18    
8652.87403579     5.12435e-19     
8657.08959239     3.25966e-17     
8661.30514899     3.24259e-17     
8665.5207056      -1.18039e-18    
8669.7362622      9.14473e-19     
8673.9518188      2.39668e-17     
8678.16737541     2.89339e-17     
8682.38293201     3.74775e-18     
8686.59848861     1.73751e-17     
8690.81404522     -1.76521e-17    
8695.02960182     2.11956e-17     
8699.24515842     2.48306e-17     
8703.46071502     1.3272e-17      
8707.67627163     7.64036e-18     
8711.89182823     2.70304e-17     
8716.10738483     1.58407e-17     
8720.32294144     1.28942e-17     
8724.53849804     3.17188e-17     
8728.75405464     -1.52513e-17    
8732.96961124     2.98844e-18     
8737.18516785     2.63087e-17     
8741.40072445     1.82433e-18     
8745.61628105     -5.76648e-19    
8749.83183766     -7.84602e-18    
8754.04739426     3.15931e-19     
8758.26295086     2.86226e-17     
8762.47850747     2.03161e-17     
8766.69406407     2.45203e-17     
8770.90962067     2.92326e-17     
8775.12517727     -6.13412e-18    
8779.34073388     -1.04325e-17    
8783.55629048     -3.87672e-18    
8787.77184708     -2.00152e-18    
8791.98740369     2.61251e-17     
8796.20296029     3.22463e-17     
8800.41851689     1.93703e-17     
8804.63407349     1.01145e-17     
8808.8496301      2.03961e-18     
8813.0651867      1.63875e-17     
8817.2807433      2.45809e-17     
8821.49629991     2.22764e-17     
8825.71185651     2.61218e-17     
8829.92741311     2.28033e-17     
8834.14296972     4.16052e-17     
8838.35852632     3.49531e-17     
8842.57408292     3.64457e-18     
8846.78963952     1.6742e-17      
8851.00519613     1.97559e-17     
8855.22075273     3.62652e-17     
8859.43630933     -1.59788e-17    
8863.65186594     -7.75004e-19    
8867.86742254     1.39209e-18     
8872.08297914     2.7064e-17      
8876.29853575     1.78934e-17     
8880.51409235     2.29207e-17     
8884.72964895     1.75623e-17     
8888.94520555     3.51734e-17     
8893.16076216     4.30932e-17     
8897.37631876     6.19685e-18     
8901.59187536     -2.79314e-17    
8905.80743197     -2.37824e-18    
8910.02298857     3.69197e-17     
8914.23854517     1.66199e-17     
8918.45410177     -1.14517e-17    
8922.66965838     -3.46667e-18    
8926.88521498     2.58271e-17     
8931.10077158     2.64939e-17     
8935.31632819     -6.80557e-18    
8939.53188479     -6.51799e-18    
8943.74744139     1.94427e-17     
8947.962998       1.18803e-17     
8952.1785546      6.4073e-18      
8956.3941112      1.91034e-17     
8960.6096678      6.21218e-18     
8964.82522441     7.6929e-18      
8969.04078101     -3.46761e-18    
8973.25633761     3.62677e-18     
8977.47189422     -7.65776e-18    
8981.68745082     9.1121e-18      
8985.90300742     3.13301e-17     
8990.11856403     3.4862e-17      
8994.33412063     1.44957e-17     
8998.54967723     7.31098e-18     
9002.76523383     1.74581e-17     
9006.98079044     1.34727e-17     
9011.19634704     7.96818e-18     
9015.41190364     4.13608e-17     
9019.62746025     -2.04506e-17    
9023.84301685     1.20496e-17     
9028.05857345     9.94059e-18     
9032.27413005     8.2179e-18      
9036.48968666     1.79416e-17     
9040.70524326     -1.34265e-17    
9044.92079986     2.18615e-17     
9049.13635647     1.07775e-17     
9053.35191307     3.77162e-18     
9057.56746967     2.12719e-17     
9061.78302628     1.73831e-17     
9065.99858288     7.21922e-18     
9070.21413948     1.41385e-17     
9074.42969608     4.53453e-19     
9078.64525269     1.1736e-18      
9082.86080929     9.03037e-18     
9087.07636589     7.64838e-20     
9091.2919225      1.81322e-17     
9095.5074791      3.47276e-17     
9099.7230357      3.29678e-17     
9103.93859231     2.63902e-17     
9108.15414891     1.55104e-17     
9112.36970551     2.42619e-17     
9116.58526211     6.6475e-18      
9120.80081872     2.36474e-17     
9125.01637532     -2.92199e-17    
9129.23193192     1.59055e-18     
9133.44748853     1.37805e-17     
9137.66304513     1.94597e-17     
9141.87860173     -1.18075e-17    
9146.09415833     -2.50401e-18    
9150.30971494     2.19372e-17     
9154.52527154     -8.24808e-18    
9158.74082814     4.02118e-17     
9162.95638475     3.83051e-17     
9167.17194135     9.38571e-18     
9171.38749795     1.60145e-17     
9175.60305456     3.15177e-18     
9179.81861116     -1.1412e-17     
9184.03416776     7.57848e-18     
9188.24972436     -8.44966e-18    
9192.46528097     1.69329e-17     
9196.68083757     2.75322e-18     
9200.89639417     -1.14256e-17    
9205.11195078     7.7505e-19      
9209.32750738     2.13715e-18     
9213.54306398     1.15582e-17     
9217.75862059     3.33494e-17     
9221.97417719     3.1993e-18      
9226.18973379     -2.1846e-17     
9230.40529039     2.09448e-17     
9234.620847       1.43945e-17     
9238.8364036      -5.71426e-18    
9243.0519602      -1.53825e-17    
9247.26751681     -1.03449e-17    
9251.48307341     4.7133e-18      
9255.69863001     -5.0705e-18     
9259.91418661     -1.2205e-17     
9264.12974322     -2.15989e-17    
9268.34529982     3.01435e-17     
9272.56085642     2.84397e-18     
9276.77641303     -2.55474e-17    
9280.99196963     2.02514e-17     
9285.20752623     -5.15976e-19    
9289.42308284     -9.17886e-18    
9293.63863944     2.27294e-17     
9297.85419604     -8.3634e-18     
9302.06975264     -7.447e-18      
9306.28530925     -1.00521e-18    
9310.50086585     -5.84836e-19    
9314.71642245     2.20375e-17     
9318.93197906     -4.50119e-17    
9323.14753566     -3.58229e-17    
9327.36309226     3.89296e-17     
9331.57864887     1.46447e-17     
9335.79420547     7.28585e-18     
9340.00976207     2.19021e-18     
9344.22531867     1.75043e-18     
9348.44087528     1.56919e-17     
9352.65643188     -1.28975e-17    
9356.87198848     1.81024e-17     
9361.08754509     1.53632e-17     
9365.30310169     3.4171e-18      
9369.51865829     3.44767e-17     
9373.73421489     2.17782e-17     
9377.9497715      -1.52121e-17    
9382.1653281      -5.37019e-18    
9386.3808847      2.22314e-17     
9390.59644131     3.06087e-17     
9394.81199791     2.45858e-17     
9399.02755451     6.45113e-19     
9403.24311112     1.69221e-17     
9407.45866772     3.90862e-17     
9411.67422432     4.31087e-17     
9415.88978092     -2.36094e-17    
9420.10533753     -1.82436e-17    
9424.32089413     2.19923e-17     
9428.53645073     4.35568e-17     
9432.75200734     1.89554e-17     
9436.96756394     1.01497e-17     
9441.18312054     8.30506e-18     
9445.39867715     -3.9389e-17     
9449.61423375     3.42657e-18     
9453.82979035     4.88153e-17     
9458.04534695     1.7325e-17      
9462.26090356     2.16649e-17     
9466.47646016     4.08338e-17     
9470.69201676     5.08425e-18     
9474.90757337     1.33191e-17     
9479.12312997     1.36949e-17     
9483.33868657     -2.97103e-17    
9487.55424317     -1.17167e-18    
9491.76979978     -6.2041e-18     
9495.98535638     2.15203e-17     
9500.20091298     5.59965e-19     
9504.41646959     3.88622e-17     
9508.63202619     1.1758e-17      
9512.84758279     -5.18366e-18    
9517.0631394      -2.48751e-17    
9521.278696       -3.01781e-17    
9525.4942526      -3.05908e-18    
9529.7098092      3.6434e-17      
9533.92536581     -3.70835e-17    
9538.14092241     -4.68195e-18    
9542.35647901     7.76887e-17     
9546.57203562     7.25091e-17     
9550.78759222     1.2926e-17      
9555.00314882     2.91537e-18     
9559.21870543     -3.12777e-17    
9563.43426203     -2.7811e-17     
9567.64981863     2.85174e-17     
9571.86537523     2.17733e-17     
9576.08093184     -3.03965e-17    
9580.29648844     3.34093e-17     
9584.51204504     3.09846e-17     
9588.72760165     -1.51739e-17    
9592.94315825     4.88366e-17     
9597.15871485     -5.54864e-18    
9601.37427145     -2.7186e-17     
9605.58982806     7.90697e-18     
9609.80538466     9.99286e-18     
9614.02094126     1.2366e-17      
9618.23649787     -3.57284e-18    
9622.45205447     -3.75726e-17    
9626.66761107     4.31518e-17     
9630.88316768     4.53204e-17     
9635.09872428     -3.24259e-17    
9639.31428088     -6.76603e-17    
9643.52983748     -1.01531e-18    
9647.74539409     -2.67392e-18    
9651.96095069     3.05796e-17     
9656.17650729     4.53556e-18     
9660.3920639      -3.69876e-17    
9664.6076205      -3.32511e-18    
9668.8231771      3.40804e-19     
9673.0387337      -2.16269e-17    
9677.25429031     -2.17444e-17    
9681.46984691     1.00315e-17     
9685.68540351     -7.06176e-18    
9689.90096012     3.06688e-17     
9694.11651672     -1.11488e-17    
9698.33207332     -3.15892e-17    
9702.54762993     3.21184e-17     
9706.76318653     1.40617e-17     
9710.97874313     -6.53418e-18    
9715.19429973     1.67491e-17     
9719.40985634     2.82687e-17     
9723.62541294     -1.64696e-17    
9727.84096954     3.12829e-17     
9732.05652615     -1.89676e-17    
9736.27208275     -3.8693e-17     
9740.48763935     -2.07683e-17    
9744.70319596     6.30443e-17     
9748.91875256     -1.27686e-18    
9753.13430916     5.01048e-17     
9757.34986576     -2.67526e-17    
9761.56542237     5.22396e-17     
9765.78097897     -4.42407e-17    
9769.99653557     8.13154e-18     
9774.21209218     -5.1082e-18     
9778.42764878     6.34007e-17     
9782.64320538     2.28416e-17     
9786.85876198     -1.72327e-17    
9791.07431859     3.42248e-17     
9795.28987519     3.59628e-17     
9799.50543179     3.05876e-17     
9803.7209884      -4.33439e-17    
9807.936545       -8.018e-17      
9812.1521016      -2.9515e-17     
9816.36765821     1.77185e-17     
9820.58321481     2.52858e-17     
9824.79877141     3.08612e-17     
9829.01432801     5.45685e-17     
9833.22988462     1.28827e-17     
9837.44544122     -2.62216e-17    
9841.66099782     -2.03675e-17    
9845.87655443     -4.13049e-17    
9850.09211103     -2.81698e-17    
9854.30766763     9.79834e-17     
9858.52322424     5.24403e-17     
9862.73878084     -5.65922e-19    
9866.95433744     -4.12528e-18    
9871.16989404     -2.20651e-17    
9875.38545065     1.92018e-17     
9879.60100725     1.26907e-16     
9883.81656385     -7.12608e-17    
9888.03212046     -5.3489e-17     
9892.24767706     3.70442e-17     
9896.46323366     1.31216e-17     
9900.67879026     1.32957e-17     
9904.89434687     6.00868e-18     
9909.10990347     1.73271e-17     
9913.32546007     4.24458e-17     
9917.54101668     6.84623e-17     
9921.75657328     1.09586e-16     
9925.97212988     -4.43908e-17    
9930.18768649     -5.57831e-17    
9934.40324309     6.57102e-17     
9938.61879969     -4.68625e-17    
9942.83435629     -5.95465e-17    
9947.0499129      8.57271e-17     
9951.2654695      1.89296e-17     
9955.4810261      2.10446e-17     
9959.69658271     6.74255e-17     
9963.91213931     -2.8889e-17     
9968.12769591     -2.04724e-17    
9972.34325252     -1.30523e-17    
9976.55880912     -3.45577e-17    
9980.77436572     -3.84359e-18    
9984.98992232     9.37676e-17     
9989.20547893     3.49195e-17     
9993.42103553     2.96253e-17     
