5994.85781932     1.69074e-17     
5999.07337592     1.93084e-17     
6003.28893253     1.94892e-17     
6007.50448913     2.09781e-17     
6011.72004573     1.66984e-17     
6015.93560233     1.94943e-17     
6020.15115894     1.84236e-17     
6024.36671554     1.73728e-17     
6028.58227214     1.93562e-17     
6032.79782875     1.7457e-17      
6037.01338535     2.2955e-17      
6041.22894195     1.78134e-17     
6045.44449856     1.49015e-17     
6049.66005516     1.64213e-17     
6053.87561176     1.76921e-17     
6058.09116836     1.42642e-17     
6062.30672497     1.70318e-17     
6066.52228157     2.16576e-17     
6070.73783817     2.51574e-17     
6074.95339478     2.01002e-17     
6079.16895138     2.08139e-17     
6083.38450798     2.18739e-17     
6087.60006459     2.00782e-17     
6091.81562119     1.8478e-17      
6096.03117779     1.48726e-17     
6100.24673439     1.46469e-17     
6104.462291       1.40656e-17     
6108.6778476      2.00425e-17     
6112.8934042      1.86247e-17     
6117.10896081     1.5219e-17      
6121.32451741     2.09823e-17     
6125.54007401     1.64812e-17     
6129.75563061     1.77612e-17     
6133.97118722     1.56822e-17     
6138.18674382     1.37672e-17     
6142.40230042     1.8156e-17      
6146.61785703     1.55962e-17     
6150.83341363     1.73458e-17     
6155.04897023     1.23754e-17     
6159.26452684     1.2512e-17      
6163.48008344     1.54705e-17     
6167.69564004     1.29415e-17     
6171.91119664     9.75719e-18     
6176.12675325     1.02305e-17     
6180.34230985     1.53477e-17     
6184.55786645     1.53224e-17     
6188.77342306     1.66296e-17     
6192.98897966     1.54985e-17     
6197.20453626     1.45849e-17     
6201.42009287     1.51968e-17     
6205.63564947     1.53864e-17     
6209.85120607     1.29659e-17     
6214.06676267     2.03734e-17     
6218.28231928     2.00652e-17     
6222.49787588     1.61642e-17     
6226.71343248     1.46509e-17     
6230.92898909     1.6548e-17      
6235.14454569     1.64057e-17     
6239.36010229     1.89038e-17     
6243.57565889     2.12662e-17     
6247.7912155      1.47854e-17     
6252.0067721      1.29816e-17     
6256.2223287      1.21815e-17     
6260.43788531     1.22712e-17     
6264.65344191     1.48543e-17     
6268.86899851     1.23106e-17     
6273.08455512     1.43835e-17     
6277.30011172     1.49653e-17     
6281.51566832     1.08044e-17     
6285.73122492     1.03108e-17     
6289.94678153     1.45897e-17     
6294.16233813     1.46655e-17     
6298.37789473     1.10085e-17     
6302.59345134     1.07637e-17     
6306.80900794     1.60929e-17     
6311.02456454     1.66788e-17     
6315.24012115     1.6881e-17      
6319.45567775     1.6381e-17      
6323.67123435     2.20083e-17     
6327.88679095     1.89458e-17     
6332.10234756     1.67791e-17     
6336.31790416     1.06674e-17     
6340.53346076     1.79499e-17     
6344.74901737     1.18165e-17     
6348.96457397     1.32033e-17     
6353.18013057     1.33239e-17     
6357.39568717     1.40717e-17     
6361.61124378     1.3028e-17      
6365.82680038     1.3546e-17      
6370.04235698     1.35239e-17     
6374.25791359     1.59366e-17     
6378.47347019     1.69978e-17     
6382.68902679     1.90618e-17     
6386.9045834      1.77272e-17     
6391.12014        1.61873e-17     
6395.3356966      1.68288e-17     
6399.5512532      1.5612e-17      
6403.76680981     1.59933e-17     
6407.98236641     1.8595e-17      
6412.19792301     2.19175e-17     
6416.41347962     1.97665e-17     
6420.62903622     1.92668e-17     
6424.84459282     1.74461e-17     
6429.06014942     1.57533e-17     
6433.27570603     1.53406e-17     
6437.49126263     1.2645e-17      
6441.70681923     9.87851e-18     
6445.92237584     1.97334e-17     
6450.13793244     1.73369e-17     
6454.35348904     1.26451e-17     
6458.56904565     1.34754e-17     
6462.78460225     1.18963e-17     
6467.00015885     1.42891e-17     
6471.21571545     1.48103e-17     
6475.43127206     1.87184e-17     
6479.64682866     1.92399e-17     
6483.86238526     1.9199e-17      
6488.07794187     1.54903e-17     
6492.29349847     1.57506e-17     
6496.50905507     1.71051e-17     
6500.72461168     2.07715e-17     
6504.94016828     1.54363e-17     
6509.15572488     1.7572e-17      
6513.37128148     1.82403e-17     
6517.58683809     1.51106e-17     
6521.80239469     1.52205e-17     
6526.01795129     1.76714e-17     
6530.2335079      1.28527e-17     
6534.4490645      1.50217e-17     
6538.6646211      1.69272e-17     
6542.8801777      1.90056e-17     
6547.09573431     2.02623e-17     
6551.31129091     2.07228e-17     
6555.52684751     2.02153e-17     
6559.74240412     1.70636e-17     
6563.95796072     1.93282e-17     
6568.17351732     1.80202e-17     
6572.38907393     1.86383e-17     
6576.60463053     2.46433e-17     
6580.82018713     1.73365e-17     
6585.03574373     1.77173e-17     
6589.25130034     2.30071e-17     
6593.46685694     2.81531e-17     
6597.68241354     3.75459e-17     
6601.89797015     3.66312e-17     
6606.11352675     4.09595e-17     
6610.32908335     5.91635e-17     
6614.54463996     7.63918e-17     
6618.76019656     8.20352e-17     
6622.97575316     6.217e-17       
6627.19130976     3.10061e-17     
6631.40686637     2.17846e-17     
6635.62242297     2.41643e-17     
6639.83797957     2.58196e-17     
6644.05353618     1.96896e-17     
6648.26909278     1.85655e-17     
6652.48464938     1.93968e-17     
6656.70020598     1.82121e-17     
6660.91576259     2.15321e-17     
6665.13131919     2.28701e-17     
6669.34687579     2.47573e-17     
6673.5624324      2.23017e-17     
6677.777989       1.95486e-17     
6681.9935456      2.02411e-17     
6686.20910221     1.47532e-17     
6690.42465881     1.83146e-17     
6694.64021541     1.92547e-17     
6698.85577201     1.89727e-17     
6703.07132862     1.76701e-17     
6707.28688522     1.72488e-17     
6711.50244182     1.6883e-17      
6715.71799843     1.65598e-17     
6719.93355503     1.81857e-17     
6724.14911163     1.96247e-17     
6728.36466824     2.21103e-17     
6732.58022484     2.50122e-17     
6736.79578144     2.19205e-17     
6741.01133804     2.04052e-17     
6745.22689465     1.68441e-17     
6749.44245125     1.72728e-17     
6753.65800785     1.87965e-17     
6757.87356446     1.62754e-17     
6762.08912106     1.78107e-17     
6766.30467766     2.25612e-17     
6770.52023426     2.27993e-17     
6774.73579087     2.34112e-17     
6778.95134747     2.03794e-17     
6783.16690407     2.06799e-17     
6787.38246068     1.85258e-17     
6791.59801728     1.72992e-17     
6795.81357388     1.80852e-17     
6800.02913049     2.13585e-17     
6804.24468709     1.87803e-17     
6808.46024369     1.60295e-17     
6812.67580029     1.68605e-17     
6816.8913569      1.6645e-17      
6821.1069135      2.17561e-17     
6825.3224701      2.06214e-17     
6829.53802671     2.28018e-17     
6833.75358331     2.20048e-17     
6837.96913991     2.2529e-17      
6842.18469652     2.01311e-17     
6846.40025312     2.04607e-17     
6850.61580972     1.73157e-17     
6854.83136632     2.17708e-17     
6859.04692293     2.11219e-17     
6863.26247953     2.00627e-17     
6867.47803613     2.08077e-17     
6871.69359274     1.89694e-17     
6875.90914934     2.38392e-17     
6880.12470594     1.98049e-17     
6884.34026254     2.12265e-17     
6888.55581915     1.96705e-17     
6892.77137575     2.24435e-17     
6896.98693235     2.15049e-17     
6901.20248896     1.98342e-17     
6905.41804556     1.92233e-17     
6909.63360216     2.26822e-17     
6913.84915877     2.0783e-17      
6918.06471537     2.22266e-17     
6922.28027197     2.10543e-17     
6926.49582857     2.18493e-17     
6930.71138518     2.06622e-17     
6934.92694178     2.07548e-17     
6939.14249838     2.4393e-17      
6943.35805499     2.10329e-17     
6947.57361159     1.85336e-17     
6951.78916819     1.97193e-17     
6956.0047248      1.90352e-17     
6960.2202814      1.96971e-17     
6964.435838       1.84615e-17     
6968.6513946      2.01855e-17     
6972.86695121     2.25805e-17     
6977.08250781     1.97337e-17     
6981.29806441     1.92198e-17     
6985.51362102     1.46639e-17     
6989.72917762     1.5847e-17      
6993.94473422     1.64479e-17     
6998.16029082     1.68396e-17     
7002.37584743     1.85644e-17     
7006.59140403     1.86194e-17     
7010.80696063     1.66905e-17     
7015.02251724     1.79583e-17     
7019.23807384     1.76409e-17     
7023.45363044     1.82675e-17     
7027.66918705     1.51505e-17     
7031.88474365     1.94638e-17     
7036.10030025     1.87935e-17     
7040.31585685     1.63433e-17     
7044.53141346     1.53499e-17     
7048.74697006     1.5157e-17      
7052.96252666     1.60909e-17     
7057.17808327     1.53477e-17     
7061.39363987     1.80104e-17     
7065.60919647     1.65952e-17     
7069.82475308     1.88736e-17     
7074.04030968     1.91209e-17     
7078.25586628     1.75731e-17     
7082.47142288     1.98702e-17     
7086.68697949     1.60673e-17     
7090.90253609     2.00848e-17     
7095.11809269     1.87369e-17     
7099.3336493      1.72357e-17     
7103.5492059      1.71325e-17     
7107.7647625      2.03418e-17     
7111.9803191      1.6237e-17      
7116.19587571     1.84019e-17     
7120.41143231     1.80066e-17     
7124.62698891     1.66551e-17     
7128.84254552     1.7895e-17      
7133.05810212     1.7239e-17      
7137.27365872     1.95614e-17     
7141.48921533     1.90958e-17     
7145.70477193     1.76951e-17     
7149.92032853     1.64163e-17     
7154.13588513     1.48995e-17     
7158.35144174     1.35312e-17     
7162.56699834     1.54425e-17     
7166.78255494     1.53883e-17     
7170.99811155     1.47966e-17     
7175.21366815     1.39426e-17     
7179.42922475     1.61454e-17     
7183.64478136     1.47783e-17     
7187.86033796     1.73875e-17     
7192.07589456     1.60793e-17     
7196.29145116     1.3439e-17      
7200.50700777     1.71098e-17     
7204.72256437     1.91806e-17     
7208.93812097     1.83383e-17     
7213.15367758     1.88911e-17     
7217.36923418     2.1168e-17      
7221.58479078     1.69054e-17     
7225.80034738     1.82514e-17     
7230.01590399     1.42045e-17     
7234.23146059     1.43446e-17     
7238.44701719     1.56593e-17     
7242.6625738      1.61858e-17     
7246.8781304      1.75413e-17     
7251.093687       1.5365e-17      
7255.30924361     1.70397e-17     
7259.52480021     1.55326e-17     
7263.74035681     1.66057e-17     
7267.95591341     1.65695e-17     
7272.17147002     1.88311e-17     
7276.38702662     1.97657e-17     
7280.60258322     1.78399e-17     
7284.81813983     1.8128e-17      
7289.03369643     1.75457e-17     
7293.24925303     2.0705e-17      
7297.46480963     1.65582e-17     
7301.68036624     1.76411e-17     
7305.89592284     1.39959e-17     
7310.11147944     1.72703e-17     
7314.32703605     2.19553e-17     
7318.54259265     2.06819e-17     
7322.75814925     1.82887e-17     
7326.97370586     1.97929e-17     
7331.18926246     1.63614e-17     
7335.40481906     1.78536e-17     
7339.62037566     1.52694e-17     
7343.83593227     1.80236e-17     
7348.05148887     1.79087e-17     
7352.26704547     1.71691e-17     
7356.48260208     1.6949e-17      
7360.69815868     1.74887e-17     
7364.91371528     1.71918e-17     
7369.12927189     1.38912e-17     
7373.34482849     1.73222e-17     
7377.56038509     1.75225e-17     
7381.77594169     1.90152e-17     
7385.9914983      1.89251e-17     
7390.2070549      2.08529e-17     
7394.4226115      1.87528e-17     
7398.63816811     1.8173e-17      
7402.85372471     1.67935e-17     
7407.06928131     1.72808e-17     
7411.28483791     1.7782e-17      
7415.50039452     1.77911e-17     
7419.71595112     1.90883e-17     
7423.93150772     1.95948e-17     
7428.14706433     1.57533e-17     
7432.36262093     1.84523e-17     
7436.57817753     1.60711e-17     
7440.79373414     1.9293e-17      
7445.00929074     1.83592e-17     
7449.22484734     1.47568e-17     
7453.44040394     1.59003e-17     
7457.65596055     1.32263e-17     
7461.87151715     1.69741e-17     
7466.08707375     1.92508e-17     
7470.30263036     1.61255e-17     
7474.51818696     2.15511e-17     
7478.73374356     1.86193e-17     
7482.94930017     1.74641e-17     
7487.16485677     1.97185e-17     
7491.38041337     1.80686e-17     
7495.59596997     1.67969e-17     
7499.81152658     1.90153e-17     
7504.02708318     1.65792e-17     
7508.24263978     1.67401e-17     
7512.45819639     1.76364e-17     
7516.67375299     1.96465e-17     
7520.88930959     1.82166e-17     
7525.10486619     1.93861e-17     
7529.3204228      1.57519e-17     
7533.5359794      1.54929e-17     
7537.751536       1.74688e-17     
7541.96709261     1.49814e-17     
7546.18264921     1.35755e-17     
7550.39820581     1.86287e-17     
7554.61376242     1.61065e-17     
7558.82931902     1.64421e-17     
7563.04487562     1.64056e-17     
7567.26043222     2.1236e-17      
7571.47598883     1.87516e-17     
7575.69154543     1.93088e-17     
7579.90710203     2.11288e-17     
7584.12265864     1.91053e-17     
7588.33821524     1.96278e-17     
7592.55377184     1.2793e-17      
7596.76932845     1.30245e-17     
7600.98488505     1.32954e-17     
7605.20044165     1.66911e-17     
7609.41599825     2.76728e-17     
7613.63155486     2.15522e-17     
7617.84711146     2.61332e-17     
7622.06266806     2.17843e-17     
7626.27822467     1.54468e-17     
7630.49378127     1.69133e-17     
7634.70933787     1.51109e-17     
7638.92489447     2.09996e-17     
7643.14045108     2.12794e-17     
7647.35600768     1.98751e-17     
7651.57156428     2.14768e-17     
7655.78712089     2.19335e-17     
7660.00267749     1.8684e-17      
7664.21823409     1.84444e-17     
7668.4337907      1.90454e-17     
7672.6493473      1.99769e-17     
7676.8649039      1.93309e-17     
7681.0804605      1.97611e-17     
7685.29601711     2.27838e-17     
7689.51157371     2.18413e-17     
7693.72713031     2.00759e-17     
7697.94268692     1.39331e-17     
7702.15824352     1.45791e-17     
7706.37380012     1.34079e-17     
7710.58935673     8.16165e-18     
7714.80491333     8.34998e-18     
7719.02046993     1.2759e-17      
7723.23602653     1.86548e-17     
7727.45158314     2.28866e-17     
7731.66713974     2.21718e-17     
7735.88269634     2.08075e-17     
7740.09825295     1.34561e-17     
7744.31380955     1.27453e-17     
7748.52936615     1.14034e-17     
7752.74492275     1.11359e-17     
7756.96047936     1.56582e-17     
7761.17603596     1.45033e-17     
7765.39159256     1.21496e-17     
7769.60714917     1.69327e-17     
7773.82270577     1.94727e-17     
7778.03826237     1.94045e-17     
7782.25381898     2.14933e-17     
7786.46937558     2.02873e-17     
7790.68493218     2.08228e-17     
7794.90048878     1.86001e-17     
7799.11604539     1.62735e-17     
7803.33160199     1.87887e-17     
7807.54715859     2.17374e-17     
7811.7627152      2.03999e-17     
7815.9782718      1.88385e-17     
7820.1938284      1.73539e-17     
7824.40938501     1.76344e-17     
7828.62494161     1.50802e-17     
7832.84049821     1.57872e-17     
7837.05605481     1.60604e-17     
7841.27161142     1.75809e-17     
7845.48716802     2.26057e-17     
7849.70272462     2.32671e-17     
7853.91828123     2.21246e-17     
7858.13383783     2.29174e-17     
7862.34939443     2.16781e-17     
7866.56495103     2.11914e-17     
7870.78050764     2.19897e-17     
7874.99606424     2.13902e-17     
7879.21162084     2.25192e-17     
7883.42717745     2.2309e-17      
7887.64273405     1.845e-17       
7891.85829065     2.08426e-17     
7896.07384726     1.9345e-17      
7900.28940386     2.03142e-17     
7904.50496046     2.29244e-17     
7908.72051706     1.95443e-17     
7912.93607367     1.80398e-17     
7917.15163027     1.94129e-17     
7921.36718687     1.71963e-17     
7925.58274348     1.68989e-17     
7929.79830008     1.41119e-17     
7934.01385668     1.44993e-17     
7938.22941329     1.54102e-17     
7942.44496989     1.34543e-17     
7946.66052649     1.32195e-17     
7950.87608309     1.46481e-17     
7955.0916397      1.38808e-17     
7959.3071963      1.18335e-17     
7963.5227529      1.22198e-17     
7967.73830951     1.1515e-17      
7971.95386611     1.30495e-17     
7976.16942271     1.56769e-17     
7980.38497931     1.34204e-17     
7984.60053592     1.27402e-17     
7988.81609252     1.27091e-17     
7993.03164912     1.22832e-17     
7997.24720573     1.25304e-17     
8001.46276233     1.26379e-17     
8005.67831893     1.31188e-17     
8009.89387554     1.51411e-17     
8014.10943214     1.50941e-17     
8018.32498874     1.29515e-17     
8022.54054534     1.71621e-17     
8026.75610195     1.61685e-17     
8030.97165855     1.45268e-17     
8035.18721515     1.644e-17       
8039.40277176     1.15117e-17     
8043.61832836     1.40799e-17     
8047.83388496     1.68072e-17     
8052.04944156     1.55082e-17     
8056.26499817     1.71294e-17     
8060.48055477     1.69684e-17     
8064.69611137     1.70273e-17     
8068.91166798     1.55015e-17     
8073.12722458     1.57747e-17     
8077.34278118     1.71731e-17     
8081.55833779     1.68383e-17     
8085.77389439     1.46524e-17     
8089.98945099     1.17779e-17     
8094.20500759     1.32917e-17     
8098.4205642      1.29345e-17     
8102.6361208      1.54082e-17     
8106.8516774      1.53862e-17     
8111.06723401     1.75433e-17     
8115.28279061     1.54065e-17     
8119.49834721     1.51757e-17     
8123.71390382     1.46685e-17     
8127.92946042     1.35155e-17     
8132.14501702     1.40041e-17     
8136.36057362     1.22445e-17     
8140.57613023     1.39278e-17     
8144.79168683     1.32596e-17     
8149.00724343     1.43543e-17     
8153.22280004     1.41977e-17     
8157.43835664     1.66641e-17     
8161.65391324     1.59821e-17     
8165.86946984     1.37401e-17     
8170.08502645     9.88299e-18     
8174.30058305     1.16481e-17     
8178.51613965     1.35485e-17     
8182.73169626     1.31302e-17     
8186.94725286     1.38783e-17     
8191.16280946     1.42333e-17     
8195.37836607     1.3147e-17      
8199.59392267     1.54565e-17     
8203.80947927     1.49452e-17     
8208.02503587     1.31136e-17     
8212.24059248     1.13784e-17     
8216.45614908     1.54457e-17     
8220.67170568     1.27346e-17     
8224.88726229     1.28047e-17     
8229.10281889     1.00856e-17     
8233.31837549     1.09495e-17     
8237.5339321      1.31408e-17     
8241.7494887      1.12055e-17     
8245.9650453      1.117e-17       
8250.1806019      1.14407e-17     
8254.39615851     1.32113e-17     
8258.61171511     1.32576e-17     
8262.82727171     1.37495e-17     
8267.04282832     1.40176e-17     
8271.25838492     1.13784e-17     
8275.47394152     1.19602e-17     
8279.68949812     1.58671e-17     
8283.90505473     1.60137e-17     
8288.12061133     1.76252e-17     
8292.33616793     1.61105e-17     
8296.55172454     1.46137e-17     
8300.76728114     1.30259e-17     
8304.98283774     1.48121e-17     
8309.19839435     1.72319e-17     
8313.41395095     1.6293e-17      
8317.62950755     1.44529e-17     
8321.84506415     1.49665e-17     
8326.06062076     1.49652e-17     
8330.27617736     1.52977e-17     
8334.49173396     1.3257e-17      
8338.70729057     1.46782e-17     
8342.92284717     1.65418e-17     
8347.13840377     1.33609e-17     
8351.35396038     1.57548e-17     
8355.56951698     1.53593e-17     
8359.78507358     1.44029e-17     
8364.00063018     1.42961e-17     
8368.21618679     1.55752e-17     
8372.43174339     1.2634e-17      
8376.64729999     1.11143e-17     
8380.8628566      1.30897e-17     
8385.0784132      1.1303e-17      
8389.2939698      1.18283e-17     
8393.5095264      1.36821e-17     
8397.72508301     1.56171e-17     
8401.94063961     1.20538e-17     
8406.15619621     1.65951e-17     
8410.37175282     1.59512e-17     
8414.58730942     1.50604e-17     
8418.80286602     1.59351e-17     
8423.01842263     1.92559e-17     
8427.23397923     1.43429e-17     
8431.44953583     1.80571e-17     
8435.66509243     1.43734e-17     
8439.88064904     1.3806e-17      
8444.09620564     1.60279e-17     
8448.31176224     1.3596e-17      
8452.52731885     1.52661e-17     
8456.74287545     1.96019e-17     
8460.95843205     1.76722e-17     
8465.17398866     1.93416e-17     
8469.38954526     1.31771e-17     
8473.60510186     1.56241e-17     
8477.82065846     1.51794e-17     
8482.03621507     1.35277e-17     
8486.25177167     1.48833e-17     
8490.46732827     1.28699e-17     
8494.68288488     1.46827e-17     
8498.89844148     1.66172e-17     
8503.11399808     1.44993e-17     
8507.32955468     1.61515e-17     
8511.54511129     2.02826e-17     
8515.76066789     1.74432e-17     
8519.97622449     1.56192e-17     
8524.1917811      1.50078e-17     
8528.4073377      1.48171e-17     
8532.6228943      1.67815e-17     
8536.83845091     1.81297e-17     
8541.05400751     1.78754e-17     
8545.26956411     2.17312e-17     
8549.48512071     2.1095e-17      
8553.70067732     2.31045e-17     
8557.91623392     2.23713e-17     
8562.13179052     1.89031e-17     
8566.34734713     2.18514e-17     
8570.56290373     2.01266e-17     
8574.77846033     2.32146e-17     
8578.99401694     2.00695e-17     
8583.20957354     1.81971e-17     
8587.42513014     2.34099e-17     
8591.64068674     2.21471e-17     
8595.85624335     2.18941e-17     
8600.07179995     2.09398e-17     
8604.28735655     1.9712e-17      
8608.50291316     1.98247e-17     
8612.71846976     2.30643e-17     
8616.93402636     2.81971e-17     
8621.14958296     2.69393e-17     
8625.36513957     2.43047e-17     
8629.58069617     2.19453e-17     
8633.79625277     2.27597e-17     
8638.01180938     2.07379e-17     
8642.22736598     1.75328e-17     
8646.44292258     1.5411e-17      
8650.65847919     1.79985e-17     
8654.87403579     2.09224e-17     
8659.08959239     1.38794e-17     
8663.30514899     1.3207e-17      
8667.5207056      1.3541e-17      
8671.7362622      1.35084e-17     
8675.9518188      1.47371e-17     
8680.16737541     1.60269e-17     
8684.38293201     1.85897e-17     
8688.59848861     2.16181e-17     
8692.81404522     1.82106e-17     
8697.02960182     2.02362e-17     
8701.24515842     1.81992e-17     
8705.46071502     1.91653e-17     
8709.67627163     1.67421e-17     
8713.89182823     1.9902e-17      
8718.10738483     1.8188e-17      
8722.32294144     1.65887e-17     
8726.53849804     1.75421e-17     
8730.75405464     1.30984e-17     
8734.96961124     1.68557e-17     
8739.18516785     1.93832e-17     
8743.40072445     1.42861e-17     
8747.61628105     2.01964e-17     
8751.83183766     1.74803e-17     
8756.04739426     1.43156e-17     
8760.26295086     1.81097e-17     
8764.47850747     1.84586e-17     
8768.69406407     2.18368e-17     
8772.90962067     1.65433e-17     
8777.12517727     1.75058e-17     
8781.34073388     1.72287e-17     
8785.55629048     1.64316e-17     
8789.77184708     2.18966e-17     
8793.98740369     1.85287e-17     
8798.20296029     1.59687e-17     
8802.41851689     1.86212e-17     
8806.63407349     1.66049e-17     
8810.8496301      1.4852e-17      
8815.0651867      1.50089e-17     
8819.2807433      1.32658e-17     
8823.49629991     1.7779e-17      
8827.71185651     1.52864e-17     
8831.92741311     1.08827e-17     
8836.14296972     1.89378e-17     
8840.35852632     1.98416e-17     
8844.57408292     2.29686e-17     
8848.78963952     1.66893e-17     
8853.00519613     1.48345e-17     
8857.22075273     1.4277e-17      
8861.43630933     1.70037e-17     
8865.65186594     1.55437e-17     
8869.86742254     1.385e-17       
8874.08297914     1.56974e-17     
8878.29853575     1.56453e-17     
8882.51409235     2.08577e-17     
8886.72964895     1.35516e-17     
8890.94520555     9.52431e-18     
8895.16076216     1.09815e-17     
8899.37631876     1.47156e-17     
8903.59187536     2.0232e-17      
8907.80743197     2.06524e-17     
8912.02298857     2.76206e-17     
8916.23854517     2.00127e-17     
8920.45410177     1.25622e-17     
8924.66965838     1.50252e-17     
8928.88521498     1.727e-17       
8933.10077158     1.79201e-17     
8937.31632819     1.88036e-17     
8941.53188479     2.15825e-17     
8945.74744139     2.00683e-17     
8949.962998       1.93586e-17     
8954.1785546      2.14981e-17     
8958.3941112      1.85613e-17     
8962.6096678      1.91537e-17     
8966.82522441     1.91212e-17     
8971.04078101     2.14512e-17     
8975.25633761     1.80132e-17     
8979.47189422     1.70476e-17     
8983.68745082     1.99101e-17     
8987.90300742     1.7797e-17      
8992.11856403     2.25221e-17     
8996.33412063     1.67798e-17     
9000.54967723     1.46512e-17     
9004.76523383     1.95123e-17     
9008.98079044     1.91676e-17     
9013.19634704     2.01797e-17     
9017.41190364     1.68469e-17     
9021.62746025     2.08717e-17     
9025.84301685     1.92408e-17     
9030.05857345     1.69639e-17     
9034.27413005     1.46635e-17     
9038.48968666     1.61648e-17     
9042.70524326     1.76474e-17     
9046.92079986     1.64202e-17     
9051.13635647     1.54496e-17     
9055.35191307     1.63969e-17     
9059.56746967     1.56492e-17     
9063.78302628     1.601e-17       
9067.99858288     1.45572e-17     
9072.21413948     1.42448e-17     
9076.42969608     1.80487e-17     
9080.64525269     1.985e-17       
9084.86080929     1.77899e-17     
9089.07636589     2.00075e-17     
9093.2919225      2.53443e-17     
9097.5074791      2.26939e-17     
9101.7230357      2.09889e-17     
9105.93859231     2.38079e-17     
9110.15414891     2.19643e-17     
9114.36970551     2.32954e-17     
9118.58526211     1.95693e-17     
9122.80081872     2.00651e-17     
9127.01637532     2.09754e-17     
9131.23193192     1.96136e-17     
9135.44748853     1.72983e-17     
9139.66304513     1.82654e-17     
9143.87860173     1.64443e-17     
9148.09415833     1.33841e-17     
9152.30971494     1.70154e-17     
9156.52527154     1.48159e-17     
9160.74082814     1.97735e-17     
9164.95638475     2.11697e-17     
9169.17194135     1.61731e-17     
9173.38749795     1.45554e-17     
9177.60305456     1.46365e-17     
9181.81861116     1.39525e-17     
9186.03416776     1.61991e-17     
9190.24972436     2.21681e-17     
9194.46528097     1.99488e-17     
9198.68083757     1.65267e-17     
9202.89639417     1.63039e-17     
9207.11195078     1.50102e-17     
9211.32750738     1.37285e-17     
9215.54306398     1.35231e-17     
9219.75862059     1.50368e-17     
9223.97417719     1.10623e-17     
9228.18973379     9.41807e-18     
9232.40529039     1.00961e-17     
9236.620847       9.07767e-18     
9240.8364036      1.16117e-17     
9245.0519602      1.19428e-17     
9249.26751681     1.24334e-17     
9253.48307341     5.69661e-18     
9257.69863001     6.19464e-18     
9261.91418661     1.23857e-17     
9266.12974322     8.91552e-18     
9270.34529982     7.09161e-18     
9274.56085642     1.29663e-17     
9278.77641303     1.15667e-17     
9282.99196963     8.39323e-18     
9287.20752623     6.87782e-18     
9291.42308284     1.03294e-17     
9295.63863944     9.0273e-18      
9299.85419604     1.28489e-17     
9304.06975264     1.63086e-17     
9308.28530925     1.87818e-17     
9312.50086585     1.2936e-17      
9316.71642245     1.08863e-17     
9320.93197906     1.56296e-17     
9325.14753566     1.25155e-17     
9329.36309226     8.14165e-18     
9333.57864887     5.93215e-18     
9337.79420547     1.10237e-17     
9342.00976207     1.05493e-17     
9346.22531867     5.01741e-18     
9350.44087528     1.25713e-17     
9354.65643188     1.2492e-17      
9358.87198848     1.39745e-17     
9363.08754509     1.35385e-17     
9367.30310169     1.30788e-17     
9371.51865829     1.5867e-17      
9375.73421489     6.71223e-18     
9379.9497715      1.82301e-17     
9384.1653281      9.0815e-18      
9388.3808847      1.41984e-17     
9392.59644131     1.30646e-17     
9396.81199791     1.45776e-17     
9401.02755451     1.45342e-17     
9405.24311112     1.43798e-17     
9409.45866772     1.56813e-17     
9413.67422432     1.10712e-17     
9417.88978092     1.19804e-17     
9422.10533753     1.00242e-17     
9426.32089413     1.48982e-17     
9430.53645073     9.19009e-18     
9434.75200734     9.32817e-18     
9438.96756394     9.35326e-18     
9443.18312054     7.14e-18        
9447.39867715     1.41661e-17     
9451.61423375     1.23742e-17     
9455.82979035     1.01599e-17     
9460.04534695     1.35056e-17     
9464.26090356     9.72553e-18     
9468.47646016     1.08259e-17     
9472.69201676     1.08014e-17     
9476.90757337     7.30871e-18     
9481.12312997     1.01004e-17     
9485.33868657     1.1946e-17      
9489.55424317     1.31388e-17     
9493.76979978     8.39052e-18     
9497.98535638     9.68725e-18     
9502.20091298     5.98846e-18     
9506.41646959     1.4161e-17      
9510.63202619     7.92133e-18     
9514.84758279     1.02614e-17     
9519.0631394      1.39846e-17     
9523.278696       5.79008e-18     
9527.4942526      7.51363e-18     
9531.7098092      1.19246e-17     
9535.92536581     3.0184e-18      
9540.14092241     1.17094e-17     
9544.35647901     1.73459e-17     
9548.57203562     1.53837e-17     
9552.78759222     1.11091e-17     
9557.00314882     1.26847e-17     
9561.21870543     5.8116e-18      
9565.43426203     1.44562e-17     
9569.64981863     9.00915e-18     
9573.86537523     9.54501e-18     
9578.08093184     1.01979e-17     
9582.29648844     1.03843e-17     
9586.51204504     1.6319e-17      
9590.72760165     1.43236e-17     
9594.94315825     1.71401e-17     
9599.15871485     1.24288e-17     
9603.37427145     4.99577e-18     
9607.58982806     1.00076e-17     
9611.80538466     9.915e-18       
9616.02094126     1.44186e-17     
9620.23649787     1.34855e-17     
9624.45205447     1.49679e-17     
9628.66761107     8.46529e-18     
9632.88316768     6.50192e-18     
9637.09872428     2.31883e-17     
9641.31428088     1.25349e-17     
9645.52983748     1.54333e-17     
9649.74539409     8.69253e-18     
9653.96095069     1.54162e-17     
9658.17650729     2.8866e-18      
9662.3920639      2.67949e-18     
9666.6076205      7.74234e-18     
9670.8231771      8.81762e-18     
9675.0387337      9.31909e-18     
9679.25429031     1.27019e-17     
9683.46984691     1.87384e-17     
9687.68540351     1.36396e-17     
9691.90096012     4.08102e-18     
9696.11651672     6.13344e-18     
9700.33207332     9.28519e-18     
9704.54762993     8.17495e-18     
9708.76318653     1.05127e-17     
9712.97874313     1.59387e-17     
9717.19429973     1.57962e-17     
9721.40985634     1.08375e-17     
9725.62541294     3.71568e-18     
9729.84096954     9.59507e-18     
9734.05652615     4.77242e-18     
9738.27208275     9.36213e-18     
9742.48763935     1.05257e-17     
9746.70319596     2.12088e-18     
9750.91875256     1.32567e-17     
9755.13430916     6.36662e-18     
9759.34986576     6.90017e-18     
9763.56542237     7.05463e-18     
9767.78097897     1.11073e-17     
9771.99653557     1.21328e-17     
9776.21209218     1.39141e-17     
9780.42764878     1.39575e-17     
9784.64320538     3.99756e-18     
9788.85876198     8.22946e-18     
9793.07431859     1.56389e-17     
9797.28987519     1.19199e-17     
9801.50543179     5.30382e-18     
9805.7209884      3.65639e-18     
9809.936545       9.5653e-18      
9814.1521016      1.92708e-17     
9818.36765821     1.87887e-17     
9822.58321481     1.25639e-17     
9826.79877141     7.77076e-18     
9831.01432801     8.336e-18       
9835.22988462     1.79914e-17     
9839.44544122     7.99325e-18     
9843.66099782     7.12413e-18     
9847.87655443     4.62287e-18     
9852.09211103     6.86442e-18     
9856.30766763     1.48806e-17     
9860.52322424     1.35106e-17     
9864.73878084     1.90816e-17     
9868.95433744     1.83449e-18     
9873.16989404     1.68852e-17     
9877.38545065     1.16721e-17     
9881.60100725     1.91108e-17     
9885.81656385     1.68114e-17     
9890.03212046     1.69002e-17     
9894.24767706     1.66985e-17     
9898.46323366     2.76579e-18     
9902.67879026     1.82991e-17     
9906.89434687     1.66143e-17     
9911.10990347     1.02179e-17     
9915.32546007     5.79407e-18     
9919.54101668     2.05373e-17     
9923.75657328     1.64638e-17     
9927.97212988     8.09395e-18     
9932.18768649     1.40308e-17     
9936.40324309     1.20589e-17     
9940.61879969     1.2173e-17      
9944.83435629     1.68583e-17     
9949.0499129      1.1478e-17      
9953.2654695      3.50141e-18     
9957.4810261      1.65679e-17     
9961.69658271     2.5272e-17      
9965.91213931     6.16202e-18     
9970.12769591     6.0248e-18      
9974.34325252     3.63348e-18     
9978.55880912     2.20169e-17     
9982.77436572     1.48264e-17     
9986.98992232     8.45415e-18     
9991.20547893     7.81202e-18     
9995.42103553     7.90025e-18     
