3668.21958494     5.54848e-17     
3673.74435427     6.44954e-17     
3679.26912361     4.043e-17       
3684.79389294     7.75635e-17     
3690.31866227     3.16592e-17     
3695.8434316      5.42747e-17     
3701.36820094     7.18148e-17     
3706.89297027     6.78001e-17     
3712.4177396      6.97765e-17     
3717.94250893     3.62865e-17     
3723.46727827     4.29471e-17     
3728.9920476      4.90196e-17     
3734.51681693     4.80133e-17     
3740.04158626     3.33259e-17     
3745.5663556      5.0584e-17      
3751.09112493     5.62304e-17     
3756.61589426     5.49215e-17     
3762.14066359     4.94361e-17     
3767.66543293     4.6665e-17      
3773.19020226     6.85733e-17     
3778.71497159     5.11238e-17     
3784.23974092     5.83798e-17     
3789.76451026     5.2395e-17      
3795.28927959     6.64816e-17     
3800.81404892     6.58034e-17     
3806.33881825     5.48066e-17     
3811.86358759     5.34732e-17     
3817.38835692     5.43519e-17     
3822.91312625     5.00739e-17     
3828.43789558     5.66374e-17     
3833.96266492     6.13767e-17     
3839.48743425     6.20985e-17     
3845.01220358     5.07474e-17     
3850.53697291     2.97072e-17     
3856.06174225     6.5226e-17      
3861.58651158     5.38553e-17     
3867.11128091     4.70596e-17     
3872.63605024     7.96215e-17     
3878.16081958     5.43932e-17     
3883.68558891     5.52587e-17     
3889.21035824     5.10962e-17     
3894.73512757     5.32457e-17     
3900.25989691     6.76025e-17     
3905.78466624     4.71528e-17     
3911.30943557     6.61214e-17     
3916.8342049      6.68687e-17     
3922.35897424     5.76952e-17     
3927.88374357     5.17455e-17     
3933.4085129      4.31042e-17     
3938.93328223     5.04989e-17     
3944.45805157     4.83618e-17     
3949.9828209      6.15187e-17     
3955.50759023     3.93208e-17     
3961.03235956     5.09329e-17     
3966.5571289      4.56788e-17     
3972.08189823     5.14398e-17     
3977.60666756     3.73049e-17     
3983.13143689     4.61218e-17     
3988.65620623     5.74244e-17     
3994.18097556     5.10999e-17     
3999.70574489     6.54396e-17     
4005.23051422     5.07796e-17     
4010.75528356     6.57586e-17     
4016.28005289     4.63693e-17     
4021.80482222     4.78861e-17     
4027.32959155     4.31777e-17     
4032.85436089     3.21121e-17     
4038.37913022     6.1417e-17      
4043.90389955     5.73239e-17     
4049.42866888     4.59618e-17     
4054.95343822     5.99282e-17     
4060.47820755     6.13557e-17     
4066.00297688     4.19683e-17     
4071.52774621     7.76889e-17     
4077.05251555     6.53724e-17     
4082.57728488     5.5903e-17      
4088.10205421     4.06132e-17     
4093.62682354     6.19988e-17     
4099.15159288     4.22949e-17     
4104.67636221     4.55692e-17     
4110.20113154     5.75684e-17     
4115.72590087     5.18553e-17     
4121.25067021     3.7018e-17      
4126.77543954     5.72525e-17     
4132.30020887     4.3675e-17      
4137.8249782      5.69109e-17     
4143.34974754     5.0591e-17      
4148.87451687     6.25823e-17     
4154.3992862      4.19818e-17     
4159.92405553     3.88386e-17     
4165.44882487     5.35034e-17     
4170.9735942      5.8241e-17      
4176.49836353     5.55495e-17     
4182.02313286     4.76258e-17     
4187.5479022      5.31962e-17     
4193.07267153     5.34078e-17     
4198.59744086     4.78422e-17     
4204.12221019     5.28005e-17     
4209.64697953     6.46655e-17     
4215.17174886     3.86482e-17     
4220.69651819     4.36544e-17     
4226.22128752     4.59425e-17     
4231.74605686     4.50486e-17     
4237.27082619     5.75812e-17     
4242.79559552     5.95389e-17     
4248.32036485     5.57516e-17     
4253.84513419     4.55914e-17     
4259.36990352     4.67899e-17     
4264.89467285     4.11889e-17     
4270.41944218     5.04463e-17     
4275.94421152     4.80043e-17     
4281.46898085     4.55635e-17     
4286.99375018     5.02249e-17     
4292.51851951     4.88953e-17     
4298.04328885     4.80813e-17     
4303.56805818     6.15209e-17     
4309.09282751     5.37442e-17     
4314.61759684     4.3694e-17      
4320.14236618     5.26049e-17     
4325.66713551     4.64511e-17     
4331.19190484     3.77846e-17     
4336.71667417     4.3228e-17      
4342.24144351     5.02989e-17     
4347.76621284     3.66348e-17     
4353.29098217     4.65345e-17     
4358.8157515      4.6255e-17      
4364.34052084     4.85454e-17     
4369.86529017     3.74705e-17     
4375.3900595      4.32673e-17     
4380.91482883     6.00586e-17     
4386.43959817     3.93745e-17     
4391.9643675      3.87208e-17     
4397.48913683     5.6799e-17      
4403.01390616     4.42401e-17     
4408.5386755      4.4458e-17      
4414.06344483     5.75508e-17     
4419.58821416     5.52418e-17     
4425.11298349     5.72558e-17     
4430.63775283     5.46735e-17     
4436.16252216     4.33913e-17     
4441.68729149     4.94109e-17     
4447.21206082     4.64811e-17     
4452.73683016     5.61371e-17     
4458.26159949     4.47001e-17     
4463.78636882     5.02247e-17     
4469.31113815     4.68731e-17     
4474.83590749     5.06443e-17     
4480.36067682     3.77993e-17     
4485.88544615     4.76422e-17     
4491.41021548     4.48817e-17     
4496.93498482     4.03858e-17     
4502.45975415     3.46534e-17     
4507.98452348     4.49078e-17     
4513.50929281     4.79282e-17     
4519.03406215     3.22266e-17     
4524.55883148     3.4253e-17      
4530.08360081     5.3502e-17      
4535.60837014     4.22914e-17     
4541.13313948     4.25426e-17     
4546.65790881     4.09089e-17     
4552.18267814     5.40193e-17     
4557.70744747     3.8549e-17      
4563.23221681     4.70105e-17     
4568.75698614     3.67298e-17     
4574.28175547     3.59991e-17     
4579.8065248      4.57429e-17     
4585.33129414     4.35246e-17     
4590.85606347     4.73318e-17     
4596.3808328      4.04081e-17     
4601.90560214     3.94188e-17     
4607.43037147     4.6133e-17      
4612.9551408      4.77804e-17     
4618.47991013     3.46255e-17     
4624.00467947     3.11358e-17     
4629.5294488      3.86759e-17     
4635.05421813     4.17928e-17     
4640.57898746     4.26836e-17     
4646.1037568      4.21971e-17     
4651.62852613     3.6345e-17      
4657.15329546     5.31445e-17     
4662.67806479     5.56725e-17     
4668.20283413     5.44692e-17     
4673.72760346     6.02634e-17     
4679.25237279     5.67281e-17     
4684.77714212     4.15004e-17     
4690.30191146     5.70804e-17     
4695.82668079     5.09604e-17     
4701.35145012     4.49388e-17     
4706.87621945     4.64081e-17     
4712.40098879     5.15219e-17     
4717.92575812     4.84574e-17     
4723.45052745     3.92047e-17     
4728.97529678     3.86569e-17     
4734.50006612     4.59401e-17     
4740.02483545     4.43488e-17     
4745.54960478     4.39887e-17     
4751.07437411     4.72636e-17     
4756.59914345     4.31824e-17     
4762.12391278     4.84331e-17     
4767.64868211     4.60426e-17     
4773.17345144     4.18644e-17     
4778.69822078     4.19462e-17     
4784.22299011     3.79319e-17     
4789.74775944     3.92341e-17     
4795.27252877     4.36003e-17     
4800.79729811     3.72911e-17     
4806.32206744     4.44336e-17     
4811.84683677     3.46547e-17     
4817.3716061      2.53326e-17     
4822.89637544     3.76833e-17     
4828.42114477     3.52722e-17     
4833.9459141      4.39097e-17     
4839.47068343     3.43291e-17     
4844.99545277     4.44196e-17     
4850.5202221      4.0647e-17      
4856.04499143     3.7872e-17      
4861.56976076     4.54298e-17     
4867.0945301      3.90648e-17     
4872.61929943     4.33096e-17     
4878.14406876     4.68107e-17     
4883.66883809     3.82411e-17     
4889.19360743     4.30779e-17     
4894.71837676     4.025e-17       
4900.24314609     3.31059e-17     
4905.76791542     3.67062e-17     
4911.29268476     4.02769e-17     
4916.81745409     4.50088e-17     
4922.34222342     4.21175e-17     
4927.86699275     3.98628e-17     
4933.39176209     4.23102e-17     
4938.91653142     3.98136e-17     
4944.44130075     4.28819e-17     
4949.96607008     4.27021e-17     
4955.49083942     3.56363e-17     
4961.01560875     3.44109e-17     
4966.54037808     4.92756e-17     
4972.06514741     4.38591e-17     
4977.58991675     3.03383e-17     
4983.11468608     3.89011e-17     
4988.63945541     4.12068e-17     
4994.16422474     2.89236e-17     
4999.68899408     4.2088e-17      
5005.21376341     3.88954e-17     
5010.73853274     4.7695e-17      
5016.26330207     4.04557e-17     
5021.78807141     2.96503e-17     
5027.31284074     3.96343e-17     
5032.83761007     4.36421e-17     
5038.3623794      3.62354e-17     
5043.88714874     3.48386e-17     
5049.41191807     4.42314e-17     
5054.9366874      4.10167e-17     
5060.46145673     4.28989e-17     
5065.98622607     3.65658e-17     
5071.5109954      3.82891e-17     
5077.03576473     3.84399e-17     
5082.56053406     3.56653e-17     
5088.0853034      4.11661e-17     
5093.61007273     3.09096e-17     
5099.13484206     2.81254e-17     
5104.65961139     3.46153e-17     
5110.18438073     3.3638e-17      
5115.70915006     3.4542e-17      
5121.23391939     4.12708e-17     
5126.75868872     3.27117e-17     
5132.28345806     3.23728e-17     
5137.80822739     3.64535e-17     
5143.33299672     3.46767e-17     
5148.85776605     4.04608e-17     
5154.38253539     3.8918e-17      
5159.90730472     3.82818e-17     
5165.43207405     4.29387e-17     
5170.95684338     4.37484e-17     
5176.48161272     4.49612e-17     
5182.00638205     3.89576e-17     
5187.53115138     3.40994e-17     
5193.05592071     4.07987e-17     
5198.58069005     4.14409e-17     
5204.10545938     4.69557e-17     
5209.63022871     4.73736e-17     
5215.15499804     5.68925e-17     
5220.67976738     6.22412e-17     
5226.20453671     6.40865e-17     
5231.72930604     7.24511e-17     
5237.25407537     6.78104e-17     
5242.77884471     6.00183e-17     
5248.30361404     4.02937e-17     
5253.82838337     4.37629e-17     
5259.3531527      5.18836e-17     
5264.87792204     4.14244e-17     
5270.40269137     2.99499e-17     
5275.9274607      4.16007e-17     
5281.45223003     3.51046e-17     
5286.97699937     3.5138e-17      
5292.5017687      4.41345e-17     
5298.02653803     2.62889e-17     
5303.55130736     3.87014e-17     
5309.0760767      3.50326e-17     
5314.60084603     3.01354e-17     
5320.12561536     3.75908e-17     
5325.65038469     4.6726e-17      
5331.17515403     3.44646e-17     
5336.69992336     3.41741e-17     
5342.22469269     3.57247e-17     
5347.74946202     4.16986e-17     
5353.27423136     2.50717e-17     
5358.79900069     3.50245e-17     
5364.32377002     3.96694e-17     
5369.84853935     3.80032e-17     
5375.37330869     4.48985e-17     
5380.89807802     3.50037e-17     
5386.42284735     2.95541e-17     
5391.94761668     3.20114e-17     
5397.47238602     3.91005e-17     
5402.99715535     3.4014e-17      
5408.52192468     4.56766e-17     
5414.04669401     4.00052e-17     
5419.57146335     4.22491e-17     
5425.09623268     3.43262e-17     
5430.62100201     3.26655e-17     
5436.14577134     4.72521e-17     
5441.67054068     3.58875e-17     
5447.19531001     4.08693e-17     
5452.72007934     3.76083e-17     
5458.24484867     3.64246e-17     
5463.76961801     3.46336e-17     
5469.29438734     4.50469e-17     
5474.81915667     3.96264e-17     
5480.343926       4.06907e-17     
5485.86869534     3.56812e-17     
5491.39346467     3.69275e-17     
5496.918234       3.77642e-17     
5502.44300333     3.25862e-17     
5507.96777267     3.11334e-17     
5513.492542       3.93715e-17     
5519.01731133     3.45142e-17     
5524.54208066     3.88856e-17     
5530.06685        3.8334e-17      
5535.59161933     2.80219e-17     
5541.11638866     2.88351e-17     
5546.641158       3.31262e-17     
5552.16592733     3.23942e-17     
5557.69069666     3.91598e-17     
5563.21546599     4.09173e-17     
5568.74023533     3.47725e-17     
5574.26500466     2.71338e-17     
5579.78977399     3.07985e-17     
5585.31454332     3.89937e-17     
5590.83931266     2.7225e-17      
5596.36408199     3.17569e-17     
5601.88885132     3.31401e-17     
5607.41362065     2.95372e-17     
5612.93838999     3.10813e-17     
5618.46315932     3.66616e-17     
5623.98792865     4.04546e-17     
5629.51269798     2.73778e-17     
5635.03746732     3.52171e-17     
5640.56223665     2.48287e-17     
5646.08700598     2.38177e-17     
5651.61177531     3.03573e-17     
5657.13654465     3.52101e-17     
5662.66131398     2.96298e-17     
5668.18608331     2.62266e-17     
5673.71085264     2.76035e-17     
5679.23562198     4.05308e-17     
5684.76039131     4.46348e-17     
5690.28516064     3.10089e-17     
5695.80992997     2.27934e-17     
5701.33469931     3.32583e-17     
5706.85946864     3.36295e-17     
5712.38423797     2.77461e-17     
5717.9090073      3.018e-17       
5723.43377664     3.64105e-17     
5728.95854597     3.28395e-17     
5734.4833153      2.65979e-17     
5740.00808463     3.47901e-17     
5745.53285397     3.45195e-17     
5751.0576233      3.72997e-17     
5756.58239263     3.23879e-17     
5762.10716196     3.24092e-17     
5767.6319313      3.03574e-17     
5773.15670063     1.91865e-17     
5778.68146996     2.88885e-17     
5784.20623929     3.33094e-17     
5789.73100863     2.89563e-17     
5795.25577796     2.87823e-17     
5800.78054729     3.46158e-17     
5806.30531662     2.83327e-17     
5811.83008596     2.87816e-17     
5817.35485529     2.62751e-17     
5822.87962462     3.44118e-17     
5828.40439395     2.95991e-17     
5833.92916329     3.18358e-17     
5839.45393262     1.84114e-17     
5844.97870195     3.23302e-17     
5850.50347128     2.85615e-17     
5856.02824062     2.6102e-17      
5861.55300995     2.88159e-17     
5867.07777928     2.2592e-17      
5872.60254861     2.82347e-17     
5878.12731795     3.34202e-17     
5883.65208728     2.14553e-17     
5889.17685661     3.15306e-17     
5894.70162594     2.53047e-17     
5900.22639528     2.91226e-17     
5905.75116461     2.73971e-17     
5911.27593394     2.38383e-17     
5916.80070327     3.46131e-17     
5922.32547261     2.97417e-17     
5927.85024194     2.56952e-17     
5933.37501127     2.63529e-17     
5938.8997806      2.91863e-17     
5944.42454994     2.78223e-17     
5949.94931927     3.04162e-17     
5955.4740886      3.11737e-17     
5960.99885793     2.94959e-17     
5966.52362727     3.52992e-17     
5972.0483966      3.35527e-17     
5977.57316593     3.18831e-17     
5983.09793526     2.90606e-17     
5988.6227046      2.76736e-17     
5994.14747393     3.2775e-17      
5999.67224326     2.98411e-17     
6005.19701259     2.9026e-17      
6010.72178193     3.05257e-17     
6016.24655126     2.80351e-17     
6021.77132059     3.09869e-17     
6027.29608992     2.9502e-17      
6032.82085926     3.01838e-17     
6038.34562859     3.55931e-17     
6043.87039792     2.92522e-17     
6049.39516725     2.70891e-17     
6054.91993659     2.53822e-17     
6060.44470592     2.87212e-17     
6065.96947525     3.34742e-17     
6071.49424458     3.30807e-17     
6077.01901392     2.7575e-17      
6082.54378325     2.85979e-17     
6088.06855258     2.45392e-17     
6093.59332191     2.89473e-17     
6099.11809125     3.81262e-17     
6104.64286058     3.17511e-17     
6110.16762991     3.39665e-17     
6115.69239924     3.1121e-17      
6121.21716858     2.34826e-17     
6126.74193791     2.62186e-17     
6132.26670724     3.04909e-17     
6137.79147657     2.98428e-17     
6143.31624591     3.16322e-17     
6148.84101524     3.314e-17       
6154.36578457     2.74006e-17     
6159.8905539      2.52622e-17     
6165.41532324     3.34885e-17     
6170.94009257     3.06694e-17     
6176.4648619      2.98921e-17     
6181.98963123     2.30093e-17     
6187.51440057     2.57673e-17     
6193.0391699      2.88636e-17     
6198.56393923     2.38624e-17     
6204.08870856     3.3725e-17      
6209.6134779      2.37352e-17     
6215.13824723     3.30112e-17     
6220.66301656     3.0339e-17      
6226.18778589     3.0401e-17      
6231.71255523     3.01487e-17     
6237.23732456     2.9477e-17      
6242.76209389     2.52779e-17     
6248.28686322     2.17799e-17     
6253.81163256     2.76077e-17     
6259.33640189     3.33796e-17     
6264.86117122     3.17962e-17     
6270.38594055     2.74678e-17     
6275.91070989     2.16018e-17     
6281.43547922     2.90121e-17     
6286.96024855     2.85363e-17     
6292.48501788     2.92392e-17     
6298.00978722     3.19908e-17     
6303.53455655     2.64713e-17     
6309.05932588     2.92878e-17     
6314.58409521     2.87805e-17     
6320.10886455     2.64808e-17     
6325.63363388     2.94903e-17     
6331.15840321     2.78234e-17     
6336.68317254     2.63219e-17     
6342.20794188     2.71755e-17     
6347.73271121     2.81529e-17     
6353.25748054     2.52197e-17     
6358.78224987     2.95049e-17     
6364.30701921     2.61003e-17     
6369.83178854     2.54122e-17     
6375.35655787     2.88471e-17     
6380.8813272      2.6333e-17      
6386.40609654     2.47969e-17     
6391.93086587     2.63838e-17     
6397.4556352      2.88788e-17     
6402.98040453     3.3691e-17      
6408.50517387     2.92187e-17     
6414.0299432      2.85535e-17     
6419.55471253     3.3849e-17      
6425.07948186     2.49227e-17     
6430.6042512      2.79126e-17     
6436.12902053     2.40182e-17     
6441.65378986     2.47183e-17     
6447.17855919     2.88078e-17     
6452.70332853     2.31035e-17     
6458.22809786     2.30034e-17     
6463.75286719     3.72248e-17     
6469.27763653     2.52546e-17     
6474.80240586     2.76811e-17     
6480.32717519     2.37986e-17     
6485.85194452     2.44784e-17     
6491.37671386     2.16661e-17     
6496.90148319     2.43294e-17     
6502.42625252     2.62827e-17     
6507.95102185     2.43021e-17     
6513.47579119     2.41557e-17     
6519.00056052     2.89355e-17     
6524.52532985     3.0026e-17      
6530.05009918     2.86219e-17     
6535.57486852     2.52103e-17     
6541.09963785     2.35672e-17     
6546.62440718     2.67059e-17     
6552.14917651     2.26833e-17     
6557.67394585     2.20383e-17     
6563.19871518     2.35863e-17     
6568.72348451     3.63365e-17     
6574.24825384     3.18682e-17     
6579.77302318     2.80466e-17     
6585.29779251     2.53546e-17     
6590.82256184     2.13011e-17     
6596.34733117     2.41648e-17     
6601.87210051     2.40044e-17     
6607.39686984     2.31585e-17     
6612.92163917     3.15927e-17     
6618.4464085      2.55332e-17     
6623.97117784     1.97004e-17     
6629.49594717     2.22118e-17     
6635.0207165      2.40584e-17     
6640.54548583     2.10431e-17     
6646.07025517     2.29314e-17     
6651.5950245      1.89389e-17     
6657.11979383     2.68919e-17     
6662.64456316     3.35851e-17     
6668.1693325      1.8695e-17      
6673.69410183     2.722e-17       
6679.21887116     2.70522e-17     
6684.74364049     2.13378e-17     
6690.26840983     2.47299e-17     
6695.79317916     2.16881e-17     
6701.31794849     2.25693e-17     
6706.84271782     2.66079e-17     
6712.36748716     2.23136e-17     
6717.89225649     2.51677e-17     
6723.41702582     2.53166e-17     
6728.94179515     2.6513e-17      
6734.46656449     3.14402e-17     
6739.99133382     2.79495e-17     
6745.51610315     2.29691e-17     
6751.04087248     2.2114e-17      
6756.56564182     2.43021e-17     
6762.09041115     2.30962e-17     
6767.61518048     2.63793e-17     
6773.13994981     2.5981e-17      
6778.66471915     2.80863e-17     
6784.18948848     2.88603e-17     
6789.71425781     2.19699e-17     
6795.23902714     2.44121e-17     
6800.76379648     2.3548e-17      
6806.28856581     2.93572e-17     
6811.81333514     2.56124e-17     
6817.33810447     2.04017e-17     
6822.86287381     2.99904e-17     
6828.38764314     3.44275e-17     
6833.91241247     3.45893e-17     
6839.4371818      2.70405e-17     
6844.96195114     2.47043e-17     
6850.48672047     2.0763e-17      
6856.0114898      2.41438e-17     
6861.53625913     2.44656e-17     
6867.06102847     2.18067e-17     
6872.5857978      2.32312e-17     
6878.11056713     2.43923e-17     
6883.63533646     2.11281e-17     
6889.1601058      1.61741e-17     
6894.68487513     1.93689e-17     
6900.20964446     2.06194e-17     
6905.73441379     2.05719e-17     
6911.25918313     2.02863e-17     
6916.78395246     2.39336e-17     
6922.30872179     2.22982e-17     
6927.83349112     1.94046e-17     
6933.35826046     2.41715e-17     
6938.88302979     2.30716e-17     
6944.40779912     2.2912e-17      
6949.93256845     2.51155e-17     
6955.45733779     2.68464e-17     
6960.98210712     2.58418e-17     
6966.50687645     1.92125e-17     
6972.03164578     2.26933e-17     
6977.55641512     2.50598e-17     
6983.08118445     2.44542e-17     
6988.60595378     2.19608e-17     
6994.13072311     2.28462e-17     
6999.65549245     2.46325e-17     
7005.18026178     3.28558e-17     
7010.70503111     2.8702e-17      
7016.22980044     3.29508e-17     
7021.75456978     2.97809e-17     
7027.27933911     2.96405e-17     
7032.80410844     4.17897e-17     
7038.32887777     4.66831e-17     
7043.85364711     5.21123e-17     
7049.37841644     6.5571e-17      
7054.90318577     7.06527e-17     
7060.4279551      6.47655e-17     
7065.95272444     5.2228e-17      
7071.47749377     4.02297e-17     
7077.0022631      4.19371e-17     
7082.52703243     4.20954e-17     
7088.05180177     3.70064e-17     
7093.5765711      3.66182e-17     
7099.10134043     3.76997e-17     
7104.62610976     3.32659e-17     
7110.1508791      3.32106e-17     
7115.67564843     2.63284e-17     
7121.20041776     2.88793e-17     
7126.72518709     2.3962e-17      
7132.24995643     3.25363e-17     
7137.77472576     2.75682e-17     
7143.29949509     1.88947e-17     
7148.82426442     2.7684e-17      
7154.34903376     2.37565e-17     
7159.87380309     2.13988e-17     
7165.39857242     2.56922e-17     
7170.92334175     2.41248e-17     
7176.44811109     2.29276e-17     
7181.97288042     2.07477e-17     
7187.49764975     2.59073e-17     
7193.02241908     2.28326e-17     
7198.54718842     2.22677e-17     
7204.07195775     2.20774e-17     
7209.59672708     1.85947e-17     
7215.12149641     2.31824e-17     
7220.64626575     2.09598e-17     
7226.17103508     2.27655e-17     
7231.69580441     2.47636e-17     
7237.22057374     1.44405e-17     
7242.74534308     2.51656e-17     
7248.27011241     2.4494e-17      
7253.79488174     1.96677e-17     
7259.31965107     2.09186e-17     
7264.84442041     1.67524e-17     
7270.36918974     2.79177e-17     
7275.89395907     2.7547e-17      
7281.4187284      2.73281e-17     
7286.94349774     2.35993e-17     
7292.46826707     1.17247e-17     
7297.9930364      1.50185e-17     
7303.51780573     2.46748e-17     
7309.04257507     2.25516e-17     
7314.5673444      2.14964e-17     
7320.09211373     1.95377e-17     
7325.61688306     1.64858e-17     
7331.1416524      2.03942e-17     
7336.66642173     1.89385e-17     
7342.19119106     1.82186e-17     
7347.71596039     2.39699e-17     
7353.24072973     2.04387e-17     
7358.76549906     1.87916e-17     
7364.29026839     1.98583e-17     
7369.81503772     2.26553e-17     
7375.33980706     2.80247e-17     
7380.86457639     1.38817e-17     
7386.38934572     1.55904e-17     
7391.91411505     1.77638e-17     
7397.43888439     1.66861e-17     
7402.96365372     2.16683e-17     
7408.48842305     1.51359e-17     
7414.01319239     2.21063e-17     
7419.53796172     2.2339e-17      
7425.06273105     1.56535e-17     
7430.58750038     2.37488e-17     
7436.11226972     1.47319e-17     
7441.63703905     1.5228e-17      
7447.16180838     1.70867e-17     
7452.68657771     2.16311e-17     
7458.21134705     2.15734e-17     
7463.73611638     1.95401e-17     
7469.26088571     2.22739e-17     
7474.78565504     2.4097e-17      
7480.31042438     2.07874e-17     
7485.83519371     2.07205e-17     
7491.35996304     2.24632e-17     
7496.88473237     1.83488e-17     
7502.40950171     1.68534e-17     
7507.93427104     1.86658e-17     
7513.45904037     2.19294e-17     
7518.9838097      2.62032e-17     
7524.50857904     2.6312e-17      
7530.03334837     2.42159e-17     
7535.5581177      1.45509e-17     
7541.08288703     2.06372e-17     
7546.60765637     1.86493e-17     
7552.1324257      2.54534e-17     
7557.65719503     2.76138e-17     
7563.18196436     2.59484e-17     
7568.7067337      1.51932e-17     
7574.23150303     2.18227e-17     
7579.75627236     1.86019e-17     
7585.28104169     2.35472e-17     
7590.80581103     3.63759e-17     
7596.33058036     2.94318e-17     
7601.85534969     1.74519e-17     
7607.38011902     1.46046e-17     
7612.90488836     1.63088e-17     
7618.42965769     2.65252e-17     
7623.95442702     2.92294e-17     
7629.47919635     2.52218e-17     
7635.00396569     1.75949e-17     
7640.52873502     1.45632e-17     
7646.05350435     1.47544e-17     
7651.57827368     1.49642e-17     
7657.10304302     2.57909e-17     
7662.62781235     2.24148e-17     
7668.15258168     2.04252e-17     
7673.67735101     1.776e-17       
7679.20212035     1.6752e-17      
7684.72688968     2.79926e-17     
7690.25165901     2.32653e-17     
7695.77642834     3.53045e-17     
7701.30119768     1.94616e-17     
7706.82596701     3.59538e-18     
7712.35073634     3.19949e-18     
7717.87550567     2.25589e-17     
7723.40027501     2.94284e-17     
7728.92504434     2.45727e-17     
7734.44981367     1.66834e-17     
7739.974583       1.62974e-17     
7745.49935234     1.74357e-17     
7751.02412167     1.81808e-17     
7756.548891       3.06666e-17     
7762.07366033     2.68208e-17     
7767.59842967     1.81853e-17     
7773.123199       7.00018e-18     
7778.64796833     -3.81863e-20    
7784.17273766     1.81868e-17     
7789.697507       3.03671e-17     
7795.22227633     3.18794e-17     
7800.74704566     2.74314e-17     
7806.27181499     1.35057e-17     
7811.79658433     6.25355e-18     
7817.32135366     1.65722e-17     
7822.84612299     1.95197e-17     
7828.37089232     2.75044e-17     
7833.89566166     1.76889e-17     
7839.42043099     1.82625e-17     
7844.94520032     1.38239e-17     
7850.46996965     4.80921e-18     
7855.99473899     2.0519e-17      
7861.51950832     3.43772e-17     
7867.04427765     3.39755e-17     
7872.56904698     2.09408e-17     
7878.09381632     6.86957e-18     
7883.61858565     6.66178e-18     
7889.14335498     1.27673e-17     
7894.66812431     1.37089e-17     
7900.19289365     1.85922e-17     
7905.71766298     2.12962e-17     
7911.24243231     3.0928e-18      
7916.76720164     -9.55766e-18    
7922.29197098     2.99103e-18     
7927.81674031     1.95488e-17     
7933.34150964     2.7964e-17      
7938.86627897     2.53373e-17     
7944.39104831     2.13588e-17     
7949.91581764     6.46959e-18     
7955.44058697     8.29609e-18     
7960.9653563      2.42009e-17     
7966.49012564     2.61003e-17     
7972.01489497     3.26758e-17     
7977.5396643      2.15062e-17     
7983.06443363     1.28722e-17     
7988.58920297     5.6616e-18      
7994.1139723      1.65331e-17     
7999.63874163     1.72221e-17     
8005.16351096     1.91454e-17     
8010.6882803      1.9025e-17      
8016.21304963     1.95417e-17     
8021.73781896     7.90351e-18     
8027.26258829     5.97096e-18     
8032.78735763     1.03523e-17     
8038.31212696     1.91446e-17     
8043.83689629     2.54225e-17     
8049.36166562     1.87769e-17     
8054.88643496     1.60828e-17     
8060.41120429     1.44227e-17     
8065.93597362     1.13802e-17     
8071.46074295     1.30202e-17     
8076.98551229     2.25335e-17     
8082.51028162     1.98861e-17     
8088.03505095     1.89356e-17     
8093.55982028     8.64819e-18     
8099.08458962     1.26256e-17     
8104.60935895     2.2294e-17      
8110.13412828     2.25972e-17     
8115.65889761     2.4032e-17      
8121.18366695     1.88847e-17     
8126.70843628     1.85269e-17     
8132.23320561     1.59929e-17     
8137.75797494     1.76715e-17     
8143.28274428     1.96054e-17     
8148.80751361     1.40141e-17     
8154.33228294     1.53828e-17     
8159.85705227     1.88184e-17     
8165.38182161     9.37776e-18     
8170.90659094     1.48233e-17     
8176.43136027     2.26503e-17     
8181.9561296      2.0369e-17      
8187.48089894     2.1538e-17      
8193.00566827     1.40226e-17     
8198.5304376      1.29659e-17     
8204.05520693     1.64999e-17     
8209.57997627     1.02866e-17     
8215.1047456      1.48387e-17     
8220.62951493     2.18373e-17     
8226.15428426     1.8836e-17      
8231.6790536      1.49701e-17     
8237.20382293     1.36251e-17     
8242.72859226     8.71176e-18     
8248.25336159     2.18661e-17     
8253.77813093     1.6335e-17      
8259.30290026     2.8715e-17      
8264.82766959     2.3586e-17      
8270.35243892     1.71103e-17     
8275.87720826     1.33947e-17     
8281.40197759     1.16973e-17     
8286.92674692     1.39097e-17     
8292.45151625     2.84302e-17     
8297.97628559     3.28697e-17     
8303.50105492     1.89028e-17     
8309.02582425     1.11727e-17     
8314.55059358     1.00961e-17     
8320.07536292     1.19682e-17     
8325.60013225     1.30329e-17     
8331.12490158     1.49742e-17     
8336.64967092     1.62933e-17     
8342.17444025     1.33007e-17     
8347.69920958     8.43197e-18     
8353.22397891     6.72124e-18     
8358.74874825     2.01563e-17     
8364.27351758     1.66303e-17     
8369.79828691     2.56944e-17     
8375.32305624     2.39421e-17     
8380.84782558     1.63574e-17     
8386.37259491     6.68378e-18     
8391.89736424     7.26112e-18     
8397.42213357     2.01168e-17     
8402.94690291     2.63068e-17     
8408.47167224     2.40685e-17     
8413.99644157     1.53491e-17     
8419.5212109      1.0977e-17      
8425.04598024     9.38839e-18     
8430.57074957     8.56222e-18     
8436.0955189      1.53723e-17     
8441.62028823     1.5154e-17      
8447.14505757     2.98935e-17     
8452.6698269      2.61016e-17     
8458.19459623     8.75019e-18     
8463.71936556     2.25331e-18     
8469.2441349      1.00991e-17     
8474.76890423     1.88429e-17     
8480.29367356     2.75937e-17     
8485.81844289     2.20549e-17     
8491.34321223     9.48618e-18     
8496.86798156     7.12335e-18     
8502.39275089     1.08171e-18     
8507.91752022     4.79231e-18     
8513.44228956     1.57053e-17     
8518.96705889     1.78441e-17     
8524.49182822     2.16519e-17     
8530.01659755     1.39227e-17     
8535.54136689     7.25751e-18     
8541.06613622     1.02322e-17     
8546.59090555     1.08156e-17     
8552.11567488     1.52409e-17     
8557.64044422     2.11268e-17     
8563.16521355     1.92097e-17     
8568.68998288     1.24871e-17     
8574.21475221     9.4906e-18      
8579.73952155     1.83846e-17     
8585.26429088     2.03119e-17     
8590.78906021     2.35027e-17     
8596.31382954     2.19898e-17     
8601.83859888     2.63455e-17     
8607.36336821     1.61969e-17     
8612.88813754     1.17588e-17     
8618.41290687     1.76169e-17     
8623.93767621     1.1295e-17      
8629.46244554     1.06036e-17     
8634.98721487     1.90037e-17     
8640.5119842      2.58297e-17     
8646.03675354     2.03632e-17     
8651.56152287     4.94763e-18     
8657.0862922      9.95408e-18     
8662.61106153     2.11226e-17     
8668.13583087     1.90781e-17     
8673.6606002      2.48137e-17     
8679.18536953     1.43142e-17     
8684.71013886     2.2677e-17      
8690.2349082      1.72268e-17     
8695.75967753     1.24964e-17     
8701.28444686     1.77939e-17     
8706.80921619     1.76327e-17     
8712.33398553     1.92757e-17     
8717.85875486     1.13837e-17     
8723.38352419     1.51625e-17     
8728.90829352     1.3588e-17      
8734.43306286     1.2952e-17      
8739.95783219     1.88729e-17     
8745.48260152     1.57446e-17     
8751.00737085     1.37776e-17     
8756.53214019     2.05531e-17     
8762.05690952     2.18124e-17     
8767.58167885     8.83531e-18     
8773.10644818     1.22643e-17     
8778.63121752     1.09742e-17     
8784.15598685     8.70902e-19     
8789.68075618     1.89566e-17     
8795.20552551     2.30713e-17     
8800.73029485     3.34717e-17     
8806.25506418     2.20467e-17     
8811.77983351     2.51094e-17     
8817.30460284     2.97246e-17     
8822.82937218     3.61551e-17     
8828.35414151     2.96081e-17     
8833.87891084     2.64147e-17     
8839.40368017     1.91666e-17     
8844.92844951     1.95536e-17     
8850.45321884     5.51841e-18     
8855.97798817     1.16277e-17     
8861.5027575      1.97476e-17     
8867.02752684     3.67431e-17     
8872.55229617     1.93026e-17     
8878.0770655      6.14841e-18     
8883.60183483     1.62179e-18     
8889.12660417     6.65109e-18     
8894.6513735      1.83363e-17     
8900.17614283     2.21175e-17     
8905.70091216     5.97982e-18     
8911.2256815      2.0008e-17      
8916.75045083     3.92384e-18     
8922.27522016     9.60502e-18     
8927.79998949     1.36462e-17     
8933.32475883     1.65891e-17     
8938.84952816     2.0877e-17      
8944.37429749     1.45633e-17     
8949.89906682     6.9474e-18      
8955.42383616     1.39001e-17     
8960.94860549     6.8352e-18      
8966.47337482     8.02555e-18     
8971.99814415     1.6079e-17      
8977.52291349     1.37142e-17     
8983.04768282     2.0409e-17      
8988.57245215     1.6731e-17      
8994.09722148     1.14931e-17     
8999.62199082     1.90239e-17     
9005.14676015     3.66133e-17     
9010.67152948     1.57511e-17     
9016.19629881     1.7112e-17      
9021.72106815     2.30055e-17     
9027.24583748     1.41634e-17     
9032.77060681     4.79373e-18     
9038.29537614     2.28196e-17     
9043.82014548     1.05913e-18     
9049.34491481     2.46186e-17     
9054.86968414     1.29813e-18     
9060.39445347     6.59725e-18     
9065.91922281     1.52884e-17     
9071.44399214     6.17176e-18     
9076.96876147     2.31189e-18     
9082.4935308      1.21316e-17     
9088.01830014     1.82764e-17     
9093.54306947     2.12187e-17     
9099.0678388      1.41342e-17     
9104.59260813     2.29346e-17     
9110.11737747     2.59004e-17     
9115.6421468      5.20042e-18     
9121.16691613     1.20666e-19     
9126.69168546     1.13128e-17     
9132.2164548      1.71432e-17     
9137.74122413     2.06778e-17     
9143.26599346     2.14346e-17     
9148.79076279     1.4725e-17      
9154.31553213     3.74127e-18     
9159.84030146     1.30653e-17     
9165.36507079     1.81182e-17     
9170.88984012     1.05987e-17     
9176.41460946     2.21248e-17     
9181.93937879     1.02316e-17     
9187.46414812     6.91232e-18     
9192.98891745     9.45573e-18     
9198.51368679     5.61339e-18     
9204.03845612     2.32346e-17     
9209.56322545     1.24259e-17     
9215.08799478     1.23952e-17     
9220.61276412     1.6962e-17      
9226.13753345     1.72046e-17     
9231.66230278     1.85423e-17     
9237.18707211     -2.2013e-18     
9242.71184145     9.98182e-18     
9248.23661078     8.28829e-18     
9253.76138011     1.32666e-17     
9259.28614944     9.47131e-18     
9264.81091878     2.13295e-17     
9270.33568811     4.45942e-18     
