3669.22200966     -3.22846e-17    
3674.74632364     4.52353e-17     
3680.27063762     1.0105e-17      
3685.7949516      7.60509e-18     
3691.31926558     -1.15184e-17    
3696.84357957     3.95461e-17     
3702.36789355     -3.99323e-17    
3707.89220753     2.07963e-17     
3713.41652151     5.80402e-18     
3718.94083549     -1.16084e-17    
3724.46514947     2.80457e-17     
3729.98946345     2.20407e-17     
3735.51377743     -1.00329e-18    
3741.03809142     -1.12603e-17    
3746.5624054      1.70021e-17     
3752.08671938     2.32581e-18     
3757.61103336     1.20323e-17     
3763.13534734     3.03761e-17     
3768.65966132     -7.24067e-18    
3774.1839753      3.59217e-17     
3779.70828928     1.21872e-17     
3785.23260327     2.42023e-17     
3790.75691725     -3.651e-17      
3796.28123123     5.4099e-17      
3801.80554521     -4.28608e-19    
3807.32985919     2.30267e-18     
3812.85417317     -1.03371e-17    
3818.37848715     2.03685e-17     
3823.90280113     5.8286e-18      
3829.42711512     1.81884e-17     
3834.9514291      1.9002e-17      
3840.47574308     -1.1402e-17     
3846.00005706     -1.31787e-17    
3851.52437104     3.30998e-17     
3857.04868502     3.31869e-17     
3862.572999       3.50098e-17     
3868.09731298     2.40098e-17     
3873.62162697     9.76676e-18     
3879.14594095     3.01587e-18     
3884.67025493     -1.64507e-17    
3890.19456891     9.68284e-18     
3895.71888289     1.75354e-17     
3901.24319687     4.5934e-17      
3906.76751085     3.9363e-17      
3912.29182483     8.20852e-18     
3917.81613882     1.90097e-17     
3923.3404528      1.81302e-17     
3928.86476678     4.85577e-17     
3934.38908076     2.04549e-18     
3939.91339474     1.54756e-17     
3945.43770872     -2.71293e-18    
3950.9620227      2.31875e-17     
3956.48633668     2.50282e-17     
3962.01065067     1.99979e-17     
3967.53496465     -7.457e-19      
3973.05927863     9.56995e-18     
3978.58359261     1.10443e-17     
3984.10790659     -1.71883e-18    
3989.63222057     2.41602e-17     
3995.15653455     2.32603e-17     
4000.68084853     2.11538e-18     
4006.20516252     3.95135e-17     
4011.7294765      -2.22746e-19    
4017.25379048     2.06243e-17     
4022.77810446     3.73329e-17     
4028.30241844     -8.14492e-18    
4033.82673242     3.79924e-17     
4039.3510464      3.02911e-17     
4044.87536038     1.37083e-17     
4050.39967437     2.17687e-17     
4055.92398835     2.3355e-17      
4061.44830233     5.26747e-17     
4066.97261631     3.24929e-17     
4072.49693029     5.08227e-17     
4078.02124427     3.75956e-17     
4083.54555825     1.06387e-17     
4089.06987223     6.92637e-18     
4094.59418622     2.22726e-17     
4100.1185002      2.67399e-17     
4105.64281418     1.16554e-17     
4111.16712816     6.33564e-18     
4116.69144214     1.63899e-17     
4122.21575612     2.5279e-17      
4127.7400701      3.55509e-17     
4133.26438408     2.21536e-17     
4138.78869807     1.81393e-17     
4144.31301205     1.92328e-17     
4149.83732603     2.13144e-18     
4155.36164001     3.38568e-17     
4160.88595399     1.65422e-17     
4166.41026797     3.7784e-17      
4171.93458195     3.4875e-17      
4177.45889593     1.56109e-17     
4182.98320992     3.43429e-17     
4188.5075239      5.49703e-17     
4194.03183788     3.33426e-17     
4199.55615186     1.69257e-17     
4205.08046584     8.45771e-18     
4210.60477982     1.29805e-17     
4216.1290938      4.0106e-17      
4221.65340778     7.88885e-18     
4227.17772177     2.33796e-17     
4232.70203575     3.15819e-18     
4238.22634973     3.12228e-17     
4243.75066371     2.43975e-17     
4249.27497769     7.27934e-18     
4254.79929167     2.09913e-17     
4260.32360565     4.51204e-17     
4265.84791963     2.65906e-17     
4271.37223362     1.28275e-17     
4276.8965476      3.75921e-17     
4282.42086158     2.84871e-17     
4287.94517556     1.59678e-17     
4293.46948954     5.98115e-17     
4298.99380352     1.14687e-17     
4304.5181175      2.6195e-17      
4310.04243148     1.32854e-17     
4315.56674547     3.03486e-17     
4321.09105945     1.94508e-17     
4326.61537343     3.88764e-17     
4332.13968741     1.74434e-17     
4337.66400139     2.95419e-17     
4343.18831537     4.74049e-17     
4348.71262935     2.13708e-17     
4354.23694333     3.79389e-17     
4359.76125732     3.52019e-17     
4365.2855713      3.86258e-17     
4370.80988528     1.95172e-17     
4376.33419926     3.98047e-17     
4381.85851324     4.72724e-17     
4387.38282722     1.7422e-17      
4392.9071412      1.53875e-17     
4398.43145518     1.3411e-17      
4403.95576917     5.45942e-17     
4409.48008315     2.9561e-17      
4415.00439713     4.21357e-17     
4420.52871111     2.82871e-17     
4426.05302509     2.88017e-17     
4431.57733907     3.17869e-17     
4437.10165305     2.52576e-17     
4442.62596703     3.25642e-17     
4448.15028102     -9.70482e-18    
4453.674595       4.07318e-17     
4459.19890898     2.31177e-17     
4464.72322296     2.88809e-17     
4470.24753694     4.9564e-17      
4475.77185092     4.4079e-17      
4481.2961649      3.2361e-17      
4486.82047888     1.76791e-17     
4492.34479287     1.12829e-17     
4497.86910685     1.42425e-17     
4503.39342083     2.46872e-17     
4508.91773481     3.59132e-17     
4514.44204879     3.18506e-17     
4519.96636277     2.3586e-17      
4525.49067675     3.62993e-17     
4531.01499073     3.03374e-17     
4536.53930472     3.96085e-17     
4542.0636187      4.17103e-17     
4547.58793268     2.50658e-17     
4553.11224666     1.06121e-17     
4558.63656064     2.93476e-17     
4564.16087462     1.62916e-17     
4569.6851886      2.70134e-17     
4575.20950258     4.36361e-17     
4580.73381657     3.5839e-17      
4586.25813055     2.14139e-17     
4591.78244453     2.17846e-17     
4597.30675851     2.52939e-17     
4602.83107249     5.48704e-17     
4608.35538647     6.24707e-17     
4613.87970045     2.79583e-17     
4619.40401443     2.89904e-17     
4624.92832841     2.76326e-18     
4630.4526424      1.79359e-17     
4635.97695638     2.82411e-17     
4641.50127036     3.39556e-17     
4647.02558434     3.72662e-17     
4652.54989832     3.17012e-17     
4658.0742123      4.18512e-17     
4663.59852628     1.90323e-17     
4669.12284026     3.21581e-17     
4674.64715425     -2.98897e-18    
4680.17146823     1.86577e-17     
4685.69578221     2.6346e-17      
4691.22009619     5.13646e-17     
4696.74441017     3.81714e-17     
4702.26872415     3.11189e-17     
4707.79303813     4.02902e-17     
4713.31735211     2.14406e-17     
4718.8416661      3.53198e-17     
4724.36598008     4.1385e-17      
4729.89029406     2.38512e-17     
4735.41460804     3.63615e-17     
4740.93892202     4.39874e-17     
4746.463236       5.28213e-17     
4751.98754998     2.32052e-17     
4757.51186396     3.02682e-17     
4763.03617795     2.75722e-17     
4768.56049193     4.0132e-17      
4774.08480591     3.92326e-17     
4779.60911989     5.93271e-17     
4785.13343387     4.21464e-17     
4790.65774785     2.96835e-17     
4796.18206183     3.23114e-17     
4801.70637581     4.27143e-17     
4807.2306898      3.66773e-17     
4812.75500378     4.18341e-17     
4818.27931776     1.6582e-17      
4823.80363174     2.31272e-17     
4829.32794572     5.43273e-17     
4834.8522597      2.98495e-17     
4840.37657368     3.58522e-17     
4845.90088766     2.80877e-17     
4851.42520165     3.01901e-17     
4856.94951563     3.95467e-17     
4862.47382961     2.75786e-17     
4867.99814359     2.36063e-17     
4873.52245757     2.98531e-17     
4879.04677155     4.70337e-17     
4884.57108553     3.86699e-17     
4890.09539951     2.00142e-17     
4895.6197135      3.05215e-17     
4901.14402748     4.00921e-17     
4906.66834146     4.06856e-17     
4912.19265544     3.15216e-17     
4917.71696942     5.70224e-17     
4923.2412834      4.99777e-17     
4928.76559738     4.47346e-17     
4934.28991136     3.44599e-17     
4939.81422535     4.11857e-17     
4945.33853933     4.00274e-17     
4950.86285331     2.92563e-17     
4956.38716729     2.18112e-17     
4961.91148127     3.24433e-17     
4967.43579525     4.48493e-17     
4972.96010923     3.33735e-17     
4978.48442321     4.44627e-17     
4984.0087372      3.46441e-17     
4989.53305118     3.77444e-17     
4995.05736516     3.88742e-17     
5000.58167914     3.057e-17       
5006.10599312     1.39887e-17     
5011.6303071      5.4219e-17      
5017.15462108     2.54286e-17     
5022.67893506     3.82253e-17     
5028.20324905     6.69136e-17     
5033.72756303     4.05684e-17     
5039.25187701     3.26908e-17     
5044.77619099     1.77483e-17     
5050.30050497     2.32886e-17     
5055.82481895     3.09619e-17     
5061.34913293     3.62448e-17     
5066.87344691     2.68927e-17     
5072.3977609      5.4214e-17      
5077.92207488     4.81303e-17     
5083.44638886     5.67548e-17     
5088.97070284     2.79233e-17     
5094.49501682     4.26732e-17     
5100.0193308      6.42634e-17     
5105.54364478     3.45497e-17     
5111.06795876     2.85291e-17     
5116.59227275     4.13277e-17     
5122.11658673     3.1329e-17      
5127.64090071     3.19295e-17     
5133.16521469     4.68404e-17     
5138.68952867     5.07531e-17     
5144.21384265     4.06047e-17     
5149.73815663     4.24798e-17     
5155.26247061     4.84667e-17     
5160.7867846      3.93409e-17     
5166.31109858     4.1104e-17      
5171.83541256     6.02795e-17     
5177.35972654     4.82697e-17     
5182.88404052     2.58622e-17     
5188.4083545      3.2328e-17      
5193.93266848     3.32362e-17     
5199.45698246     4.51014e-17     
5204.98129645     4.35859e-17     
5210.50561043     5.76577e-17     
5216.02992441     2.40779e-17     
5221.55423839     2.65932e-17     
5227.07855237     5.04137e-17     
5232.60286635     3.51566e-17     
5238.12718033     3.921e-17       
5243.65149431     5.52838e-17     
5249.1758083      2.8728e-17      
5254.70012228     2.23935e-17     
5260.22443626     3.2872e-17      
5265.74875024     4.57637e-17     
5271.27306422     3.22065e-17     
5276.7973782      3.54241e-17     
5282.32169218     4.66378e-17     
5287.84600616     4.08439e-17     
5293.37032015     3.71324e-17     
5298.89463413     2.24906e-17     
5304.41894811     5.86391e-17     
5309.94326209     5.72563e-17     
5315.46757607     3.5397e-17      
5320.99189005     3.46722e-17     
5326.51620403     1.18399e-17     
5332.04051801     7.45488e-17     
5337.564832       4.56676e-17     
5343.08914598     3.65111e-17     
5348.61345996     4.28879e-17     
5354.13777394     5.07254e-17     
5359.66208792     2.23506e-17     
5365.1864019      3.00735e-17     
5370.71071588     4.97104e-17     
5376.23502986     3.5899e-17      
5381.75934385     5.0519e-17      
5387.28365783     4.47859e-17     
5392.80797181     2.25626e-17     
5398.33228579     2.02906e-17     
5403.85659977     3.88057e-17     
5409.38091375     4.16085e-17     
5414.90522773     5.78162e-17     
5420.42954171     2.71544e-17     
5425.9538557      3.29597e-17     
5431.47816968     2.93632e-17     
5437.00248366     3.93284e-17     
5442.52679764     3.3682e-17      
5448.05111162     3.13817e-17     
5453.5754256      2.67779e-17     
5459.09973958     5.39946e-17     
5464.62405356     3.84257e-17     
5470.14836755     5.79746e-17     
5475.67268153     3.44634e-17     
5481.19699551     3.51265e-17     
5486.72130949     4.88801e-17     
5492.24562347     5.13585e-17     
5497.76993745     2.07581e-17     
5503.29425143     3.65386e-17     
5508.81856541     2.78784e-17     
5514.3428794      2.75063e-17     
5519.86719338     4.63076e-17     
5525.39150736     2.37355e-17     
5530.91582134     3.30039e-17     
5536.44013532     4.12191e-17     
5541.9644493      3.92357e-17     
5547.48876328     4.45887e-17     
5553.01307726     1.65545e-17     
5558.53739124     3.40284e-17     
5564.06170523     2.94178e-17     
5569.58601921     1.41442e-17     
5575.11033319     -1.36491e-17    
5580.63464717     4.86636e-17     
5586.15896115     3.91492e-17     
5591.68327513     4.73617e-17     
5597.20758911     4.99674e-17     
5602.73190309     2.90635e-17     
5608.25621708     3.98566e-17     
5613.78053106     4.3504e-17      
5619.30484504     5.47775e-17     
5624.82915902     3.46923e-17     
5630.353473       3.49837e-17     
5635.87778698     4.99812e-17     
5641.40210096     3.62794e-17     
5646.92641494     5.75166e-17     
5652.45072893     2.03075e-17     
5657.97504291     3.81924e-17     
5663.49935689     3.93098e-17     
5669.02367087     4.42561e-17     
5674.54798485     2.22031e-17     
5680.07229883     3.69451e-17     
5685.59661281     4.65955e-17     
5691.12092679     2.89144e-17     
5696.64524078     3.14144e-17     
5702.16955476     4.5402e-17      
5707.69386874     3.79651e-17     
5713.21818272     3.44927e-17     
5718.7424967      1.76502e-17     
5724.26681068     4.82834e-17     
5729.79112466     2.72374e-17     
5735.31543864     4.48383e-17     
5740.83975263     3.51406e-17     
5746.36406661     3.2925e-17      
5751.88838059     3.85366e-17     
5757.41269457     2.00659e-17     
5762.93700855     5.30739e-17     
5768.46132253     4.62764e-17     
5773.98563651     4.65809e-17     
5779.50995049     3.78443e-17     
5785.03426448     4.11252e-17     
5790.55857846     4.45041e-17     
5796.08289244     3.32661e-17     
5801.60720642     3.55455e-17     
5807.1315204      3.63495e-17     
5812.65583438     3.54698e-17     
5818.18014836     4.36454e-17     
5823.70446234     3.72309e-17     
5829.22877633     3.97912e-17     
5834.75309031     3.90705e-17     
5840.27740429     4.8896e-17      
5845.80171827     4.48327e-17     
5851.32603225     3.67853e-17     
5856.85034623     4.34408e-17     
5862.37466021     7.27464e-17     
5867.89897419     3.96452e-17     
5873.42328818     5.15674e-17     
5878.94760216     1.43379e-17     
5884.47191614     3.98663e-17     
5889.99623012     5.59594e-17     
5895.5205441      4.05037e-17     
5901.04485808     5.8545e-17      
5906.56917206     4.6791e-17      
5912.09348604     2.45239e-17     
5917.61780003     4.10992e-17     
5923.14211401     3.30636e-17     
5928.66642799     3.58253e-17     
5934.19074197     4.29095e-17     
5939.71505595     3.64221e-17     
5945.23936993     3.20118e-17     
5950.76368391     4.62324e-17     
5956.28799789     6.07769e-17     
5961.81231188     4.01059e-17     
5967.33662586     3.16289e-17     
5972.86093984     4.39732e-17     
5978.38525382     3.23348e-17     
5983.9095678      5.42935e-17     
5989.43388178     6.0646e-17      
5994.95819576     4.04604e-17     
6000.48250974     5.31492e-17     
6006.00682373     3.35187e-17     
6011.53113771     3.20014e-17     
6017.05545169     3.98522e-17     
6022.57976567     2.94627e-17     
6028.10407965     3.19651e-17     
6033.62839363     3.01441e-17     
6039.15270761     3.93803e-17     
6044.67702159     2.94385e-17     
6050.20133558     5.03124e-17     
6055.72564956     4.91986e-17     
6061.24996354     3.12071e-17     
6066.77427752     3.31064e-17     
6072.2985915      3.51198e-17     
6077.82290548     3.35372e-17     
6083.34721946     3.41156e-17     
6088.87153344     2.9966e-17      
6094.39584743     2.59807e-17     
6099.92016141     5.35008e-17     
6105.44447539     3.68837e-17     
6110.96878937     3.90569e-17     
6116.49310335     3.5191e-17      
6122.01741733     4.00458e-17     
6127.54173131     2.71261e-17     
6133.06604529     4.01068e-17     
6138.59035928     3.13012e-17     
6144.11467326     1.40959e-17     
6149.63898724     3.81516e-17     
6155.16330122     2.76951e-17     
6160.6876152      5.35328e-17     
6166.21192918     4.89336e-17     
6171.73624316     4.59151e-17     
6177.26055714     2.32386e-17     
6182.78487113     3.82412e-17     
6188.30918511     2.31107e-17     
6193.83349909     4.55496e-17     
6199.35781307     4.6838e-17      
6204.88212705     3.73752e-17     
6210.40644103     3.911e-17       
6215.93075501     5.2127e-17      
6221.45506899     5.24725e-17     
6226.97938298     5.2182e-17      
6232.50369696     3.14299e-17     
6238.02801094     3.12599e-17     
6243.55232492     4.42897e-17     
6249.0766389      3.64254e-17     
6254.60095288     5.0998e-17      
6260.12526686     4.44614e-17     
6265.64958084     5.11236e-17     
6271.17389483     4.77095e-17     
6276.69820881     3.81419e-17     
6282.22252279     3.76986e-17     
6287.74683677     4.23608e-17     
6293.27115075     6.36104e-17     
6298.79546473     6.50882e-17     
6304.31977871     5.81032e-17     
6309.84409269     4.12996e-17     
6315.36840668     3.86636e-17     
6320.89272066     2.27904e-17     
6326.41703464     1.6211e-17      
6331.94134862     3.93899e-17     
6337.4656626      3.3507e-17      
6342.98997658     4.7433e-17      
6348.51429056     3.78476e-17     
6354.03860454     5.20783e-17     
6359.56291853     5.43864e-17     
6365.08723251     2.68829e-17     
6370.61154649     4.95072e-17     
6376.13586047     5.35677e-17     
6381.66017445     3.12622e-17     
6387.18448843     3.46213e-17     
6392.70880241     5.01987e-17     
6398.23311639     4.74791e-17     
6403.75743038     5.45358e-17     
6409.28174436     2.89495e-17     
6414.80605834     5.36367e-17     
6420.33037232     4.09509e-17     
6425.8546863      3.49927e-17     
6431.37900028     3.66646e-17     
6436.90331426     2.83292e-17     
6442.42762824     4.34727e-17     
6447.95194223     5.67432e-17     
6453.47625621     4.23432e-17     
6459.00057019     3.80175e-17     
6464.52488417     2.3213e-17      
6470.04919815     4.69068e-17     
6475.57351213     5.87384e-17     
6481.09782611     3.01863e-17     
6486.62214009     4.62432e-17     
6492.14645407     3.67206e-17     
6497.67076806     3.62414e-17     
6503.19508204     4.00297e-17     
6508.71939602     3.65155e-17     
6514.24371        3.66401e-17     
6519.76802398     3.70346e-17     
6525.29233796     4.50535e-17     
6530.81665194     3.35511e-17     
6536.34096592     2.86359e-17     
6541.86527991     3.84775e-17     
6547.38959389     2.2432e-17      
6552.91390787     4.25739e-17     
6558.43822185     4.07927e-17     
6563.96253583     3.32489e-17     
6569.48684981     3.06867e-17     
6575.01116379     1.86822e-17     
6580.53547777     2.41581e-17     
6586.05979176     2.95546e-17     
6591.58410574     4.19263e-17     
6597.10841972     2.06986e-17     
6602.6327337      3.6245e-17      
6608.15704768     1.21964e-17     
6613.68136166     2.45471e-17     
6619.20567564     4.0104e-17      
6624.72998962     2.44262e-17     
6630.25430361     1.40793e-17     
6635.77861759     1.95858e-17     
6641.30293157     1.80594e-17     
6646.82724555     2.08834e-17     
6652.35155953     2.36137e-17     
6657.87587351     2.67605e-17     
6663.40018749     2.56922e-17     
6668.92450147     3.7143e-17      
6674.44881546     4.86912e-17     
6679.97312944     2.42846e-17     
6685.49744342     3.10488e-17     
6691.0217574      3.19513e-17     
6696.54607138     3.3169e-17      
6702.07038536     1.63538e-17     
6707.59469934     1.74523e-17     
6713.11901332     2.76979e-17     
6718.64332731     2.88214e-17     
6724.16764129     3.95126e-17     
6729.69195527     3.58338e-17     
6735.21626925     3.0617e-17      
6740.74058323     3.43128e-17     
6746.26489721     2.81842e-17     
6751.78921119     2.43883e-17     
6757.31352517     3.05136e-17     
6762.83783916     3.89154e-17     
6768.36215314     3.17561e-17     
6773.88646712     4.00819e-17     
6779.4107811      2.18493e-17     
6784.93509508     1.60373e-17     
6790.45940906     3.5759e-17      
6795.98372304     2.43727e-17     
6801.50803702     2.45716e-17     
6807.03235101     2.48668e-17     
6812.55666499     3.68972e-17     
6818.08097897     3.72751e-17     
6823.60529295     3.52965e-17     
6829.12960693     3.4495e-17      
6834.65392091     3.01098e-17     
6840.17823489     3.35088e-17     
6845.70254887     3.95212e-17     
6851.22686286     3.10613e-17     
6856.75117684     2.55127e-17     
6862.27549082     4.11496e-17     
6867.7998048      2.92e-17        
6873.32411878     2.32069e-17     
6878.84843276     3.6115e-17      
6884.37274674     4.83403e-17     
6889.89706072     3.98251e-17     
6895.42137471     5.07711e-17     
6900.94568869     6.14153e-17     
6906.47000267     4.00482e-17     
6911.99431665     5.40105e-17     
6917.51863063     4.51198e-17     
6923.04294461     3.12121e-17     
6928.56725859     2.38278e-17     
6934.09157257     3.0962e-17      
6939.61588656     2.91464e-17     
6945.14020054     4.86194e-17     
6950.66451452     3.00193e-17     
6956.1888285      4.81845e-17     
6961.71314248     4.06001e-17     
6967.23745646     2.74163e-17     
6972.76177044     3.21369e-17     
6978.28608442     2.54075e-17     
6983.81039841     3.67881e-17     
6989.33471239     4.14924e-17     
6994.85902637     5.98435e-17     
7000.38334035     5.3266e-17      
7005.90765433     4.65581e-17     
7011.43196831     3.62708e-17     
7016.95628229     4.97828e-17     
7022.48059627     5.4028e-17      
7028.00491026     3.79432e-17     
7033.52922424     6.26208e-17     
7039.05353822     7.46178e-17     
7044.5778522      5.30078e-17     
7050.10216618     6.27309e-17     
7055.62648016     6.62128e-17     
7061.15079414     5.03571e-17     
7066.67510812     4.69071e-17     
7072.19942211     4.27081e-17     
7077.72373609     3.62729e-17     
7083.24805007     4.07784e-17     
7088.77236405     4.42376e-17     
7094.29667803     4.5032e-17      
7099.82099201     3.74746e-17     
7105.34530599     3.981e-17       
7110.86961997     5.54673e-17     
7116.39393396     4.57076e-17     
7121.91824794     4.15214e-17     
7127.44256192     2.8383e-17      
7132.9668759      3.2241e-17      
7138.49118988     5.06488e-17     
7144.01550386     5.20645e-17     
7149.53981784     3.75515e-17     
7155.06413182     2.53019e-17     
7160.58844581     3.21366e-17     
7166.11275979     4.59453e-17     
7171.63707377     6.27378e-17     
7177.16138775     3.18694e-17     
7182.68570173     3.02776e-17     
7188.21001571     4.60878e-17     
7193.73432969     4.48969e-17     
7199.25864367     4.81242e-17     
7204.78295766     4.55291e-17     
7210.30727164     3.19512e-17     
7215.83158562     4.56689e-17     
7221.3558996      5.855e-17       
7226.88021358     5.40587e-17     
7232.40452756     3.97705e-17     
7237.92884154     3.43035e-17     
7243.45315552     4.04062e-17     
7248.97746951     6.3386e-17      
7254.50178349     2.01451e-17     
7260.02609747     3.28428e-17     
7265.55041145     3.29096e-17     
7271.07472543     4.7814e-17      
7276.59903941     3.93794e-17     
7282.12335339     5.97849e-17     
7287.64766737     4.26934e-17     
7293.17198136     2.90114e-17     
7298.69629534     3.82399e-17     
7304.22060932     4.05202e-17     
7309.7449233      2.61999e-17     
7315.26923728     1.86059e-17     
7320.79355126     1.70041e-17     
7326.31786524     2.98696e-17     
7331.84217922     4.68849e-17     
7337.36649321     4.08468e-17     
7342.89080719     3.05177e-17     
7348.41512117     2.44008e-17     
7353.93943515     3.17346e-17     
7359.46374913     4.17678e-17     
7364.98806311     4.32027e-17     
7370.51237709     3.37702e-17     
7376.03669107     3.50954e-17     
7381.56100506     2.95149e-17     
7387.08531904     4.89708e-17     
7392.60963302     3.9036e-17      
7398.133947       4.0275e-17      
7403.65826098     2.63912e-17     
7409.18257496     1.58039e-17     
7414.70688894     4.22785e-17     
7420.23120292     4.1742e-17      
7425.7555169      3.21845e-17     
7431.27983089     5.69966e-18     
7436.80414487     1.96125e-17     
7442.32845885     5.02064e-17     
7447.85277283     5.80141e-17     
7453.37708681     4.9163e-17      
7458.90140079     4.5319e-17      
7464.42571477     3.71985e-17     
7469.95002875     1.98055e-17     
7475.47434274     3.8757e-17      
7480.99865672     4.97374e-17     
7486.5229707      5.5827e-17      
7492.04728468     3.9787e-17      
7497.57159866     2.14704e-17     
7503.09591264     3.08639e-17     
7508.62022662     4.53348e-17     
7514.1445406      4.69417e-17     
7519.66885459     3.44873e-17     
7525.19316857     3.13214e-17     
7530.71748255     4.5373e-17      
7536.24179653     1.59975e-17     
7541.76611051     4.761e-17       
7547.29042449     5.20275e-17     
7552.81473847     3.8433e-17      
7558.33905245     4.02464e-17     
7563.86336644     3.50946e-17     
7569.38768042     3.33501e-17     
7574.9119944      4.04339e-17     
7580.43630838     5.62929e-17     
7585.96062236     4.77745e-17     
7591.48493634     6.73811e-17     
7597.00925032     5.57509e-17     
7602.5335643      3.60945e-17     
7608.05787829     3.04024e-17     
7613.58219227     6.47404e-17     
7619.10650625     3.95564e-17     
7624.63082023     2.71245e-17     
7630.15513421     3.13786e-17     
7635.67944819     -4.10589e-18    
7641.20376217     1.55442e-18     
7646.72807615     4.45904e-17     
7652.25239014     6.61176e-17     
7657.77670412     7.22959e-17     
7663.3010181      3.65811e-17     
7668.82533208     1.46426e-17     
7674.34964606     9.99839e-18     
7679.87396004     2.61012e-17     
7685.39827402     4.33006e-17     
7690.922588       5.95896e-17     
7696.44690199     3.29883e-17     
7701.97121597     1.58994e-17     
7707.49552995     1.12478e-17     
7713.01984393     5.16113e-17     
7718.54415791     7.37093e-17     
7724.06847189     4.36048e-17     
7729.59278587     3.3332e-17      
7735.11709985     2.77929e-17     
7740.64141384     2.45882e-17     
7746.16572782     1.82826e-17     
7751.6900418      3.98205e-17     
7757.21435578     7.02962e-17     
7762.73866976     5.50631e-17     
7768.26298374     1.45043e-17     
7773.78729772     2.26242e-17     
7779.3116117      2.99888e-17     
7784.83592569     4.91506e-17     
7790.36023967     5.7208e-17      
7795.88455365     6.62292e-17     
7801.40886763     3.67619e-17     
7806.93318161     3.68968e-17     
7812.45749559     3.11971e-17     
7817.98180957     2.37779e-17     
7823.50612355     3.36735e-17     
7829.03043754     5.58731e-17     
7834.55475152     3.47686e-17     
7840.0790655      3.93751e-17     
7845.60337948     2.09577e-17     
7851.12769346     1.69359e-17     
7856.65200744     2.40956e-17     
7862.17632142     4.0948e-17      
7867.7006354      2.55169e-17     
7873.22494939     3.63116e-17     
7878.74926337     2.79112e-17     
7884.27357735     1.88641e-17     
7889.79789133     2.73102e-17     
7895.32220531     6.23553e-17     
7900.84651929     5.53835e-17     
7906.37083327     2.89577e-17     
7911.89514725     8.81513e-18     
7917.41946124     -1.88651e-18    
7922.94377522     8.79251e-18     
7928.4680892      5.15093e-17     
7933.99240318     6.33676e-17     
7939.51671716     4.35029e-17     
7945.04103114     4.57956e-17     
7950.56534512     2.36321e-17     
7956.0896591      4.26783e-18     
7961.61397309     3.86149e-17     
7967.13828707     4.29776e-17     
7972.66260105     7.38855e-17     
7978.18691503     3.20122e-17     
7983.71122901     2.05139e-17     
7989.23554299     -5.1011e-18     
7994.75985697     3.92161e-17     
8000.28417095     4.50713e-17     
8005.80848494     2.81428e-17     
8011.33279892     3.03201e-17     
8016.8571129      2.68436e-17     
8022.38142688     1.37677e-17     
8027.90574086     2.97728e-17     
8033.43005484     1.92729e-17     
8038.95436882     3.24559e-17     
8044.4786828      5.08229e-17     
8050.00299679     2.06968e-17     
8055.52731077     1.77488e-17     
8061.05162475     2.06182e-17     
8066.57593873     1.5478e-17      
8072.10025271     4.40756e-17     
8077.62456669     3.75218e-17     
8083.14888067     4.25028e-17     
8088.67319465     3.72371e-17     
8094.19750864     1.54794e-17     
8099.72182262     2.65052e-17     
8105.2461366      2.74422e-17     
8110.77045058     3.93197e-17     
8116.29476456     4.69455e-17     
8121.81907854     2.99793e-17     
8127.34339252     4.4097e-17      
8132.8677065      1.74318e-17     
8138.39202049     3.69892e-17     
8143.91633447     2.60168e-17     
8149.44064845     4.27139e-17     
8154.96496243     6.34069e-17     
8160.48927641     2.58931e-17     
8166.01359039     1.90043e-17     
8171.53790437     1.85478e-17     
8177.06221835     2.13722e-17     
8182.58653234     4.02404e-17     
8188.11084632     3.53264e-17     
8193.6351603      2.09528e-17     
8199.15947428     2.59267e-17     
8204.68378826     2.19564e-17     
8210.20810224     2.48376e-17     
8215.73241622     3.61279e-17     
8221.2567302      4.59722e-17     
8226.78104419     4.87961e-17     
8232.30535817     3.33908e-17     
8237.82967215     2.78955e-17     
8243.35398613     2.7093e-17      
8248.87830011     3.75568e-17     
8254.40261409     4.0776e-17      
8259.92692807     2.47008e-17     
8265.45124205     5.44261e-17     
8270.97555604     4.89578e-17     
8276.49987002     1.53456e-17     
8282.024184       -4.69356e-20    
8287.54849798     1.72768e-17     
8293.07281196     1.58335e-17     
8298.59712594     2.90402e-17     
8304.12143992     4.40402e-17     
8309.6457539      2.79415e-17     
8315.17006789     2.35382e-17     
8320.69438187     3.50201e-17     
8326.21869585     2.2538e-17      
8331.74300983     2.28482e-17     
8337.26732381     6.25626e-17     
8342.79163779     5.67424e-17     
8348.31595177     -1.12771e-17    
8353.84026575     4.8961e-18      
8359.36457973     1.00277e-18     
8364.88889372     3.06073e-17     
8370.4132077      6.24335e-17     
8375.93752168     5.22332e-17     
8381.46183566     3.7483e-17      
8386.98614964     1.97265e-18     
8392.51046362     2.71889e-17     
8398.0347776      3.12636e-17     
8403.55909158     5.01145e-17     
8409.08340557     5.44521e-17     
8414.60771955     3.27526e-17     
8420.13203353     5.1819e-17      
8425.65634751     -2.80573e-17    
8431.18066149     3.141e-18       
8436.70497547     4.0423e-17      
8442.22928945     4.08569e-17     
8447.75360343     4.31989e-17     
8453.27791742     3.42283e-17     
8458.8022314      1.70302e-17     
8464.32654538     -3.1907e-18     
8469.85085936     2.82029e-17     
8475.37517334     6.08961e-17     
8480.89948732     5.18051e-17     
8486.4238013      3.37498e-17     
8491.94811528     3.41307e-17     
8497.47242927     3.75041e-17     
8502.99674325     4.97874e-18     
8508.52105723     2.19595e-17     
8514.04537121     3.01187e-17     
8519.56968519     3.14479e-17     
8525.09399917     2.23446e-17     
8530.61831315     2.01803e-17     
8536.14262713     2.00442e-17     
8541.66694112     2.41188e-17     
8547.1912551      3.74206e-17     
8552.71556908     3.34234e-17     
8558.23988306     4.24773e-17     
8563.76419704     3.77181e-17     
8569.28851102     3.58122e-17     
8574.812825       3.26305e-17     
8580.33713898     1.60356e-17     
8585.86145297     1.68006e-17     
8591.38576695     1.97169e-17     
8596.91008093     4.96892e-17     
8602.43439491     2.76266e-17     
8607.95870889     2.55497e-17     
8613.48302287     1.95625e-17     
8619.00733685     6.67959e-18     
8624.53165083     8.60158e-18     
8630.05596482     4.11905e-17     
8635.5802788      5.09646e-17     
8641.10459278     4.62831e-17     
8646.62890676     3.21984e-17     
8652.15322074     2.2704e-17      
8657.67753472     1.10671e-19     
8663.2018487      -8.69669e-18    
8668.72616268     4.30632e-17     
8674.25047667     1.21132e-17     
8679.77479065     6.07871e-17     
8685.29910463     3.68688e-17     
8690.82341861     2.54433e-17     
8696.34773259     2.48886e-17     
8701.87204657     8.2145e-18      
8707.39636055     3.02726e-17     
8712.92067453     1.05649e-17     
8718.44498852     4.56617e-17     
8723.9693025      3.40449e-17     
8729.49361648     3.82197e-17     
8735.01793046     3.02352e-17     
8740.54224444     2.03236e-17     
8746.06655842     4.01082e-17     
8751.5908724      4.64542e-17     
8757.11518638     2.70606e-17     
8762.63950037     4.31248e-17     
8768.16381435     8.44627e-18     
8773.68812833     6.68904e-18     
8779.21244231     1.69902e-17     
8784.73675629     1.05303e-17     
8790.26107027     3.29133e-17     
8795.78538425     3.1338e-17      
8801.30969823     4.96619e-17     
8806.83401222     3.30111e-17     
8812.3583262      2.72273e-17     
8817.88264018     2.72883e-17     
8823.40695416     -2.52052e-18    
8828.93126814     3.81321e-17     
8834.45558212     6.46006e-17     
8839.9798961      5.93412e-17     
8845.50421008     1.86728e-17     
8851.02852407     7.24739e-18     
8856.55283805     2.12135e-17     
8862.07715203     4.28714e-17     
8867.60146601     3.52358e-17     
8873.12577999     3.22638e-17     
8878.65009397     1.6272e-17      
8884.17440795     -2.65746e-17    
8889.69872193     1.65644e-17     
8895.22303592     -3.27791e-17    
8900.7473499      2.91265e-17     
8906.27166388     3.1795e-17      
8911.79597786     1.06161e-17     
8917.32029184     3.97573e-18     
8922.84460582     -1.22161e-18    
8928.3689198      2.09275e-17     
8933.89323378     3.07696e-17     
8939.41754777     3.9002e-17      
8944.94186175     4.03829e-17     
8950.46617573     4.20276e-17     
8955.99048971     -1.55665e-18    
8961.51480369     -1.07188e-17    
8967.03911767     3.97118e-17     
8972.56343165     4.00773e-17     
8978.08774563     3.04797e-17     
8983.61205962     3.86412e-17     
8989.1363736      2.90614e-17     
8994.66068758     1.82892e-17     
9000.18500156     3.43298e-17     
9005.70931554     4.99919e-17     
9011.23362952     2.99154e-17     
9016.7579435      1.46473e-17     
9022.28225748     5.35064e-18     
9027.80657147     -9.57552e-18    
9033.33088545     3.95404e-17     
9038.85519943     3.3063e-17      
9044.37951341     3.81995e-17     
9049.90382739     3.64506e-17     
9055.42814137     2.43324e-17     
9060.95245535     3.86501e-17     
9066.47676933     3.60615e-17     
9072.00108332     3.90878e-17     
9077.5253973      3.64601e-17     
9083.04971128     1.57596e-17     
9088.57402526     1.52003e-17     
9094.09833924     2.04157e-17     
9099.62265322     1.25358e-17     
9105.1469672      5.5681e-17      
9110.67128118     2.7904e-17      
9116.19559517     1.66836e-17     
9121.71990915     1.55355e-17     
9127.24422313     2.60855e-17     
9132.76853711     1.75587e-17     
9138.29285109     3.7528e-17      
9143.81716507     3.75494e-17     
9149.34147905     1.50042e-17     
9154.86579303     2.519e-18       
9160.39010702     -1.5098e-17     
9165.914421       -3.39736e-18    
9171.43873498     4.90108e-17     
9176.96304896     3.44422e-17     
9182.48736294     2.37035e-17     
9188.01167692     5.95832e-18     
9193.5359909      1.20823e-18     
9199.06030488     4.87766e-17     
9204.58461887     3.04567e-17     
9210.10893285     2.62371e-17     
9215.63324683     1.89492e-17     
9221.15756081     2.37818e-17     
9226.68187479     4.62594e-17     
9232.20618877     5.98086e-17     
9237.73050275     4.69937e-17     
9243.25481673     1.21309e-18     
9248.77913072     1.75569e-17     
9254.3034447      -8.02524e-18    
9259.82775868     2.09347e-17     
9265.35207266     2.78268e-17     
9270.87638664     4.13694e-17     
