3632.35286474     0.0             
3637.91922091     0.0             
3643.48557709     0.0             
3649.05193326     0.0             
3654.61828943     0.0             
3660.1846456      0.0             
3665.75100178     -8.77543e-19    
3671.31735795     4.24671e-18     
3676.88371412     5.24032e-18     
3682.45007029     9.14757e-18     
3688.01642647     4.5029e-18      
3693.58278264     1.32275e-18     
3699.14913881     4.19323e-18     
3704.71549499     6.40201e-18     
3710.28185116     5.97298e-18     
3715.84820733     9.94832e-18     
3721.4145635      3.83322e-18     
3726.98091968     2.76398e-18     
3732.54727585     4.3965e-18      
3738.11363202     6.06761e-18     
3743.67998819     5.70279e-18     
3749.24634437     5.55402e-18     
3754.81270054     5.22159e-18     
3760.37905671     4.40253e-18     
3765.94541288     6.75308e-18     
3771.51176906     5.86934e-18     
3777.07812523     4.19467e-18     
3782.6444814      5.42946e-18     
3788.21083758     6.65786e-18     
3793.77719375     9.87446e-19     
3799.34354992     3.38558e-18     
3804.90990609     4.11721e-18     
3810.47626227     3.6946e-18      
3816.04261844     7.48167e-18     
3821.60897461     4.51161e-18     
3827.17533078     6.61666e-18     
3832.74168696     8.59993e-18     
3838.30804313     4.34769e-18     
3843.8743993      8.2937e-18      
3849.44075548     2.77413e-18     
3855.00711165     4.56865e-18     
3860.57346782     2.60201e-18     
3866.13982399     3.48019e-18     
3871.70618017     3.3266e-18      
3877.27253634     5.36156e-18     
3882.83889251     6.70477e-18     
3888.40524868     7.32574e-18     
3893.97160486     4.83296e-18     
3899.53796103     7.54142e-18     
3905.1043172      7.12265e-18     
3910.67067337     8.35968e-18     
3916.23702955     4.70478e-18     
3921.80338572     7.83335e-18     
3927.36974189     2.60799e-18     
3932.93609807     4.02111e-18     
3938.50245424     2.00105e-18     
3944.06881041     5.14631e-18     
3949.63516658     4.77927e-18     
3955.20152276     6.24224e-18     
3960.76787893     5.15808e-18     
3966.3342351      8.06634e-18     
3971.90059127     7.34289e-18     
3977.46694745     4.19867e-18     
3983.03330362     3.41008e-18     
3988.59965979     3.98593e-18     
3994.16601597     6.40228e-18     
3999.73237214     6.07271e-18     
4005.29872831     3.52143e-18     
4010.86508448     2.69698e-18     
4016.43144066     5.72254e-18     
4021.99779683     5.29142e-18     
4027.564153       4.99815e-18     
4033.13050917     7.78476e-18     
4038.69686535     1.21027e-17     
4044.26322152     1.54168e-17     
4049.82957769     1.743e-17       
4055.39593386     1.79062e-17     
4060.96229004     8.4535e-18      
4066.52864621     6.49629e-18     
4072.09500238     5.5361e-18      
4077.66135856     3.85016e-18     
4083.22771473     7.52588e-18     
4088.7940709      6.28273e-18     
4094.36042707     7.35893e-18     
4099.92678325     5.74166e-18     
4105.49313942     7.1653e-18      
4111.05949559     9.38959e-18     
4116.62585176     7.26807e-18     
4122.19220794     4.94925e-18     
4127.75856411     4.22113e-18     
4133.32492028     4.32859e-18     
4138.89127646     6.37521e-18     
4144.45763263     7.73645e-18     
4150.0239888      6.99845e-18     
4155.59034497     3.10367e-18     
4161.15670115     5.9514e-18      
4166.72305732     4.82607e-18     
4172.28941349     7.02397e-18     
4177.85576966     7.58911e-18     
4183.42212584     5.8194e-18      
4188.98848201     8.08089e-18     
4194.55483818     7.54778e-18     
4200.12119435     7.74056e-18     
4205.68755053     8.33935e-18     
4211.2539067      6.35743e-18     
4216.82026287     4.922e-18       
4222.38661905     5.77837e-18     
4227.95297522     6.95745e-18     
4233.51933139     9.32184e-18     
4239.08568756     6.35197e-18     
4244.65204374     5.7686e-18      
4250.21839991     9.89316e-18     
4255.78475608     6.15211e-18     
4261.35111225     8.09555e-18     
4266.91746843     9.63882e-18     
4272.4838246      5.41374e-18     
4278.05018077     8.16252e-18     
4283.61653695     7.86703e-18     
4289.18289312     7.87187e-18     
4294.74924929     7.65991e-18     
4300.31560546     9.12884e-18     
4305.88196164     7.34227e-18     
4311.44831781     8.52951e-18     
4317.01467398     1.01421e-17     
4322.58103015     6.07999e-18     
4328.14738633     7.09971e-18     
4333.7137425      6.49297e-18     
4339.28009867     7.46226e-18     
4344.84645484     8.95908e-18     
4350.41281102     8.88057e-18     
4355.97916719     8.94304e-18     
4361.54552336     1.27203e-17     
4367.11187954     1.14297e-17     
4372.67823571     1.05852e-17     
4378.24459188     1.33907e-17     
4383.81094805     1.00101e-17     
4389.37730423     1.10399e-17     
4394.9436604      1.28016e-17     
4400.51001657     1.18357e-17     
4406.07637274     1.30808e-17     
4411.64272892     1.17376e-17     
4417.20908509     1.11727e-17     
4422.77544126     1.33309e-17     
4428.34179744     1.32536e-17     
4433.90815361     1.07992e-17     
4439.47450978     1.15808e-17     
4445.04086595     1.17555e-17     
4450.60722213     1.03217e-17     
4456.1735783      1.1429e-17      
4461.73993447     8.31031e-18     
4467.30629064     1.04337e-17     
4472.87264682     7.74078e-18     
4478.43900299     9.89216e-18     
4484.00535916     8.97861e-18     
4489.57171533     1.09967e-17     
4495.13807151     1.11953e-17     
4500.70442768     1.09338e-17     
4506.27078385     1.32117e-17     
4511.83714003     1.16684e-17     
4517.4034962      1.04423e-17     
4522.96985237     1.09277e-17     
4528.53620854     1.07106e-17     
4534.10256472     1.13734e-17     
4539.66892089     1.29313e-17     
4545.23527706     9.95817e-18     
4550.80163323     7.37977e-18     
4556.36798941     9.34042e-18     
4561.93434558     7.13825e-18     
4567.50070175     1.0707e-17      
4573.06705792     9.563e-18       
4578.6334141      1.00283e-17     
4584.19977027     8.62935e-18     
4589.76612644     1.03136e-17     
4595.33248262     1.11504e-17     
4600.89883879     8.78129e-18     
4606.46519496     8.50044e-18     
4612.03155113     9.13059e-18     
4617.59790731     8.4883e-18      
4623.16426348     1.16188e-17     
4628.73061965     1.12915e-17     
4634.29697582     1.12158e-17     
4639.863332       8.47809e-18     
4645.42968817     9.45407e-18     
4650.99604434     9.1615e-18      
4656.56240052     9.41111e-18     
4662.12875669     7.27131e-18     
4667.69511286     9.69931e-18     
4673.26146903     7.87069e-18     
4678.82782521     8.31997e-18     
4684.39418138     8.57406e-18     
4689.96053755     8.78348e-18     
4695.52689372     9.15838e-18     
4701.0932499      8.96226e-18     
4706.65960607     9.14287e-18     
4712.22596224     1.03083e-17     
4717.79231842     9.05147e-18     
4723.35867459     8.21842e-18     
4728.92503076     9.46386e-18     
4734.49138693     1.13171e-17     
4740.05774311     8.82551e-18     
4745.62409928     1.03355e-17     
4751.19045545     8.83908e-18     
4756.75681162     7.86829e-18     
4762.3231678      9.07842e-18     
4767.88952397     8.57415e-18     
4773.45588014     9.23952e-18     
4779.02223631     1.14192e-17     
4784.58859249     9.54276e-18     
4790.15494866     1.00769e-17     
4795.72130483     9.291e-18       
4801.28766101     8.49066e-18     
4806.85401718     1.02675e-17     
4812.42037335     9.09608e-18     
4817.98672952     8.83744e-18     
4823.5530857      9.45862e-18     
4829.11944187     9.2167e-18      
4834.68579804     1.1195e-17      
4840.25215421     1.11627e-17     
4845.81851039     1.01801e-17     
4851.38486656     9.96643e-18     
4856.95122273     9.22841e-18     
4862.51757891     1.04343e-17     
4868.08393508     9.53199e-18     
4873.65029125     9.12549e-18     
4879.21664742     9.17975e-18     
4884.7830036      1.26583e-17     
4890.34935977     1.13689e-17     
4895.91571594     1.06738e-17     
4901.48207211     1.0221e-17      
4907.04842829     1.10709e-17     
4912.61478446     1.13225e-17     
4918.18114063     1.00205e-17     
4923.7474968      1.18257e-17     
4929.31385298     1.1824e-17      
4934.88020915     1.31171e-17     
4940.44656532     1.23314e-17     
4946.0129215      9.35092e-18     
4951.57927767     1.08141e-17     
4957.14563384     1.43569e-17     
4962.71199001     1.39336e-17     
4968.27834619     1.33738e-17     
4973.84470236     1.53313e-17     
4979.41105853     1.3983e-17      
4984.9774147      1.3098e-17      
4990.54377088     1.31011e-17     
4996.11012705     1.3728e-17      
5001.67648322     1.21387e-17     
5007.2428394      1.42767e-17     
5012.80919557     1.40857e-17     
5018.37555174     1.36262e-17     
5023.94190791     1.39313e-17     
5029.50826409     1.40999e-17     
5035.07462026     1.50217e-17     
5040.64097643     1.38844e-17     
5046.2073326      1.37915e-17     
5051.77368878     1.60198e-17     
5057.34004495     1.61029e-17     
5062.90640112     1.56947e-17     
5068.47275729     1.59909e-17     
5074.03911347     1.36923e-17     
5079.60546964     1.7441e-17      
5085.17182581     1.61928e-17     
5090.73818199     1.68291e-17     
5096.30453816     1.80296e-17     
5101.87089433     1.45728e-17     
5107.4372505      1.56166e-17     
5113.00360668     1.4158e-17      
5118.56996285     1.35451e-17     
5124.13631902     1.22632e-17     
5129.70267519     1.46969e-17     
5135.26903137     1.20784e-17     
5140.83538754     1.28603e-17     
5146.40174371     1.29022e-17     
5151.96809989     1.13189e-17     
5157.53445606     1.34765e-17     
5163.10081223     1.26138e-17     
5168.6671684      1.28676e-17     
5174.23352458     1.2173e-17      
5179.79988075     1.46583e-17     
5185.36623692     1.13841e-17     
5190.93259309     1.19945e-17     
5196.49894927     1.26192e-17     
5202.06530544     1.38956e-17     
5207.63166161     1.4141e-17      
5213.19801778     1.3406e-17      
5218.76437396     1.33593e-17     
5224.33073013     1.36604e-17     
5229.8970863      1.12833e-17     
5235.46344248     1.2955e-17      
5241.02979865     1.48567e-17     
5246.59615482     1.39482e-17     
5252.16251099     1.3667e-17      
5257.72886717     1.15663e-17     
5263.29522334     1.19361e-17     
5268.86157951     1.09642e-17     
5274.42793568     1.18345e-17     
5279.99429186     1.1896e-17      
5285.56064803     1.30129e-17     
5291.1270042      1.57529e-17     
5296.69336038     1.6577e-17      
5302.25971655     1.55496e-17     
5307.82607272     1.52968e-17     
5313.39242889     1.5848e-17      
5318.95878507     1.41957e-17     
5324.52514124     1.24924e-17     
5330.09149741     1.34173e-17     
5335.65785358     1.35425e-17     
5341.22420976     1.20095e-17     
5346.79056593     1.35613e-17     
5352.3569221      1.53178e-17     
5357.92327827     1.34809e-17     
5363.48963445     1.47944e-17     
5369.05599062     1.38531e-17     
5374.62234679     1.12703e-17     
5380.18870297     1.32095e-17     
5385.75505914     1.3761e-17      
5391.32141531     1.55838e-17     
5396.88777148     1.85408e-17     
5402.45412766     1.6159e-17      
5408.02048383     1.32604e-17     
5413.58684        1.33879e-17     
5419.15319617     1.36343e-17     
5424.71955235     1.40989e-17     
5430.28590852     1.33226e-17     
5435.85226469     2.05055e-17     
5441.41862087     2.5612e-17      
5446.98497704     2.95927e-17     
5452.55133321     2.87956e-17     
5458.11768938     1.915e-17       
5463.68404556     1.97078e-17     
5469.25040173     1.66986e-17     
5474.8167579      1.75784e-17     
5480.38311407     1.58041e-17     
5485.94947025     1.52331e-17     
5491.51582642     1.44837e-17     
5497.08218259     1.36829e-17     
5502.64853876     1.0485e-17      
5508.21489494     1.21874e-17     
5513.78125111     1.22286e-17     
5519.34760728     1.16216e-17     
5524.91396346     1.06238e-17     
5530.48031963     1.06925e-17     
5536.0466758      9.96963e-18     
5541.61303197     1.16176e-17     
5547.17938815     1.07038e-17     
5552.74574432     9.58664e-18     
5558.31210049     9.7468e-18      
5563.87845666     9.52528e-18     
5569.44481284     9.61997e-18     
5575.01116901     8.00057e-18     
5580.57752518     1.22872e-17     
5586.14388136     6.33057e-19     
5591.71023753     7.82017e-18     
5597.2765937      1.20403e-17     
5602.84294987     1.13679e-17     
5608.40930605     1.07376e-17     
5613.97566222     1.30863e-17     
5619.54201839     1.40764e-17     
5625.10837456     1.55447e-17     
5630.67473074     1.27092e-17     
5636.24108691     1.35005e-17     
5641.80744308     1.22729e-17     
5647.37379925     1.31974e-17     
5652.94015543     1.25789e-17     
5658.5065116      1.28889e-17     
5664.07286777     1.49057e-17     
5669.63922395     1.30263e-17     
5675.20558012     1.12438e-17     
5680.77193629     1.32509e-17     
5686.33829246     1.4472e-17      
5691.90464864     1.28246e-17     
5697.47100481     1.26184e-17     
5703.03736098     1.3097e-17      
5708.60371715     1.43344e-17     
5714.17007333     1.45046e-17     
5719.7364295      1.57775e-17     
5725.30278567     1.55126e-17     
5730.86914185     1.20123e-17     
5736.43549802     1.4903e-17      
5742.00185419     1.2913e-17      
5747.56821036     1.2528e-17      
5753.13456654     1.33196e-17     
5758.70092271     1.4185e-17      
5764.26727888     1.63761e-17     
5769.83363505     1.63819e-17     
5775.39999123     1.18161e-17     
5780.9663474      1.38945e-17     
5786.53270357     1.83298e-17     
5792.09905974     1.38805e-17     
5797.66541592     1.34116e-17     
5803.23177209     1.32904e-17     
5808.79812826     1.48726e-17     
5814.36448444     1.70416e-17     
5819.93084061     1.41529e-17     
5825.49719678     1.28212e-17     
5831.06355295     1.55505e-17     
5836.62990913     1.39482e-17     
5842.1962653      1.72618e-17     
5847.76262147     1.78732e-17     
5853.32897764     1.47734e-17     
5858.89533382     1.78382e-17     
5864.46168999     1.78357e-17     
5870.02804616     1.5098e-17      
5875.59440234     1.46629e-17     
5881.16075851     1.73854e-17     
5886.72711468     1.4799e-17      
5892.29347085     1.55778e-17     
5897.85982703     1.55916e-17     
5903.4261832      1.45147e-17     
5908.99253937     1.27292e-17     
5914.55889554     1.42568e-17     
5920.12525172     1.28981e-17     
5925.69160789     1.2668e-17      
5931.25796406     1.2024e-17      
5936.82432023     1.37802e-17     
5942.39067641     1.2548e-17      
5947.95703258     1.13315e-17     
5953.52338875     1.61908e-17     
5959.08974493     1.41542e-17     
5964.6561011      1.28655e-17     
5970.22245727     1.65492e-17     
5975.78881344     1.80015e-17     
5981.35516962     1.83848e-17     
5986.92152579     2.04276e-17     
5992.48788196     1.95597e-17     
5998.05423813     1.78849e-17     
6003.62059431     1.86285e-17     
6009.18695048     1.61865e-17     
6014.75330665     1.47721e-17     
6020.31966283     1.47384e-17     
6025.886019       1.51001e-17     
6031.45237517     1.40098e-17     
6037.01873134     1.39048e-17     
6042.58508752     1.24033e-17     
6048.15144369     1.25372e-17     
6053.71779986     1.15394e-17     
6059.28415603     1.239e-17       
6064.85051221     1.15064e-17     
6070.41686838     9.23759e-18     
6075.98322455     1.0979e-17      
6081.54958072     9.34347e-18     
6087.1159369      1.08428e-17     
6092.68229307     1.1451e-17      
6098.24864924     1.40384e-17     
6103.81500542     1.32581e-17     
6109.38136159     1.3966e-17      
6114.94771776     1.41487e-17     
6120.51407393     1.34072e-17     
6126.08043011     1.16782e-17     
6131.64678628     1.68056e-17     
6137.21314245     1.79135e-17     
6142.77949862     1.63378e-17     
6148.3458548      1.46516e-17     
6153.91221097     1.17074e-17     
6159.47856714     1.28973e-17     
6165.04492332     1.50829e-17     
6170.61127949     1.16772e-17     
6176.17763566     1.41325e-17     
6181.74399183     1.16141e-17     
6187.31034801     1.12894e-17     
6192.87670418     1.16926e-17     
6198.44306035     7.50099e-18     
6204.00941652     8.02897e-18     
6209.5757727      7.2231e-18      
6215.14212887     8.66442e-18     
6220.70848504     7.23037e-18     
6226.27484121     7.27786e-18     
6231.84119739     7.35813e-18     
6237.40755356     7.1726e-18      
6242.97390973     9.79907e-18     
6248.54026591     7.01002e-18     
6254.10662208     7.85933e-18     
6259.67297825     9.06896e-18     
6265.23933442     7.32469e-18     
6270.8056906      7.46721e-18     
6276.37204677     6.73629e-18     
6281.93840294     9.11354e-18     
6287.50475911     9.61372e-18     
6293.07111529     9.12792e-18     
6298.63747146     1.05137e-17     
6304.20382763     1.17121e-17     
6309.77018381     1.16512e-17     
6315.33653998     1.06932e-17     
6320.90289615     1.23298e-17     
6326.46925232     1.09166e-17     
6332.0356085      1.16938e-17     
6337.60196467     1.48005e-17     
6343.16832084     1.49178e-17     
6348.73467701     1.59336e-17     
6354.30103319     1.66792e-17     
6359.86738936     1.69267e-17     
6365.43374553     1.76881e-17     
6371.0001017      1.64458e-17     
6376.56645788     1.82907e-17     
6382.13281405     1.69861e-17     
6387.69917022     1.71012e-17     
6393.2655264      1.68328e-17     
6398.83188257     1.46817e-17     
6404.39823874     1.6319e-17      
6409.96459491     1.65845e-17     
6415.53095109     1.57435e-17     
6421.09730726     1.71469e-17     
6426.66366343     1.52564e-17     
6432.2300196      1.67822e-17     
6437.79637578     1.42485e-17     
6443.36273195     1.44836e-17     
6448.92908812     1.6252e-17      
6454.4954443      1.45275e-17     
6460.06180047     1.49286e-17     
6465.62815664     1.38803e-17     
6471.19451281     1.3081e-17      
6476.76086899     1.19712e-17     
6482.32722516     1.42159e-17     
6487.89358133     1.45717e-17     
6493.4599375      1.44171e-17     
6499.02629368     1.43949e-17     
6504.59264985     1.381e-17       
6510.15900602     1.42137e-17     
6515.72536219     1.34569e-17     
6521.29171837     1.26474e-17     
6526.85807454     1.19713e-17     
6532.42443071     1.22899e-17     
6537.99078689     1.0576e-17      
6543.55714306     1.01985e-17     
6549.12349923     1.19413e-17     
6554.6898554      1.24714e-17     
6560.25621158     1.20281e-17     
6565.82256775     1.08549e-17     
6571.38892392     1.09498e-17     
6576.95528009     1.15533e-17     
6582.52163627     1.36528e-17     
6588.08799244     1.1167e-17      
6593.65434861     1.07234e-17     
6599.22070479     1.05477e-17     
6604.78706096     9.67778e-18     
6610.35341713     1.34871e-17     
6615.9197733      1.29445e-17     
6621.48612948     1.2464e-17      
6627.05248565     1.2711e-17      
6632.61884182     1.36526e-17     
6638.18519799     1.32857e-17     
6643.75155417     1.22094e-17     
6649.31791034     1.18646e-17     
6654.88426651     1.19526e-17     
6660.45062268     1.06367e-17     
6666.01697886     1.20917e-17     
6671.58333503     1.02905e-17     
6677.1496912      1.03655e-17     
6682.71604738     1.14208e-17     
6688.28240355     1.25127e-17     
6693.84875972     1.25675e-17     
6699.41511589     1.17335e-17     
6704.98147207     1.20118e-17     
6710.54782824     1.37646e-17     
6716.11418441     1.4435e-17      
6721.68054058     1.58356e-17     
6727.24689676     1.69144e-17     
6732.81325293     1.59121e-17     
6738.3796091      1.6161e-17      
6743.94596528     1.53762e-17     
6749.51232145     1.59491e-17     
6755.07867762     1.639e-17       
6760.64503379     1.66564e-17     
6766.21138997     1.63056e-17     
6771.77774614     1.81179e-17     
6777.34410231     1.49789e-17     
6782.91045848     1.75066e-17     
6788.47681466     1.63736e-17     
6794.04317083     1.70289e-17     
6799.609527       1.49789e-17     
6805.17588317     1.21663e-17     
6810.74223935     9.6856e-18      
6816.30859552     1.17564e-17     
6821.87495169     1.18212e-17     
6827.44130787     1.43864e-17     
6833.00766404     1.453e-17       
6838.57402021     1.33279e-17     
6844.14037638     1.40217e-17     
6849.70673256     1.11614e-17     
6855.27308873     1.48462e-17     
6860.8394449      1.12129e-17     
6866.40580107     1.19119e-17     
6871.97215725     1.07903e-17     
6877.53851342     1.45372e-17     
6883.10486959     1.14993e-17     
6888.67122577     1.07303e-17     
6894.23758194     1.03103e-17     
6899.80393811     1.06065e-17     
6905.37029428     1.41538e-17     
6910.93665046     9.11267e-18     
6916.50300663     1.35693e-17     
6922.0693628      1.0599e-17      
6927.63571897     8.81343e-18     
6933.20207515     1.17096e-17     
6938.76843132     1.27156e-17     
6944.33478749     1.3297e-17      
6949.90114366     1.3527e-17      
6955.46749984     1.21767e-17     
6961.03385601     1.17056e-17     
6966.60021218     1.16803e-17     
6972.16656836     1.42523e-17     
6977.73292453     1.50015e-17     
6983.2992807      1.31254e-17     
6988.86563687     1.30181e-17     
6994.43199305     1.4179e-17      
6999.99834922     1.49558e-17     
7005.56470539     1.36845e-17     
7011.13106156     1.48221e-17     
7016.69741774     1.48995e-17     
7022.26377391     1.34785e-17     
7027.83013008     1.40087e-17     
7033.39648626     1.29079e-17     
7038.96284243     1.7047e-17      
7044.5291986      1.83644e-17     
7050.09555477     2.27331e-17     
7055.66191095     2.90765e-17     
7061.22826712     3.29021e-17     
7066.79462329     3.18575e-17     
7072.36097946     2.58397e-17     
7077.92733564     2.06462e-17     
7083.49369181     1.85425e-17     
7089.06004798     1.72279e-17     
7094.62640415     1.83994e-17     
7100.19276033     1.76652e-17     
7105.7591165      1.60084e-17     
7111.32547267     1.36436e-17     
7116.89182885     1.30638e-17     
7122.45818502     1.41381e-17     
7128.02454119     1.41611e-17     
7133.59089736     1.17996e-17     
7139.15725354     1.27003e-17     
7144.72360971     1.20886e-17     
7150.28996588     1.28097e-17     
7155.85632205     1.36143e-17     
7161.42267823     1.30425e-17     
7166.9890344      1.32247e-17     
7172.55539057     1.76137e-17     
7178.12174675     1.31272e-17     
7183.68810292     1.2828e-17      
7189.25445909     1.14657e-17     
7194.82081526     1.45984e-17     
7200.38717144     1.66138e-17     
7205.95352761     1.52991e-17     
7211.51988378     1.19328e-17     
7217.08623995     1.03133e-17     
7222.65259613     1.56502e-17     
7228.2189523      1.98702e-17     
7233.78530847     1.39039e-17     
7239.35166464     1.43792e-17     
7244.91802082     1.29476e-17     
7250.48437699     1.26769e-17     
7256.05073316     1.13738e-17     
7261.61708934     1.28853e-17     
7267.18344551     1.16334e-17     
7272.74980168     9.23199e-18     
7278.31615785     7.89018e-18     
7283.88251403     9.25208e-18     
7289.4488702      8.21497e-18     
7295.01522637     1.03773e-17     
7300.58158254     8.49989e-18     
7306.14793872     1.41366e-17     
7311.71429489     1.17692e-17     
7317.28065106     1.1278e-17      
7322.84700724     1.00886e-17     
7328.41336341     7.69712e-18     
7333.97971958     9.43808e-18     
7339.54607575     1.16166e-17     
7345.11243193     8.90822e-18     
7350.6787881      1.067e-17       
7356.24514427     9.37061e-18     
7361.81150044     9.38844e-18     
7367.37785662     7.54334e-18     
7372.94421279     1.05925e-17     
7378.51056896     9.05971e-18     
7384.07692513     8.06942e-18     
7389.64328131     8.40078e-18     
7395.20963748     9.5032e-18      
7400.77599365     9.45038e-18     
7406.34234983     1.21965e-17     
7411.908706       1.09512e-17     
7417.47506217     9.15519e-18     
7423.04141834     9.52167e-18     
7428.60777452     8.00816e-18     
7434.17413069     8.29296e-18     
7439.74048686     1.08817e-17     
7445.30684303     9.70353e-18     
7450.87319921     9.80452e-18     
7456.43955538     9.07081e-18     
7462.00591155     7.89806e-18     
7467.57226773     1.0778e-17      
7473.1386239      1.07001e-17     
7478.70498007     9.44765e-18     
7484.27133624     8.55442e-18     
7489.83769242     5.04915e-18     
7495.40404859     6.94701e-18     
7500.97040476     1.01946e-17     
7506.53676093     1.20683e-17     
7512.10311711     1.14066e-17     
7517.66947328     7.3119e-18      
7523.23582945     3.17711e-18     
7528.80218562     2.48866e-18     
7534.3685418      4.38049e-18     
7539.93489797     6.99383e-18     
7545.50125414     8.46976e-18     
7551.06761032     7.23618e-18     
7556.63396649     4.14159e-18     
7562.20032266     7.58695e-18     
7567.76667883     9.22097e-18     
7573.33303501     8.23511e-18     
7578.89939118     1.10039e-17     
7584.46574735     1.11741e-17     
7590.03210352     7.59307e-18     
7595.5984597      1.32028e-17     
7601.16481587     2.41717e-17     
7606.73117204     2.58469e-17     
7612.29752822     2.54716e-17     
7617.86388439     1.94007e-17     
7623.43024056     1.60072e-17     
7628.99659673     1.37147e-17     
7634.56295291     1.8697e-17      
7640.12930908     2.88019e-17     
7645.69566525     2.09754e-17     
7651.26202142     1.08333e-17     
7656.8283776      1.08648e-17     
7662.39473377     1.41904e-17     
7667.96108994     1.13944e-17     
7673.52744611     1.9107e-17      
7679.09380229     1.72023e-17     
7684.66015846     8.85448e-18     
7690.22651463     6.43358e-18     
7695.79287081     7.58478e-18     
7701.35922698     7.23072e-18     
7706.92558315     1.20567e-17     
7712.49193932     1.35189e-17     
7718.0582955      1.12897e-17     
7723.62465167     1.252e-17       
7729.19100784     7.99687e-18     
7734.75736401     9.89362e-18     
7740.32372019     1.37898e-17     
7745.89007636     1.51277e-17     
7751.45643253     1.61426e-17     
7757.02278871     1.29914e-17     
7762.58914488     9.71667e-18     
7768.15550105     9.10008e-18     
7773.72185722     1.24965e-17     
7779.2882134      1.35784e-17     
7784.85456957     1.37163e-17     
7790.42092574     9.036e-18       
7795.98728191     5.27789e-18     
7801.55363809     7.65455e-18     
7807.11999426     7.43917e-18     
7812.68635043     9.04706e-18     
7818.2527066      1.05272e-17     
7823.81906278     7.73791e-18     
7829.38541895     4.32659e-18     
7834.95177512     2.21496e-18     
7840.5181313      2.42837e-18     
7846.08448747     5.74786e-18     
7851.65084364     1.24367e-17     
7857.21719981     1.28454e-17     
7862.78355599     1.24432e-17     
7868.34991216     1.13082e-17     
7873.91626833     8.37192e-18     
7879.4826245      1.45311e-17     
7885.04898068     1.82093e-17     
7890.61533685     2.03479e-17     
7896.18169302     1.00999e-17     
7901.7480492      6.29356e-18     
7907.31440537     1.0718e-17      
7912.88076154     1.02896e-17     
7918.44711771     1.67386e-17     
7924.01347389     1.51143e-17     
7929.57983006     8.43395e-18     
7935.14618623     9.99703e-18     
7940.7125424      1.03301e-17     
7946.27889858     1.09916e-17     
7951.84525475     7.34074e-18     
7957.41161092     6.45509e-18     
7962.97796709     1.00669e-17     
7968.54432327     8.68479e-18     
7974.11067944     7.41266e-18     
7979.67703561     6.45703e-18     
7985.24339179     1.09051e-17     
7990.80974796     1.06851e-17     
7996.37610413     1.08889e-17     
8001.9424603      9.9002e-18      
8007.50881648     9.23669e-18     
8013.07517265     7.10384e-18     
8018.64152882     9.02147e-18     
8024.20788499     1.02543e-17     
8029.77424117     1.00002e-17     
8035.34059734     9.50569e-18     
8040.90695351     9.25416e-18     
8046.47330969     9.24338e-18     
8052.03966586     8.69673e-18     
8057.60602203     8.46337e-18     
8063.1723782      1.00385e-17     
8068.73873438     9.57021e-18     
8074.30509055     8.29454e-18     
8079.87144672     9.65614e-18     
8085.43780289     8.44825e-18     
8091.00415907     7.87544e-18     
8096.57051524     8.39683e-18     
8102.13687141     7.68159e-18     
8107.70322758     9.5373e-18      
8113.26958376     9.57209e-18     
8118.83593993     7.90504e-18     
8124.4022961      6.9466e-18      
8129.96865228     4.41248e-18     
8135.53500845     6.85436e-18     
8141.10136462     8.61172e-18     
8146.66772079     7.19922e-18     
8152.23407697     8.85839e-18     
8157.80043314     6.83659e-18     
8163.36678931     7.85078e-18     
8168.93314548     7.39748e-18     
8174.49950166     5.75319e-18     
8180.06585783     7.6232e-18      
8185.632214       6.84876e-18     
8191.19857017     5.99116e-18     
8196.76492635     7.7073e-18      
8202.33128252     5.35843e-18     
8207.89763869     4.47875e-18     
8213.46399487     6.73517e-18     
8219.03035104     9.09374e-18     
8224.59670721     8.59015e-18     
8230.16306338     6.97202e-18     
8235.72941956     7.22596e-18     
8241.29577573     5.38225e-18     
8246.8621319      5.88883e-18     
8252.42848807     6.85747e-18     
8257.99484425     4.46741e-18     
8263.56120042     7.59713e-18     
8269.12755659     3.90938e-18     
8274.69391277     -1.85808e-19    
8280.26026894     3.88065e-18     
8285.82662511     3.64074e-18     
8291.39298128     5.63554e-18     
8296.95933746     6.9521e-18      
8302.52569363     7.87612e-18     
8308.0920498      6.88358e-18     
8313.65840597     6.80763e-18     
8319.22476215     5.16113e-18     
8324.79111832     5.0537e-18      
8330.35747449     1.39798e-17     
8335.92383067     1.59788e-17     
8341.49018684     7.06806e-18     
8347.05654301     7.6372e-18      
8352.62289918     1.37115e-17     
8358.18925536     5.68861e-18     
8363.75561153     8.94982e-18     
8369.3219677      1.06747e-17     
8374.88832387     1.18478e-17     
8380.45468005     1.22346e-17     
8386.02103622     1.29742e-17     
8391.58739239     9.55474e-18     
8397.15374856     4.84359e-18     
8402.72010474     6.08096e-18     
8408.28646091     1.04058e-17     
8413.85281708     1.42667e-17     
8419.41917326     1.47984e-17     
8424.98552943     1.1406e-17      
8430.5518856      1.11473e-17     
8436.11824177     9.89257e-18     
8441.68459795     5.98011e-18     
8447.25095412     5.02443e-18     
8452.81731029     6.31565e-18     
8458.38366646     8.95301e-18     
8463.95002264     8.54933e-18     
8469.51637881     7.63161e-18     
8475.08273498     1.02856e-17     
8480.64909116     6.4717e-18      
8486.21544733     7.67247e-18     
8491.7818035      1.21111e-17     
8497.34815967     1.17702e-17     
8502.91451585     1.06537e-17     
8508.48087202     1.04683e-17     
8514.04722819     6.06545e-18     
8519.61358436     8.21318e-18     
8525.17994054     1.14209e-17     
8530.74629671     1.22416e-17     
8536.31265288     1.05799e-17     
8541.87900905     9.13754e-18     
8547.44536523     1.02648e-17     
8553.0117214      8.17804e-18     
8558.57807757     8.43026e-18     
8564.14443375     4.6374e-18      
8569.71078992     7.90559e-18     
8575.27714609     1.04734e-17     
8580.84350226     8.17922e-18     
8586.40985844     6.79475e-18     
8591.97621461     6.64486e-18     
8597.54257078     2.89585e-19     
8603.10892695     -9.98032e-19    
8608.67528313     5.01591e-18     
8614.2416393      9.97527e-18     
8619.80799547     8.19458e-18     
8625.37435165     9.5516e-18      
8630.94070782     9.43642e-18     
8636.50706399     1.16052e-17     
8642.07342016     6.79813e-18     
8647.63977634     4.87016e-18     
8653.20613251     5.77097e-18     
8658.77248868     4.57361e-18     
8664.33884485     8.2058e-18      
8669.90520103     1.006e-17       
8675.4715572      7.47908e-18     
8681.03791337     1.01743e-17     
8686.60426954     8.26237e-18     
8692.17062572     1.14833e-17     
8697.73698189     7.75645e-18     
8703.30333806     7.12018e-18     
8708.86969424     7.17596e-18     
8714.43605041     1.02411e-17     
8720.00240658     6.331e-18       
8725.56876275     4.50512e-18     
8731.13511893     3.77013e-18     
8736.7014751      2.1899e-18      
8742.26783127     7.97308e-18     
8747.83418744     6.31053e-18     
8753.40054362     7.06002e-18     
8758.96689979     8.07684e-18     
8764.53325596     4.67617e-18     
8770.09961214     7.8723e-18      
8775.66596831     2.89349e-18     
8781.23232448     1.00782e-17     
8786.79868065     2.59166e-17     
8792.36503683     1.38142e-17     
8797.931393       1.23119e-17     
8803.49774917     9.43792e-18     
8809.06410534     6.37598e-18     
8814.63046152     8.96823e-18     
8820.19681769     1.06058e-17     
8825.76317386     1.76658e-17     
8831.32953003     1.34503e-17     
8836.89588621     6.96094e-18     
8842.46224238     7.15784e-18     
8848.02859855     -6.30836e-18    
8853.59495473     1.38721e-18     
8859.1613109      4.07721e-18     
8864.72766707     4.01937e-18     
8870.29402324     6.97539e-18     
8875.86037942     5.57246e-18     
8881.42673559     7.2757e-18      
8886.99309176     4.26673e-18     
8892.55944793     2.69637e-18     
8898.12580411     1.01099e-17     
8903.69216028     9.6455e-18      
8909.25851645     5.0492e-18      
8914.82487263     6.35293e-18     
8920.3912288      1.60862e-17     
8925.95758497     4.4918e-18      
8931.52394114     -1.92198e-18    
8937.09029732     5.25308e-18     
8942.65665349     7.25701e-18     
8948.22300966     5.22492e-18     
8953.78936583     8.40013e-18     
8959.35572201     6.97699e-18     
8964.92207818     -5.78342e-19    
8970.48843435     4.06545e-18     
8976.05479052     3.05427e-18     
8981.6211467      1.41985e-19     
8987.18750287     2.04305e-18     
8992.75385904     6.45713e-18     
8998.32021522     6.19017e-18     
9003.88657139     3.53697e-18     
9009.45292756     3.42814e-18     
9015.01928373     8.60828e-18     
9020.58563991     4.35687e-18     
9026.15199608     3.69967e-18     
9031.71835225     1.36613e-18     
9037.28470842     1.98724e-18     
9042.8510646      5.28789e-18     
9048.41742077     1.89798e-18     
9053.98377694     3.84382e-18     
9059.55013312     1.11258e-18     
9065.11648929     6.09586e-18     
9070.68284546     2.48421e-18     
9076.24920163     1.01996e-18     
9081.81555781     4.58134e-18     
9087.38191398     8.94317e-18     
9092.94827015     1.09406e-17     
9098.51462632     2.92196e-18     
9104.0809825      3.10197e-18     
9109.64733867     -2.2567e-18     
9115.21369484     1.19899e-18     
9120.78005101     5.10536e-18     
9126.34640719     2.37468e-18     
9131.91276336     2.68244e-18     
9137.47911953     4.58307e-18     
9143.04547571     -4.51304e-19    
9148.61183188     -1.14973e-19    
9154.17818805     1.35352e-18     
9159.74454422     2.42313e-18     
9165.3109004      4.07517e-18     
9170.87725657     4.24686e-18     
9176.44361274     2.2051e-18      
9182.00996891     2.30813e-18     
9187.57632509     7.42452e-18     
9193.14268126     5.90358e-18     
9198.70903743     6.42653e-18     
9204.27539361     4.54352e-18     
9209.84174978     3.3625e-18      
9215.40810595     2.4749e-18      
9220.97446212     4.27417e-18     
9226.5408183      7.66553e-18     
9232.10717447     6.16009e-18     
9237.67353064     5.55179e-18     
9243.23988681     9.2989e-18      
9248.80624299     6.93845e-18     
9254.37259916     4.02859e-18     
9259.93895533     6.172e-18       
9265.5053115      8.52041e-18     
9271.07166768     4.655e-18       
9276.63802385     0.0             
