3345.16796875  9.385911E-17
3349.24938774109  3.375929E-17
3353.33080673218  3.247140E-17
3357.41222572327  6.259037E-17
3361.49364471436  2.302811E-18
3365.57506370545  3.152662E-19
3369.65648269654  8.560544E-17
3373.73790168763  -8.945949E-19
3377.81932067872  4.335357E-17
3381.90073966981  2.096546E-17
3385.9821586609  2.852783E-17
3390.06357765199  -2.107293E-17
3394.14499664308  3.929956E-17
3398.22641563417  3.024828E-18
3402.30783462526  9.600236E-18
3406.38925361635  -1.343075E-17
3410.47067260744  1.291921E-17
3414.55209159853  1.822055E-17
3418.63351058962  1.838209E-17
3422.71492958071  4.864518E-17
3426.7963485718  3.909197E-17
3430.87776756289  9.544889E-18
3434.95918655398  4.184988E-17
3439.04060554507  4.931829E-17
3443.12202453616  -4.540897E-18
3447.20344352725  1.614978E-17
3451.28486251834  1.252793E-17
3455.36628150943  2.978572E-17
3459.44770050052  2.470635E-17
3463.52911949161  2.293945E-17
3467.6105384827  4.110837E-17
3471.69195747379  3.150477E-17
3475.77337646488  2.309600E-17
3479.85479545597  2.684625E-17
3483.93621444706  2.704184E-18
3488.01763343815  2.085567E-17
3492.09905242924  1.457414E-17
3496.18047142033  4.952488E-17
3500.26189041142  2.249140E-17
3504.34330940251  1.771269E-17
3508.4247283936  2.441999E-17
3512.50614738469  3.901137E-17
3516.58756637578  4.654132E-17
3520.66898536687  2.749683E-17
3524.75040435796  6.047266E-18
3528.83182334905  1.672613E-17
3532.91324234014  3.559464E-17
3536.99466133123  3.438822E-17
3541.07608032232  2.046863E-17
3545.15749931341  1.278107E-17
3549.2389183045  6.466044E-17
3553.32033729559  4.324386E-17
3557.40175628668  3.870323E-17
3561.48317527777  1.976968E-17
3565.56459426886  4.453221E-17
3569.64601325995  2.013663E-17
3573.72743225104  1.617011E-17
3577.80885124213  1.554600E-17
3581.89027023322  2.747457E-17
3585.97168922431  2.816123E-17
3590.0531082154  3.043864E-17
3594.13452720649  3.913448E-18
3598.21594619758  1.860575E-17
3602.29736518867  3.234605E-17
3606.37878417976  3.273966E-17
3610.46020317085  3.304105E-17
3614.54162216194  3.930415E-17
3618.62304115303  2.976252E-17
3622.70446014412  1.403392E-17
3626.78587913521  2.796333E-17
3630.8672981263  2.306170E-17
3634.94871711739  2.229693E-17
3639.03013610848  3.378154E-17
3643.11155509957  3.065631E-17
3647.19297409066  2.605593E-17
3651.27439308175  2.549363E-17
3655.35581207284  3.520650E-17
3659.43723106393  2.770685E-17
3663.51865005502  1.663511E-17
3667.60006904611  3.510275E-17
3671.6814880372  3.937538E-17
3675.76290702829  2.431680E-17
3679.84432601938  3.943321E-17
3683.92574501047  2.296126E-17
3688.00716400156  4.539801E-17
3692.08858299265  3.302853E-17
3696.17000198374  3.667432E-17
3700.25142097483  3.935442E-17
3704.33283996592  2.716953E-17
3708.41425895701  3.226317E-17
3712.4956779481  4.207984E-17
3716.57709693919  4.616090E-17
3720.65851593028  3.071708E-17
3724.73993492137  2.785157E-17
3728.82135391246  3.328226E-17
3732.90277290355  3.844008E-17
3736.98419189464  2.604109E-17
3741.06561088573  3.808735E-17
3745.14702987682  1.378193E-17
3749.22844886791  3.385778E-17
3753.309867859  2.038966E-17
3757.39128685009  2.526697E-17
3761.47270584118  2.949455E-17
3765.55412483227  2.255110E-17
3769.63554382336  2.624781E-17
3773.71696281445  3.563815E-17
3777.79838180554  3.390925E-17
3781.87980079663  3.984690E-17
3785.96121978772  3.406360E-17
3790.04263877881  3.095557E-17
3794.1240577699  4.179562E-17
3798.20547676099  3.032644E-17
3802.28689575208  2.750878E-17
3806.36831474317  3.623527E-17
3810.44973373426  2.565098E-17
3814.53115272535  3.799855E-17
3818.61257171644  3.098754E-17
3822.69399070753  4.004547E-17
3826.77540969862  3.758729E-17
3830.85682868971  4.908594E-17
3834.9382476808  3.330486E-17
3839.01966667189  2.817337E-17
3843.10108566298  2.790713E-17
3847.18250465407  3.552165E-17
3851.26392364516  3.378574E-17
3855.34534263625  3.152709E-17
3859.42676162734  3.149154E-17
3863.50818061843  3.070588E-17
3867.58959960952  3.281813E-17
3871.67101860061  3.542210E-17
3875.7524375917  3.432006E-17
3879.83385658279  4.210178E-17
3883.91527557388  4.127479E-17
3887.99669456497  4.235685E-17
3892.07811355606  4.350240E-17
3896.15953254715  3.739632E-17
3900.24095153824  4.090208E-17
3904.32237052933  3.521411E-17
3908.40378952042  3.427361E-17
3912.48520851151  3.654230E-17
3916.5666275026  4.149712E-17
3920.64804649369  3.277913E-17
3924.72946548478  3.632634E-17
3928.81088447587  4.105514E-17
3932.89230346696  3.746830E-17
3936.97372245805  3.836062E-17
3941.05514144914  3.335455E-17
3945.13656044023  3.836719E-17
3949.21797943132  3.166835E-17
3953.29939842241  3.224459E-17
3957.3808174135  1.786582E-17
3961.46223640459  2.159142E-17
3965.54365539568  2.384057E-17
3969.62507438677  2.760893E-17
3973.70649337786  3.427747E-17
3977.78791236895  3.352872E-17
3981.86933136004  4.463641E-17
3985.95075035113  3.472387E-17
3990.03216934222  3.178639E-17
3994.11358833331  2.569365E-17
3998.1950073244  2.994385E-17
4002.27642631549  3.434987E-17
4006.35784530658  4.127914E-17
4010.43926429767  4.198138E-17
4014.52068328876  3.256159E-17
4018.60210227985  5.054966E-17
4022.68352127094  4.106953E-17
4026.76494026203  4.816877E-17
4030.84635925312  3.881392E-17
4034.92777824421  4.070999E-17
4039.0091972353  4.615130E-17
4043.09061622639  3.789303E-17
4047.17203521748  4.370033E-17
4051.25345420857  4.452611E-17
4055.33487319966  4.884068E-17
4059.41629219075  4.644280E-17
4063.49771118184  4.388514E-17
4067.57913017293  4.905785E-17
4071.66054916402  4.399223E-17
4075.74196815511  3.962329E-17
4079.8233871462  4.162410E-17
4083.90480613729  4.326962E-17
4087.98622512838  5.002360E-17
4092.06764411947  3.799275E-17
4096.14906311056  3.942897E-17
4100.23048210165  4.151665E-17
4104.31190109274  4.515263E-17
4108.39332008383  5.127408E-17
4112.47473907492  5.554631E-17
4116.55615806601  4.538126E-17
4120.6375770571  5.520751E-17
4124.71899604819  4.233333E-17
4128.80041503928  4.577917E-17
4132.88183403037  4.442129E-17
4136.96325302147  4.739995E-17
4141.04467201255  4.913719E-17
4145.12609100364  4.344311E-17
4149.20750999473  4.860489E-17
4153.28892898582  5.889893E-17
4157.37034797691  4.051991E-17
4161.451766968  4.763400E-17
4165.53318595909  4.750415E-17
4169.61460495018  4.728472E-17
4173.69602394127  4.666485E-17
4177.77744293236  5.132739E-17
4181.85886192345  4.693728E-17
4185.94028091454  4.779029E-17
4190.02169990563  5.016583E-17
4194.10311889672  4.809355E-17
4198.18453788781  4.430461E-17
4202.2659568789  4.544193E-17
4206.34737586999  5.084916E-17
4210.42879486108  5.246583E-17
4214.51021385217  4.216085E-17
4218.59163284326  4.363121E-17
4222.67305183435  4.911404E-17
4226.75447082544  5.399816E-17
4230.83588981653  4.788939E-17
4234.91730880762  4.757821E-17
4238.99872779871  4.228819E-17
4243.0801467898  4.563402E-17
4247.16156578089  4.784492E-17
4251.24298477198  4.402142E-17
4255.32440376307  4.531179E-17
4259.40582275416  4.425864E-17
4263.48724174525  5.116923E-17
4267.56866073634  5.364149E-17
4271.65007972743  5.269357E-17
4275.73149871852  5.706966E-17
4279.81291770961  4.768373E-17
4283.8943367007  4.971211E-17
4287.97575569179  5.036881E-17
4292.05717468288  5.376360E-17
4296.13859367397  5.414275E-17
4300.22001266506  4.889515E-17
4304.30143165615  4.976859E-17
4308.38285064724  4.890876E-17
4312.46426963833  4.373645E-17
4316.54568862942  4.527122E-17
4320.62710762051  5.258843E-17
4324.7085266116  4.178518E-17
4328.78994560269  5.296161E-17
4332.87136459378  5.325363E-17
4336.95278358487  4.383374E-17
4341.03420257596  4.817054E-17
4345.11562156705  4.479170E-17
4349.19704055814  4.527125E-17
4353.27845954923  5.108080E-17
4357.35987854032  4.828787E-17
4361.44129753141  5.480131E-17
4365.5227165225  5.790401E-17
4369.60413551359  5.610103E-17
4373.68555450468  5.276856E-17
4377.76697349577  4.983140E-17
4381.84839248686  5.364595E-17
4385.92981147795  5.278276E-17
4390.01123046904  5.930803E-17
4394.09264946013  5.397440E-17
4398.17406845122  4.940947E-17
4402.25548744231  4.846848E-17
4406.3369064334  3.684335E-17
4410.41832542449  4.385440E-17
4414.49974441558  5.065861E-17
4418.58116340667  4.994224E-17
4422.66258239776  4.397323E-17
4426.74400138885  4.694504E-17
4430.82542037994  5.066643E-17
4434.90683937103  4.726505E-17
4438.98825836212  5.147955E-17
4443.06967735322  4.658144E-17
4447.1510963443  5.110046E-17
4451.23251533539  5.415739E-17
4455.31393432648  4.948007E-17
4459.39535331757  5.108465E-17
4463.47677230867  4.925715E-17
4467.55819129975  5.096952E-17
4471.63961029084  5.092656E-17
4475.72102928193  5.380896E-17
4479.80244827302  5.853805E-17
4483.88386726411  5.090068E-17
4487.9652862552  4.934953E-17
4492.04670524629  5.020662E-17
4496.12812423738  5.135504E-17
4500.20954322847  5.272849E-17
4504.29096221956  5.819137E-17
4508.37238121065  4.747077E-17
4512.45380020174  5.525779E-17
4516.53521919283  5.444514E-17
4520.61663818392  5.120692E-17
4524.69805717501  5.059475E-17
4528.7794761661  5.445550E-17
4532.86089515719  5.055496E-17
4536.94231414828  5.501453E-17
4541.02373313937  5.209649E-17
4545.10515213047  5.322328E-17
4549.18657112155  5.326931E-17
4553.26799011264  4.982125E-17
4557.34940910373  4.441055E-17
4561.43082809482  4.581864E-17
4565.51224708591  5.530287E-17
4569.593666077  5.815995E-17
4573.67508506809  5.372743E-17
4577.75650405918  5.030580E-17
4581.83792305027  5.407394E-17
4585.91934204136  5.223555E-17
4590.00076103245  5.119153E-17
4594.08218002354  5.275467E-17
4598.16359901464  5.273903E-17
4602.24501800572  4.569451E-17
4606.32643699682  5.183149E-17
4610.4078559879  5.654331E-17
4614.489274979  5.095898E-17
4618.57069397008  4.262259E-17
4622.65211296117  6.224452E-17
4626.73353195226  5.827581E-17
4630.81495094335  6.053241E-17
4634.89636993444  4.848966E-17
4638.97778892553  6.090531E-17
4643.05920791662  5.984928E-17
4647.14062690771  5.341043E-17
4651.2220458988  5.868250E-17
4655.30346488989  4.974695E-17
4659.38488388098  5.845675E-17
4663.46630287207  5.653607E-17
4667.54772186316  5.437006E-17
4671.62914085426  5.788154E-17
4675.71055984534  5.285054E-17
4679.79197883644  6.234542E-17
4683.87339782752  5.917449E-17
4687.95481681861  5.438637E-17
4692.0362358097  6.427527E-17
4696.11765480079  6.174854E-17
4700.19907379188  5.492743E-17
4704.28049278298  5.807044E-17
4708.36191177406  5.913432E-17
4712.44333076515  5.314495E-17
4716.52474975624  6.059880E-17
4720.60616874733  5.485127E-17
4724.68758773842  6.012391E-17
4728.76900672951  4.783282E-17
4732.8504257206  5.440332E-17
4736.93184471169  5.827951E-17
4741.01326370278  5.597301E-17
4745.09468269387  6.702255E-17
4749.17610168497  6.416817E-17
4753.25752067605  6.000307E-17
4757.33893966715  5.809515E-17
4761.42035865824  5.444515E-17
4765.50177764932  5.991930E-17
4769.58319664042  5.817716E-17
4773.66461563151  6.363019E-17
4777.74603462259  6.083600E-17
4781.82745361368  5.569893E-17
4785.90887260477  5.305140E-17
4789.99029159587  6.062871E-17
4794.07171058695  5.979270E-17
4798.15312957804  5.631176E-17
4802.23454856913  6.625206E-17
4806.31596756022  5.826246E-17
4810.39738655131  5.702412E-17
4814.4788055424  5.890794E-17
4818.56022453349  6.795339E-17
4822.64164352458  5.965315E-17
4826.72306251567  5.687339E-17
4830.80448150676  6.554676E-17
4834.88590049786  6.043611E-17
4838.96731948895  6.256862E-17
4843.04873848003  5.644731E-17
4847.13015747112  6.372998E-17
4851.21157646221  5.645170E-17
4855.2929954533  5.470158E-17
4859.37441444439  5.861782E-17
4863.45583343548  6.274380E-17
4867.53725242657  5.350419E-17
4871.61867141766  5.954552E-17
4875.70009040875  5.423902E-17
4879.78150939984  6.468482E-17
4883.86292839093  7.194245E-17
4887.94434738202  7.534623E-17
4892.02576637311  6.983838E-17
4896.1071853642  6.830333E-17
4900.18860435529  7.019329E-17
4904.27002334639  6.465759E-17
4908.35144233748  6.174614E-17
4912.43286132856  6.417690E-17
4916.51428031965  5.801296E-17
4920.59569931074  5.047827E-17
4924.67711830184  5.629605E-17
4928.75853729292  5.878404E-17
4932.83995628402  5.579496E-17
4936.9213752751  7.113953E-17
4941.00279426619  6.098555E-17
4945.08421325728  7.074808E-17
4949.16563224837  6.136633E-17
4953.24705123947  6.020984E-17
4957.32847023055  6.307438E-17
4961.40988922164  5.834634E-17
4965.49130821274  6.108637E-17
4969.57272720382  5.445773E-17
4973.65414619491  5.273690E-17
4977.735565186  5.985037E-17
4981.81698417709  5.281420E-17
4985.89840316818  5.525285E-17
4989.97982215928  5.409610E-17
4994.06124115036  5.233267E-17
4998.14266014146  5.940520E-17
5002.22407913255  5.318379E-17
5006.30549812364  5.895659E-17
5010.38691711472  5.580898E-17
5014.46833610581  5.589697E-17
5018.5497550969  5.799801E-17
5022.631174088  5.470199E-17
5026.71259307908  6.291135E-17
5030.79401207018  6.032336E-17
5034.87543106126  5.428489E-17
5038.95685005235  5.536164E-17
5043.03826904345  5.238247E-17
5047.11968803453  5.557846E-17
5051.20110702562  5.924459E-17
5055.28252601672  6.005979E-17
5059.36394500781  5.381296E-17
5063.4453639989  5.194787E-17
5067.52678298999  6.099681E-17
5071.60820198107  5.611702E-17
5075.68962097217  5.882457E-17
5079.77103996326  6.124736E-17
5083.85245895435  5.795746E-17
5087.93387794544  5.674063E-17
5092.01529693653  5.781290E-17
5096.09671592762  5.967243E-17
5100.17813491871  5.824743E-17
5104.2595539098  5.882042E-17
5108.34097290088  5.472699E-17
5112.42239189197  5.760265E-17
5116.50381088307  6.522676E-17
5120.58522987416  6.566379E-17
5124.66664886525  6.221178E-17
5128.74806785633  5.826668E-17
5132.82948684743  6.434598E-17
5136.91090583852  6.195731E-17
5140.99232482961  5.841282E-17
5145.07374382069  5.992436E-17
5149.15516281179  5.798989E-17
5153.23658180287  5.610498E-17
5157.31800079397  5.279789E-17
5161.39941978505  6.474573E-17
5165.48083877615  6.367452E-17
5169.56225776724  6.567796E-17
5173.64367675832  6.454830E-17
5177.72509574942  5.595854E-17
5181.80651474051  6.478987E-17
5185.88793373159  5.731159E-17
5189.96935272269  5.451503E-17
5194.05077171378  5.333004E-17
5198.13219070487  5.469116E-17
5202.21360969595  6.246469E-17
5206.29502868704  5.600134E-17
5210.37644767813  5.111067E-17
5214.45786666923  5.877615E-17
5218.53928566032  6.534188E-17
5222.62070465141  5.917486E-17
5226.7021236425  5.704650E-17
5230.78354263359  6.208507E-17
5234.86496162468  6.049110E-17
5238.94638061577  5.621408E-17
5243.02779960686  5.578975E-17
5247.10921859795  5.915155E-17
5251.19063758904  5.973255E-17
5255.27205658013  5.612861E-17
5259.35347557122  6.216700E-17
5263.4348945623  5.943819E-17
5267.51631355339  5.598791E-17
5271.59773254449  6.340743E-17
5275.67915153558  5.456975E-17
5279.76057052667  5.669210E-17
5283.84198951776  6.050481E-17
5287.92340850884  6.028768E-17
5292.00482749994  5.810623E-17
5296.08624649103  6.095176E-17
5300.16766548212  6.098990E-17
5304.24908447321  5.676481E-17
5308.3305034643  5.792521E-17
5312.41192245539  5.116062E-17
5316.49334144648  5.155116E-17
5320.57476043756  5.684509E-17
5324.65617942866  5.861388E-17
5328.73759841975  6.338099E-17
5332.81901741084  5.800721E-17
5336.90043640192  5.617094E-17
5340.98185539301  5.510547E-17
5345.0632743841  6.416750E-17
5349.14469337519  5.686755E-17
5353.22611236629  5.279919E-17
5357.30753135738  5.929051E-17
5361.38895034847  6.009314E-17
5365.47036933956  6.272708E-17
5369.55178833065  6.202293E-17
5373.63320732174  6.248548E-17
5377.71462631283  6.610370E-17
5381.79604530392  5.528573E-17
5385.87746429501  5.346990E-17
5389.9588832861  6.553499E-17
5394.04030227719  6.346860E-17
5398.12172126828  5.243214E-17
5402.20314025936  5.276803E-17
5406.28455925046  5.152027E-17
5410.36597824155  5.935410E-17
5414.44739723264  5.838615E-17
5418.52881622373  5.428910E-17
5422.61023521482  6.363516E-17
5426.69165420591  6.183067E-17
5430.773073197  5.977778E-17
5434.85449218809  5.734732E-17
5438.93591117917  5.913064E-17
5443.01733017027  5.656037E-17
5447.09874916136  5.637241E-17
5451.18016815245  5.650186E-17
5455.26158714354  5.603701E-17
5459.34300613463  6.090668E-17
5463.42442512572  6.259704E-17
5467.50584411681  5.973234E-17
5471.58726310789  5.435593E-17
5475.66868209899  5.414216E-17
5479.75010109007  5.985779E-17
5483.83152008116  6.011582E-17
5487.91293907226  6.246214E-17
5491.99435806335  6.921047E-17
5496.07577705444  6.319701E-17
5500.15719604553  5.941875E-17
5504.23861503661  5.772172E-17
5508.32003402771  6.714703E-17
5512.40145301879  5.847150E-17
5516.48287200989  6.050466E-17
5520.56429100098  6.085166E-17
5524.64570999207  6.199624E-17
5528.72712898316  6.035520E-17
5532.80854797425  6.128952E-17
5536.88996696534  6.009314E-17
5540.97138595643  6.362121E-17
5545.05280494752  6.417699E-17
5549.13422393861  5.866580E-17
5553.2156429297  6.103620E-17
5557.29706192079  6.269999E-17
5561.37848091188  5.977157E-17
5565.45989990297  6.343717E-17
5569.54131889406  6.564978E-17
5573.62273788515  6.516436E-17
5577.70415687624  7.104006E-17
5581.78557586732  6.208474E-17
5585.86699485842  5.378491E-17
5589.94841384951  6.360914E-17
5594.02983284059  5.797995E-17
5598.11125183169  5.625786E-17
5602.19267082278  6.060279E-17
5606.27408981387  5.847448E-17
5610.35550880496  6.108926E-17
5614.43692779605  5.783888E-17
5618.51834678714  5.794275E-17
5622.59976577823  5.818328E-17
5626.68118476932  6.325903E-17
5630.76260376041  6.595571E-17
5634.8440227515  6.500640E-17
5638.92544174259  5.868686E-17
5643.00686073368  5.484566E-17
5647.08827972476  6.487244E-17
5651.16969871586  6.812745E-17
5655.25111770695  5.251269E-17
5659.33253669804  5.630370E-17
5663.41395568913  6.472438E-17
5667.49537468021  5.890343E-17
5671.5767936713  5.911244E-17
5675.6582126624  6.343321E-17
5679.73963165349  5.419484E-17
5683.82105064458  5.969453E-17
5687.90246963567  5.972049E-17
5691.98388862676  5.603626E-17
5696.06530761785  5.741577E-17
5700.14672660894  6.074778E-17
5704.22814560003  6.167627E-17
5708.30956459112  5.924033E-17
5712.39098358221  5.327323E-17
5716.4724025733  5.613354E-17
5720.55382156439  6.098749E-17
5724.63524055548  5.787105E-17
5728.71665954657  6.009117E-17
5732.79807853766  5.722025E-17
5736.87949752875  5.349450E-17
5740.96091651984  5.783228E-17
5745.04233551093  5.499429E-17
5749.12375450202  5.401105E-17
5753.20517349311  6.244142E-17
5757.2865924842  6.081425E-17
5761.36801147529  5.673325E-17
5765.44943046638  5.495313E-17
5769.53084945747  5.960972E-17
5773.61226844856  5.771874E-17
5777.69368743965  5.663000E-17
5781.77510643074  5.877703E-17
5785.85652542183  5.413352E-17
5789.93794441292  5.302418E-17
5794.01936340401  6.216673E-17
5798.1007823951  5.756150E-17
5802.18220138619  4.818770E-17
5806.26362037728  5.582289E-17
5810.34503936836  6.332500E-17
5814.42645835946  5.662290E-17
5818.50787735055  5.989809E-17
5822.58929634164  5.691985E-17
5826.67071533273  5.439210E-17
5830.75213432382  5.965556E-17
5834.83355331491  6.384587E-17
5838.914972306  6.201611E-17
5842.99639129709  5.591163E-17
5847.07781028818  5.800851E-17
5851.15922927927  6.167333E-17
5855.24064827036  6.299047E-17
5859.32206726145  6.469151E-17
5863.40348625254  6.328534E-17
5867.48490524363  6.147725E-17
5871.56632423472  6.486190E-17
5875.64774322581  6.372582E-17
5879.7291622169  5.984143E-17
5883.81058120799  5.570720E-17
5887.89200019908  5.793819E-17
5891.97341919016  5.759672E-17
5896.05483818126  6.134088E-17
5900.13625717235  6.013140E-17
5904.21767616344  5.414012E-17
5908.29909515453  5.196644E-17
5912.38051414562  5.586579E-17
5916.46193313671  6.163875E-17
5920.5433521278  5.733793E-17
5924.62477111889  4.909686E-17
5928.70619010998  5.074361E-17
5932.78760910107  5.200356E-17
5936.86902809216  5.144166E-17
5940.95044708325  5.819663E-17
5945.03186607434  6.230839E-17
5949.11328506543  5.641174E-17
5953.19470405652  5.358409E-17
5957.27612304761  5.933532E-17
5961.3575420387  6.041603E-17
5965.43896102979  5.760443E-17
5969.52038002088  6.208572E-17
5973.60179901197  5.975874E-17
5977.68321800306  5.839243E-17
5981.76463699415  6.293573E-17
5985.84605598524  5.859700E-17
5989.92747497633  5.330088E-17
5994.00889396742  5.794355E-17
5998.09031295851  5.610059E-17
6002.1717319496  4.850059E-17
6006.25315094069  5.543420E-17
6010.33456993178  6.173983E-17
6014.41598892287  5.875298E-17
6018.49740791396  5.951341E-17
6022.57882690505  5.860359E-17
6026.66024589613  5.674840E-17
6030.74166488723  5.474699E-17
6034.82308387832  5.641044E-17
6038.90450286941  5.894931E-17
6042.9859218605  5.269716E-17
6047.06734085159  5.423490E-17
6051.14875984268  6.208009E-17
6055.23017883377  5.631972E-17
6059.31159782486  5.275252E-17
6063.39301681595  6.114394E-17
6067.47443580704  6.317964E-17
6071.55585479813  6.013002E-17
6075.63727378922  5.757255E-17
6079.71869278031  5.935505E-17
6083.8001117714  4.599435E-17
6087.88153076249  6.123198E-17
6091.96294975358  5.814941E-17
6096.04436874467  4.773980E-17
6100.12578773576  5.243260E-17
6104.20720672685  5.779483E-17
6108.28862571794  5.663013E-17
6112.37004470903  5.742875E-17
6116.45146370012  5.915369E-17
6120.53288269121  5.709546E-17
6124.6143016823  5.736062E-17
6128.69572067339  5.694248E-17
6132.77713966448  5.711840E-17
6136.85855865557  5.891696E-17
6140.93997764666  5.230533E-17
6145.02139663775  5.444470E-17
6149.10281562884  5.970083E-17
6153.18423461993  5.547793E-17
6157.26565361102  5.827589E-17
6161.34707260211  5.859925E-17
6165.4284915932  5.501211E-17
6169.50991058429  5.781288E-17
6173.59132957538  5.736511E-17
6177.67274856647  5.487220E-17
6181.75416755756  5.624098E-17
6185.83558654865  5.267011E-17
6189.91700553974  5.214911E-17
6193.99842453083  5.131632E-17
6198.07984352192  5.410729E-17
6202.16126251301  5.080287E-17
6206.2426815041  6.285364E-17
6210.32410049519  5.702789E-17
6214.40551948628  5.494092E-17
6218.48693847736  5.614165E-17
6222.56835746846  5.503997E-17
6226.64977645955  5.649560E-17
6230.73119545064  6.127505E-17
6234.81261444173  6.253341E-17
6238.89403343282  5.890104E-17
6242.97545242391  5.486242E-17
6247.056871415  5.390017E-17
6251.13829040609  5.914413E-17
6255.21970939718  5.834293E-17
6259.30112838827  5.772307E-17
6263.38254737936  5.516916E-17
6267.46396637045  6.015351E-17
6271.54538536154  5.788536E-17
6275.62680435263  5.667194E-17
6279.70822334372  5.345546E-17
6283.78964233481  5.592251E-17
6287.8710613259  5.591054E-17
6291.95248031699  5.928786E-17
6296.03389930808  6.168797E-17
6300.11531829917  5.612167E-17
6304.19673729026  5.887727E-17
6308.27815628135  5.229411E-17
6312.35957527244  6.104845E-17
6316.44099426353  5.744227E-17
6320.52241325462  5.622372E-17
6324.60383224571  5.670639E-17
6328.6852512368  5.654983E-17
6332.76667022789  6.096849E-17
6336.84808921898  5.974867E-17
6340.92950821007  5.922736E-17
6345.01092720116  5.658512E-17
6349.09234619225  5.344231E-17
6353.17376518334  5.491817E-17
6357.25518417443  6.071892E-17
6361.33660316552  6.489708E-17
6365.41802215661  6.318041E-17
6369.4994411477  5.162290E-17
6373.58086013879  5.294511E-17
6377.66227912988  7.189419E-17
6381.74369812097  6.493903E-17
6385.82511711206  6.724540E-17
6389.90653610315  6.063818E-17
6393.98795509424  5.809364E-17
6398.06937408533  5.518696E-17
6402.15079307642  5.265459E-17
6406.23221206751  5.407463E-17
6410.3136310586  5.627752E-17
6414.39505004969  6.226668E-17
6418.47646904078  5.481264E-17
6422.55788803187  5.685166E-17
6426.63930702296  5.770529E-17
6430.72072601405  5.608051E-17
6434.80214500514  5.513564E-17
6438.88356399623  5.865823E-17
6442.96498298732  6.376482E-17
6447.04640197841  5.501992E-17
6451.12782096949  5.520802E-17
6455.20923996059  5.601304E-17
6459.29065895168  5.538820E-17
6463.37207794277  6.049281E-17
6467.45349693386  5.963893E-17
6471.53491592495  5.755089E-17
6475.61633491604  5.487281E-17
6479.69775390713  5.378745E-17
6483.77917289822  6.132215E-17
6487.86059188931  6.122042E-17
6491.9420108804  5.292549E-17
6496.02342987149  5.377736E-17
6500.10484886258  6.172188E-17
6504.18626785367  5.972930E-17
6508.26768684476  5.801135E-17
6512.34910583585  5.486558E-17
6516.43052482694  5.406349E-17
6520.51194381803  6.086987E-17
6524.59336280912  5.576036E-17
6528.67478180021  5.334180E-17
6532.7562007913  5.392223E-17
6536.83761978239  6.003965E-17
6540.91903877348  5.872573E-17
6545.00045776457  6.182952E-17
6549.08187675566  5.224773E-17
6553.16329574675  5.353691E-17
6557.24471473784  5.457383E-17
6561.32613372893  5.833960E-17
6565.40755272002  5.805283E-17
6569.48897171111  6.016564E-17
6573.5703907022  6.050822E-17
6577.65180969329  5.723578E-17
6581.73322868438  7.028156E-17
6585.81464767547  7.055587E-17
6589.89606666656  7.696464E-17
6593.97748565765  8.473630E-17
6598.05890464874  9.909205E-17
6602.14032363983  1.192544E-16
6606.22174263092  1.204766E-16
6610.30316162201  1.195145E-16
6614.3845806131  1.011458E-16
6618.46599960419  8.424721E-17
6622.54741859528  7.667654E-17
6626.62883758637  6.660835E-17
6630.71025657746  5.972927E-17
6634.79167556855  6.135351E-17
6638.87309455964  5.626647E-17
6642.95451355073  5.117154E-17
6647.03593254182  5.717330E-17
6651.11735153291  5.453611E-17
6655.198770524  6.134764E-17
6659.28018951509  5.657834E-17
6663.36160850618  5.480399E-17
6667.44302749727  5.302674E-17
6671.52444648836  5.181037E-17
6675.60586547945  5.484935E-17
6679.68728447053  5.594546E-17
6683.76870346163  5.206507E-17
6687.85012245272  5.399655E-17
6691.93154144381  5.362860E-17
6696.0129604349  4.742140E-17
6700.09437942599  5.799684E-17
6704.17579841708  5.600509E-17
6708.25721740817  5.938334E-17
6712.33863639926  5.753152E-17
6716.42005539035  5.468629E-17
6720.50147438144  5.944689E-17
6724.58289337253  5.665482E-17
6728.66431236362  5.315745E-17
6732.74573135471  5.599698E-17
6736.8271503458  5.777825E-17
6740.90856933689  5.857722E-17
6744.98998832798  5.201129E-17
6749.07140731907  5.253622E-17
6753.15282631016  4.521990E-17
6757.23424530125  4.768089E-17
6761.31566429234  5.017591E-17
6765.39708328343  4.760214E-17
6769.47850227452  5.407344E-17
6773.55992126561  5.487050E-17
6777.6413402567  5.228373E-17
6781.72275924779  5.216854E-17
6785.80417823888  5.431031E-17
6789.88559722997  5.390026E-17
6793.96701622106  5.123621E-17
6798.04843521215  5.396636E-17
6802.12985420324  5.176974E-17
6806.21127319433  5.386169E-17
6810.29269218542  5.194261E-17
6814.37411117651  4.801800E-17
6818.4555301676  4.814443E-17
6822.53694915869  5.103900E-17
6826.61836814978  5.516006E-17
6830.69978714087  5.465754E-17
6834.78120613196  4.875962E-17
6838.86262512305  5.171550E-17
6842.94404411414  5.375518E-17
6847.02546310523  5.070591E-17
6851.10688209632  5.990166E-17
6855.18830108741  5.101264E-17
6859.2697200785  5.342556E-17
6863.35113906959  5.236281E-17
6867.43255806068  5.289011E-17
6871.51397705177  4.702569E-17
6875.59539604286  4.795546E-17
6879.67681503395  5.234351E-17
6883.75823402504  4.881424E-17
6887.83965301613  5.698063E-17
6891.92107200722  5.956113E-17
6896.00249099831  5.289663E-17
6900.0839099894  5.630217E-17
6904.16532898049  4.696288E-17
6908.24674797158  4.391961E-17
6912.32816696267  5.481596E-17
6916.40958595376  5.680707E-17
6920.49100494485  5.659798E-17
6924.57242393594  5.104560E-17
6928.65384292703  5.292313E-17
6932.73526191812  5.947233E-17
6936.81668090921  5.293878E-17
6940.8980999003  5.696425E-17
6944.97951889139  5.950015E-17
6949.06093788248  5.600766E-17
6953.14235687357  6.157955E-17
6957.22377586466  6.809610E-17
6961.30519485575  5.610540E-17
6965.38661384684  5.362060E-17
6969.46803283793  4.856035E-17
6973.54945182902  5.385403E-17
6977.63087082011  5.065037E-17
6981.7122898112  4.903981E-17
6985.79370880229  5.949951E-17
6989.87512779338  5.247399E-17
6993.95654678447  4.993196E-17
6998.03796577556  5.474778E-17
7002.11938476665  5.525370E-17
7006.20080375774  5.288958E-17
7010.28222274883  5.584660E-17
7014.36364173992  5.541337E-17
7018.44506073101  5.040624E-17
7022.5264797221  5.035859E-17
7026.60789871319  5.657644E-17
7030.68931770428  5.466888E-17
7034.77073669537  5.339706E-17
7038.85215568646  5.573895E-17
7042.93357467755  5.077420E-17
7047.01499366864  5.332052E-17
7051.09641265973  5.353347E-17
7055.17783165082  4.886507E-17
7059.25925064191  5.061161E-17
7063.340669633  5.325809E-17
7067.42208862409  5.363682E-17
7071.50350761518  4.602800E-17
7075.58492660627  5.604174E-17
7079.66634559736  5.036491E-17
7083.74776458845  5.143006E-17
7087.82918357954  5.069689E-17
7091.91060257063  5.520351E-17
7095.99202156172  5.898739E-17
7100.07344055281  4.943528E-17
7104.1548595439  4.570316E-17
7108.23627853499  5.075389E-17
7112.31769752608  5.354185E-17
7116.39911651717  5.412208E-17
7120.48053550826  5.330298E-17
7124.56195449935  5.453368E-17
7128.64337349044  5.697106E-17
7132.72479248153  5.500997E-17
7136.80621147262  5.455972E-17
7140.88763046371  5.117206E-17
7144.9690494548  4.720086E-17
7149.05046844589  4.612766E-17
7153.13188743698  5.074056E-17
7157.21330642807  5.294883E-17
7161.29472541916  4.842841E-17
7165.37614441025  5.163685E-17
7169.45756340134  5.684633E-17
7173.53898239243  5.204994E-17
7177.62040138352  5.809410E-17
7181.70182037461  5.728237E-17
7185.7832393657  5.136919E-17
7189.86465835679  4.573108E-17
7193.94607734788  5.169035E-17
7198.02749633897  5.377381E-17
7202.10891533006  5.726522E-17
7206.19033432115  5.569545E-17
7210.27175331224  5.116590E-17
7214.35317230333  5.498541E-17
7218.43459129442  5.772273E-17
7222.51601028551  5.134910E-17
7226.5974292766  4.895387E-17
7230.67884826769  5.091942E-17
7234.76026725878  4.542484E-17
7238.84168624987  5.025062E-17
7242.92310524096  5.382086E-17
7247.00452423205  5.704102E-17
7251.08594322314  4.790011E-17
7255.16736221423  4.463124E-17
7259.24878120532  5.048444E-17
7263.33020019641  5.371756E-17
7267.4116191875  5.033167E-17
7271.49303817859  4.703998E-17
7275.57445716968  4.826793E-17
7279.65587616077  4.627126E-17
7283.73729515186  5.463033E-17
7287.81871414295  5.451473E-17
7291.90013313404  4.979184E-17
7295.98155212513  5.095874E-17
7300.06297111622  5.007460E-17
7304.14439010731  5.626751E-17
7308.2258090984  5.478562E-17
7312.30722808949  4.706358E-17
7316.38864708058  4.057475E-17
7320.47006607167  4.593578E-17
7324.55148506276  5.294507E-17
7328.63290405385  5.517309E-17
7332.71432304494  5.984062E-17
7336.79574203603  5.698676E-17
7340.87716102712  6.953952E-17
7344.95858001821  6.418219E-17
7349.0399990093  5.053665E-17
7353.12141800039  4.877574E-17
7357.20283699148  5.667803E-17
7361.28425598257  5.353083E-17
7365.36567497366  5.397972E-17
7369.44709396475  5.196251E-17
7373.52851295584  5.549216E-17
7377.60993194693  5.739718E-17
7381.69135093802  5.233000E-17
7385.77276992911  5.071605E-17
7389.8541889202  4.807153E-17
7393.93560791129  4.888374E-17
7398.01702690238  5.834175E-17
7402.09844589347  6.104086E-17
7406.17986488456  5.189648E-17
7410.26128387565  5.004052E-17
7414.34270286674  5.224921E-17
7418.42412185783  5.283052E-17
7422.50554084892  5.018371E-17
7426.58695984001  5.472096E-17
7430.6683788311  5.688467E-17
7434.74979782219  5.305071E-17
7438.83121681328  5.188692E-17
7442.91263580437  5.035410E-17
7446.99405479546  4.479343E-17
7451.07547378655  4.974758E-17
7455.15689277764  5.727408E-17
7459.23831176873  5.298374E-17
7463.31973075982  4.218454E-17
7467.40114975091  4.785104E-17
