3343.43310547  1.090911E-17
3347.51337814456  5.590056E-17
3351.59365081912  -5.112509E-18
3355.67392349368  2.255776E-17
3359.75419616824  1.048417E-17
3363.8344688428  4.573600E-17
3367.91474151736  2.536402E-17
3371.99501419192  9.653819E-17
3376.07528686648  1.032045E-16
3380.15555954104  5.977797E-17
3384.2358322156  8.226243E-17
3388.31610489016  -4.215984E-17
3392.39637756472  6.944842E-17
3396.47665023928  6.960342E-17
3400.55692291384  6.542079E-17
3404.6371955884  4.018415E-17
3408.71746826296  3.231262E-17
3412.79774093752  4.516537E-17
3416.87801361208  6.636298E-17
3420.95828628664  7.581399E-17
3425.0385589612  1.119596E-17
3429.11883163576  6.585135E-17
3433.19910431032  8.206882E-17
3437.27937698488  8.323958E-17
3441.35964965944  6.799613E-17
3445.439922334  8.709509E-17
3449.52019500856  5.070996E-17
3453.60046768312  6.166342E-17
3457.68074035768  2.945257E-17
3461.76101303224  6.427180E-17
3465.8412857068  3.326454E-17
3469.92155838136  6.533616E-17
3474.00183105592  6.159704E-17
3478.08210373048  5.116633E-17
3482.16237640504  3.495094E-17
3486.2426490796  4.851937E-17
3490.32292175416  2.916638E-17
3494.40319442872  6.479403E-17
3498.48346710328  3.222676E-17
3502.56373977784  7.108880E-17
3506.6440124524  4.358432E-17
3510.72428512696  4.200259E-17
3514.80455780152  6.913274E-17
3518.88483047608  3.637147E-17
3522.96510315064  4.538839E-17
3527.0453758252  2.944410E-17
3531.12564849976  4.923345E-17
3535.20592117432  6.156991E-17
3539.28619384888  4.921677E-17
3543.36646652344  2.174107E-17
3547.446739198  6.611919E-17
3551.52701187256  6.379484E-17
3555.60728454712  5.405542E-17
3559.68755722168  5.724108E-17
3563.76782989624  6.954661E-17
3567.8481025708  5.273957E-17
3571.92837524536  5.363763E-17
3576.00864791992  4.617593E-17
3580.08892059448  5.837633E-17
3584.16919326904  4.596114E-17
3588.2494659436  5.583133E-17
3592.32973861816  4.908722E-17
3596.41001129272  5.639867E-17
3600.49028396728  6.634841E-17
3604.57055664184  5.123925E-17
3608.6508293164  4.901284E-17
3612.73110199096  5.384039E-17
3616.81137466552  6.373638E-17
3620.89164734008  6.491363E-17
3624.97192001464  5.998934E-17
3629.0521926892  4.976924E-17
3633.13246536376  4.925097E-17
3637.21273803832  5.239557E-17
3641.29301071288  5.828009E-17
3645.37328338744  6.010683E-17
3649.453556062  5.440887E-17
3653.53382873656  5.345044E-17
3657.61410141112  5.415849E-17
3661.69437408568  6.079014E-17
3665.77464676024  5.966401E-17
3669.8549194348  6.574143E-17
3673.93519210936  5.255202E-17
3678.01546478392  6.345435E-17
3682.09573745848  6.490875E-17
3686.17601013304  5.737949E-17
3690.2562828076  5.395866E-17
3694.33655548216  6.476160E-17
3698.41682815672  5.906064E-17
3702.49710083128  6.202813E-17
3706.57737350584  7.901964E-17
3710.6576461804  7.740184E-17
3714.73791885496  7.082512E-17
3718.81819152952  7.542249E-17
3722.89846420408  6.888375E-17
3726.97873687864  6.491799E-17
3731.0590095532  6.585667E-17
3735.13928222776  6.403632E-17
3739.21955490232  6.304700E-17
3743.29982757688  5.693345E-17
3747.38010025144  5.446440E-17
3751.460372926  5.822902E-17
3755.54064560056  7.159921E-17
3759.62091827512  8.173101E-17
3763.70119094968  7.086387E-17
3767.78146362424  6.812286E-17
3771.8617362988  6.882421E-17
3775.94200897336  7.678276E-17
3780.02228164792  5.836317E-17
3784.10255432248  6.164339E-17
3788.18282699704  6.821571E-17
3792.2630996716  7.514086E-17
3796.34337234616  8.345862E-17
3800.42364502072  7.242810E-17
3804.50391769528  7.487936E-17
3808.58419036984  7.327309E-17
3812.6644630444  6.325105E-17
3816.74473571896  7.569327E-17
3820.82500839352  7.198212E-17
3824.90528106808  8.002655E-17
3828.98555374264  8.284007E-17
3833.0658264172  7.390736E-17
3837.14609909176  8.218014E-17
3841.22637176632  7.525959E-17
3845.30664444088  7.219155E-17
3849.38691711544  7.376675E-17
3853.46718979  6.643329E-17
3857.54746246456  6.720958E-17
3861.62773513912  7.324087E-17
3865.70800781368  7.264344E-17
3869.78828048824  7.412324E-17
3873.8685531628  7.558831E-17
3877.94882583736  7.229372E-17
3882.02909851192  7.995573E-17
3886.10937118648  6.958239E-17
3890.18964386104  7.661324E-17
3894.2699165356  7.403147E-17
3898.35018921016  8.028219E-17
3902.43046188472  7.570968E-17
3906.51073455928  7.530844E-17
3910.59100723384  7.723932E-17
3914.6712799084  6.875564E-17
3918.75155258296  6.871897E-17
3922.83182525752  7.700498E-17
3926.91209793208  7.461998E-17
3930.99237060664  7.531011E-17
3935.0726432812  6.340320E-17
3939.15291595576  7.402052E-17
3943.23318863032  6.792434E-17
3947.31346130488  6.467594E-17
3951.39373397944  6.410556E-17
3955.474006654  5.231404E-17
3959.55427932856  5.193348E-17
3963.63455200312  6.291301E-17
3967.71482467768  6.234471E-17
3971.79509735224  7.068458E-17
3975.8753700268  7.325780E-17
3979.95564270136  7.355749E-17
3984.03591537592  7.780335E-17
3988.11618805048  5.821043E-17
3992.19646072504  5.716628E-17
3996.2767333996  6.002737E-17
4000.35700607416  6.004650E-17
4004.43727874872  7.814316E-17
4008.51755142328  7.862657E-17
4012.59782409784  8.703708E-17
4016.6780967724  8.596255E-17
4020.75836944696  7.798892E-17
4024.83864212152  7.132327E-17
4028.91891479608  7.527946E-17
4032.99918747064  8.232328E-17
4037.0794601452  8.679903E-17
4041.15973281976  8.487608E-17
4045.24000549432  6.998505E-17
4049.32027816888  8.052795E-17
4053.40055084344  8.683747E-17
4057.480823518  7.902595E-17
4061.56109619256  7.913589E-17
4065.64136886712  8.080235E-17
4069.72164154168  8.251587E-17
4073.80191421624  7.976577E-17
4077.8821868908  8.332485E-17
4081.96245956536  8.682241E-17
4086.04273223992  7.931508E-17
4090.12300491448  8.031354E-17
4094.20327758904  8.980476E-17
4098.2835502636  8.385873E-17
4102.36382293816  9.097199E-17
4106.44409561272  8.015087E-17
4110.52436828728  8.433482E-17
4114.60464096184  8.066426E-17
4118.6849136364  1.047687E-16
4122.76518631096  8.280957E-17
4126.84545898552  9.102280E-17
4130.92573166008  8.827728E-17
4135.00600433464  9.167857E-17
4139.0862770092  8.318449E-17
4143.16654968376  7.727724E-17
4147.24682235832  8.365436E-17
4151.32709503288  9.254648E-17
4155.40736770744  8.858696E-17
4159.487640382  8.294528E-17
4163.56791305656  8.781954E-17
4167.64818573112  8.157685E-17
4171.72845840568  8.503539E-17
4175.80873108024  8.752548E-17
4179.8890037548  8.057425E-17
4183.96927642936  7.747728E-17
4188.04954910392  8.361408E-17
4192.12982177848  8.751154E-17
4196.21009445304  8.104026E-17
4200.2903671276  8.333661E-17
4204.37063980216  8.879895E-17
4208.45091247672  8.465955E-17
4212.53118515128  9.158058E-17
4216.61145782584  8.766266E-17
4220.6917305004  8.749649E-17
4224.77200317496  8.658837E-17
4228.85227584952  8.254796E-17
4232.93254852408  8.941048E-17
4237.01282119864  8.445576E-17
4241.0930938732  7.834908E-17
4245.17336654776  8.187859E-17
4249.25363922232  8.926132E-17
4253.33391189688  8.698420E-17
4257.41418457144  8.725499E-17
4261.494457246  8.438584E-17
4265.57472992056  9.157647E-17
4269.65500259512  9.209382E-17
4273.73527526968  8.911686E-17
4277.81554794424  9.168565E-17
4281.8958206188  9.001859E-17
4285.97609329336  8.847544E-17
4290.05636596792  9.322985E-17
4294.13663864248  8.859406E-17
4298.21691131704  8.438760E-17
4302.2971839916  8.709842E-17
4306.37745666616  8.752787E-17
4310.45772934072  8.595965E-17
4314.53800201528  9.295529E-17
4318.61827468984  8.009290E-17
4322.6985473644  8.159205E-17
4326.77882003896  8.234165E-17
4330.85909271352  8.270600E-17
4334.93936538808  8.447867E-17
4339.01963806264  8.918740E-17
4343.0999107372  8.503872E-17
4347.18018341176  9.049627E-17
4351.26045608632  8.934380E-17
4355.34072876088  8.556736E-17
4359.42100143544  8.953190E-17
4363.50127411  8.889560E-17
4367.58154678457  9.046787E-17
4371.66181945912  9.243914E-17
4375.74209213368  9.359903E-17
4379.82236480824  9.527992E-17
4383.9026374828  9.764001E-17
4387.98291015736  1.015451E-16
4392.06318283192  9.614907E-17
4396.14345550648  9.333608E-17
4400.22372818104  8.946540E-17
4404.3040008556  7.832195E-17
4408.38427353016  8.774029E-17
4412.46454620472  9.177732E-17
4416.54481887928  8.464265E-17
4420.62509155384  8.462028E-17
4424.7053642284  8.378631E-17
4428.78563690296  8.843724E-17
4432.86590957752  9.098741E-17
4436.94618225208  7.565023E-17
4441.02645492665  9.310093E-17
4445.1067276012  8.142841E-17
4449.18700027576  9.361138E-17
4453.26727295032  8.980440E-17
4457.34754562488  8.341360E-17
4461.42781829944  9.035369E-17
4465.508090974  9.125331E-17
4469.58836364856  8.257478E-17
4473.66863632312  9.013355E-17
4477.74890899768  8.795192E-17
4481.82918167224  9.061563E-17
4485.9094543468  8.847185E-17
4489.98972702136  8.984399E-17
4494.06999969592  8.582483E-17
4498.15027237048  9.484385E-17
4502.23054504504  8.990621E-17
4506.3108177196  8.733389E-17
4510.39109039416  8.352960E-17
4514.47136306872  9.756955E-17
4518.55163574328  8.937570E-17
4522.63190841784  8.440755E-17
4526.7121810924  8.877200E-17
4530.79245376696  9.075155E-17
4534.87272644152  9.808899E-17
4538.95299911608  8.902607E-17
4543.03327179064  8.703507E-17
4547.1135444652  1.000534E-16
4551.19381713976  9.446611E-17
4555.27408981432  8.148256E-17
4559.35436248888  8.806199E-17
4563.43463516344  9.697824E-17
4567.514907838  8.997326E-17
4571.59518051256  8.983564E-17
4575.67545318712  8.952134E-17
4579.75572586168  8.437908E-17
4583.83599853624  8.509380E-17
4587.9162712108  8.439316E-17
4591.99654388536  9.256577E-17
4596.07681655992  8.411634E-17
4600.15708923448  8.796300E-17
4604.23736190904  8.930049E-17
4608.3176345836  9.453505E-17
4612.39790725816  9.861530E-17
4616.47817993272  8.994473E-17
4620.55845260729  9.213001E-17
4624.63872528184  8.627555E-17
4628.71899795641  8.818529E-17
4632.79927063096  9.305160E-17
4636.87954330552  9.486799E-17
4640.95981598008  9.018746E-17
4645.04008865464  8.427438E-17
4649.1203613292  9.002310E-17
4653.20063400376  9.368771E-17
4657.28090667832  9.104456E-17
4661.36117935288  8.898851E-17
4665.44145202744  9.235953E-17
4669.521724702  8.874254E-17
4673.60199737656  8.789462E-17
4677.68227005112  8.979877E-17
4681.76254272568  8.134067E-17
4685.84281540024  8.994863E-17
4689.9230880748  8.001439E-17
4694.00336074936  8.482461E-17
4698.08363342392  8.736772E-17
4702.16390609848  8.915576E-17
4706.24417877304  9.045609E-17
4710.3244514476  8.401618E-17
4714.40472412216  8.953353E-17
4718.48499679672  9.300516E-17
4722.56526947129  8.638194E-17
4726.64554214584  9.074863E-17
4730.7258148204  9.051217E-17
4734.80608749496  9.163423E-17
4738.88636016952  9.023299E-17
4742.96663284408  8.703328E-17
4747.04690551864  9.519296E-17
4751.1271781932  8.923348E-17
4755.20745086776  8.750531E-17
4759.28772354232  8.700545E-17
4763.36799621688  8.547476E-17
4767.44826889144  8.985038E-17
4771.528541566  9.271163E-17
4775.60881424057  8.179914E-17
4779.68908691512  8.773739E-17
4783.76935958968  8.886074E-17
4787.84963226424  8.729267E-17
4791.9299049388  8.560267E-17
4796.01017761336  8.851979E-17
4800.09045028792  8.630319E-17
4804.17072296248  8.885188E-17
4808.25099563704  9.124793E-17
4812.3312683116  8.721264E-17
4816.41154098617  8.382950E-17
4820.49181366073  9.693117E-17
4824.57208633528  9.224307E-17
4828.65235900984  8.394928E-17
4832.7326316844  9.276345E-17
4836.81290435896  9.409807E-17
4840.89317703352  8.586263E-17
4844.97344970808  8.677934E-17
4849.05372238264  9.043560E-17
4853.1339950572  9.261155E-17
4857.21426773177  8.885706E-17
4861.29454040633  8.295420E-17
4865.37481308088  8.829370E-17
4869.45508575544  9.463023E-17
4873.53535843  9.494340E-17
4877.61563110456  1.000030E-16
4881.69590377912  1.013108E-16
4885.77617645368  1.087641E-16
4889.85644912824  1.083872E-16
4893.9367218028  1.106608E-16
4898.01699447736  1.094999E-16
4902.09726715192  1.085704E-16
4906.17753982648  1.023532E-16
4910.25781250104  9.485655E-17
4914.33808517561  9.757020E-17
4918.41835785016  9.246500E-17
4922.49863052472  8.940402E-17
4926.57890319928  9.384276E-17
4930.65917587384  9.154597E-17
4934.7394485484  9.520556E-17
4938.81972122296  9.035412E-17
4942.89999389753  9.312663E-17
4946.98026657209  8.687558E-17
4951.06053924664  8.796302E-17
4955.1408119212  9.305905E-17
4959.22108459576  9.110939E-17
4963.30135727032  8.934528E-17
4967.38162994488  9.190646E-17
4971.46190261944  8.634249E-17
4975.542175294  8.554559E-17
4979.62244796856  9.418300E-17
4983.70272064313  8.975448E-17
4987.78299331768  9.209902E-17
4991.86326599224  9.635504E-17
4995.94353866681  9.231721E-17
5000.02381134136  9.755324E-17
5004.10408401592  8.632788E-17
5008.18435669048  8.838797E-17
5012.26462936504  8.128770E-17
5016.34490203961  8.664458E-17
5020.42517471417  8.818695E-17
5024.50544738873  8.260588E-17
5028.58572006329  8.872743E-17
5032.66599273785  9.022707E-17
5036.74626541241  9.229623E-17
5040.82653808696  9.390109E-17
5044.90681076152  9.699495E-17
5048.98708343608  9.359664E-17
5053.06735611064  9.337939E-17
5057.1476287852  9.448504E-17
5061.22790145976  9.035903E-17
5065.30817413432  9.294395E-17
5069.38844680889  8.543610E-17
5073.46871948345  9.136230E-17
5077.54899215801  9.086476E-17
5081.62926483256  9.165378E-17
5085.70953750712  8.993338E-17
5089.78981018168  8.985729E-17
5093.87008285625  8.784487E-17
5097.95035553081  8.882424E-17
5102.03062820536  9.205295E-17
5106.11090087992  9.268463E-17
5110.19117355449  8.692134E-17
5114.27144622904  8.169659E-17
5118.35171890361  8.659433E-17
5122.43199157817  8.487532E-17
5126.51226425273  8.472192E-17
5130.59253692729  9.072505E-17
5134.67280960185  8.807744E-17
5138.75308227641  8.712783E-17
5142.83335495096  9.153413E-17
5146.91362762552  9.129442E-17
5150.99390030008  9.165560E-17
5155.07417297464  8.524708E-17
5159.1544456492  8.979281E-17
5163.23471832376  9.706985E-17
5167.31499099833  9.267451E-17
5171.39526367289  8.388865E-17
5175.47553634745  8.970708E-17
5179.55580902201  8.744079E-17
5183.63608169656  8.349112E-17
5187.71635437113  8.948951E-17
5191.79662704569  9.180381E-17
5195.87689972025  9.111551E-17
5199.9571723948  9.500639E-17
5204.03744506936  9.043733E-17
5208.11771774392  8.529411E-17
5212.19799041848  8.832179E-17
5216.27826309305  8.023829E-17
5220.3585357676  8.607890E-17
5224.43880844217  8.995274E-17
5228.51908111673  8.937552E-17
5232.59935379129  8.540999E-17
5236.67962646585  8.940018E-17
5240.75989914041  8.344388E-17
5244.84017181497  8.348054E-17
5248.92044448952  1.001176E-16
5253.00071716408  8.848221E-17
5257.08098983865  8.273214E-17
5261.1612625132  9.363569E-17
5265.24153518776  9.495311E-17
5269.32180786232  8.965598E-17
5273.40208053688  8.549775E-17
5277.48235321145  8.672557E-17
5281.56262588601  9.247198E-17
5285.64289856057  9.034340E-17
5289.72317123513  9.097097E-17
5293.80344390969  9.466177E-17
5297.88371658425  9.027451E-17
5301.9639892588  9.036135E-17
5306.04426193336  9.332987E-17
5310.12453460792  8.937855E-17
5314.20480728248  8.299745E-17
5318.28507995704  8.534889E-17
5322.36535263161  8.573384E-17
5326.44562530617  8.833691E-17
5330.52589798073  8.707503E-17
5334.60617065529  8.710280E-17
5338.68644332985  8.598050E-17
5342.76671600441  8.758941E-17
5346.84698867897  9.700123E-17
5350.92726135352  9.700002E-17
5355.00753402808  9.040932E-17
5359.08780670265  8.505446E-17
5363.16807937721  9.070383E-17
5367.24835205177  9.260393E-17
5371.32862472633  9.100159E-17
5375.40889740088  8.505632E-17
5379.48917007545  8.264518E-17
5383.56944275001  8.600923E-17
5387.64971542457  8.956855E-17
5391.72998809913  8.997863E-17
5395.81026077368  8.167469E-17
5399.89053344825  8.011177E-17
5403.9708061228  8.630374E-17
5408.05107879737  8.420123E-17
5412.13135147193  8.504167E-17
5416.21162414648  8.778108E-17
5420.29189682105  8.908875E-17
5424.37216949561  8.863819E-17
5428.45244217016  8.567707E-17
5432.53271484473  8.509893E-17
5436.61298751929  8.688853E-17
5440.69326019385  8.741066E-17
5444.77353286841  8.368211E-17
5448.85380554297  8.507115E-17
5452.93407821753  8.597779E-17
5457.01435089208  8.372943E-17
5461.09462356664  8.559597E-17
5465.1748962412  9.173488E-17
5469.25516891576  9.492068E-17
5473.33544159033  9.046293E-17
5477.41571426489  8.654015E-17
5481.49598693944  8.709493E-17
5485.57625961401  8.388398E-17
5489.65653228857  8.114968E-17
5493.73680496313  8.616910E-17
5497.81707763769  8.585646E-17
5501.89735031224  8.137653E-17
5505.9776229868  8.091783E-17
5510.05789566136  8.276659E-17
5514.13816833593  8.921207E-17
5518.21844101049  8.508805E-17
5522.29871368504  9.523400E-17
5526.37898635961  8.396956E-17
5530.45925903417  8.804498E-17
5534.53953170873  9.131957E-17
5538.61980438329  8.860939E-17
5542.70007705785  8.816174E-17
5546.78034973241  8.225634E-17
5550.86062240697  8.681529E-17
5554.94089508153  8.547291E-17
5559.02116775609  9.103735E-17
5563.10144043064  8.770131E-17
5567.18171310521  8.196854E-17
5571.26198577977  8.357110E-17
5575.34225845433  8.017537E-17
5579.42253112889  8.172501E-17
5583.50280380345  8.824072E-17
5587.58307647801  8.575980E-17
5591.66334915257  8.881946E-17
5595.74362182713  9.229749E-17
5599.82389450169  8.061831E-17
5603.90416717624  8.851893E-17
5607.98443985081  8.667011E-17
5612.06471252537  8.309770E-17
5616.14498519993  9.036406E-17
5620.22525787449  8.158031E-17
5624.30553054905  8.712548E-17
5628.38580322361  8.498029E-17
5632.46607589816  8.674392E-17
5636.54634857273  8.544809E-17
5640.62662124729  8.976750E-17
5644.70689392185  8.527378E-17
5648.78716659641  8.664923E-17
5652.86743927097  8.921904E-17
5656.94771194553  8.673112E-17
5661.02798462008  8.487882E-17
5665.10825729465  8.102118E-17
5669.18852996921  8.887407E-17
5673.26880264376  8.725286E-17
5677.34907531833  7.817927E-17
5681.42934799289  8.856248E-17
5685.50962066745  8.657908E-17
5689.589893342  7.916184E-17
5693.67016601657  8.129151E-17
5697.75043869113  7.921525E-17
5701.83071136569  8.060731E-17
5705.91098404025  8.233571E-17
5709.99125671481  7.427596E-17
5714.07152938936  8.373482E-17
5718.15180206392  8.118516E-17
5722.23207473849  8.074531E-17
5726.31234741305  8.780042E-17
5730.3926200876  8.489764E-17
5734.47289276217  7.892656E-17
5738.55316543673  8.208696E-17
5742.63343811129  7.968137E-17
5746.71371078585  7.981920E-17
5750.79398346041  8.245761E-17
5754.87425613497  8.167995E-17
5758.95452880953  8.126218E-17
5763.03480148409  8.738316E-17
5767.11507415865  7.579634E-17
5771.1953468332  7.937490E-17
5775.27561950777  8.045303E-17
5779.35589218233  8.558071E-17
5783.43616485688  7.951004E-17
5787.51643753145  7.907753E-17
5791.59671020601  7.969638E-17
5795.67698288057  7.300506E-17
5799.75725555513  8.186315E-17
5803.83752822969  8.138400E-17
5807.91780090425  7.707611E-17
5811.9980735788  8.264944E-17
5816.07834625337  8.028510E-17
5820.15861892793  8.014867E-17
5824.23889160248  8.155154E-17
5828.31916427705  8.437542E-17
5832.39943695161  8.374688E-17
5836.47970962617  8.068500E-17
5840.55998230073  7.478118E-17
5844.64025497529  7.855569E-17
5848.72052764985  8.270949E-17
5852.80080032441  7.730677E-17
5856.88107299897  8.346880E-17
5860.96134567353  8.791450E-17
5865.04161834809  8.157184E-17
5869.12189102265  8.084006E-17
5873.20216369721  8.327327E-17
5877.28243637177  7.889863E-17
5881.36270904633  7.849774E-17
5885.44298172089  7.663995E-17
5889.52325439545  7.213037E-17
5893.60352707001  8.167992E-17
5897.68379974457  8.410656E-17
5901.76407241913  8.000214E-17
5905.84434509369  8.322267E-17
5909.92461776825  8.718923E-17
5914.00489044281  7.763256E-17
5918.08516311737  8.767921E-17
5922.16543579193  7.995260E-17
5926.24570846649  7.480552E-17
5930.32598114105  7.750743E-17
5934.40625381561  7.679109E-17
5938.48652649017  8.306957E-17
5942.56679916473  8.528877E-17
5946.64707183929  8.004140E-17
5950.72734451385  7.837736E-17
5954.80761718841  8.023674E-17
5958.88788986297  8.344696E-17
5962.96816253753  8.356515E-17
5967.04843521209  8.246344E-17
5971.12870788665  8.535534E-17
5975.2089805612  7.303157E-17
5979.28925323577  7.812155E-17
5983.36952591033  8.600876E-17
5987.44979858489  8.123569E-17
5991.53007125945  7.359791E-17
5995.61034393401  7.737261E-17
5999.69061660857  7.902029E-17
6003.77088928313  7.598915E-17
6007.85116195769  7.532516E-17
6011.93143463225  8.091306E-17
6016.0117073068  8.540725E-17
6020.09197998137  8.301119E-17
6024.17225265593  8.024412E-17
6028.25252533049  8.292089E-17
6032.33279800505  7.922698E-17
6036.41307067961  8.177539E-17
6040.49334335417  8.259197E-17
6044.57361602873  8.099691E-17
6048.65388870329  8.119519E-17
6052.73416137785  7.843833E-17
6056.81443405241  8.005938E-17
6060.89470672697  8.476595E-17
6064.97497940153  8.477010E-17
6069.05525207609  8.308141E-17
6073.13552475065  8.269440E-17
6077.21579742521  8.400768E-17
6081.29607009977  8.356570E-17
6085.37634277433  8.044133E-17
6089.45661544889  7.463889E-17
6093.53688812345  7.666900E-17
6097.61716079801  8.184869E-17
6101.69743347257  8.605700E-17
6105.77770614713  8.149743E-17
6109.85797882169  8.157525E-17
6113.93825149625  7.652076E-17
6118.01852417081  7.632628E-17
6122.09879684537  7.899887E-17
6126.17906951993  7.891513E-17
6130.25934219449  8.207783E-17
6134.33961486905  8.488201E-17
6138.41988754361  8.399954E-17
6142.50016021817  8.025257E-17
6146.58043289273  7.184765E-17
6150.66070556729  6.961910E-17
6154.74097824185  8.211253E-17
6158.82125091641  7.243136E-17
6162.90152359097  7.259421E-17
6166.98179626553  6.610332E-17
6171.06206894009  7.473577E-17
6175.14234161465  7.789000E-17
6179.22261428921  7.920813E-17
6183.30288696377  7.854013E-17
6187.38315963833  7.611103E-17
6191.46343231289  7.788037E-17
6195.54370498745  8.018967E-17
6199.62397766201  7.947112E-17
6203.70425033657  7.894363E-17
6207.78452301113  8.263276E-17
6211.86479568569  8.660023E-17
6215.94506836025  7.327791E-17
6220.02534103481  7.682629E-17
6224.10561370937  7.879172E-17
6228.18588638393  7.760763E-17
6232.26615905849  8.619432E-17
6236.34643173305  7.434355E-17
6240.42670440761  7.274621E-17
6244.50697708217  8.280060E-17
6248.58724975673  7.877702E-17
6252.66752243129  7.440554E-17
6256.74779510585  7.449261E-17
6260.82806778041  7.797093E-17
6264.90834045497  7.733453E-17
6268.98861312953  7.190800E-17
6273.06888580409  7.356823E-17
6277.14915847865  7.881190E-17
6281.22943115321  7.700488E-17
6285.30970382777  8.704188E-17
6289.38997650233  8.818611E-17
6293.47024917689  8.310030E-17
6297.55052185145  7.929454E-17
6301.63079452601  8.196653E-17
6305.71106720057  9.038049E-17
6309.79133987513  8.668934E-17
6313.87161254969  7.724077E-17
6317.95188522425  7.019336E-17
6322.03215789881  7.484711E-17
6326.11243057337  7.797297E-17
6330.19270324793  7.839454E-17
6334.27297592249  7.757286E-17
6338.35324859705  8.105867E-17
6342.43352127161  7.578265E-17
6346.51379394617  7.941723E-17
6350.59406662073  7.841979E-17
6354.67433929529  7.102253E-17
6358.75461196985  7.042761E-17
6362.83488464441  7.734226E-17
6366.91515731897  7.381483E-17
6370.99542999353  7.001650E-17
6375.07570266809  8.050540E-17
6379.15597534265  7.628297E-17
6383.23624801721  7.501702E-17
6387.31652069177  8.060205E-17
6391.39679336633  7.193489E-17
6395.47706604089  7.834607E-17
6399.55733871545  8.031468E-17
6403.63761139001  6.970271E-17
6407.71788406457  7.012025E-17
6411.79815673913  7.261785E-17
6415.87842941369  7.456763E-17
6419.95870208825  7.311077E-17
6424.03897476281  7.442819E-17
6428.11924743737  7.280289E-17
6432.19952011193  6.900055E-17
6436.27979278649  7.829361E-17
6440.36006546105  7.477158E-17
6444.44033813561  7.207614E-17
6448.52061081017  7.364458E-17
6452.60088348473  7.228098E-17
6456.68115615929  7.284325E-17
6460.76142883385  8.393036E-17
6464.84170150841  7.982282E-17
6468.92197418296  7.717399E-17
6473.00224685753  8.259276E-17
6477.08251953209  7.556894E-17
6481.16279220665  7.146778E-17
6485.24306488121  7.720854E-17
6489.32333755577  7.431023E-17
6493.40361023033  7.700866E-17
6497.48388290489  7.668872E-17
6501.56415557945  6.947943E-17
6505.64442825401  6.686833E-17
6509.72470092857  7.601953E-17
6513.80497360313  7.399838E-17
6517.88524627769  7.696054E-17
6521.96551895225  7.792825E-17
6526.04579162681  6.876585E-17
6530.12606430137  6.940142E-17
6534.20633697593  7.544914E-17
6538.28660965049  7.705748E-17
6542.36688232505  7.730178E-17
6546.44715499961  7.077195E-17
6550.52742767417  7.821001E-17
6554.60770034873  8.266826E-17
6558.68797302329  7.632946E-17
6562.76824569785  8.138306E-17
6566.84851837241  7.766472E-17
6570.92879104697  8.161683E-17
6575.00906372153  8.910141E-17
6579.08933639609  9.093459E-17
6583.16960907065  9.322348E-17
6587.24988174521  9.852294E-17
6591.33015441977  1.119220E-16
6595.41042709433  1.285291E-16
6599.49069976889  1.400071E-16
6603.57097244345  1.565464E-16
6607.65124511801  1.664788E-16
6611.73151779257  1.549812E-16
6615.81179046713  1.305906E-16
6619.89206314169  1.154740E-16
6623.97233581625  1.045986E-16
6628.05260849081  8.992741E-17
6632.13288116537  8.271674E-17
6636.21315383993  7.463846E-17
6640.29342651449  7.184093E-17
6644.37369918905  7.753296E-17
6648.45397186361  7.043462E-17
6652.53424453817  7.367253E-17
6656.61451721273  7.499294E-17
6660.69478988729  7.882484E-17
6664.77506256185  7.456916E-17
6668.85533523641  8.103465E-17
6672.93560791097  6.672718E-17
6677.01588058553  6.751246E-17
6681.09615326009  6.742452E-17
6685.17642593465  6.985119E-17
6689.25669860921  7.310313E-17
6693.33697128377  6.900214E-17
6697.41724395833  7.358855E-17
6701.49751663289  7.625357E-17
6705.57778930745  7.510658E-17
6709.65806198201  7.623232E-17
6713.73833465657  8.309337E-17
6717.81860733113  7.599077E-17
6721.89888000569  7.341539E-17
6725.97915268025  6.850810E-17
6730.05942535481  7.127834E-17
6734.13969802937  7.464756E-17
6738.21997070393  6.962300E-17
6742.30024337849  6.884793E-17
6746.38051605305  6.762614E-17
6750.46078872761  6.758066E-17
6754.54106140217  7.003560E-17
6758.62133407673  6.208519E-17
6762.70160675129  7.521213E-17
6766.78187942585  7.180079E-17
6770.86215210041  7.687699E-17
6774.94242477497  7.462901E-17
6779.02269744953  7.284331E-17
6783.10297012409  7.120287E-17
6787.18324279865  7.177559E-17
6791.26351547321  7.212229E-17
6795.34378814777  7.018388E-17
6799.42406082233  7.147147E-17
6803.50433349689  7.299839E-17
6807.58460617145  6.758001E-17
6811.66487884601  7.631738E-17
6815.74515152057  7.563342E-17
6819.82542419513  6.881331E-17
6823.90569686969  7.406549E-17
6827.98596954425  7.679661E-17
6832.06624221881  7.639059E-17
6836.14651489337  7.127936E-17
6840.22678756793  7.683844E-17
6844.30706024249  8.212344E-17
6848.38733291705  7.044852E-17
6852.46760559161  7.130022E-17
6856.54787826617  7.393219E-17
6860.62815094073  7.841288E-17
6864.70842361529  6.865845E-17
6868.78869628985  7.208689E-17
6872.86896896441  7.899049E-17
6876.94924163897  6.893866E-17
6881.02951431353  6.603149E-17
6885.10978698809  7.224755E-17
6889.19005966265  6.853061E-17
6893.27033233721  7.428149E-17
6897.35060501177  7.474863E-17
6901.43087768633  6.495882E-17
6905.51115036089  7.248868E-17
6909.59142303545  8.297160E-17
6913.67169571001  6.565655E-17
6917.75196838457  7.414776E-17
6921.83224105913  7.174830E-17
6925.91251373369  7.193904E-17
6929.99278640825  7.099318E-17
6934.07305908281  6.968642E-17
6938.15333175737  7.178893E-17
6942.23360443193  6.653404E-17
6946.31387710649  6.950420E-17
6950.39414978105  7.069187E-17
6954.47442245561  6.666378E-17
6958.55469513017  6.946399E-17
6962.63496780473  6.359621E-17
6966.71524047929  6.613502E-17
6970.79551315385  6.100495E-17
6974.87578582841  7.873840E-17
6978.95605850297  7.524044E-17
6983.03633117753  6.712089E-17
6987.11660385209  7.529474E-17
6991.19687652665  7.335849E-17
6995.27714920121  7.227287E-17
6999.35742187577  7.534872E-17
7003.43769455033  6.784324E-17
7007.51796722489  5.938600E-17
7011.59823989945  6.622897E-17
7015.67851257401  7.375093E-17
7019.75878524857  6.535582E-17
7023.83905792313  6.777414E-17
7027.91933059769  7.723582E-17
7031.99960327225  7.312457E-17
7036.07987594681  6.804638E-17
7040.16014862137  6.499978E-17
7044.24042129593  7.302831E-17
7048.32069397049  7.484208E-17
7052.40096664505  7.220164E-17
7056.48123931961  6.972712E-17
7060.56151199417  6.282378E-17
7064.64178466873  6.684305E-17
7068.72205734329  7.410372E-17
7072.80233001785  6.957393E-17
7076.88260269241  6.919891E-17
7080.96287536697  6.629953E-17
7085.04314804153  6.692921E-17
7089.12342071609  6.926828E-17
7093.20369339065  7.193300E-17
7097.28396606521  6.355706E-17
7101.36423873977  6.505275E-17
7105.44451141433  7.170469E-17
7109.52478408889  6.902877E-17
7113.60505676345  6.304893E-17
7117.68532943801  6.379125E-17
7121.76560211257  7.299374E-17
7125.84587478713  6.748560E-17
7129.92614746169  6.984309E-17
7134.00642013625  6.221154E-17
7138.08669281081  6.920568E-17
7142.16696548537  6.963641E-17
7146.24723815993  6.999907E-17
7150.32751083449  5.881649E-17
7154.40778350905  6.429177E-17
7158.48805618361  6.670635E-17
7162.56832885817  6.614058E-17
7166.64860153273  7.593519E-17
7170.72887420729  6.836590E-17
7174.80914688185  6.605837E-17
7178.88941955641  6.590319E-17
7182.96969223097  6.761792E-17
7187.04996490553  6.478713E-17
7191.13023758009  6.870655E-17
7195.21051025465  7.450155E-17
7199.29078292921  7.240892E-17
7203.37105560377  7.152951E-17
7207.45132827833  7.169752E-17
7211.53160095289  7.258958E-17
7215.61187362745  7.734190E-17
7219.69214630201  7.818374E-17
7223.77241897657  7.157561E-17
7227.85269165113  7.280766E-17
7231.93296432569  6.091717E-17
7236.01323700025  7.025526E-17
7240.09350967481  6.444393E-17
7244.17378234937  7.727824E-17
7248.25405502393  6.485912E-17
7252.33432769849  5.690860E-17
7256.41460037305  6.502612E-17
7260.49487304761  6.938200E-17
7264.57514572217  6.974834E-17
7268.65541839673  6.977933E-17
7272.73569107129  6.527536E-17
7276.81596374585  5.728968E-17
7280.89623642041  6.452155E-17
7284.97650909497  5.394521E-17
7289.05678176953  6.144137E-17
7293.13705444409  6.058987E-17
7297.21732711865  6.653785E-17
7301.29759979321  6.377956E-17
7305.37787246777  6.633153E-17
7309.45814514233  6.688602E-17
7313.53841781689  7.230717E-17
7317.61869049145  6.849951E-17
7321.69896316601  5.917846E-17
7325.77923584057  7.060834E-17
7329.85950851513  7.549820E-17
7333.93978118969  7.878858E-17
7338.02005386425  7.540510E-17
7342.10032653881  6.572593E-17
7346.18059921337  7.104836E-17
7350.26087188793  7.360158E-17
7354.34114456249  7.239473E-17
7358.42141723705  7.091539E-17
7362.50168991161  6.751275E-17
7366.58196258617  7.167605E-17
7370.66223526073  8.421854E-17
7374.74250793529  8.114268E-17
7378.82278060985  7.129586E-17
7382.90305328441  6.641040E-17
7386.98332595897  6.200920E-17
7391.06359863353  6.238656E-17
7395.14387130809  7.001243E-17
7399.22414398265  6.822213E-17
7403.30441665721  6.643217E-17
7407.38468933177  6.639325E-17
7411.46496200633  6.541496E-17
7415.54523468089  7.117270E-17
7419.62550735545  6.920384E-17
7423.70578003001  7.093341E-17
7427.78605270457  7.236210E-17
7431.86632537913  6.664470E-17
7435.94659805369  6.980332E-17
7440.02687072825  6.561619E-17
7444.10714340281  6.560662E-17
7448.18741607737  6.653122E-17
7452.26768875193  6.033318E-17
7456.34796142649  5.966195E-17
7460.42823410105  6.417224E-17
7464.50850677561  7.158253E-17
