6001.38037109001  0.
6005.58974599464  5.896980E-17
6009.79912089927  5.677081E-17
6014.00849580389  6.196795E-17
6018.21787070853  6.547160E-17
6022.42724561316  6.335579E-17
6026.63662051778  6.642403E-17
6030.84599542242  6.044812E-17
6035.05537032705  5.870848E-17
6039.26474523168  6.049579E-17
6043.4741201363  6.286146E-17
6047.68349504094  5.892684E-17
6051.89286994557  6.348951E-17
6056.1022448502  5.881027E-17
6060.31161975483  6.073800E-17
6064.52099465946  6.488360E-17
6068.73036956408  5.900629E-17
6072.93974446872  6.078513E-17
6077.14911937334  6.186124E-17
6081.35849427798  6.427084E-17
6085.56786918261  5.810817E-17
6089.77724408723  6.143224E-17
6093.98661899187  6.215133E-17
6098.19599389649  5.871526E-17
6102.40536880113  6.311291E-17
6106.61474370576  6.332848E-17
6110.82411861039  6.316069E-17
6115.03349351502  6.407013E-17
6119.24286841964  6.150580E-17
6123.45224332428  6.187529E-17
6127.66161822891  6.459121E-17
6131.87099313354  6.451475E-17
6136.08036803817  6.275181E-17
6140.2897429428  6.116783E-17
6144.49911784742  5.963250E-17
6148.70849275206  6.147933E-17
6152.91786765669  6.006969E-17
6157.12724256132  6.449339E-17
6161.33661746594  5.669689E-17
6165.54599237058  5.975780E-17
6169.75536727521  6.106421E-17
6173.96474217984  5.936080E-17
6178.17411708447  5.937375E-17
6182.3834919891  6.052193E-17
6186.59286689373  6.063281E-17
6190.80224179835  5.871030E-17
6195.01161670298  6.223400E-17
6199.22099160762  6.119539E-17
6203.43036651225  6.100685E-17
6207.63974141688  5.585272E-17
6211.8491163215  5.919523E-17
6216.05849122613  6.038202E-17
6220.26786613077  6.079365E-17
6224.47724103539  6.323624E-17
6228.68661594003  5.923963E-17
6232.89599084466  5.599221E-17
6237.10536574929  5.875451E-17
6241.31474065391  5.726430E-17
6245.52411555855  6.098200E-17
6249.73349046318  5.926502E-17
6253.94286536781  5.806461E-17
6258.15224027244  6.003703E-17
6262.36161517707  5.780974E-17
6266.5709900817  6.146243E-17
6270.78036498633  6.268573E-17
6274.98973989096  6.261675E-17
6279.19911479559  5.786701E-17
6283.40848970022  6.117788E-17
6287.61786460484  6.283012E-17
6291.82723950948  6.265348E-17
6296.0366144141  6.786242E-17
6300.24598931874  6.251253E-17
6304.45536422337  5.577837E-17
6308.664739128  6.186594E-17
6312.87411403263  6.284205E-17
6317.08348893726  6.295136E-17
6321.29286384189  5.838808E-17
6325.50223874651  6.060334E-17
6329.71161365115  6.028384E-17
6333.92098855578  6.273002E-17
6338.13036346041  6.456123E-17
6342.33973836504  6.327451E-17
6346.54911326967  5.886850E-17
6350.7584881743  6.084467E-17
6354.96786307893  6.491193E-17
6359.17723798356  5.891031E-17
6363.38661288819  5.812504E-17
6367.59598779282  5.905272E-17
6371.80536269745  5.570830E-17
6376.01473760208  6.200620E-17
6380.22411250671  6.014095E-17
6384.43348741134  6.086537E-17
6388.64286231597  6.261699E-17
6392.8522372206  6.206973E-17
6397.06161212523  6.161936E-17
6401.27098702986  5.740330E-17
6405.48036193449  6.151376E-17
6409.68973683912  6.154934E-17
6413.89911174375  6.149801E-17
6418.10848664838  5.892568E-17
6422.317861553  6.223628E-17
6426.52723645764  5.932849E-17
6430.73661136227  6.043665E-17
6434.9459862669  5.703660E-17
6439.15536117153  5.785139E-17
6443.36473607616  5.874728E-17
6447.57411098078  5.940748E-17
6451.78348588541  6.021433E-17
6455.99286079005  5.685120E-17
6460.20223569468  5.850766E-17
6464.4116105993  6.111360E-17
6468.62098550394  6.110011E-17
6472.83036040857  6.124933E-17
6477.0397353132  6.020019E-17
6481.24911021783  5.936398E-17
6485.45848512246  6.103102E-17
6489.66786002709  6.156850E-17
6493.87723493171  5.764256E-17
6498.08660983635  6.023925E-17
6502.29598474098  6.201180E-17
6506.50535964561  6.038634E-17
6510.71473455024  5.869869E-17
6514.92410945487  6.036053E-17
6519.1334843595  6.066090E-17
6523.34285926413  5.366150E-17
6527.55223416875  5.764294E-17
6531.76160907339  6.096137E-17
6535.97098397802  5.863185E-17
6540.18035888265  5.937103E-17
6544.38973378728  5.391564E-17
6548.59910869191  6.022551E-17
6552.80848359654  6.163647E-17
6557.01785850116  6.505795E-17
6561.2272334058  6.249052E-17
6565.43660831043  6.379023E-17
6569.64598321506  6.321066E-17
6573.85535811969  6.768767E-17
6578.06473302432  6.895182E-17
6582.27410792894  7.517661E-17
6586.48348283358  7.878619E-17
6590.69285773821  9.305358E-17
6594.90223264284  1.085429E-16
6599.11160754747  1.305261E-16
6603.3209824521  1.380713E-16
6607.53035735673  1.274675E-16
6611.73973226136  1.023518E-16
6615.94910716599  8.564883E-17
6620.15848207062  7.985683E-17
6624.36785697525  7.029029E-17
6628.57723187988  6.401600E-17
6632.78660678451  6.286188E-17
6636.99598168914  5.912442E-17
6641.20535659377  6.030086E-17
6645.4147314984  5.803591E-17
6649.62410640303  5.884534E-17
6653.83348130766  6.116019E-17
6658.04285621229  6.267947E-17
6662.25223111691  5.846013E-17
6666.46160602155  5.485799E-17
6670.67098092618  5.798902E-17
6674.88035583081  5.619228E-17
6679.08973073544  5.748407E-17
6683.29910564007  5.906596E-17
6687.5084805447  5.681933E-17
6691.71785544933  6.082301E-17
6695.92723035396  5.631303E-17
6700.13660525859  5.682415E-17
6704.34598016322  6.014696E-17
6708.55535506785  5.764376E-17
6712.76472997248  5.846717E-17
6716.97410487711  6.333495E-17
6721.18347978174  5.842391E-17
6725.39285468637  5.877999E-17
6729.602229591  5.791005E-17
6733.81160449563  6.044092E-17
6738.02097940026  5.925786E-17
6742.23035430489  5.540447E-17
6746.43972920952  5.994638E-17
6750.64910411415  5.432759E-17
6754.85847901878  5.906772E-17
6759.06785392341  5.683524E-17
6763.27722882804  5.572735E-17
6767.48660373267  5.776456E-17
6771.6959786373  5.554004E-17
6775.90535354193  5.664533E-17
6780.11472844656  5.774577E-17
6784.32410335119  5.604025E-17
6788.53347825581  5.668721E-17
6792.74285316045  5.567775E-17
6796.95222806508  5.881300E-17
6801.16160296971  5.557412E-17
6805.37097787434  5.702456E-17
6809.58035277897  5.672435E-17
6813.7897276836  5.472769E-17
6817.99910258823  5.751005E-17
6822.20847749286  5.371753E-17
6826.41785239749  5.463609E-17
6830.62722730212  6.311433E-17
6834.83660220675  6.085079E-17
6839.04597711138  5.824297E-17
6843.25535201601  6.108246E-17
6847.46472692064  5.768344E-17
6851.67410182527  5.446948E-17
6855.8834767299  5.185845E-17
6860.09285163453  5.499363E-17
6864.30222653916  5.776116E-17
6868.51160144379  5.512348E-17
6872.72097634842  5.122368E-17
6876.93035125305  5.224448E-17
6881.13972615768  6.052574E-17
6885.34910106231  5.752952E-17
6889.55847596694  5.833758E-17
6893.76785087157  5.505110E-17
6897.9772257762  5.585588E-17
6902.18660068083  5.643197E-17
6906.39597558546  5.620036E-17
6910.60535049009  5.266688E-17
6914.81472539472  5.868262E-17
6919.02410029935  5.626575E-17
6923.23347520398  5.144552E-17
6927.44285010861  5.077721E-17
6931.65222501324  5.568251E-17
6935.86159991787  5.562489E-17
6940.0709748225  5.495313E-17
6944.28034972713  5.547412E-17
6948.48972463176  5.680877E-17
6952.69909953639  5.537857E-17
6956.90847444102  5.712708E-17
6961.11784934565  5.799505E-17
6965.32722425028  5.557230E-17
6969.53659915491  5.596156E-17
6973.74597405954  5.740823E-17
6977.95534896417  5.729751E-17
6982.1647238688  5.504073E-17
6986.37409877342  5.293703E-17
6990.58347367806  5.384582E-17
6994.79284858269  5.279687E-17
6999.00222348732  5.752091E-17
7003.21159839195  5.571757E-17
7007.42097329658  5.284313E-17
7011.63034820121  5.585758E-17
7015.83972310584  5.762263E-17
7020.04909801047  5.624260E-17
7024.2584729151  5.622138E-17
7028.46784781973  5.849375E-17
7032.67722272436  5.551029E-17
7036.88659762899  5.784941E-17
7041.09597253362  5.270761E-17
7045.30534743825  5.789354E-17
7049.51472234288  5.922538E-17
7053.72409724751  5.683701E-17
7057.93347215213  5.595401E-17
7062.14284705677  5.364289E-17
7066.3522219614  5.159905E-17
7070.56159686603  5.412050E-17
7074.77097177066  5.486724E-17
7078.98034667529  5.327706E-17
7083.18972157992  5.512188E-17
7087.39909648455  5.389868E-17
7091.60847138918  5.673341E-17
7095.81784629381  5.244906E-17
7100.02722119844  5.768617E-17
7104.23659610307  5.880812E-17
7108.4459710077  5.508587E-17
7112.65534591233  5.864726E-17
7116.86472081696  5.475449E-17
7121.07409572158  5.254078E-17
7125.28347062622  5.557877E-17
7129.49284553085  5.695624E-17
7133.70222043548  5.495928E-17
7137.91159534011  5.370373E-17
7142.12097024474  5.200641E-17
7146.33034514937  5.617363E-17
7150.539720054  5.457891E-17
7154.74909495863  5.376177E-17
7158.95846986326  5.304965E-17
7163.16784476789  5.209835E-17
7167.37721967252  5.710964E-17
7171.58659457715  5.018219E-17
7175.79596948178  4.793089E-17
7180.00534438641  5.276185E-17
7184.21471929104  5.109495E-17
7188.42409419567  5.366944E-17
7192.6334691003  5.328473E-17
7196.84284400493  5.483302E-17
7201.05221890956  5.534519E-17
7205.26159381419  5.588634E-17
7209.47096871882  5.297001E-17
7213.68034362345  5.290835E-17
7217.88971852808  5.628122E-17
7222.09909343271  5.562082E-17
7226.30846833734  5.423693E-17
7230.51784324197  5.169720E-17
7234.7272181466  5.253151E-17
7238.93659305123  5.246185E-17
7243.14596795586  4.947068E-17
7247.35534286049  5.330252E-17
7251.56471776512  5.308438E-17
7255.77409266975  5.335366E-17
7259.98346757438  5.304369E-17
7264.19284247901  5.434059E-17
7268.40221738364  5.490400E-17
7272.61159228827  5.281043E-17
7276.8209671929  5.300617E-17
7281.03034209753  5.815708E-17
7285.23971700216  5.468579E-17
7289.44909190679  5.498076E-17
7293.65846681142  4.953642E-17
7297.86784171605  4.724068E-17
7302.07721662068  5.201173E-17
7306.28659152531  5.134327E-17
7310.49596642994  5.121410E-17
7314.70534133457  5.692376E-17
7318.9147162392  5.488274E-17
7323.12409114383  5.463664E-17
7327.33346604846  5.298068E-17
7331.54284095309  5.744108E-17
7335.75221585772  6.481966E-17
7339.96159076235  6.388476E-17
7344.17096566698  5.599477E-17
7348.38034057161  5.481914E-17
7352.58971547624  5.432996E-17
7356.79909038087  5.649691E-17
7361.0084652855  5.984641E-17
7365.21784019013  6.180761E-17
7369.42721509476  6.489692E-17
7373.63658999939  6.425919E-17
7377.84596490402  5.402537E-17
7382.05533980865  5.535669E-17
7386.26471471328  5.442807E-17
7390.47408961791  4.816594E-17
7394.68346452254  5.104640E-17
7398.89283942717  5.511819E-17
7403.1022143318  5.778982E-17
7407.31158923643  5.380305E-17
7411.52096414106  5.791421E-17
7415.73033904569  5.265749E-17
7419.93971395032  4.759451E-17
7424.14908885495  5.465790E-17
7428.35846375958  5.563417E-17
7432.56783866421  5.606600E-17
7436.77721356884  5.161993E-17
7440.98658847347  5.116391E-17
7445.1959633781  5.175297E-17
7449.40533828273  5.120130E-17
7453.61471318736  5.138445E-17
7457.82408809199  5.340395E-17
7462.03346299662  5.653337E-17
7466.24283790125  5.234664E-17
7470.45221280588  5.272418E-17
7474.66158771051  5.353733E-17
7478.87096261514  5.694055E-17
7483.08033751977  5.541077E-17
7487.2897124244  5.671480E-17
7491.49908732903  5.386509E-17
7495.70846223366  5.320140E-17
7499.91783713829  5.523529E-17
7504.12721204292  5.481547E-17
7508.33658694755  5.322861E-17
7512.54596185218  5.445839E-17
7516.75533675681  5.916283E-17
7520.96471166144  5.204104E-17
7525.17408656607  5.129801E-17
7529.3834614707  5.360842E-17
7533.59283637533  4.896511E-17
7537.80221127996  4.960530E-17
7542.01158618459  5.463891E-17
7546.22096108922  5.727193E-17
7550.43033599385  5.730902E-17
7554.63971089848  5.359363E-17
7558.84908580311  5.534172E-17
7563.05846070774  5.500667E-17
7567.26783561237  5.384083E-17
7571.477210517  5.090984E-17
7575.68658542163  4.973165E-17
7579.89596032626  5.367869E-17
7584.10533523089  5.948131E-17
7588.31471013552  6.361826E-17
7592.52408504015  6.385491E-17
7596.73345994478  5.616037E-17
7600.94283484941  4.405106E-17
7605.15220975404  3.466377E-17
7609.36158465867  4.415688E-17
7613.5709595633  5.350622E-17
7617.78033446793  6.579993E-17
7621.98970937256  6.065796E-17
7626.19908427719  5.629544E-17
7630.40845918182  5.308683E-17
7634.61783408645  4.690799E-17
7638.82720899108  5.221892E-17
7643.03658389571  5.498793E-17
7647.24595880034  5.072047E-17
7651.45533370497  4.909748E-17
7655.6647086096  5.122072E-17
7659.87408351423  5.333849E-17
7664.08345841886  5.716469E-17
7668.29283332349  5.467837E-17
7672.50220822812  5.395622E-17
7676.71158313275  4.962739E-17
7680.92095803738  5.134268E-17
7685.13033294201  4.971066E-17
7689.33970784664  4.833977E-17
7693.54908275127  5.581800E-17
7697.7584576559  5.475375E-17
7701.96783256053  5.150957E-17
7706.17720746516  4.652410E-17
7710.38658236979  4.890198E-17
7714.59595727442  4.775532E-17
7718.80533217905  4.581410E-17
7723.01470708368  4.787089E-17
7727.22408198831  5.300173E-17
7731.43345689294  5.214210E-17
7735.64283179757  5.029676E-17
7739.8522067022  5.178374E-17
7744.06158160683  4.852956E-17
7748.27095651146  5.008538E-17
7752.48033141609  4.763310E-17
7756.68970632072  5.275207E-17
7760.89908122535  5.524049E-17
7765.10845612998  5.389998E-17
7769.31783103461  5.167338E-17
7773.52720593924  5.747363E-17
7777.73658084387  5.106131E-17
7781.9459557485  4.982584E-17
7786.15533065313  5.040322E-17
7790.36470555776  5.313569E-17
7794.57408046239  5.073361E-17
7798.78345536702  5.451540E-17
7802.99283027165  4.865226E-17
7807.20220517628  4.580527E-17
7811.41158008091  4.601160E-17
7815.62095498554  4.468941E-17
7819.83032989017  4.127895E-17
7824.0397047948  4.183893E-17
7828.24907969943  4.919317E-17
7832.45845460406  5.045510E-17
7836.66782950869  5.197583E-17
7840.87720441332  5.240617E-17
7845.08657931795  4.880659E-17
7849.29595422258  4.595028E-17
7853.50532912721  4.786020E-17
7857.71470403184  4.816134E-17
7861.92407893647  5.561574E-17
7866.1334538411  5.313549E-17
7870.34282874573  4.960589E-17
7874.55220365036  5.130063E-17
7878.76157855499  4.821138E-17
7882.97095345962  5.049282E-17
7887.18032836425  5.197383E-17
7891.38970326888  5.404876E-17
7895.59907817351  5.057134E-17
7899.80845307814  4.816720E-17
7904.01782798277  4.844915E-17
7908.2272028874  4.776840E-17
7912.43657779203  4.574133E-17
7916.64595269666  4.466661E-17
7920.85532760129  4.992923E-17
7925.06470250592  4.978339E-17
7929.27407741055  4.558095E-17
7933.48345231518  4.571207E-17
7937.69282721981  4.885063E-17
7941.90220212444  5.019930E-17
7946.11157702907  4.792662E-17
7950.3209519337  5.079823E-17
7954.53032683833  5.194397E-17
7958.73970174296  4.668909E-17
7962.94907664759  4.703117E-17
7967.15845155222  4.771938E-17
7971.36782645685  4.385564E-17
7975.57720136148  4.350919E-17
7979.78657626611  4.606674E-17
7983.99595117074  4.880663E-17
7988.20532607537  4.899619E-17
7992.41470098  4.836155E-17
7996.62407588463  4.485226E-17
8000.83345078926  4.377803E-17
8005.04282569389  4.657133E-17
8009.25220059852  5.055910E-17
8013.46157550315  5.001526E-17
8017.67095040778  5.015356E-17
8021.88032531241  4.876786E-17
8026.08970021704  4.986232E-17
8030.29907512167  4.802006E-17
8034.5084500263  4.901199E-17
8038.71782493093  4.816488E-17
8042.92719983556  5.070702E-17
8047.13657474019  4.658735E-17
8051.34594964482  4.922201E-17
8055.55532454945  4.682730E-17
8059.76469945408  4.842354E-17
8063.97407435871  4.836490E-17
8068.18344926334  4.784880E-17
8072.39282416797  4.933904E-17
8076.6021990726  5.026639E-17
8080.81157397723  4.623196E-17
8085.02094888186  4.716983E-17
8089.23032378649  4.434824E-17
8093.43969869112  4.800024E-17
8097.64907359575  4.877394E-17
8101.85844850038  5.123312E-17
8106.06782340501  5.118358E-17
8110.27719830964  5.302780E-17
8114.48657321427  4.991102E-17
8118.6959481189  4.867474E-17
8122.90532302353  4.826026E-17
8127.11469792816  4.457622E-17
8131.32407283279  4.689608E-17
8135.53344773742  4.563746E-17
8139.74282264205  4.367545E-17
8143.95219754668  4.559666E-17
8148.16157245131  4.747886E-17
8152.37094735594  4.843320E-17
8156.58032226057  5.030303E-17
8160.7896971652  4.557728E-17
8164.99907206983  5.225426E-17
8169.20844697446  5.224560E-17
8173.41782187909  4.904555E-17
8177.62719678372  4.510754E-17
8181.83657168835  4.709077E-17
8186.04594659298  5.109800E-17
8190.25532149761  5.030968E-17
8194.46469640224  4.719348E-17
8198.67407130687  4.876083E-17
8202.8834462115  5.327729E-17
8207.09282111613  4.797567E-17
8211.30219602076  5.001415E-17
8215.51157092539  4.740384E-17
8219.72094583002  4.322941E-17
8223.93032073465  4.477635E-17
8228.13969563928  4.600843E-17
8232.34907054391  4.671330E-17
8236.55844544854  4.829643E-17
8240.76782035317  5.111268E-17
8244.9771952578  4.466131E-17
8249.18657016243  4.397502E-17
8253.39594506706  5.024733E-17
8257.60531997169  4.499928E-17
8261.81469487632  4.396369E-17
8266.02406978095  4.720329E-17
8270.23344468558  4.844308E-17
8274.44281959021  4.995437E-17
8278.65219449484  4.738689E-17
8282.86156939947  4.896455E-17
8287.0709443041  5.232110E-17
8291.28031920873  4.499627E-17
8295.48969411336  4.740946E-17
8299.69906901799  4.263356E-17
8303.90844392262  4.057154E-17
8308.11781882725  4.538004E-17
8312.32719373188  4.238509E-17
8316.53656863651  4.351195E-17
8320.74594354114  4.821094E-17
8324.95531844577  4.879115E-17
8329.1646933504  4.882921E-17
8333.37406825503  4.941371E-17
8337.58344315966  4.710874E-17
8341.79281806429  4.393314E-17
8346.00219296892  4.878242E-17
8350.21156787355  4.531185E-17
8354.42094277818  4.495956E-17
8358.63031768281  4.288599E-17
8362.83969258744  4.564874E-17
8367.04906749207  4.854694E-17
8371.2584423967  5.109455E-17
8375.46781730133  4.654676E-17
8379.67719220596  5.379670E-17
8383.88656711059  5.028553E-17
8388.09594201522  4.362248E-17
8392.30531691985  4.479848E-17
8396.51469182448  4.872002E-17
8400.72406672911  4.660905E-17
8404.93344163374  4.849702E-17
8409.14281653837  4.900912E-17
8413.352191443  5.156247E-17
8417.56156634763  5.139838E-17
8421.77094125226  4.863841E-17
8425.98031615689  4.898905E-17
8430.18969106152  4.501901E-17
8434.39906596615  4.443841E-17
8438.60844087078  4.451388E-17
8442.81781577541  4.551296E-17
8447.02719068004  4.727895E-17
8451.23656558467  4.859760E-17
8455.4459404893  5.307267E-17
8459.65531539393  5.144535E-17
8463.86469029856  5.050762E-17
8468.07406520319  5.134590E-17
8472.28344010782  4.783384E-17
8476.49281501245  4.722071E-17
8480.70218991708  4.164923E-17
8484.91156482171  4.161852E-17
8489.12093972634  4.364731E-17
8493.33031463097  4.106754E-17
8497.5396895356  4.270075E-17
8501.74906444023  4.842120E-17
8505.95843934486  5.227396E-17
8510.16781424949  4.881869E-17
8514.37718915412  4.439600E-17
8518.58656405875  4.741317E-17
8522.79593896338  5.043193E-17
8527.00531386801  5.039015E-17
8531.21468877264  5.002783E-17
8535.42406367727  5.192058E-17
8539.6334385819  4.721011E-17
8543.84281348653  5.504015E-17
8548.05218839116  5.622377E-17
8552.26156329579  5.519130E-17
8556.47093820042  6.104591E-17
8560.68031310505  5.267556E-17
8564.88968800968  5.383530E-17
8569.09906291431  5.761935E-17
8573.30843781894  5.277061E-17
8577.51781272357  5.110994E-17
8581.7271876282  5.249307E-17
8585.93656253283  5.406226E-17
8590.14593743746  5.454989E-17
8594.35531234209  5.559666E-17
8598.56468724672  5.867569E-17
8602.77406215135  5.925740E-17
8606.98343705598  6.201049E-17
8611.19281196061  6.134920E-17
8615.40218686524  5.607304E-17
8619.61156176987  5.548418E-17
8623.8209366745  5.059938E-17
8628.03031157913  4.596882E-17
8632.23968648376  4.937469E-17
8636.44906138839  5.034308E-17
8640.65843629302  4.593028E-17
8644.86781119765  4.318691E-17
8649.07718610228  4.829538E-17
8653.28656100691  4.679877E-17
8657.49593591154  4.382728E-17
8661.70531081617  4.423036E-17
8665.9146857208  4.958761E-17
8670.12406062543  4.601557E-17
8674.33343553006  4.675084E-17
8678.54281043469  5.150753E-17
8682.75218533932  5.365848E-17
8686.96156024395  5.126995E-17
8691.17093514858  4.787176E-17
8695.38031005321  5.150490E-17
8699.58968495784  4.552678E-17
8703.79905986247  4.573144E-17
8708.0084347671  4.554780E-17
8712.21780967173  4.924279E-17
8716.42718457636  5.163459E-17
8720.63655948099  5.544004E-17
8724.84593438562  5.547971E-17
8729.05530929025  5.699030E-17
8733.26468419488  5.135548E-17
8737.47405909951  4.548889E-17
8741.68343400414  4.634411E-17
8745.89280890877  4.829527E-17
8750.1021838134  4.867802E-17
8754.31155871803  4.695895E-17
8758.52093362266  4.954763E-17
8762.73030852729  5.544866E-17
8766.93968343192  5.247866E-17
8771.14905833655  5.036701E-17
8775.35843324118  4.661945E-17
8779.56780814581  3.960014E-17
8783.77718305044  3.430041E-17
8787.98655795507  3.554585E-17
8792.1959328597  4.069340E-17
8796.40530776433  3.935598E-17
8800.61468266896  3.998231E-17
8804.82405757359  4.531066E-17
8809.03343247822  4.632892E-17
8813.24280738285  4.998592E-17
8817.45218228748  4.843777E-17
8821.66155719211  4.624551E-17
8825.87093209674  3.531452E-17
8830.08030700137  2.897969E-17
8834.289681906  3.916540E-17
8838.49905681063  4.133849E-17
8842.70843171526  4.067759E-17
8846.91780661989  4.751471E-17
8851.12718152452  4.574364E-17
8855.33655642915  4.571514E-17
8859.54593133378  4.221716E-17
8863.75530623841  5.224531E-17
8867.96468114304  4.513557E-17
8872.17405604767  4.836758E-17
8876.3834309523  4.796520E-17
8880.59280585693  4.864739E-17
8884.80218076156  4.259158E-17
8889.01155566619  4.180680E-17
8893.22093057082  4.392332E-17
8897.43030547545  4.588154E-17
8901.63968038008  4.355856E-17
8905.84905528471  4.621288E-17
8910.05843018934  4.676097E-17
8914.26780509397  3.906414E-17
8918.4771799986  3.825077E-17
8922.68655490323  4.206550E-17
8926.89592980786  4.522604E-17
8931.10530471249  4.182353E-17
8935.31467961712  3.902607E-17
8939.52405452175  4.248822E-17
8943.73342942638  3.826671E-17
8947.94280433101  3.901890E-17
8952.15217923564  4.589068E-17
8956.36155414027  4.775338E-17
8960.5709290449  5.181012E-17
8964.78030394953  4.387050E-17
8968.98967885416  4.395619E-17
8973.19905375879  4.092736E-17
8977.40842866342  4.547299E-17
8981.61780356805  3.947840E-17
8985.82717847268  3.949018E-17
8990.03655337731  3.889008E-17
8994.24592828194  4.173428E-17
8998.45530318657  4.503282E-17
9002.6646780912  3.948056E-17
9006.87405299583  3.915468E-17
9011.08342790046  4.625445E-17
9015.29280280509  4.496972E-17
9019.50217770972  5.089229E-17
9023.71155261435  3.905867E-17
9027.92092751898  3.902664E-17
9032.13030242361  4.601084E-17
9036.33967732824  4.432645E-17
9040.54905223287  4.448696E-17
9044.7584271375  4.153999E-17
9048.96780204213  3.818538E-17
9053.17717694676  3.832370E-17
9057.38655185139  3.961779E-17
9061.59592675602  4.227309E-17
9065.80530166065  4.582868E-17
9070.01467656528  4.171348E-17
9074.22405146991  4.452945E-17
9078.43342637454  4.878939E-17
9082.64280127917  3.947184E-17
9086.8521761838  4.494747E-17
9091.06155108843  4.116258E-17
9095.27092599306  3.564110E-17
9099.48030089769  3.956116E-17
9103.68967580232  4.001514E-17
9107.89905070695  4.329832E-17
9112.10842561158  4.124348E-17
9116.31780051621  4.153288E-17
9120.52717542084  4.096085E-17
9124.73655032547  4.217995E-17
9128.9459252301  4.386198E-17
9133.15530013473  4.312626E-17
9137.36467503936  3.237933E-17
9141.57404994399  4.056063E-17
9145.78342484862  3.759553E-17
9149.99279975325  3.522657E-17
9154.20217465788  4.018385E-17
9158.41154956251  4.347062E-17
9162.62092446714  4.517264E-17
9166.83029937177  4.292341E-17
9171.0396742764  4.105615E-17
9175.24904918103  5.123727E-17
9179.45842408566  4.948710E-17
9183.66779899029  4.805251E-17
9187.87717389492  4.321579E-17
9192.08654879955  4.283477E-17
9196.29592370418  4.318244E-17
9200.50529860881  3.862318E-17
9204.71467351344  4.250051E-17
9208.92404841807  4.606948E-17
9213.1334233227  4.158828E-17
9217.34279822733  4.000218E-17
9221.55217313196  4.306547E-17
9225.76154803659  4.243303E-17
9229.97092294122  4.405860E-17
9234.18029784585  4.249576E-17
9238.38967275048  4.683005E-17
9242.59904765511  4.158396E-17
9246.80842255974  3.759072E-17
9251.01779746437  4.160037E-17
9255.227172369  3.970454E-17
9259.43654727363  3.788477E-17
9263.64592217826  3.668228E-17
9267.85529708289  3.523414E-17
9272.06467198752  3.842913E-17
9276.27404689215  3.956884E-17
9280.48342179678  3.678759E-17
9284.69279670141  4.342141E-17
9288.90217160604  4.017039E-17
9293.11154651067  3.748058E-17
9297.3209214153  4.794651E-17
9301.53029631993  4.869641E-17
9305.73967122456  3.909780E-17
9309.94904612919  3.210369E-17
9314.15842103382  3.199349E-17
9318.36779593845  2.924756E-17
9322.57717084308  3.688619E-17
9326.78654574771  3.735898E-17
9330.99592065234  3.596978E-17
9335.20529555697  3.378685E-17
9339.4146704616  3.274360E-17
9343.62404536623  3.775309E-17
9347.83342027086  3.377099E-17
9352.04279517549  3.091789E-17
9356.25217008012  3.691225E-17
9360.46154498475  4.066025E-17
9364.67091988938  3.934550E-17
9368.88029479401  4.514617E-17
9373.08966969864  4.103106E-17
9377.29904460327  4.548320E-17
9381.5084195079  3.626538E-17
9385.71779441253  3.679197E-17
9389.92716931716  3.724162E-17
9394.13654422179  3.747134E-17
9398.34591912642  4.981396E-17
9402.55529403105  4.996189E-17
9406.76466893568  3.878396E-17
9410.97404384031  4.200555E-17
9415.18341874494  4.218593E-17
9419.39279364957  4.130744E-17
9423.6021685542  3.211665E-17
9427.81154345883  3.691648E-17
9432.02091836346  4.185911E-17
9436.23029326809  4.568706E-17
9440.43966817272  4.547852E-17
9444.64904307735  3.982103E-17
9448.85841798198  3.153841E-17
9453.06779288661  3.898513E-17
9457.27716779124  4.307294E-17
9461.48654269587  3.496286E-17
9465.6959176005  3.726045E-17
9469.90529250513  4.094557E-17
9474.11466740976  4.540768E-17
9478.32404231439  4.425717E-17
9482.53341721902  3.623207E-17
9486.74279212365  3.794724E-17
9490.95216702828  4.238456E-17
9495.16154193291  3.874525E-17
9499.37091683754  2.991646E-17
9503.58029174217  3.863966E-17
9507.7896666468  3.597143E-17
9511.99904155143  4.880265E-17
9516.20841645606  3.932920E-17
9520.41779136069  3.217627E-17
9524.62716626532  3.948419E-17
9528.83654116995  3.329747E-17
9533.04591607458  4.177294E-17
9537.25529097921  4.737930E-17
9541.46466588384  3.539446E-17
9545.67404078847  3.530209E-17
9549.8834156931  3.801610E-17
9554.09279059773  3.380640E-17
9558.30216550236  3.779484E-17
9562.51154040699  3.988874E-17
9566.72091531162  3.608061E-17
9570.93029021625  3.983380E-17
9575.13966512088  4.309634E-17
9579.34904002551  3.924945E-17
9583.55841493014  4.510689E-17
9587.76778983477  3.959323E-17
9591.9771647394  2.864140E-17
9596.18653964403  3.294322E-17
9600.39591454866  4.322600E-17
9604.60528945329  3.705647E-17
9608.81466435792  3.383467E-17
9613.02403926255  3.778802E-17
9617.23341416718  3.884477E-17
9621.44278907181  3.722825E-17
9625.65216397644  4.350444E-17
9629.86153888107  3.904137E-17
9634.0709137857  3.710334E-17
9638.28028869033  3.937719E-17
9642.48966359496  3.611798E-17
9646.69903849959  2.499871E-17
9650.90841340422  3.860159E-17
9655.11778830885  4.109744E-17
9659.32716321348  3.617567E-17
9663.53653811811  3.674279E-17
9667.74591302274  2.694616E-17
9671.95528792737  3.562934E-17
9676.164662832  3.581932E-17
9680.37403773663  2.864395E-17
9684.58341264126  3.093026E-17
9688.79278754589  3.666959E-17
9693.00216245052  4.351805E-17
9697.21153735515  4.217242E-17
9701.42091225978  4.134661E-17
9705.63028716441  4.012275E-17
9709.83966206904  3.718671E-17
9714.04903697367  3.350292E-17
9718.2584118783  3.794277E-17
9722.46778678293  4.309832E-17
9726.67716168756  3.631323E-17
9730.88653659219  4.081751E-17
9735.09591149682  4.815700E-17
9739.30528640145  4.266443E-17
9743.51466130608  2.636407E-17
9747.72403621071  3.369302E-17
9751.93341111534  3.231912E-17
9756.14278601997  4.068809E-17
9760.3521609246  2.554849E-17
9764.56153582923  3.530676E-17
9768.77091073386  3.785476E-17
9772.98028563849  3.725230E-17
9777.18966054312  3.721222E-17
9781.39903544775  4.268964E-17
9785.60841035238  4.833452E-17
9789.81778525701  4.436465E-17
9794.02716016164  4.450306E-17
9798.23653506627  2.257588E-17
9802.4459099709  2.731610E-17
9806.65528487553  4.328536E-17
9810.86465978016  4.735230E-17
9815.07403468479  4.191279E-17
9819.28340958942  2.595908E-17
9823.49278449405  3.053327E-17
9827.70215939868  3.639655E-17
9831.91153430331  2.607632E-17
9836.12090920794  2.720510E-17
9840.33028411257  3.399360E-17
9844.5396590172  3.154989E-17
9848.74903392183  3.290721E-17
9852.95840882646  3.358281E-17
9857.16778373109  3.403541E-17
9861.37715863572  4.194315E-17
9865.58653354035  3.697445E-17
9869.79590844498  5.063824E-17
9874.00528334961  4.432762E-17
9878.21465825424  1.937051E-17
9882.42403315887  3.702918E-17
9886.6334080635  3.703359E-17
9890.84278296813  2.108578E-17
9895.05215787276  4.012905E-17
9899.26153277739  3.523818E-17
9903.47090768202  4.700051E-17
9907.68028258665  5.060049E-17
9911.88965749128  2.709402E-17
9916.09903239591  3.888843E-17
9920.30840730054  4.752953E-17
9924.51778220517  3.434195E-17
9928.7271571098  3.944593E-17
9932.93653201443  2.583944E-17
9937.14590691906  1.857201E-17
9941.35528182369  2.142137E-17
9945.56465672832  3.561832E-17
9949.77403163295  2.675837E-17
9953.98340653758  1.327890E-17
9958.19278144221  3.159768E-17
9962.40215634684  4.270477E-17
9966.61153125147  1.901512E-17
9970.8209061561  2.774759E-17
9975.03028106073  4.180775E-17
9979.23965596536  3.092763E-17
9983.44903086999  3.657053E-17
9987.65840577462  4.406888E-17
9991.86778067925  2.671951E-17
9996.07715558388  2.696600E-17
