3342.96118164  5.422301E-17
3347.04137086806  -2.310739E-17
3351.12156009612  2.730796E-17
3355.20174932418  3.586242E-17
3359.28193855224  2.297866E-17
3363.3621277803  -1.338738E-17
3367.44231700836  -1.884612E-17
3371.52250623642  -4.212369E-17
3375.60269546448  3.590022E-17
3379.68288469254  -4.768773E-17
3383.7630739206  1.341977E-16
3387.84326314866  -4.345775E-17
3391.92345237672  6.879510E-17
3396.00364160478  5.602433E-17
3400.08383083284  5.574401E-17
3404.1640200609  4.198308E-17
3408.24420928896  1.146752E-16
3412.32439851702  1.952635E-16
3416.40458774508  -5.468620E-17
3420.48477697314  2.244726E-17
3424.5649662012  1.349296E-16
3428.64515542926  -2.814767E-17
3432.72534465732  1.944727E-17
3436.80553388538  6.633638E-17
3440.88572311344  7.550728E-17
3444.9659123415  5.100341E-17
3449.04610156956  6.352351E-17
3453.12629079762  6.152570E-17
3457.20648002568  -2.907776E-17
3461.28666925374  5.352842E-17
3465.3668584818  2.263433E-17
3469.44704770986  1.438262E-16
3473.52723693792  1.620734E-17
3477.60742616598  -2.726561E-17
3481.68761539404  5.695694E-17
3485.7678046221  1.030512E-16
3489.84799385016  5.092647E-17
3493.92818307822  6.117565E-17
3498.00837230628  -1.844627E-17
3502.08856153434  5.299027E-17
3506.1687507624  -4.741430E-17
3510.24893999046  -4.425178E-18
3514.32912921852  3.877388E-17
3518.40931844658  -7.077189E-17
3522.48950767464  5.352339E-17
3526.5696969027  -1.148795E-17
3530.64988613076  1.944337E-17
3534.73007535882  9.068658E-18
3538.81026458688  -3.413940E-17
3542.89045381494  1.008035E-16
3546.970643043  1.497103E-18
3551.05083227106  2.434062E-17
3555.13102149912  -3.278417E-17
3559.21121072718  7.298430E-17
3563.29139995524  -4.966781E-17
3567.3715891833  1.201526E-17
3571.45177841136  1.391230E-17
3575.53196763942  -3.810052E-18
3579.61215686748  9.745346E-18
3583.69234609554  1.697132E-17
3587.7725353236  -9.442599E-19
3591.85272455166  2.756056E-17
3595.93291377972  -2.820150E-17
3600.01310300778  2.341039E-17
3604.09329223584  1.003805E-17
3608.1734814639  6.054353E-17
3612.25367069196  4.025431E-18
3616.33385992002  3.568061E-17
3620.41404914808  -1.327936E-17
3624.49423837614  -9.114331E-18
3628.5744276042  7.819009E-17
3632.65461683226  7.098555E-17
3636.73480606032  2.174466E-17
3640.81499528838  4.404071E-17
3644.89518451644  4.598544E-17
3648.9753737445  1.372863E-17
3653.05556297256  3.884026E-17
3657.13575220062  1.249960E-17
3661.21594142868  -2.811584E-17
3665.29613065674  2.228643E-17
3669.3763198848  8.694453E-18
3673.45650911286  5.333001E-17
3677.53669834092  -1.908546E-18
3681.61688756898  5.900142E-17
3685.69707679704  1.145439E-17
3689.7772660251  3.041111E-17
3693.85745525316  2.132260E-17
3697.93764448122  6.628157E-17
3702.01783370928  1.419758E-17
3706.09802293734  4.440350E-17
3710.1782121654  1.989045E-17
3714.25840139346  1.947954E-17
3718.33859062152  9.345479E-17
3722.41877984958  2.626916E-17
3726.49896907764  3.938722E-17
3730.5791583057  2.654432E-17
3734.65934753376  5.200225E-17
3738.73953676182  3.961058E-17
3742.81972598988  9.305564E-17
3746.89991521794  7.004012E-18
3750.980104446  2.589446E-17
3755.06029367406  5.051938E-17
3759.14048290212  4.334900E-17
3763.22067213018  2.463473E-17
3767.30086135824  8.035124E-17
3771.3810505863  3.357001E-17
3775.46123981436  5.998657E-17
3779.54142904242  2.430095E-17
3783.62161827048  4.379090E-17
3787.70180749854  2.526214E-17
3791.7819967266  1.833563E-17
3795.86218595466  2.188728E-17
3799.94237518272  2.902544E-17
3804.02256441078  4.663296E-17
3808.10275363884  5.003594E-17
3812.1829428669  3.577341E-17
3816.26313209496  3.686363E-17
3820.34332132302  3.148697E-17
3824.42351055108  2.424637E-17
3828.50369977914  3.376853E-17
3832.5838890072  3.190041E-17
3836.66407823526  1.577357E-17
3840.74426746332  4.540541E-17
3844.82445669138  6.662933E-17
3848.90464591944  2.048519E-17
3852.9848351475  1.297261E-17
3857.06502437556  3.547416E-17
3861.14521360362  2.410965E-17
3865.22540283168  2.211594E-17
3869.30559205974  2.578041E-17
3873.3857812878  4.315757E-17
3877.46597051586  3.944712E-17
3881.54615974392  2.839002E-17
3885.62634897198  3.270101E-17
3889.70653820004  6.044575E-17
3893.7867274281  6.217076E-17
3897.86691665616  2.324122E-17
3901.94710588422  2.506184E-17
3906.02729511228  4.496044E-17
3910.10748434034  4.439372E-17
3914.1876735684  3.767731E-17
3918.26786279646  6.534707E-17
3922.34805202452  5.929395E-17
3926.42824125258  3.924092E-17
3930.50843048064  4.725933E-17
3934.5886197087  4.922558E-17
3938.66880893676  3.190840E-17
3942.74899816482  2.768357E-17
3946.82918739288  1.744065E-17
3950.90937662094  2.434996E-17
3954.989565849  7.021291E-18
3959.06975507706  2.813337E-17
3963.14994430512  3.475933E-17
3967.23013353318  6.118745E-17
3971.31032276124  2.474331E-17
3975.3905119893  5.185127E-17
3979.47070121736  3.135812E-17
3983.55089044542  2.913006E-17
3987.63107967348  3.658565E-17
3991.71126890154  2.487731E-17
3995.7914581296  3.098311E-17
3999.87164735766  4.780899E-17
4003.95183658572  4.030242E-17
4008.03202581378  1.683180E-17
4012.11221504184  4.337324E-17
4016.1924042699  3.190713E-17
4020.27259349796  5.422938E-17
4024.35278272602  2.363629E-17
4028.43297195408  3.605192E-17
4032.51316118214  4.914508E-17
4036.5933504102  5.243150E-17
4040.67353963826  7.802614E-18
4044.75372886632  1.863754E-17
4048.83391809438  3.496924E-17
4052.91410732244  2.165338E-17
4056.9942965505  4.153964E-17
4061.07448577856  3.904756E-17
4065.15467500662  3.981780E-17
4069.23486423468  2.539929E-17
4073.31505346274  3.673433E-17
4077.3952426908  4.762286E-17
4081.47543191886  3.579382E-17
4085.55562114692  3.096382E-17
4089.63581037498  2.845263E-17
4093.71599960304  1.875267E-17
4097.7961888311  6.872046E-17
4101.87637805916  3.350456E-17
4105.95656728722  5.340937E-17
4110.03675651528  4.768973E-17
4114.11694574334  2.596657E-17
4118.1971349714  4.626859E-17
4122.27732419946  2.810129E-17
4126.35751342752  6.234058E-17
4130.43770265558  5.239280E-17
4134.51789188364  3.864744E-17
4138.5980811117  5.129147E-17
4142.67827033976  3.049165E-17
4146.75845956782  4.568667E-17
4150.83864879588  5.407117E-17
4154.91883802394  1.610567E-17
4158.999027252  5.797442E-17
4163.07921648006  5.253997E-17
4167.15940570812  5.143259E-17
4171.23959493618  4.556296E-17
4175.31978416424  3.306881E-17
4179.3999733923  2.832140E-17
4183.48016262036  2.753159E-17
4187.56035184842  3.303537E-17
4191.64054107648  3.279379E-17
4195.72073030454  2.005715E-17
4199.8009195326  3.740347E-17
4203.88110876066  2.515916E-17
4207.96129798872  2.947918E-17
4212.04148721678  2.336050E-17
4216.12167644484  5.898044E-17
4220.2018656729  2.611901E-17
4224.28205490096  5.041705E-17
4228.36224412902  3.175845E-17
4232.44243335708  4.679865E-17
4236.52262258514  4.443165E-17
4240.6028118132  4.339767E-17
4244.68300104126  5.153802E-17
4248.76319026932  4.834072E-17
4252.84337949738  4.249106E-17
4256.92356872544  3.443844E-17
4261.0037579535  5.405227E-17
4265.08394718156  4.004972E-17
4269.16413640962  4.097605E-17
4273.24432563768  3.332715E-17
4277.32451486574  3.686464E-17
4281.4047040938  3.548757E-17
4285.48489332186  3.114373E-17
4289.56508254992  5.962363E-17
4293.64527177798  4.091886E-17
4297.72546100604  2.815516E-17
4301.8056502341  2.999488E-17
4305.88583946216  1.407982E-17
4309.96602869022  4.763517E-17
4314.04621791828  4.725496E-17
4318.12640714634  3.487959E-17
4322.2065963744  4.115802E-17
4326.28678560246  4.765327E-17
4330.36697483052  3.178713E-17
4334.44716405858  3.703750E-17
4338.52735328664  5.769305E-17
4342.6075425147  3.484468E-17
4346.68773174276  4.394784E-17
4350.76792097082  3.505909E-17
4354.84811019888  3.881804E-17
4358.92829942694  3.622931E-17
4363.008488655  3.652122E-17
4367.08867788306  5.472591E-17
4371.16886711112  4.793127E-17
4375.24905633918  5.033325E-17
4379.32924556724  5.131565E-17
4383.4094347953  6.205185E-17
4387.48962402336  4.175645E-17
4391.56981325142  3.896925E-17
4395.65000247948  3.526835E-17
4399.73019170754  4.182123E-17
4403.8103809356  5.503162E-17
4407.89057016366  4.422240E-17
4411.97075939172  3.814189E-17
4416.05094861978  5.022480E-17
4420.13113784785  4.165725E-17
4424.2113270759  3.665752E-17
4428.29151630396  6.065955E-17
4432.37170553202  4.139837E-17
4436.45189476008  4.334679E-17
4440.53208398814  6.042360E-17
4444.6122732162  4.533235E-17
4448.69246244426  4.361025E-17
4452.77265167232  5.342288E-17
4456.85284090038  2.246589E-17
4460.93303012844  4.952408E-17
4465.0132193565  2.490827E-17
4469.09340858456  3.095021E-17
4473.17359781262  2.476271E-17
4477.25378704068  3.294027E-17
4481.33397626874  4.091924E-17
4485.4141654968  4.895006E-17
4489.49435472486  5.485284E-17
4493.57454395292  4.543728E-17
4497.65473318098  4.346771E-17
4501.73492240904  3.867996E-17
4505.8151116371  3.982116E-17
4509.89530086516  3.294158E-17
4513.97549009322  3.300191E-17
4518.05567932128  3.531846E-17
4522.13586854934  4.317453E-17
4526.2160577774  3.531560E-17
4530.29624700547  5.003764E-17
4534.37643623352  4.958342E-17
4538.45662546158  4.864881E-17
4542.53681468965  4.549433E-17
4546.6170039177  4.628075E-17
4550.69719314576  5.539510E-17
4554.77738237382  4.949381E-17
4558.85757160188  4.042243E-17
4562.93776082994  3.069925E-17
4567.017950058  5.678687E-17
4571.09813928606  4.366561E-17
4575.17832851412  4.994569E-17
4579.25851774218  4.931795E-17
4583.33870697024  3.877869E-17
4587.4188961983  3.743406E-17
4591.49908542636  3.794562E-17
4595.57927465442  5.368916E-17
4599.65946388248  2.077836E-17
4603.73965311054  4.298783E-17
4607.8198423386  4.735874E-17
4611.90003156666  4.431023E-17
4615.98022079472  2.767286E-17
4620.06041002278  4.211178E-17
4624.14059925084  3.671061E-17
4628.2207884789  3.668440E-17
4632.30097770696  5.182965E-17
4636.38116693502  4.994426E-17
4640.46135616308  4.344401E-17
4644.54154539114  4.550149E-17
4648.6217346192  4.218741E-17
4652.70192384726  3.905021E-17
4656.78211307533  2.693077E-17
4660.86230230338  3.422278E-17
4664.94249153144  4.264143E-17
4669.02268075951  3.170647E-17
4673.10286998756  2.678604E-17
4677.18305921562  3.556984E-17
4681.26324844368  5.301614E-17
4685.34343767174  5.569300E-17
4689.4236268998  5.838507E-17
4693.50381612786  5.112316E-17
4697.58400535592  4.427471E-17
4701.66419458398  5.205054E-17
4705.74438381204  5.121100E-17
4709.8245730401  3.183072E-17
4713.90476226816  5.151955E-17
4717.98495149622  4.902079E-17
4722.06514072428  4.845086E-17
4726.14532995234  5.304009E-17
4730.2255191804  1.930466E-17
4734.30570840846  4.400876E-17
4738.38589763652  4.810822E-17
4742.46608686458  3.958205E-17
4746.54627609264  5.726178E-17
4750.62646532071  3.976220E-17
4754.70665454876  4.588050E-17
4758.78684377683  5.756066E-17
4762.86703300489  4.123955E-17
4766.94722223295  5.045755E-17
4771.027411461  4.941143E-17
4775.10760068906  3.765542E-17
4779.18778991712  3.302610E-17
4783.26797914519  4.563808E-17
4787.34816837324  3.861864E-17
4791.4283576013  3.752149E-17
4795.50854682936  4.812246E-17
4799.58873605743  3.414158E-17
4803.66892528549  3.919446E-17
4807.74911451355  3.839976E-17
4811.8293037416  5.117820E-17
4815.90949296966  4.217518E-17
4819.98968219772  4.697460E-17
4824.06987142578  4.635671E-17
4828.15006065384  4.290355E-17
4832.2302498819  3.658152E-17
4836.31043910996  4.169419E-17
4840.39062833802  5.077615E-17
4844.47081756608  3.798803E-17
4848.55100679414  4.328932E-17
4852.6311960222  6.267118E-17
4856.71138525026  3.319860E-17
4860.79157447832  3.395667E-17
4864.87176370638  4.733704E-17
4868.95195293444  5.991333E-17
4873.0321421625  5.774461E-17
4877.11233139057  5.174648E-17
4881.19252061862  4.304167E-17
4885.27270984668  4.917109E-17
4889.35289907474  6.796241E-17
4893.4330883028  5.818705E-17
4897.51327753086  4.091593E-17
4901.59346675892  5.822515E-17
4905.67365598698  5.487988E-17
4909.75384521504  3.401990E-17
4913.8340344431  4.676390E-17
4917.91422367117  5.018922E-17
4921.99441289923  4.705109E-17
4926.07460212729  4.247020E-17
4930.15479135534  4.866246E-17
4934.23498058341  5.497014E-17
4938.31516981147  4.568894E-17
4942.39535903952  5.458055E-17
4946.47554826758  4.097346E-17
4950.55573749564  3.415158E-17
4954.63592672371  5.019257E-17
4958.71611595176  4.947640E-17
4962.79630517982  4.580981E-17
4966.87649440788  4.759890E-17
4970.95668363594  4.156227E-17
4975.036872864  4.362983E-17
4979.11706209207  4.427858E-17
4983.19725132012  4.166396E-17
4987.27744054819  3.294312E-17
4991.35762977624  5.592828E-17
4995.4378190043  4.334654E-17
4999.51800823236  4.089507E-17
5003.59819746043  4.991052E-17
5007.67838668848  4.077674E-17
5011.75857591655  4.190955E-17
5015.83876514461  3.725699E-17
5019.91895437266  3.605112E-17
5023.99914360073  2.907203E-17
5028.07933282879  3.532957E-17
5032.15952205685  3.692360E-17
5036.23971128491  2.780493E-17
5040.31990051297  3.502062E-17
5044.40008974102  4.337812E-17
5048.48027896909  4.302302E-17
5052.56046819715  4.623327E-17
5056.64065742521  3.729446E-17
5060.72084665327  3.514056E-17
5064.80103588133  4.641814E-17
5068.88122510939  3.185690E-17
5072.96141433744  3.683246E-17
5077.0416035655  5.663009E-17
5081.12179279357  2.859629E-17
5085.20198202162  3.978271E-17
5089.28217124969  4.079947E-17
5093.36236047775  4.630445E-17
5097.44254970581  5.331215E-17
5101.52273893386  5.244412E-17
5105.60292816192  5.078578E-17
5109.68311738999  5.597704E-17
5113.76330661804  2.274307E-17
5117.8434958461  3.162146E-17
5121.92368507416  3.536456E-17
5126.00387430223  3.480106E-17
5130.08406353029  4.244989E-17
5134.16425275834  4.416298E-17
5138.24444198641  3.737360E-17
5142.32463121447  4.807987E-17
5146.40482044253  4.077847E-17
5150.48500967059  4.066596E-17
5154.56519889865  6.133472E-17
5158.6453881267  4.432272E-17
5162.72557735477  5.081472E-17
5166.80576658282  4.901804E-17
5170.88595581089  3.421253E-17
5174.96614503895  4.518784E-17
5179.04633426701  4.128021E-17
5183.12652349506  5.201741E-17
5187.20671272313  4.538962E-17
5191.28690195119  4.705569E-17
5195.36709117924  5.425736E-17
5199.44728040731  5.257699E-17
5203.52746963537  3.847087E-17
5207.60765886343  4.303181E-17
5211.68784809148  4.868604E-17
5215.76803731955  4.113707E-17
5219.8482265476  6.309343E-17
5223.92841577567  3.861486E-17
5228.00860500372  5.166128E-17
5232.08879423178  5.238598E-17
5236.16898345985  4.186511E-17
5240.24917268791  4.608805E-17
5244.32936191597  3.363688E-17
5248.40955114403  2.071270E-17
5252.48974037209  2.695601E-17
5256.56992960015  4.485878E-17
5260.65011882821  5.062888E-17
5264.73030805627  3.909426E-17
5268.81049728433  3.865416E-17
5272.89068651239  3.276656E-17
5276.97087574045  4.284225E-17
5281.0510649685  4.689215E-17
5285.13125419657  4.037513E-17
5289.21144342463  4.000375E-17
5293.29163265268  4.345981E-17
5297.37182188075  5.085525E-17
5301.45201110881  4.431660E-17
5305.53220033687  4.857139E-17
5309.61238956493  3.774961E-17
5313.69257879299  3.563763E-17
5317.77276802105  4.725844E-17
5321.85295724911  3.542526E-17
5325.93314647716  3.820861E-17
5330.01333570523  3.941416E-17
5334.09352493328  4.878828E-17
5338.17371416135  3.901901E-17
5342.2539033894  3.699896E-17
5346.33409261746  4.353128E-17
5350.41428184553  4.058829E-17
5354.49447107359  3.674788E-17
5358.57466030165  4.137533E-17
5362.65484952971  3.400775E-17
5366.73503875777  2.889870E-17
5370.81522798582  2.732164E-17
5374.89541721389  4.491987E-17
5378.97560644195  5.360896E-17
5383.05579567001  2.345182E-17
5387.13598489806  3.686547E-17
5391.21617412613  4.692914E-17
5395.29636335418  3.619453E-17
5399.37655258225  5.135873E-17
5403.45674181031  4.222419E-17
5407.53693103836  3.248194E-17
5411.61712026643  4.381711E-17
5415.69730949449  4.438740E-17
5419.77749872255  3.718634E-17
5423.85768795061  3.258915E-17
5427.93787717867  4.242373E-17
5432.01806640673  2.192456E-17
5436.09825563479  3.089447E-17
5440.17844486285  4.604669E-17
5444.25863409091  2.629448E-17
5448.33882331897  3.632267E-17
5452.41901254703  3.950254E-17
5456.49920177508  5.418260E-17
5460.57939100315  5.516850E-17
5464.6595802312  3.531638E-17
5468.73976945927  2.873557E-17
5472.81995868733  4.826516E-17
5476.90014791539  4.389782E-17
5480.98033714344  4.577438E-17
5485.06052637151  5.205891E-17
5489.14071559957  3.468329E-17
5493.22090482763  3.634602E-17
5497.30109405569  4.181803E-17
5501.38128328374  4.215200E-17
5505.46147251181  3.687208E-17
5509.54166173987  4.151526E-17
5513.62185096793  4.890178E-17
5517.70204019599  1.211723E-17
5521.78222942405  2.927922E-17
5525.86241865211  3.842685E-17
5529.94260788017  3.479330E-17
5534.02279710823  3.178287E-17
5538.10298633629  4.194481E-17
5542.18317556435  3.744774E-17
5546.26336479241  3.216421E-17
5550.34355402047  3.486955E-17
5554.42374324853  6.871755E-18
5558.50393247659  3.452387E-17
5562.58412170465  6.479038E-17
5566.66431093271  4.235230E-17
5570.74450016077  2.415775E-17
5574.82468938883  4.461250E-17
5578.90487861689  3.897276E-17
5582.98506784495  4.056990E-17
5587.06525707301  5.426658E-17
5591.14544630106  4.202366E-17
5595.22563552913  3.545348E-17
5599.30582475719  4.225589E-17
5603.38601398525  5.136631E-17
5607.46620321331  4.082047E-17
5611.54639244137  4.552835E-17
5615.62658166942  2.624138E-17
5619.70677089749  3.298341E-17
5623.78696012555  4.165416E-17
5627.86714935361  4.862359E-17
5631.94733858167  2.830262E-17
5636.02752780973  3.664879E-17
5640.10771703778  4.398711E-17
5644.18790626585  4.691286E-17
5648.26809549391  4.574334E-17
5652.34828472197  3.312669E-17
5656.42847395003  3.535429E-17
5660.50866317809  5.151414E-17
5664.58885240615  4.055458E-17
5668.66904163421  4.123714E-17
5672.74923086227  4.503311E-17
5676.82942009033  4.244068E-17
5680.90960931839  4.330060E-17
5684.98979854645  3.204743E-17
5689.06998777451  4.564186E-17
5693.15017700257  3.241936E-17
5697.23036623063  4.093295E-17
5701.31055545869  3.743503E-17
5705.39074468675  4.538723E-17
5709.47093391481  2.588654E-17
5713.55112314287  3.443303E-17
5717.63131237093  4.517751E-17
5721.71150159899  2.918521E-17
5725.79169082705  3.467392E-17
5729.8718800551  3.867159E-17
5733.95206928316  3.734852E-17
5738.03225851123  4.262693E-17
5742.11244773929  2.580111E-17
5746.19263696735  3.496845E-17
5750.27282619541  4.343324E-17
5754.35301542347  2.286950E-17
5758.43320465153  2.651261E-17
5762.51339387959  4.777471E-17
5766.59358310765  3.512725E-17
5770.67377233571  5.478613E-17
5774.75396156377  2.697697E-17
5778.83415079183  3.558601E-17
5782.91434001989  3.615906E-17
5786.99452924795  3.246395E-17
5791.07471847601  4.715575E-17
5795.15490770407  5.499510E-17
5799.23509693213  3.216430E-17
5803.31528616019  3.839718E-17
5807.39547538825  3.292841E-17
5811.47566461631  3.012896E-17
5815.55585384437  4.833066E-17
5819.63604307243  3.632585E-17
5823.71623230049  2.573906E-17
5827.79642152855  3.745682E-17
5831.87661075661  4.659751E-17
5835.95679998467  4.393367E-17
5840.03698921273  5.154235E-17
5844.11717844079  4.164985E-17
5848.19736766885  3.463547E-17
5852.27755689691  3.003176E-17
5856.35774612497  3.984733E-17
5860.43793535303  3.644430E-17
5864.51812458109  4.509102E-17
5868.59831380915  3.710576E-17
5872.67850303721  3.500101E-17
5876.75869226527  3.623205E-17
5880.83888149333  3.461910E-17
5884.91907072139  3.311848E-17
5888.99925994945  4.266478E-17
5893.07944917751  5.404034E-17
5897.15963840557  4.462309E-17
5901.23982763363  3.033927E-17
5905.32001686169  3.939675E-17
5909.40020608975  4.830747E-17
5913.48039531781  3.200107E-17
5917.56058454587  2.540870E-17
5921.64077377393  4.264122E-17
5925.72096300199  2.965088E-17
5929.80115223005  5.414638E-17
5933.88134145811  3.837372E-17
5937.96153068617  3.103372E-17
5942.04171991423  3.909568E-17
5946.12190914229  3.719677E-17
5950.20209837035  4.417560E-17
5954.28228759841  3.890905E-17
5958.36247682647  3.503897E-17
5962.44266605452  3.748580E-17
5966.52285528259  1.898546E-17
5970.60304451065  3.771825E-17
5974.68323373871  4.116351E-17
5978.76342296677  4.240078E-17
5982.84361219483  2.784231E-17
5986.92380142289  3.334263E-17
5991.00399065095  5.490950E-17
5995.08417987901  4.106432E-17
5999.16436910707  2.629020E-17
6003.24455833512  3.327176E-17
6007.32474756319  2.324319E-17
6011.40493679125  2.476344E-17
6015.48512601931  4.031687E-17
6019.56531524737  4.027816E-17
6023.64550447543  3.775918E-17
6027.72569370349  3.502467E-17
6031.80588293155  3.857474E-17
6035.88607215961  3.857956E-17
6039.96626138767  4.164525E-17
6044.04645061573  2.900462E-17
6048.12663984379  3.304794E-17
6052.20682907185  5.874965E-17
6056.28701829991  3.783874E-17
6060.36720752797  2.117999E-17
6064.44739675603  3.631985E-17
6068.52758598409  4.491790E-17
6072.60777521215  3.638040E-17
6076.68796444021  3.884694E-17
6080.76815366827  2.834809E-17
6084.84834289633  1.121308E-17
6088.92853212439  4.831469E-17
6093.00872135245  4.365706E-17
6097.08891058051  2.767540E-17
6101.16909980857  3.444868E-17
6105.24928903663  3.959984E-17
6109.32947826469  2.787552E-17
6113.40966749275  4.453196E-17
6117.48985672081  2.879661E-17
6121.57004594887  2.754244E-17
6125.65023517693  3.578410E-17
6129.73042440499  3.628180E-17
6133.81061363305  3.291323E-17
6137.89080286111  3.200215E-17
6141.97099208917  5.002859E-17
6146.05118131723  3.785576E-17
6150.13137054529  2.859212E-17
6154.21155977335  3.760807E-17
6158.29174900141  5.622578E-17
6162.37193822947  5.148160E-17
6166.45212745753  4.803069E-17
6170.53231668559  1.805627E-17
6174.61250591365  5.286741E-17
6178.69269514171  3.693929E-17
6182.77288436977  3.409178E-17
6186.85307359783  5.551688E-17
6190.93326282589  4.001757E-17
6195.01345205395  3.340006E-17
6199.09364128201  5.580976E-17
6203.17383051007  3.779524E-17
6207.25401973813  3.560858E-17
6211.33420896619  5.107715E-17
6215.41439819425  2.675925E-17
6219.49458742231  2.725701E-17
6223.57477665037  3.502387E-17
6227.65496587843  2.370833E-17
6231.73515510649  2.375042E-17
6235.81534433455  4.548550E-17
6239.89553356261  3.505679E-17
6243.97572279067  3.397880E-17
6248.05591201873  3.020834E-17
6252.13610124679  1.653920E-17
6256.21629047485  3.337385E-17
6260.29647970291  3.660880E-17
6264.37666893097  2.977373E-17
6268.45685815903  3.858838E-17
6272.53704738709  4.013360E-17
6276.61723661515  4.111814E-17
6280.69742584321  3.102358E-17
6284.77761507127  3.740139E-17
6288.85780429933  5.056137E-17
6292.93799352739  4.279056E-17
6297.01818275545  2.519960E-17
6301.09837198351  3.697029E-17
6305.17856121157  1.838150E-17
6309.25875043963  2.925997E-17
6313.33893966769  4.848286E-17
6317.41912889575  3.956979E-17
6321.49931812381  6.426505E-17
6325.57950735187  3.086463E-17
6329.65969657993  1.966676E-17
6333.73988580799  5.331817E-17
6337.82007503605  4.347947E-17
6341.90026426411  3.331405E-17
6345.98045349217  2.552532E-17
6350.06064272022  3.138951E-17
6354.14083194829  5.014616E-17
6358.22102117635  3.774143E-17
6362.30121040441  3.848510E-17
6366.38139963247  4.530372E-17
6370.46158886053  3.035274E-17
6374.54177808859  4.452152E-17
6378.62196731665  1.447232E-17
6382.70215654471  4.632232E-17
6386.78234577277  5.143418E-17
6390.86253500083  2.366976E-17
6394.94272422889  2.581410E-17
6399.02291345695  3.663128E-17
6403.10310268501  3.116274E-17
6407.18329191307  3.830861E-17
6411.26348114113  3.881189E-17
6415.34367036919  3.388943E-17
6419.42385959725  2.781169E-17
6423.50404882531  2.064728E-17
6427.58423805337  2.365561E-17
6431.66442728143  2.620612E-17
6435.74461650949  4.665402E-17
6439.82480573755  5.434745E-17
6443.90499496561  4.673710E-17
6447.98518419367  3.591591E-17
6452.06537342173  4.876918E-17
6456.14556264979  3.475487E-17
6460.22575187785  4.619201E-17
6464.30594110591  4.712993E-17
6468.38613033397  5.007457E-17
6472.46631956203  4.344375E-17
6476.54650879009  2.258338E-17
6480.62669801815  3.480615E-17
6484.70688724621  2.757988E-17
6488.78707647427  2.664839E-17
6492.86726570233  2.284217E-17
6496.94745493039  3.861846E-17
6501.02764415845  2.842213E-17
6505.10783338651  3.045712E-17
6509.18802261457  3.136699E-17
6513.26821184263  3.293215E-17
6517.34840107069  2.886301E-17
6521.42859029875  4.204359E-17
6525.50877952681  4.091994E-17
6529.58896875487  3.892128E-17
6533.66915798293  4.925723E-17
6537.74934721099  2.144131E-17
6541.82953643905  1.728834E-17
6545.90972566711  2.507067E-17
6549.98991489517  2.994567E-17
6554.07010412323  4.759345E-17
6558.15029335129  3.420872E-17
6562.23048257935  2.690594E-17
6566.31067180741  3.736354E-17
6570.39086103547  4.997690E-17
6574.47105026353  4.396422E-17
6578.55123949159  3.272777E-17
6582.63142871965  4.652663E-17
6586.71161794771  6.018743E-17
6590.79180717577  6.355444E-17
6594.87199640383  8.422134E-17
6598.95218563189  8.787666E-17
6603.03237485995  6.985598E-17
6607.11256408801  8.193346E-17
6611.19275331607  1.020306E-16
6615.27294254413  7.806042E-17
6619.35313177219  5.584607E-17
6623.43332100025  6.468470E-17
6627.51351022831  5.330079E-17
6631.59369945637  4.328418E-17
6635.67388868443  4.225568E-17
6639.75407791249  2.487889E-17
6643.83426714055  1.322211E-17
6647.91445636861  2.846416E-17
6651.99464559667  2.773478E-17
6656.07483482473  3.454237E-17
6660.15502405279  3.869605E-17
6664.23521328085  4.023192E-17
6668.31540250891  3.241108E-17
6672.39559173697  3.465202E-17
6676.47578096503  5.387290E-17
6680.55597019309  4.606780E-17
6684.63615942115  3.012061E-17
6688.71634864921  2.766039E-17
6692.79653787727  2.392882E-17
6696.87672710533  1.676238E-17
6700.95691633339  3.482598E-17
6705.03710556145  5.198880E-17
6709.11729478951  4.684611E-17
6713.19748401757  2.927384E-17
6717.27767324563  3.370085E-17
6721.35786247369  5.335745E-17
6725.43805170175  3.579644E-17
6729.51824092981  1.756821E-17
6733.59843015787  2.757325E-17
6737.67861938593  3.438875E-17
6741.75880861399  2.473992E-17
6745.83899784205  2.542093E-17
6749.91918707011  3.269960E-17
6753.99937629817  1.737792E-17
6758.07956552623  2.352845E-17
6762.15975475429  2.722342E-17
6766.23994398235  4.027379E-17
6770.32013321041  4.244435E-17
6774.40032243847  2.761828E-17
6778.48051166653  3.340464E-17
6782.56070089459  3.631126E-17
6786.64089012265  3.180175E-17
6790.72107935071  2.848351E-17
6794.80126857877  2.508317E-17
6798.88145780683  2.223551E-17
6802.96164703489  2.702212E-17
6807.04183626295  2.721472E-17
6811.12202549101  2.592323E-17
6815.20221471907  3.987003E-17
6819.28240394713  4.014899E-17
6823.36259317519  3.929355E-17
6827.44278240325  4.119318E-17
6831.52297163131  2.954319E-17
6835.60316085937  2.525604E-17
6839.68335008743  1.995264E-17
6843.76353931549  3.068400E-17
6847.84372854355  3.852441E-17
6851.92391777161  3.283463E-17
6856.00410699967  2.683964E-17
6860.08429622773  5.934065E-17
6864.16448545579  4.471988E-17
6868.24467468385  5.538657E-17
6872.32486391191  7.519257E-17
6876.40505313997  4.483972E-17
6880.48524236803  3.715054E-17
6884.56543159609  4.165711E-17
6888.64562082415  2.895767E-17
6892.72581005221  3.284808E-17
6896.80599928027  4.727464E-17
6900.88618850833  4.532871E-17
6904.96637773639  3.113723E-17
6909.04656696445  2.916116E-17
6913.12675619251  4.987972E-17
6917.20694542057  4.129948E-17
6921.28713464863  2.585407E-17
6925.36732387669  1.936991E-17
6929.44751310475  4.078893E-17
6933.52770233281  3.414400E-17
6937.60789156087  3.888418E-17
6941.68808078893  4.850884E-17
6945.76827001699  2.555970E-17
6949.84845924505  2.263151E-17
6953.92864847311  3.221697E-17
6958.00883770117  3.052416E-17
6962.08902692923  3.427358E-17
6966.16921615729  2.424515E-17
6970.24940538535  3.650511E-17
6974.32959461341  3.687327E-17
6978.40978384147  3.050585E-17
6982.48997306953  2.771299E-17
6986.57016229759  1.475353E-17
6990.65035152565  3.639477E-17
6994.73054075371  4.528293E-17
6998.81072998177  3.285710E-17
7002.89091920983  3.038394E-17
7006.97110843789  2.779514E-17
7011.05129766595  3.647186E-17
7015.13148689401  3.373408E-17
7019.21167612207  2.545175E-17
7023.29186535013  3.435642E-17
7027.37205457819  1.718527E-17
7031.45224380625  3.807068E-17
7035.53243303431  3.807612E-17
7039.61262226237  3.315438E-17
7043.69281149043  2.689187E-17
7047.77300071849  3.413417E-17
7051.85318994655  3.915770E-17
7055.93337917461  2.986794E-17
7060.01356840267  1.814101E-17
7064.09375763073  1.982737E-17
7068.17394685879  2.223814E-17
7072.25413608685  2.276451E-17
7076.33432531491  4.109970E-17
7080.41451454297  2.890013E-17
7084.49470377103  3.014498E-17
7088.57489299909  2.699571E-17
7092.65508222715  4.456658E-17
7096.73527145521  2.574793E-17
7100.81546068327  2.885276E-17
7104.89564991133  3.199175E-17
7108.97583913939  1.803188E-17
7113.05602836745  3.827504E-17
7117.13621759551  4.257381E-17
7121.21640682357  2.726271E-17
7125.29659605163  3.594472E-17
7129.37678527969  2.730456E-17
7133.45697450775  4.033504E-17
7137.53716373581  2.757488E-17
7141.61735296387  1.364019E-17
7145.69754219193  3.163853E-17
7149.77773141999  3.762473E-17
7153.85792064805  4.171224E-17
7157.93810987611  4.580414E-17
7162.01829910417  3.419736E-17
7166.09848833223  3.058621E-17
7170.17867756029  3.724638E-17
7174.25886678835  4.729647E-17
7178.33905601641  3.640039E-17
7182.41924524447  4.130667E-17
7186.49943447253  2.691644E-17
7190.57962370059  1.997025E-17
7194.65981292865  2.187883E-17
7198.74000215671  4.706850E-17
7202.82019138477  5.627251E-17
7206.90038061283  5.103193E-17
7210.98056984089  5.144528E-17
7215.06075906895  4.265105E-17
7219.14094829701  3.523216E-17
7223.22113752507  2.677071E-17
7227.30132675313  3.675585E-17
7231.38151598119  3.879072E-17
7235.46170520925  4.490368E-17
7239.54189443731  2.224039E-17
7243.62208366537  3.080466E-17
7247.70227289343  4.741277E-17
7251.78246212149  2.171235E-17
7255.86265134955  2.475405E-17
7259.94284057761  4.262763E-17
7264.02302980567  3.634108E-17
7268.10321903373  4.127306E-17
7272.18340826179  3.235565E-17
7276.26359748985  2.571251E-17
7280.34378671791  2.282157E-17
7284.42397594597  4.158830E-17
7288.50416517403  3.107567E-17
7292.58435440209  2.834211E-17
7296.66454363015  5.794458E-17
7300.74473285821  2.728118E-17
7304.82492208627  2.976878E-17
7308.90511131433  4.043512E-17
7312.98530054239  1.934570E-17
7317.06548977045  2.493504E-17
7321.14567899851  3.183029E-17
7325.22586822657  1.746330E-17
7329.30605745463  4.815543E-17
7333.38624668269  4.164871E-17
7337.46643591075  4.169750E-17
7341.54662513881  4.366384E-17
7345.62681436687  3.440805E-17
7349.70700359493  3.247799E-17
7353.78719282299  2.306771E-17
7357.86738205105  3.842282E-17
7361.94757127911  6.248726E-17
7366.02776050717  5.756319E-17
7370.10794973523  3.695405E-17
7374.18813896329  3.761557E-17
7378.26832819135  5.150819E-17
7382.34851741941  4.661495E-17
7386.42870664747  2.295117E-17
7390.50889587553  2.431680E-17
7394.58908510359  2.381450E-17
7398.66927433165  2.869166E-17
7402.74946355971  2.339887E-17
7406.82965278777  3.346262E-17
7410.90984201583  3.855476E-17
7414.99003124389  4.123390E-17
7419.07022047195  2.967311E-17
7423.15040970001  1.091379E-17
7427.23059892807  2.033358E-17
7431.31078815613  2.373216E-17
7435.39097738419  1.573509E-17
7439.47116661225  3.269128E-17
7443.55135584031  3.282255E-17
7447.63154506837  3.257295E-17
7451.71173429643  3.485083E-17
7455.79192352449  4.304629E-17
7459.87211275255  1.992608E-17
7463.95230198061  1.818739E-17
