6001.38037109001  0.
6005.58974599464  5.992911E-17
6009.79912089927  5.914220E-17
6014.00849580389  6.611387E-17
6018.21787070853  6.255665E-17
6022.42724561316  6.566316E-17
6026.63662051778  6.113372E-17
6030.84599542242  6.318563E-17
6035.05537032705  6.237790E-17
6039.26474523168  5.360772E-17
6043.4741201363  6.205621E-17
6047.68349504094  6.448648E-17
6051.89286994557  6.011834E-17
6056.1022448502  5.867414E-17
6060.31161975483  5.608987E-17
6064.52099465946  5.759799E-17
6068.73036956408  6.057591E-17
6072.93974446872  5.821437E-17
6077.14911937334  5.654579E-17
6081.35849427798  5.440938E-17
6085.56786918261  5.893168E-17
6089.77724408723  5.597061E-17
6093.98661899187  5.888733E-17
6098.19599389649  6.787192E-17
6102.40536880113  5.861688E-17
6106.61474370576  6.367654E-17
6110.82411861039  5.783777E-17
6115.03349351502  5.541091E-17
6119.24286841964  6.313861E-17
6123.45224332428  6.443036E-17
6127.66161822891  6.326880E-17
6131.87099313354  6.205459E-17
6136.08036803817  5.663653E-17
6140.2897429428  5.851842E-17
6144.49911784742  5.979930E-17
6148.70849275206  6.000131E-17
6152.91786765669  5.709885E-17
6157.12724256132  5.731691E-17
6161.33661746594  5.560532E-17
6165.54599237058  5.833014E-17
6169.75536727521  6.116329E-17
6173.96474217984  6.129939E-17
6178.17411708447  5.976070E-17
6182.3834919891  5.938794E-17
6186.59286689373  6.023028E-17
6190.80224179835  5.899820E-17
6195.01161670298  5.783327E-17
6199.22099160762  5.485853E-17
6203.43036651225  5.899778E-17
6207.63974141688  6.102234E-17
6211.8491163215  5.999042E-17
6216.05849122613  5.378446E-17
6220.26786613077  6.073491E-17
6224.47724103539  5.797007E-17
6228.68661594003  5.931313E-17
6232.89599084466  5.888651E-17
6237.10536574929  5.793319E-17
6241.31474065391  6.261083E-17
6245.52411555855  6.207372E-17
6249.73349046318  5.793842E-17
6253.94286536781  6.198493E-17
6258.15224027244  6.532098E-17
6262.36161517707  6.084019E-17
6266.5709900817  5.643404E-17
6270.78036498633  5.661849E-17
6274.98973989096  6.075724E-17
6279.19911479559  5.784001E-17
6283.40848970022  5.612977E-17
6287.61786460484  5.310641E-17
6291.82723950948  6.027113E-17
6296.0366144141  6.413728E-17
6300.24598931874  6.125790E-17
6304.45536422337  5.646037E-17
6308.664739128  5.829615E-17
6312.87411403263  5.941438E-17
6317.08348893726  5.523019E-17
6321.29286384189  5.628709E-17
6325.50223874651  6.211996E-17
6329.71161365115  5.909813E-17
6333.92098855578  5.557465E-17
6338.13036346041  6.037460E-17
6342.33973836504  6.013325E-17
6346.54911326967  5.656286E-17
6350.7584881743  6.012186E-17
6354.96786307893  5.362227E-17
6359.17723798356  5.966075E-17
6363.38661288819  5.928354E-17
6367.59598779282  5.312100E-17
6371.80536269745  5.863328E-17
6376.01473760208  5.548833E-17
6380.22411250671  6.230145E-17
6384.43348741134  5.865683E-17
6388.64286231597  5.448475E-17
6392.8522372206  6.065193E-17
6397.06161212523  5.673570E-17
6401.27098702986  6.306788E-17
6405.48036193449  5.935555E-17
6409.68973683912  5.423778E-17
6413.89911174375  5.782230E-17
6418.10848664838  6.084869E-17
6422.317861553  5.511684E-17
6426.52723645764  6.045920E-17
6430.73661136227  5.751486E-17
6434.9459862669  5.724045E-17
6439.15536117153  5.342287E-17
6443.36473607616  5.316537E-17
6447.57411098078  6.158018E-17
6451.78348588541  6.012192E-17
6455.99286079005  6.066770E-17
6460.20223569468  5.951692E-17
6464.4116105993  5.527901E-17
6468.62098550394  5.922158E-17
6472.83036040857  5.711004E-17
6477.0397353132  5.924052E-17
6481.24911021783  6.301415E-17
6485.45848512246  5.436461E-17
6489.66786002709  5.193675E-17
6493.87723493171  6.028472E-17
6498.08660983635  5.927546E-17
6502.29598474098  5.646142E-17
6506.50535964561  5.730580E-17
6510.71473455024  5.520842E-17
6514.92410945487  5.790853E-17
6519.1334843595  5.681096E-17
6523.34285926413  5.307669E-17
6527.55223416875  5.884476E-17
6531.76160907339  5.749901E-17
6535.97098397802  5.716347E-17
6540.18035888265  5.752287E-17
6544.38973378728  5.880206E-17
6548.59910869191  5.838934E-17
6552.80848359654  5.677328E-17
6557.01785850116  6.460400E-17
6561.2272334058  6.537576E-17
6565.43660831043  5.740551E-17
6569.64598321506  5.806113E-17
6573.85535811969  6.174915E-17
6578.06473302432  6.373560E-17
6582.27410792894  6.765944E-17
6586.48348283358  7.611226E-17
6590.69285773821  8.513313E-17
6594.90223264284  9.930014E-17
6599.11160754747  1.162773E-16
6603.3209824521  1.324117E-16
6607.53035735673  1.255696E-16
6611.73973226136  9.928842E-17
6615.94910716599  8.457779E-17
6620.15848207062  7.492515E-17
6624.36785697525  6.825998E-17
6628.57723187988  6.344426E-17
6632.78660678451  6.216264E-17
6636.99598168914  5.851101E-17
6641.20535659377  5.713295E-17
6645.4147314984  5.579329E-17
6649.62410640303  5.739620E-17
6653.83348130766  5.619390E-17
6658.04285621229  5.592200E-17
6662.25223111691  5.501629E-17
6666.46160602155  5.363986E-17
6670.67098092618  5.846176E-17
6674.88035583081  5.751067E-17
6679.08973073544  5.505156E-17
6683.29910564007  5.659031E-17
6687.5084805447  5.631819E-17
6691.71785544933  5.351031E-17
6695.92723035396  5.640208E-17
6700.13660525859  5.368724E-17
6704.34598016322  5.515565E-17
6708.55535506785  5.876502E-17
6712.76472997248  5.087340E-17
6716.97410487711  6.338498E-17
6721.18347978174  5.528023E-17
6725.39285468637  5.452965E-17
6729.602229591  5.760825E-17
6733.81160449563  5.439265E-17
6738.02097940026  4.923612E-17
6742.23035430489  5.162363E-17
6746.43972920952  5.485454E-17
6750.64910411415  5.874927E-17
6754.85847901878  5.350833E-17
6759.06785392341  5.365941E-17
6763.27722882804  5.325409E-17
6767.48660373267  5.217586E-17
6771.6959786373  5.442200E-17
6775.90535354193  5.527116E-17
6780.11472844656  5.767566E-17
6784.32410335119  5.619739E-17
6788.53347825581  5.501000E-17
6792.74285316045  5.686725E-17
6796.95222806508  5.352434E-17
6801.16160296971  5.562800E-17
6805.37097787434  5.740899E-17
6809.58035277897  5.535392E-17
6813.7897276836  5.062992E-17
6817.99910258823  5.244950E-17
6822.20847749286  5.630556E-17
6826.41785239749  5.158045E-17
6830.62722730212  5.404474E-17
6834.83660220675  5.833074E-17
6839.04597711138  4.959536E-17
6843.25535201601  5.154093E-17
6847.46472692064  5.384451E-17
6851.67410182527  6.281667E-17
6855.8834767299  5.213077E-17
6860.09285163453  5.354215E-17
6864.30222653916  5.393816E-17
6868.51160144379  4.700645E-17
6872.72097634842  4.698576E-17
6876.93035125305  5.294696E-17
6881.13972615768  5.332220E-17
6885.34910106231  5.284078E-17
6889.55847596694  5.656904E-17
6893.76785087157  5.711081E-17
6897.9772257762  5.552824E-17
6902.18660068083  4.742925E-17
6906.39597558546  5.370017E-17
6910.60535049009  5.742637E-17
6914.81472539472  5.734089E-17
6919.02410029935  5.625600E-17
6923.23347520398  5.235729E-17
6927.44285010861  5.607700E-17
6931.65222501324  5.825233E-17
6935.86159991787  5.781367E-17
6940.0709748225  5.618950E-17
6944.28034972713  4.788507E-17
6948.48972463176  5.456783E-17
6952.69909953639  5.244654E-17
6956.90847444102  4.733442E-17
6961.11784934565  5.298957E-17
6965.32722425028  5.113735E-17
6969.53659915491  5.134585E-17
6973.74597405954  5.692657E-17
6977.95534896417  5.211060E-17
6982.1647238688  4.872002E-17
6986.37409877342  4.921655E-17
6990.58347367806  5.294236E-17
6994.79284858269  4.974023E-17
6999.00222348732  5.165729E-17
7003.21159839195  5.257503E-17
7007.42097329658  5.090056E-17
7011.63034820121  5.128843E-17
7015.83972310584  4.932559E-17
7020.04909801047  5.226549E-17
7024.2584729151  5.410568E-17
7028.46784781973  5.552830E-17
7032.67722272436  4.866533E-17
7036.88659762899  5.090214E-17
7041.09597253362  5.061862E-17
7045.30534743825  5.102120E-17
7049.51472234288  5.306344E-17
7053.72409724751  5.267371E-17
7057.93347215213  5.405906E-17
7062.14284705677  5.326638E-17
7066.3522219614  5.340995E-17
7070.56159686603  4.945981E-17
7074.77097177066  5.118814E-17
7078.98034667529  5.578030E-17
7083.18972157992  5.651653E-17
7087.39909648455  4.889454E-17
7091.60847138918  5.079638E-17
7095.81784629381  5.074717E-17
7100.02722119844  5.499337E-17
7104.23659610307  5.350470E-17
7108.4459710077  5.354129E-17
7112.65534591233  5.504925E-17
7116.86472081696  4.955627E-17
7121.07409572158  5.082233E-17
7125.28347062622  5.022350E-17
7129.49284553085  5.014485E-17
7133.70222043548  5.608064E-17
7137.91159534011  5.136068E-17
7142.12097024474  5.458633E-17
7146.33034514937  5.322179E-17
7150.539720054  5.361488E-17
7154.74909495863  5.401363E-17
7158.95846986326  5.216594E-17
7163.16784476789  5.516234E-17
7167.37721967252  5.206328E-17
7171.58659457715  5.024999E-17
7175.79596948178  4.472226E-17
7180.00534438641  5.264306E-17
7184.21471929104  5.383280E-17
7188.42409419567  4.990924E-17
7192.6334691003  4.921234E-17
7196.84284400493  5.672428E-17
7201.05221890956  5.388806E-17
7205.26159381419  4.910737E-17
7209.47096871882  4.869259E-17
7213.68034362345  5.171800E-17
7217.88971852808  5.400411E-17
7222.09909343271  5.125604E-17
7226.30846833734  5.291538E-17
7230.51784324197  4.964255E-17
7234.7272181466  5.118649E-17
7238.93659305123  4.694016E-17
7243.14596795586  4.723497E-17
7247.35534286049  5.136330E-17
7251.56471776512  5.541811E-17
7255.77409266975  5.268009E-17
7259.98346757438  5.155483E-17
7264.19284247901  4.967566E-17
7268.40221738364  5.386687E-17
7272.61159228827  5.375764E-17
7276.8209671929  5.199922E-17
7281.03034209753  5.217427E-17
7285.23971700216  5.330026E-17
7289.44909190679  5.531489E-17
7293.65846681142  5.215579E-17
7297.86784171605  5.379433E-17
7302.07721662068  5.086459E-17
7306.28659152531  5.166978E-17
7310.49596642994  4.869639E-17
7314.70534133457  5.309813E-17
7318.9147162392  5.189980E-17
7323.12409114383  5.228856E-17
7327.33346604846  5.053496E-17
7331.54284095309  5.708221E-17
7335.75221585772  6.151481E-17
7339.96159076235  5.871094E-17
7344.17096566698  5.977472E-17
7348.38034057161  5.079580E-17
7352.58971547624  5.384393E-17
7356.79909038087  4.969563E-17
7361.0084652855  5.614488E-17
7365.21784019013  5.888977E-17
7369.42721509476  5.769947E-17
7373.63658999939  6.272321E-17
7377.84596490402  5.885681E-17
7382.05533980865  5.585168E-17
7386.26471471328  4.435552E-17
7390.47408961791  5.588032E-17
7394.68346452254  4.931213E-17
7398.89283942717  4.873688E-17
7403.1022143318  5.552498E-17
7407.31158923643  5.184306E-17
7411.52096414106  4.758208E-17
7415.73033904569  5.398737E-17
7419.93971395032  4.989361E-17
7424.14908885495  5.477241E-17
7428.35846375958  5.136212E-17
7432.56783866421  5.096750E-17
7436.77721356884  4.760380E-17
7440.98658847347  4.885177E-17
7445.1959633781  5.010408E-17
7449.40533828273  5.154331E-17
7453.61471318736  4.792359E-17
7457.82408809199  5.334159E-17
7462.03346299662  5.282138E-17
7466.24283790125  5.023973E-17
7470.45221280588  5.189718E-17
7474.66158771051  4.765680E-17
7478.87096261514  4.867452E-17
7483.08033751977  5.342248E-17
7487.2897124244  5.232456E-17
7491.49908732903  5.120757E-17
7495.70846223366  5.468728E-17
7499.91783713829  4.954098E-17
7504.12721204292  5.221854E-17
7508.33658694755  5.029941E-17
7512.54596185218  5.101164E-17
7516.75533675681  5.039436E-17
7520.96471166144  5.217310E-17
7525.17408656607  5.166674E-17
7529.3834614707  4.856586E-17
7533.59283637533  5.166249E-17
7537.80221127996  4.827355E-17
7542.01158618459  4.958267E-17
7546.22096108922  4.631772E-17
7550.43033599385  5.526405E-17
7554.63971089848  5.202692E-17
7558.84908580311  5.160786E-17
7563.05846070774  5.146977E-17
7567.26783561237  5.266730E-17
7571.477210517  4.657890E-17
7575.68658542163  4.869307E-17
7579.89596032626  4.802717E-17
7584.10533523089  5.274432E-17
7588.31471013552  5.946293E-17
7592.52408504015  5.723092E-17
7596.73345994478  5.626209E-17
7600.94283484941  4.921718E-17
7605.15220975404  3.678301E-17
7609.36158465867  4.126168E-17
7613.5709595633  4.814307E-17
7617.78033446793  5.793470E-17
7621.98970937256  6.393722E-17
7626.19908427719  5.302393E-17
7630.40845918182  5.446536E-17
7634.61783408645  4.888355E-17
7638.82720899108  4.461217E-17
7643.03658389571  5.119876E-17
7647.24595880034  4.945423E-17
7651.45533370497  5.407866E-17
7655.6647086096  4.653817E-17
7659.87408351423  5.283000E-17
7664.08345841886  5.228011E-17
7668.29283332349  5.325894E-17
7672.50220822812  4.777994E-17
7676.71158313275  4.963095E-17
7680.92095803738  4.731416E-17
7685.13033294201  4.708367E-17
7689.33970784664  4.914007E-17
7693.54908275127  4.227175E-17
7697.7584576559  4.916102E-17
7701.96783256053  5.069051E-17
7706.17720746516  4.450218E-17
7710.38658236979  4.678095E-17
7714.59595727442  4.143911E-17
7718.80533217905  4.340401E-17
7723.01470708368  4.782736E-17
7727.22408198831  4.881306E-17
7731.43345689294  5.074202E-17
7735.64283179757  5.012738E-17
7739.8522067022  5.367637E-17
7744.06158160683  4.238316E-17
7748.27095651146  4.592516E-17
7752.48033141609  4.533344E-17
7756.68970632072  4.811611E-17
7760.89908122535  4.434458E-17
7765.10845612998  5.368911E-17
7769.31783103461  4.790002E-17
7773.52720593924  5.331496E-17
7777.73658084387  4.882304E-17
7781.9459557485  4.811807E-17
7786.15533065313  5.285809E-17
7790.36470555776  4.931955E-17
7794.57408046239  4.379528E-17
7798.78345536702  5.069215E-17
7802.99283027165  4.879641E-17
7807.20220517628  4.131226E-17
7811.41158008091  4.201858E-17
7815.62095498554  4.109117E-17
7819.83032989017  3.700298E-17
7824.0397047948  3.623159E-17
7828.24907969943  4.367892E-17
7832.45845460406  5.035492E-17
7836.66782950869  4.788945E-17
7840.87720441332  4.915452E-17
7845.08657931795  4.931284E-17
7849.29595422258  4.824907E-17
7853.50532912721  4.248588E-17
7857.71470403184  4.628421E-17
7861.92407893647  4.593819E-17
7866.1334538411  4.671108E-17
7870.34282874573  4.580621E-17
7874.55220365036  4.761471E-17
7878.76157855499  4.454157E-17
7882.97095345962  4.865652E-17
7887.18032836425  4.982450E-17
7891.38970326888  4.744216E-17
7895.59907817351  4.916043E-17
7899.80845307814  4.667629E-17
7904.01782798277  4.370288E-17
7908.2272028874  4.577532E-17
7912.43657779203  4.580394E-17
7916.64595269666  4.246586E-17
7920.85532760129  4.413194E-17
7925.06470250592  4.708833E-17
7929.27407741055  4.720904E-17
7933.48345231518  4.362309E-17
7937.69282721981  4.300961E-17
7941.90220212444  4.881878E-17
7946.11157702907  4.742833E-17
7950.3209519337  4.463862E-17
7954.53032683833  4.699225E-17
7958.73970174296  4.386675E-17
7962.94907664759  4.438004E-17
7967.15845155222  4.033825E-17
7971.36782645685  4.373972E-17
7975.57720136148  4.740433E-17
7979.78657626611  4.301206E-17
7983.99595117074  4.625093E-17
7988.20532607537  4.518577E-17
7992.41470098  4.319530E-17
7996.62407588463  4.218053E-17
8000.83345078926  4.034020E-17
8005.04282569389  4.592591E-17
8009.25220059852  4.307307E-17
8013.46157550315  4.421980E-17
8017.67095040778  4.517044E-17
8021.88032531241  4.589625E-17
8026.08970021704  5.020074E-17
8030.29907512167  4.434463E-17
8034.5084500263  4.253359E-17
8038.71782493093  4.586858E-17
8042.92719983556  4.288888E-17
8047.13657474019  4.391679E-17
8051.34594964482  4.642146E-17
8055.55532454945  4.425429E-17
8059.76469945408  4.916301E-17
8063.97407435871  4.824619E-17
8068.18344926334  4.959972E-17
8072.39282416797  4.456041E-17
8076.6021990726  4.413353E-17
8080.81157397723  3.941049E-17
8085.02094888186  3.831928E-17
8089.23032378649  4.268429E-17
8093.43969869112  4.545846E-17
8097.64907359575  4.015134E-17
8101.85844850038  3.824482E-17
8106.06782340501  4.458512E-17
8110.27719830964  4.368065E-17
8114.48657321427  4.807569E-17
8118.6959481189  4.590747E-17
8122.90532302353  5.091983E-17
8127.11469792816  4.413603E-17
8131.32407283279  4.566394E-17
8135.53344773742  4.096324E-17
8139.74282264205  4.118130E-17
8143.95219754668  3.946612E-17
8148.16157245131  4.239778E-17
8152.37094735594  4.388845E-17
8156.58032226057  4.619911E-17
8160.7896971652  4.594700E-17
8164.99907206983  4.197999E-17
8169.20844697446  4.258018E-17
8173.41782187909  4.396383E-17
8177.62719678372  3.874414E-17
8181.83657168835  4.417230E-17
8186.04594659298  4.293111E-17
8190.25532149761  4.380334E-17
8194.46469640224  4.571930E-17
8198.67407130687  4.341978E-17
8202.8834462115  4.862582E-17
8207.09282111613  4.446909E-17
8211.30219602076  4.170103E-17
8215.51157092539  4.286885E-17
8219.72094583002  4.279597E-17
8223.93032073465  4.356255E-17
8228.13969563928  4.148810E-17
8232.34907054391  4.189322E-17
8236.55844544854  4.106633E-17
8240.76782035317  4.225599E-17
8244.9771952578  4.683943E-17
8249.18657016243  4.283769E-17
8253.39594506706  4.233250E-17
8257.60531997169  4.519702E-17
8261.81469487632  4.182372E-17
8266.02406978095  3.979426E-17
8270.23344468558  4.369757E-17
8274.44281959021  4.495746E-17
8278.65219449484  4.890621E-17
8282.86156939947  4.534181E-17
8287.0709443041  4.660144E-17
8291.28031920873  5.018316E-17
8295.48969411336  4.352999E-17
8299.69906901799  4.462099E-17
8303.90844392262  3.840337E-17
8308.11781882725  4.264834E-17
8312.32719373188  4.114473E-17
8316.53656863651  4.050565E-17
8320.74594354114  4.614416E-17
8324.95531844577  4.756754E-17
8329.1646933504  4.551211E-17
8333.37406825503  4.716397E-17
8337.58344315966  4.514583E-17
8341.79281806429  4.998288E-17
8346.00219296892  4.693962E-17
8350.21156787355  3.569957E-17
8354.42094277818  4.092766E-17
8358.63031768281  4.441981E-17
8362.83969258744  3.983957E-17
8367.04906749207  4.422518E-17
8371.2584423967  4.343499E-17
8375.46781730133  4.588253E-17
8379.67719220596  4.225913E-17
8383.88656711059  4.683854E-17
8388.09594201522  4.893425E-17
8392.30531691985  4.066607E-17
8396.51469182448  4.594538E-17
8400.72406672911  4.123076E-17
8404.93344163374  4.469127E-17
8409.14281653837  4.128972E-17
8413.352191443  4.895380E-17
8417.56156634763  4.924726E-17
8421.77094125226  4.472062E-17
8425.98031615689  4.178248E-17
8430.18969106152  4.182709E-17
8434.39906596615  3.802114E-17
8438.60844087078  4.036852E-17
8442.81781577541  4.362550E-17
8447.02719068004  4.504083E-17
8451.23656558467  4.491744E-17
8455.4459404893  4.248416E-17
8459.65531539393  4.546271E-17
8463.86469029856  5.019937E-17
8468.07406520319  4.561771E-17
8472.28344010782  4.154624E-17
8476.49281501245  4.264317E-17
8480.70218991708  4.248443E-17
8484.91156482171  4.307292E-17
8489.12093972634  4.010438E-17
8493.33031463097  4.151122E-17
8497.5396895356  4.123562E-17
8501.74906444023  4.713180E-17
8505.95843934486  4.444160E-17
8510.16781424949  4.696609E-17
8514.37718915412  4.622005E-17
8518.58656405875  4.155976E-17
8522.79593896338  4.081533E-17
8527.00531386801  4.212565E-17
8531.21468877264  3.997256E-17
8535.42406367727  4.732909E-17
8539.6334385819  4.748445E-17
8543.84281348653  5.458980E-17
8548.05218839116  5.430537E-17
8552.26156329579  5.710030E-17
8556.47093820042  5.157511E-17
8560.68031310505  5.290987E-17
8564.88968800968  4.830497E-17
8569.09906291431  4.739108E-17
8573.30843781894  3.933630E-17
8577.51781272357  4.908997E-17
8581.7271876282  4.462764E-17
8585.93656253283  4.688674E-17
8590.14593743746  4.946052E-17
8594.35531234209  4.659836E-17
8598.56468724672  5.357504E-17
8602.77406215135  5.586610E-17
8606.98343705598  5.320236E-17
8611.19281196061  5.537890E-17
8615.40218686524  5.083606E-17
8619.61156176987  4.448549E-17
8623.8209366745  4.223970E-17
8628.03031157913  4.352631E-17
8632.23968648376  4.040669E-17
8636.44906138839  4.056357E-17
8640.65843629302  4.632907E-17
8644.86781119765  4.402750E-17
8649.07718610228  4.156503E-17
8653.28656100691  4.140594E-17
8657.49593591154  4.198972E-17
8661.70531081617  4.094913E-17
8665.9146857208  4.379855E-17
8670.12406062543  4.109333E-17
8674.33343553006  3.894633E-17
8678.54281043469  4.495261E-17
8682.75218533932  4.484952E-17
8686.96156024395  5.061862E-17
8691.17093514858  4.499023E-17
8695.38031005321  4.501518E-17
8699.58968495784  3.882417E-17
8703.79905986247  4.368032E-17
8708.0084347671  4.468333E-17
8712.21780967173  4.337894E-17
8716.42718457636  5.060790E-17
8720.63655948099  4.820661E-17
8724.84593438562  5.256441E-17
8729.05530929025  5.534460E-17
8733.26468419488  4.839560E-17
8737.47405909951  4.441157E-17
8741.68343400414  4.368916E-17
8745.89280890877  4.082938E-17
8750.1021838134  4.447317E-17
8754.31155871803  3.905903E-17
8758.52093362266  4.695745E-17
8762.73030852729  4.934486E-17
8766.93968343192  4.190802E-17
8771.14905833655  4.903398E-17
8775.35843324118  4.154558E-17
8779.56780814581  3.411513E-17
8783.77718305044  4.527731E-17
8787.98655795507  4.390014E-17
8792.1959328597  3.241683E-17
8796.40530776433  3.417723E-17
8800.61468266896  3.635701E-17
8804.82405757359  4.166889E-17
8809.03343247822  4.680016E-17
8813.24280738285  4.385371E-17
8817.45218228748  4.784219E-17
8821.66155719211  4.116626E-17
8825.87093209674  4.378807E-17
8830.08030700137  3.768766E-17
8834.289681906  2.996690E-17
8838.49905681063  3.234176E-17
8842.70843171526  3.919719E-17
8846.91780661989  3.974811E-17
8851.12718152452  4.424881E-17
8855.33655642915  4.942977E-17
8859.54593133378  3.862234E-17
8863.75530623841  4.138167E-17
8867.96468114304  3.637382E-17
8872.17405604767  4.073287E-17
8876.3834309523  4.989271E-17
8880.59280585693  4.527273E-17
8884.80218076156  3.848929E-17
8889.01155566619  3.258663E-17
8893.22093057082  3.753400E-17
8897.43030547545  4.039103E-17
8901.63968038008  4.194605E-17
8905.84905528471  4.786846E-17
8910.05843018934  3.967701E-17
8914.26780509397  3.854858E-17
8918.4771799986  4.148983E-17
8922.68655490323  3.942374E-17
8926.89592980786  3.943286E-17
8931.10530471249  3.902413E-17
8935.31467961712  4.036601E-17
8939.52405452175  4.401771E-17
8943.73342942638  4.015270E-17
8947.94280433101  3.188388E-17
8952.15217923564  3.924503E-17
8956.36155414027  5.115662E-17
8960.5709290449  4.538605E-17
8964.78030394953  4.456766E-17
8968.98967885416  4.072484E-17
8973.19905375879  4.006540E-17
8977.40842866342  4.282863E-17
8981.61780356805  3.282139E-17
8985.82717847268  4.356574E-17
8990.03655337731  3.729705E-17
8994.24592828194  3.739114E-17
8998.45530318657  4.630783E-17
9002.6646780912  4.853897E-17
9006.87405299583  4.434614E-17
9011.08342790046  4.174725E-17
9015.29280280509  4.222209E-17
9019.50217770972  3.735692E-17
9023.71155261435  4.207486E-17
9027.92092751898  3.839523E-17
9032.13030242361  4.470827E-17
9036.33967732824  4.181974E-17
9040.54905223287  4.706580E-17
9044.7584271375  4.170253E-17
9048.96780204213  3.577480E-17
9053.17717694676  3.051572E-17
9057.38655185139  3.407916E-17
9061.59592675602  3.896902E-17
9065.80530166065  3.959705E-17
9070.01467656528  3.772357E-17
9074.22405146991  4.047484E-17
9078.43342637454  4.386949E-17
9082.64280127917  4.033439E-17
9086.8521761838  4.535144E-17
9091.06155108843  4.284570E-17
9095.27092599306  3.738057E-17
9099.48030089769  3.969813E-17
9103.68967580232  2.911706E-17
9107.89905070695  3.752904E-17
9112.10842561158  4.323939E-17
9116.31780051621  3.658259E-17
9120.52717542084  3.355875E-17
9124.73655032547  3.728307E-17
9128.9459252301  4.006543E-17
9133.15530013473  3.447147E-17
9137.36467503936  3.445445E-17
9141.57404994399  3.525364E-17
9145.78342484862  3.493743E-17
9149.99279975325  4.093927E-17
9154.20217465788  3.383131E-17
9158.41154956251  3.424715E-17
9162.62092446714  3.145828E-17
9166.83029937177  3.762407E-17
9171.0396742764  4.221422E-17
9175.24904918103  3.888910E-17
9179.45842408566  3.848214E-17
9183.66779899029  4.255163E-17
9187.87717389492  4.038795E-17
9192.08654879955  4.037313E-17
9196.29592370418  4.043777E-17
9200.50529860881  4.020566E-17
9204.71467351344  3.556530E-17
9208.92404841807  3.907105E-17
9213.1334233227  4.242352E-17
9217.34279822733  3.732169E-17
9221.55217313196  4.267192E-17
9225.76154803659  4.740658E-17
9229.97092294122  3.864241E-17
9234.18029784585  3.679130E-17
9238.38967275048  4.055407E-17
9242.59904765511  3.946830E-17
9246.80842255974  3.442235E-17
9251.01779746437  3.414417E-17
9255.227172369  3.972847E-17
9259.43654727363  3.435564E-17
9263.64592217826  3.461517E-17
9267.85529708289  3.774486E-17
9272.06467198752  3.716520E-17
9276.27404689215  3.901222E-17
9280.48342179678  3.923900E-17
9284.69279670141  4.415707E-17
9288.90217160604  4.940422E-17
9293.11154651067  4.124000E-17
9297.3209214153  4.201755E-17
9301.53029631993  3.796878E-17
9305.73967122456  2.945312E-17
9309.94904612919  3.028739E-17
9314.15842103382  3.515630E-17
9318.36779593845  5.970479E-17
9322.57717084308  6.309848E-17
9326.78654574771  4.817864E-17
9330.99592065234  4.468367E-17
9335.20529555697  3.712145E-17
9339.4146704616  2.965628E-17
9343.62404536623  2.733774E-17
9347.83342027086  3.025239E-17
9352.04279517549  3.102805E-17
9356.25217008012  2.510134E-17
9360.46154498475  3.707941E-17
9364.67091988938  5.563144E-17
9368.88029479401  3.857318E-17
9373.08966969864  3.039561E-17
9377.29904460327  5.644694E-17
9381.5084195079  2.352697E-17
9385.71779441253  3.975376E-17
9389.92716931716  3.239315E-17
9394.13654422179  4.001178E-17
9398.34591912642  3.665729E-17
9402.55529403105  3.696233E-17
9406.76466893568  3.505741E-17
9410.97404384031  3.469590E-17
9415.18341874494  3.762604E-17
9419.39279364957  3.729138E-17
9423.6021685542  3.464609E-17
9427.81154345883  3.714521E-17
9432.02091836346  3.223268E-17
9436.23029326809  4.779939E-17
9440.43966817272  4.266682E-17
9444.64904307735  3.910918E-17
9448.85841798198  2.950898E-17
9453.06779288661  2.928809E-17
9457.27716779124  3.603846E-17
9461.48654269587  3.540921E-17
9465.6959176005  3.811369E-17
9469.90529250513  4.443852E-17
9474.11466740976  5.835645E-17
9478.32404231439  5.612753E-17
9482.53341721902  3.579261E-17
9486.74279212365  3.568267E-17
9490.95216702828  3.168250E-17
9495.16154193291  3.370642E-17
9499.37091683754  2.422350E-17
9503.58029174217  4.404709E-17
9507.7896666468  4.739422E-17
9511.99904155143  3.546399E-17
9516.20841645606  3.247444E-17
9520.41779136069  3.348593E-17
9524.62716626532  3.828054E-17
9528.83654116995  3.678018E-17
9533.04591607458  3.128299E-17
9537.25529097921  4.280509E-17
9541.46466588384  3.193582E-17
9545.67404078847  3.004817E-17
9549.8834156931  3.980537E-17
9554.09279059773  3.975534E-17
9558.30216550236  2.537715E-17
9562.51154040699  4.036651E-17
9566.72091531162  4.156658E-17
9570.93029021625  3.202989E-17
9575.13966512088  3.892554E-17
9579.34904002551  4.208412E-17
9583.55841493014  3.470420E-17
9587.76778983477  3.274643E-17
9591.9771647394  2.968690E-17
9596.18653964403  2.598080E-17
9600.39591454866  2.687369E-17
9604.60528945329  2.738356E-17
9608.81466435792  4.492988E-17
9613.02403926255  4.239756E-17
9617.23341416718  2.967935E-17
9621.44278907181  4.009238E-17
9625.65216397644  4.573204E-17
9629.86153888107  3.350999E-17
9634.0709137857  4.457773E-17
9638.28028869033  2.379078E-17
9642.48966359496  2.490795E-17
9646.69903849959  3.770330E-17
9650.90841340422  3.956678E-17
9655.11778830885  3.332550E-17
9659.32716321348  4.039951E-17
9663.53653811811  3.778827E-17
9667.74591302274  2.603902E-17
9671.95528792737  1.918978E-17
9676.164662832  3.921000E-17
9680.37403773663  3.334121E-17
9684.58341264126  3.116797E-17
9688.79278754589  2.390056E-17
9693.00216245052  2.229097E-17
9697.21153735515  3.819666E-17
9701.42091225978  3.090877E-17
9705.63028716441  4.578920E-17
9709.83966206904  4.347489E-17
9714.04903697367  2.364487E-17
9718.2584118783  2.779999E-17
9722.46778678293  3.165703E-17
9726.67716168756  3.732201E-17
9730.88653659219  3.434070E-17
9735.09591149682  3.507079E-17
9739.30528640145  2.499558E-17
9743.51466130608  1.996284E-17
9747.72403621071  2.479355E-17
9751.93341111534  3.110827E-17
9756.14278601997  2.320538E-17
9760.3521609246  1.840805E-17
9764.56153582923  3.896655E-17
9768.77091073386  1.402693E-17
9772.98028563849  3.344105E-17
9777.18966054312  2.907327E-17
9781.39903544775  2.569256E-17
9785.60841035238  3.042104E-17
9789.81778525701  1.760193E-17
9794.02716016164  2.475621E-17
9798.23653506627  3.764630E-17
9802.4459099709  2.857828E-17
9806.65528487553  4.553172E-17
9810.86465978016  3.338331E-17
9815.07403468479  1.987753E-17
9819.28340958942  2.337638E-17
9823.49278449405  3.578242E-17
9827.70215939868  3.253747E-17
9831.91153430331  3.105241E-17
9836.12090920794  2.389261E-17
9840.33028411257  2.254859E-17
9844.5396590172  3.395943E-17
9848.74903392183  2.113423E-17
9852.95840882646  2.082168E-17
9857.16778373109  2.523816E-17
9861.37715863572  3.136330E-17
9865.58653354035  3.131048E-17
9869.79590844498  2.795179E-17
9874.00528334961  4.872484E-17
9878.21465825424  2.400573E-17
9882.42403315887  2.485045E-17
9886.6334080635  2.295596E-17
9890.84278296813  2.660001E-17
9895.05215787276  3.578217E-17
9899.26153277739  3.555623E-17
9903.47090768202  5.632105E-17
9907.68028258665  5.174571E-17
9911.88965749128  2.681147E-17
9916.09903239591  3.814031E-17
9920.30840730054  3.187640E-17
9924.51778220517  3.848942E-17
9928.7271571098  2.941480E-17
9932.93653201443  2.560661E-17
9937.14590691906  4.200836E-17
9941.35528182369  5.621808E-17
9945.56465672832  6.445691E-17
9949.77403163295  4.013660E-17
9953.98340653758  8.736899E-18
9958.19278144221  2.683900E-17
9962.40215634684  3.695823E-17
9966.61153125147  3.625998E-17
9970.8209061561  3.848377E-17
9975.03028106073  5.658824E-17
9979.23965596536  1.060027E-17
9983.44903086999  2.455755E-17
9987.65840577462  3.299833E-17
9991.86778067925  2.636788E-17
9996.07715558388  2.657020E-17
