3345.68823242  -2.299055E-17
3349.76762628368  -2.841807E-17
3353.84702014736  -5.037206E-17
3357.92641401104  -3.038384E-17
3362.00580787472  5.720267E-19
3366.0852017384  -7.408292E-18
3370.16459560208  -3.248609E-17
3374.24398946576  -3.795888E-17
3378.32338332944  -6.148799E-18
3382.40277719312  -9.640856E-18
3386.4821710568  3.213193E-17
3390.56156492048  -1.931487E-17
3394.64095878416  -3.520487E-17
3398.72035264784  -2.328657E-17
3402.79974651152  -3.551988E-17
3406.8791403752  1.634549E-17
3410.95853423888  -3.179318E-17
3415.03792810256  -1.215776E-17
3419.11732196624  -2.028378E-17
3423.19671582992  -1.477754E-17
3427.2761096936  -9.478179E-18
3431.35550355728  -1.571288E-17
3435.43489742096  3.609038E-17
3439.51429128464  -3.559584E-18
3443.59368514832  -4.532123E-17
3447.673079012  -6.745926E-18
3451.75247287568  -2.578465E-17
3455.83186673936  -2.410215E-17
3459.91126060304  -2.892606E-17
3463.99065446672  -5.734436E-18
3468.0700483304  -2.486145E-17
3472.14944219408  -1.424027E-17
3476.22883605776  -9.368702E-18
3480.30822992144  -4.493173E-18
3484.38762378512  2.011042E-19
3488.4670176488  6.054453E-19
3492.54641151248  -1.897129E-17
3496.62580537616  9.297161E-18
3500.70519923984  -1.038694E-17
3504.78459310352  -6.154555E-18
3508.8639869672  -5.690001E-18
3512.94338083088  1.952860E-17
3517.02277469456  -4.837971E-19
3521.10216855824  -8.692695E-18
3525.18156242192  -1.534214E-17
3529.2609562856  -9.471560E-18
3533.34035014928  -5.071057E-18
3537.41974401296  -1.087935E-17
3541.49913787664  -1.101701E-17
3545.57853174032  -1.292650E-17
3549.657925604  -9.034498E-18
3553.73731946768  -1.288671E-17
3557.81671333136  -1.532584E-17
3561.89610719504  -4.948300E-18
3565.97550105872  -9.383883E-18
3570.0548949224  -4.680157E-18
3574.13428878608  -1.194467E-17
3578.21368264976  -1.010909E-17
3582.29307651344  -8.615302E-18
3586.37247037712  -8.322655E-18
3590.4518642408  -1.027339E-17
3594.53125810448  -1.171923E-17
3598.61065196816  -6.213770E-18
3602.69004583184  -4.016165E-18
3606.76943969552  -6.566552E-18
3610.8488335592  -5.128317E-18
3614.92822742288  -8.652555E-18
3619.00762128656  -1.021696E-17
3623.08701515024  -7.217556E-18
3627.16640901392  -1.264264E-17
3631.2458028776  -1.038089E-17
3635.32519674128  -1.209753E-17
3639.40459060496  -1.000465E-17
3643.48398446864  -1.530942E-17
3647.56337833232  -5.202777E-18
3651.642772196  -1.064560E-17
3655.72216605968  -1.292668E-17
3659.80155992336  -5.608871E-18
3663.88095378704  -6.607045E-18
3667.96034765072  -1.562419E-17
3672.0397415144  -1.440315E-17
3676.11913537808  -1.742770E-17
3680.19852924176  -1.482052E-17
3684.27792310544  -2.175398E-17
3688.35731696912  -1.123659E-17
3692.4367108328  -3.924230E-18
3696.51610469648  -1.500641E-17
3700.59549856016  -1.496625E-17
3704.67489242384  -1.492025E-17
3708.75428628752  -9.248948E-18
3712.8336801512  -5.743812E-18
3716.91307401488  -6.454167E-18
3720.99246787856  -1.200927E-17
3725.07186174224  -5.670063E-18
3729.15125560592  -5.625486E-18
3733.2306494696  -4.090279E-18
3737.31004333328  -6.127096E-18
3741.38943719696  -4.686864E-18
3745.46883106064  -4.778397E-18
3749.54822492432  -4.628579E-18
3753.627618788  -5.147431E-18
3757.70701265168  -2.591703E-18
3761.78640651536  -5.140589E-18
3765.86580037904  -2.300241E-18
3769.94519424272  -1.758010E-18
3774.0245881064  -3.064033E-19
3778.10398197008  -1.618751E-18
3782.18337583376  -2.389659E-18
3786.26276969744  -1.468501E-19
3790.34216356112  -6.568463E-19
3794.4215574248  -2.721301E-18
3798.50095128848  -3.135508E-18
3802.58034515216  -7.570170E-19
3806.65973901584  -4.341655E-19
3810.73913287952  -1.280733E-18
3814.8185267432  -8.317581E-19
3818.89792060688  6.379529E-19
3822.97731447056  -1.327532E-18
3827.05670833424  -1.034546E-18
3831.13610219792  -1.901129E-18
3835.2154960616  -1.552354E-18
3839.29488992528  -1.273411E-18
3843.37428378896  -6.880560E-19
3847.45367765264  -8.349629E-19
3851.53307151632  -2.234889E-18
3855.61246538  -2.159804E-18
3859.69185924368  -4.644717E-19
3863.77125310736  -1.681806E-18
3867.85064697104  -8.367924E-19
3871.93004083472  -2.281052E-18
3876.0094346984  -6.442897E-19
3880.08882856208  -1.083702E-18
3884.16822242576  -2.085815E-18
3888.24761628944  -6.367577E-19
3892.32701015312  -3.632673E-19
3896.4064040168  -9.075649E-19
3900.48579788048  -7.981188E-19
3904.56519174416  -1.242775E-18
3908.64458560784  8.911108E-20
3912.72397947152  -1.494513E-18
3916.8033733352  -1.216078E-18
3920.88276719888  -1.575727E-19
3924.96216106256  -4.094685E-19
3929.04155492624  -1.041251E-18
3933.12094878992  -1.540575E-18
3937.2003426536  9.991178E-20
3941.27973651728  -7.462147E-19
3945.35913038096  -3.608856E-19
3949.43852424464  -1.099400E-18
3953.51791810832  -7.878041E-19
3957.597311972  -1.138771E-18
3961.67670583568  9.828751E-20
3965.75609969936  -1.928361E-19
3969.83549356304  -6.206832E-19
3973.91488742672  -1.500367E-18
3977.9942812904  2.299318E-19
3982.07367515408  -2.173643E-19
3986.15306901776  -9.464763E-19
3990.23246288144  -1.577330E-18
3994.31185674512  -2.008013E-18
3998.3912506088  -2.561148E-18
4002.47064447248  -1.616604E-19
4006.55003833616  -7.406613E-19
4010.62943219984  -1.677463E-18
4014.70882606352  9.945940E-19
4018.7882199272  -3.318401E-18
4022.86761379088  -1.814804E-18
4026.94700765456  -2.565474E-18
4031.02640151824  -1.782845E-18
4035.10579538192  -2.371247E-19
4039.1851892456  -2.395254E-19
4043.26458310928  -9.749147E-19
4047.34397697296  1.434290E-18
4051.42337083664  3.209656E-19
4055.50276470032  1.002349E-18
4059.582158564  1.296171E-19
4063.66155242768  6.750703E-19
4067.74094629136  -4.105348E-20
4071.82034015504  2.250918E-18
4075.89973401872  5.728154E-20
4079.9791278824  3.021539E-18
4084.05852174608  2.255218E-18
4088.13791560976  1.656221E-18
4092.21730947344  -6.749040E-20
4096.29670333712  4.847524E-18
4100.3760972008  3.674669E-19
4104.45549106448  7.525214E-19
4108.53488492816  2.789227E-19
4112.61427879184  2.431456E-18
4116.69367265552  6.483171E-18
4120.7730665192  3.798005E-18
4124.85246038288  4.324323E-18
4128.93185424656  2.314015E-18
4133.01124811024  3.841354E-18
4137.09064197392  5.696881E-18
4141.1700358376  4.182752E-18
4145.24942970128  3.890174E-18
4149.32882356496  3.927188E-18
4153.40821742864  1.547287E-18
4157.48761129232  3.133662E-18
4161.567005156  1.775182E-18
4165.64639901968  8.464471E-18
4169.72579288336  9.961572E-18
4173.80518674704  8.486894E-18
4177.88458061072  9.449983E-18
4181.9639744744  9.018310E-18
4186.04336833808  9.339744E-18
4190.12276220176  5.618191E-18
4194.20215606544  6.298288E-18
4198.28154992912  3.935214E-18
4202.3609437928  5.720368E-18
4206.44033765648  1.175857E-17
4210.51973152016  1.537753E-17
4214.59912538384  5.609674E-18
4218.67851924752  8.442489E-18
4222.7579131112  2.340856E-17
4226.83730697488  1.174264E-17
4230.91670083856  8.782976E-18
4234.99609470224  1.455498E-17
4239.07548856592  1.057139E-17
4243.1548824296  1.352850E-17
4247.23427629328  1.333979E-17
4251.31367015696  1.290579E-17
4255.39306402064  8.670058E-18
4259.47245788432  1.311654E-17
4263.551851748  1.044630E-17
4267.63124561168  1.530159E-17
4271.71063947536  2.386091E-18
4275.79003333904  1.055848E-17
4279.86942720272  1.481842E-17
4283.9488210664  1.075835E-17
4288.02821493008  1.019383E-17
4292.10760879376  2.266850E-17
4296.18700265744  1.506506E-17
4300.26639652112  1.038848E-17
4304.3457903848  5.620095E-18
4308.42518424848  1.290259E-17
4312.50457811216  1.244063E-17
4316.58397197584  1.433634E-17
4320.66336583952  2.093988E-17
4324.7427597032  7.587790E-18
4328.82215356688  2.078567E-17
4332.90154743056  4.009300E-17
4336.98094129425  1.341860E-17
4341.06033515792  1.813878E-17
4345.1397290216  1.462307E-17
4349.21912288529  1.314042E-17
4353.29851674896  9.908648E-18
4357.37791061264  1.841622E-17
4361.45730447632  2.519717E-17
4365.53669834  3.909927E-17
4369.61609220368  1.964547E-17
4373.69548606736  2.012770E-17
4377.77487993104  2.403131E-17
4381.85427379472  2.901545E-17
4385.9336676584  1.432322E-17
4390.01306152209  2.605056E-17
4394.09245538576  2.718169E-17
4398.17184924944  7.670126E-18
4402.25124311313  5.067452E-18
4406.3306369768  2.182884E-17
4410.41003084048  4.038445E-17
4414.48942470416  3.647379E-17
4418.56881856784  1.750175E-17
4422.64821243152  2.392078E-17
4426.7276062952  2.743759E-17
4430.80700015888  1.978201E-17
4434.88639402256  2.914436E-17
4438.96578788625  4.229619E-17
4443.04518174993  3.946586E-17
4447.1245756136  2.657523E-17
4451.20396947729  2.545577E-17
4455.28336334097  2.380040E-17
4459.36275720464  2.754898E-17
4463.44215106832  1.510493E-17
4467.521544932  9.222364E-18
4471.60093879568  4.036565E-17
4475.68033265936  9.216011E-18
4479.75972652304  4.827594E-17
4483.83912038672  5.345445E-17
4487.9185142504  3.017992E-17
4491.99790811409  1.910791E-17
4496.07730197777  3.757893E-17
4500.15669584144  3.460949E-17
4504.23608970512  3.038722E-17
4508.3154835688  4.013685E-17
4512.39487743248  2.860882E-17
4516.47427129616  4.891810E-17
4520.55366515984  2.943610E-17
4524.63305902352  3.936732E-17
4528.7124528872  4.519338E-17
4532.79184675088  3.810433E-17
4536.87124061456  3.368872E-17
4540.95063447824  2.624096E-17
4545.03002834192  2.457302E-17
4549.1094222056  3.991537E-17
4553.18881606928  3.134493E-17
4557.26820993296  2.927369E-17
4561.34760379664  4.569521E-17
4565.42699766032  7.068900E-17
4569.506391524  5.596678E-17
4573.58578538768  3.931386E-17
4577.66517925136  4.569649E-17
4581.74457311504  6.418114E-17
4585.82396697872  4.548898E-17
4589.9033608424  4.297867E-17
4593.98275470608  3.502833E-17
4598.06214856976  5.878104E-17
4602.14154243345  5.383777E-17
4606.22093629712  5.638097E-17
4610.3003301608  5.686650E-17
4614.37972402448  6.453283E-17
4618.45911788816  4.239695E-17
4622.53851175184  3.320753E-17
4626.61790561552  4.554438E-17
4630.6972994792  3.860710E-17
4634.77669334288  4.803737E-17
4638.85608720656  5.267571E-17
4642.93548107024  4.950543E-17
4647.01487493392  3.691825E-17
4651.0942687976  5.204095E-17
4655.17366266129  4.728694E-17
4659.25305652496  2.915852E-17
4663.33245038864  4.142972E-17
4667.41184425233  6.278556E-17
4671.491238116  2.935730E-17
4675.57063197968  5.944494E-17
4679.65002584336  5.567996E-17
4683.72941970704  3.700900E-17
4687.80881357072  5.681240E-17
4691.8882074344  4.793911E-17
4695.96760129808  4.267964E-17
4700.04699516176  1.476756E-17
4704.12638902545  3.966298E-17
4708.20578288913  3.360911E-17
4712.28517675281  3.063960E-17
4716.36457061648  7.180674E-17
4720.44396448016  5.056748E-17
4724.52335834385  4.957634E-17
4728.60275220752  5.917913E-17
4732.6821460712  4.798729E-17
4736.76153993488  3.473584E-17
4740.84093379856  2.907677E-17
4744.92032766224  3.787476E-17
4748.99972152593  5.167524E-17
4753.0791153896  7.583401E-17
4757.15850925328  3.322691E-17
4761.23790311697  1.251195E-17
4765.31729698065  3.630789E-17
4769.39669084432  3.997791E-17
4773.476084708  4.623278E-17
4777.55547857169  5.991782E-17
4781.63487243536  5.880343E-17
4785.71426629904  6.321290E-17
4789.79366016272  5.597910E-17
4793.8730540264  4.520813E-17
4797.95244789008  5.716365E-17
4802.03184175377  6.112571E-17
4806.11123561744  4.657678E-17
4810.19062948113  5.298035E-17
4814.27002334481  7.386829E-17
4818.34941720849  5.953120E-17
4822.42881107216  5.006525E-17
4826.50820493584  4.422051E-17
4830.58759879952  6.912476E-17
4834.6669926632  6.994529E-17
4838.74638652689  4.059218E-17
4842.82578039056  2.956732E-17
4846.90517425424  6.151368E-17
4850.98456811792  7.713141E-17
4855.06396198161  6.682511E-17
4859.14335584528  5.408542E-17
4863.22274970896  4.666250E-17
4867.30214357264  5.277749E-17
4871.38153743632  6.925965E-17
4875.4609313  7.055127E-17
4879.54032516368  3.464569E-17
4883.61971902737  4.107693E-17
4887.69911289104  3.314095E-17
4891.77850675473  4.260670E-17
4895.8579006184  3.831615E-17
4899.93729448208  5.658759E-17
4904.01668834577  4.824562E-17
4908.09608220945  3.293748E-17
4912.17547607312  2.772313E-17
4916.25486993681  5.073715E-17
4920.33426380049  4.384662E-17
4924.41365766416  5.272731E-17
4928.49305152784  4.129881E-17
4932.57244539152  4.041812E-17
4936.6518392552  7.488888E-17
4940.73123311888  6.560966E-17
4944.81062698256  4.374099E-17
4948.89002084624  5.906111E-17
4952.96941470992  5.784824E-17
4957.04880857361  8.424549E-17
4961.12820243728  6.896844E-17
4965.20759630096  7.959547E-17
4969.28699016464  7.671228E-17
4973.36638402832  8.144375E-17
4977.44577789201  5.598528E-17
4981.52517175569  5.390177E-17
4985.60456561936  8.339870E-17
4989.68395948305  5.120486E-17
4993.76335334672  6.515415E-17
4997.8427472104  7.196435E-17
5001.92214107408  4.223187E-17
5006.00153493777  5.389683E-17
5010.08092880145  7.952923E-17
5014.16032266513  5.139335E-17
5018.23971652881  4.629979E-17
5022.31911039249  4.828076E-17
5026.39850425617  6.550169E-17
5030.47789811985  6.952595E-17
5034.55729198353  5.404895E-17
5038.6366858472  6.059925E-17
5042.71607971088  6.916256E-17
5046.79547357456  5.864267E-17
5050.87486743825  4.511189E-17
5054.95426130193  3.856972E-17
5059.03365516561  7.731225E-17
5063.11304902929  7.499594E-17
5067.19244289297  4.067391E-17
5071.27183675665  5.829747E-17
5075.35123062033  5.971071E-17
5079.43062448401  5.854947E-17
5083.51001834769  4.804525E-17
5087.58941221137  5.355433E-17
5091.66880607505  6.873539E-17
5095.74819993872  5.425508E-17
5099.82759380241  4.415345E-17
5103.90698766609  5.192796E-17
5107.98638152976  7.239237E-17
5112.06577539345  6.269997E-17
5116.14516925713  4.158770E-17
5120.22456312081  5.468346E-17
5124.30395698449  6.108403E-17
5128.38335084817  5.009035E-17
5132.46274471185  4.008866E-17
5136.54213857553  6.273348E-17
5140.62153243921  6.595728E-17
5144.70092630288  8.024355E-17
5148.78032016656  9.579630E-17
5152.85971403025  5.964218E-17
5156.93910789392  7.510961E-17
5161.01850175761  6.350171E-17
5165.09789562129  5.353915E-17
5169.17728948497  8.814933E-17
5173.25668334865  7.444201E-17
5177.33607721233  9.183012E-17
5181.415471076  6.977736E-17
5185.49486493969  6.561580E-17
5189.57425880337  6.224069E-17
5193.65365266705  4.996254E-17
5197.73304653073  6.128189E-17
5201.81244039441  7.994122E-17
5205.89183425809  7.846584E-17
5209.97122812176  7.627786E-17
5214.05062198545  7.598885E-17
5218.13001584913  8.155890E-17
5222.20940971281  8.171568E-17
5226.28880357649  8.163663E-17
5230.36819744017  8.395910E-17
5234.44759130384  1.010293E-16
5238.52698516753  1.028053E-16
5242.60637903121  1.207354E-16
5246.68577289489  9.402892E-17
5250.76516675856  1.179522E-16
5254.84456062224  8.975381E-17
5258.92395448592  8.061688E-17
5263.0033483496  1.054627E-16
5267.08274221329  1.122956E-16
5271.16213607697  1.001622E-16
5275.24152994065  9.751401E-17
5279.32092380433  1.187870E-16
5283.40031766801  9.161527E-17
5287.47971153168  9.396506E-17
5291.55910539537  9.485647E-17
5295.63849925905  8.334402E-17
5299.71789312273  1.101622E-16
5303.79728698641  1.163124E-16
5307.87668085008  1.351496E-16
5311.95607471377  1.328842E-16
5316.03546857745  1.136173E-16
5320.11486244113  1.178448E-16
5324.19425630481  9.924265E-17
5328.27365016849  1.218781E-16
5332.35304403217  1.283637E-16
5336.43243789585  1.215343E-16
5340.51183175952  1.294047E-16
5344.59122562321  1.266158E-16
5348.67061948689  1.087825E-16
5352.75001335057  1.464635E-16
5356.82940721425  1.396578E-16
5360.90880107792  1.272405E-16
5364.9881949416  1.401312E-16
5369.06758880529  1.360847E-16
5373.14698266897  1.450869E-16
5377.22637653265  1.630877E-16
5381.30577039633  1.590240E-16
5385.38516426001  1.419014E-16
5389.46455812369  1.311807E-16
5393.54395198737  1.274112E-16
5397.62334585105  1.513515E-16
5401.70273971473  1.423070E-16
5405.78213357841  1.349526E-16
5409.86152744209  1.322022E-16
5413.94092130576  1.548515E-16
5418.02031516945  1.172717E-16
5422.09970903313  1.619361E-16
5426.17910289681  1.590939E-16
5430.25849676049  1.066927E-16
5434.33789062417  1.188240E-16
5438.41728448785  1.292132E-16
5442.49667835153  1.389598E-16
5446.57607221521  1.775718E-16
5450.65546607889  1.711109E-16
5454.73485994257  1.634168E-16
5458.81425380625  1.658773E-16
5462.89364766993  1.705602E-16
5466.97304153361  1.681169E-16
5471.05243539729  1.752971E-16
5475.13182926097  1.822299E-16
5479.21122312465  1.818294E-16
5483.29061698833  2.041847E-16
5487.37001085201  2.111435E-16
5491.44940471569  1.888997E-16
5495.52879857937  2.008195E-16
5499.60819244305  1.930220E-16
5503.68758630673  1.777677E-16
5507.76698017041  2.041489E-16
5511.84637403409  2.057880E-16
5515.92576789777  1.634890E-16
5520.00516176144  1.795785E-16
5524.08455562513  1.834564E-16
5528.16394948881  1.792458E-16
5532.24334335249  2.150546E-16
5536.32273721617  2.526170E-16
5540.40213107985  1.804945E-16
5544.48152494353  2.024470E-16
5548.56091880721  1.925810E-16
5552.64031267089  1.988076E-16
5556.71970653457  1.637802E-16
5560.79910039825  1.735105E-16
5564.87849426193  1.812353E-16
5568.95788812561  1.721749E-16
5573.03728198928  2.103437E-16
5577.11667585297  1.937260E-16
5581.19606971665  1.891792E-16
5585.27546358033  2.606074E-16
5589.35485744401  1.807682E-16
5593.43425130769  1.663394E-16
5597.51364517137  1.736580E-16
5601.59303903505  1.659982E-16
5605.67243289873  1.903067E-16
5609.75182676241  2.090656E-16
5613.83122062609  1.992775E-16
5617.91061448977  2.061258E-16
5621.99000835344  2.233970E-16
5626.06940221713  2.240339E-16
5630.14879608081  1.843512E-16
5634.22818994449  1.651632E-16
5638.30758380817  1.576170E-16
5642.38697767185  1.956233E-16
5646.46637153553  1.922673E-16
5650.54576539921  1.866242E-16
5654.62515926289  2.192278E-16
5658.70455312657  2.117223E-16
5662.78394699025  1.769558E-16
5666.86334085393  1.741288E-16
5670.94273471761  1.656604E-16
5675.02212858129  1.996422E-16
5679.10152244497  2.072705E-16
5683.18091630865  1.806017E-16
5687.26031017233  1.273442E-16
5691.33970403601  1.567076E-16
5695.41909789969  1.485034E-16
5699.49849176337  1.548453E-16
5703.57788562705  1.456107E-16
5707.65727949073  1.572795E-16
5711.73667335441  1.581663E-16
5715.81606721809  1.216884E-16
5719.89546108177  1.508924E-16
5723.97485494545  1.430737E-16
5728.05424880912  1.055950E-16
5732.13364267281  1.158444E-16
5736.21303653649  1.229741E-16
5740.29243040017  1.253726E-16
5744.37182426385  1.165226E-16
5748.45121812753  1.020902E-16
5752.53061199121  8.665643E-17
5756.61000585489  9.774992E-17
5760.68939971857  1.168159E-16
5764.76879358225  8.420786E-17
5768.84818744593  1.085180E-16
5772.92758130961  1.017765E-16
5777.00697517329  1.271808E-16
5781.08636903697  1.224558E-16
5785.16576290065  1.319599E-16
5789.24515676433  1.319152E-16
5793.32455062801  1.507152E-16
5797.40394449169  1.522609E-16
5801.48333835537  1.564414E-16
5805.56273221905  1.561835E-16
5809.64212608273  1.569391E-16
5813.72151994641  1.915655E-16
5817.80091381009  2.004000E-16
5821.88030767377  2.098431E-16
5825.95970153745  2.249231E-16
5830.03909540113  2.191253E-16
5834.11848926481  2.290482E-16
5838.19788312849  1.964488E-16
5842.27727699217  2.049483E-16
5846.35667085585  2.339213E-16
5850.43606471953  2.488191E-16
5854.51545858321  2.368264E-16
5858.59485244689  2.447585E-16
5862.67424631057  2.659249E-16
5866.75364017425  2.698347E-16
5870.83303403793  2.742603E-16
5874.91242790161  2.392531E-16
5878.99182176529  2.637867E-16
5883.07121562897  2.827590E-16
5887.15060949265  2.426352E-16
5891.23000335633  2.944495E-16
5895.30939722001  2.854220E-16
5899.38879108369  2.682158E-16
5903.46818494737  2.601782E-16
5907.54757881105  2.857504E-16
5911.62697267473  2.714586E-16
5915.70636653841  2.872850E-16
5919.78576040209  3.122172E-16
5923.86515426577  2.860775E-16
5927.94454812945  2.849144E-16
5932.02394199313  2.836133E-16
5936.10333585681  2.870580E-16
5940.18272972049  3.173950E-16
5944.26212358417  3.010772E-16
5948.34151744785  2.807613E-16
5952.42091131153  3.082081E-16
5956.50030517521  3.332900E-16
5960.57969903889  2.972275E-16
5964.65909290257  2.900393E-16
5968.73848676625  3.291768E-16
5972.81788062993  3.047731E-16
5976.89727449361  2.569791E-16
5980.97666835729  2.665015E-16
5985.05606222097  2.713201E-16
5989.13545608465  2.594479E-16
5993.21484994833  2.711901E-16
5997.29424381201  3.003260E-16
6001.37363767569  3.040496E-16
6005.45303153937  2.774124E-16
6009.53242540305  2.588784E-16
6013.61181926673  2.410071E-16
6017.69121313041  2.529010E-16
6021.77060699409  2.322769E-16
6025.85000085777  2.681120E-16
6029.92939472145  2.224780E-16
6034.00878858513  2.312511E-16
6038.08818244881  2.421580E-16
6042.16757631249  2.393794E-16
6046.24697017617  2.221560E-16
6050.32636403985  2.417050E-16
6054.40575790353  2.605802E-16
6058.48515176721  2.295980E-16
6062.56454563089  2.251891E-16
6066.64393949457  2.641284E-16
6070.72333335825  2.328616E-16
6074.80272722193  2.092747E-16
6078.88212108561  2.515012E-16
6082.96151494929  2.201906E-16
6087.04090881297  2.446776E-16
6091.12030267665  2.244191E-16
6095.19969654033  2.111706E-16
6099.27909040401  2.358091E-16
6103.35848426769  2.257759E-16
6107.43787813137  2.308363E-16
6111.51727199505  2.270050E-16
6115.59666585873  2.365834E-16
6119.67605972241  2.271593E-16
6123.75545358609  2.225739E-16
6127.83484744977  2.436282E-16
6131.91424131345  1.889761E-16
6135.99363517713  1.801250E-16
6140.07302904081  2.455881E-16
6144.15242290449  2.442755E-16
6148.23181676817  2.262861E-16
6152.31121063185  2.415458E-16
6156.39060449553  2.595572E-16
6160.46999835921  2.622434E-16
6164.54939222289  2.698516E-16
6168.62878608657  2.544034E-16
6172.70817995025  2.680775E-16
6176.78757381393  2.848958E-16
6180.86696767761  3.178042E-16
6184.94636154129  2.919001E-16
6189.02575540497  2.637810E-16
6193.10514926865  2.866411E-16
6197.18454313233  2.633609E-16
6201.26393699601  2.703002E-16
6205.34333085969  2.969873E-16
6209.42272472337  2.638984E-16
6213.50211858705  2.640325E-16
6217.58151245073  2.841763E-16
6221.66090631441  2.685686E-16
6225.74030017809  2.770932E-16
6229.81969404177  2.670938E-16
6233.89908790545  2.717862E-16
6237.97848176913  2.496696E-16
6242.05787563281  2.200578E-16
6246.13726949649  2.414425E-16
6250.21666336017  2.505837E-16
6254.29605722385  2.706971E-16
6258.37545108753  2.718846E-16
6262.45484495121  2.279280E-16
6266.53423881489  2.602295E-16
6270.61363267857  2.543111E-16
6274.69302654225  2.784352E-16
6278.77242040593  2.536898E-16
6282.85181426961  2.465523E-16
6286.93120813329  2.395754E-16
6291.01060199697  2.305538E-16
6295.08999586065  2.466090E-16
6299.16938972433  2.449759E-16
6303.24878358801  2.345894E-16
6307.32817745169  2.545755E-16
6311.40757131537  2.451073E-16
6315.48696517905  2.120846E-16
6319.56635904273  2.589399E-16
6323.64575290641  2.698836E-16
6327.72514677009  2.602683E-16
6331.80454063377  2.402540E-16
6335.88393449745  2.612420E-16
6339.96332836113  2.297688E-16
6344.04272222481  2.370276E-16
6348.12211608849  2.621937E-16
6352.20150995217  2.566735E-16
6356.28090381585  2.627993E-16
6360.36029767953  2.492600E-16
6364.43969154321  2.555062E-16
6368.51908540689  2.844409E-16
6372.59847927057  2.354522E-16
6376.67787313425  2.514235E-16
6380.75726699793  2.547935E-16
6384.83666086161  2.616586E-16
6388.91605472529  2.745444E-16
6392.99544858897  2.614486E-16
6397.07484245265  2.559239E-16
6401.15423631633  2.844690E-16
6405.23363018001  2.629860E-16
6409.31302404369  2.614441E-16
6413.39241790737  2.699258E-16
6417.47181177105  2.629515E-16
6421.55120563473  2.902917E-16
6425.63059949841  2.851476E-16
6429.70999336209  2.677561E-16
6433.78938722577  3.179537E-16
6437.86878108945  3.087074E-16
6441.94817495313  2.487179E-16
6446.02756881681  3.188359E-16
6450.10696268049  3.030360E-16
6454.18635654417  2.786048E-16
6458.26575040785  3.136296E-16
6462.34514427153  3.142682E-16
6466.42453813521  3.105719E-16
6470.50393199889  3.339806E-16
6474.58332586257  3.138344E-16
6478.66271972625  2.915637E-16
6482.74211358993  3.079617E-16
6486.82150745361  3.234294E-16
6490.90090131729  3.348869E-16
6494.98029518097  3.078300E-16
6499.05968904465  3.378286E-16
6503.13908290833  3.317832E-16
6507.21847677201  3.544888E-16
6511.29787063569  3.473915E-16
6515.37726449937  3.378383E-16
6519.45665836305  3.533884E-16
6523.53605222673  3.530440E-16
6527.61544609041  3.450693E-16
6531.69483995409  3.500155E-16
6535.77423381777  3.573220E-16
6539.85362768145  3.573032E-16
6543.93302154513  3.714415E-16
6548.01241540881  3.707612E-16
6552.09180927249  3.584561E-16
6556.17120313617  3.555087E-16
6560.25059699985  3.485456E-16
6564.32999086353  3.597114E-16
6568.40938472721  3.730228E-16
6572.48877859089  3.737558E-16
6576.56817245457  3.675552E-16
6580.64756631825  3.563868E-16
6584.72696018193  3.499292E-16
6588.80635404561  3.350008E-16
6592.88574790929  3.592492E-16
6596.96514177297  3.096109E-16
6601.04453563665  3.027580E-16
6605.12392950033  3.318806E-16
6609.20332336401  3.478433E-16
6613.28271722769  3.702558E-16
6617.36211109137  3.953039E-16
6621.44150495505  3.801822E-16
6625.52089881873  3.730456E-16
6629.60029268241  3.872940E-16
6633.67968654609  3.942456E-16
6637.75908040977  4.089380E-16
6641.83847427345  3.937369E-16
6645.91786813713  4.039452E-16
6649.99726200081  3.794199E-16
6654.07665586449  4.087359E-16
6658.15604972817  4.026822E-16
6662.23544359185  3.977223E-16
6666.31483745553  4.032663E-16
6670.39423131921  3.829255E-16
6674.47362518289  3.798674E-16
6678.55301904657  3.849616E-16
6682.63241291025  3.718547E-16
6686.71180677393  3.888096E-16
6690.79120063761  3.840334E-16
6694.87059450129  3.541063E-16
6698.94998836497  3.570901E-16
6703.02938222865  3.372803E-16
6707.10877609233  3.791791E-16
6711.18816995601  3.525147E-16
6715.26756381969  3.118062E-16
6719.34695768337  3.765503E-16
6723.42635154705  3.778178E-16
6727.50574541073  3.890657E-16
6731.58513927441  3.991320E-16
6735.66453313809  3.360030E-16
6739.74392700177  3.649170E-16
6743.82332086545  4.449197E-16
6747.90271472913  3.975984E-16
6751.98210859281  3.612196E-16
6756.06150245649  3.598056E-16
6760.14089632017  3.996935E-16
6764.22029018385  4.087746E-16
6768.29968404753  3.687673E-16
6772.37907791121  3.813734E-16
6776.45847177489  3.750995E-16
6780.53786563857  3.764970E-16
6784.61725950225  4.028060E-16
6788.69665336593  3.976923E-16
6792.77604722961  3.794061E-16
6796.85544109329  3.826363E-16
6800.93483495697  3.687521E-16
6805.01422882065  3.640695E-16
6809.09362268433  3.657798E-16
6813.17301654801  3.773620E-16
6817.25241041169  3.726610E-16
6821.33180427537  4.097630E-16
6825.41119813905  3.986921E-16
6829.49059200273  3.742750E-16
6833.56998586641  3.627161E-16
6837.64937973009  3.634973E-16
6841.72877359377  3.696893E-16
6845.80816745745  3.406148E-16
6849.88756132113  3.505670E-16
6853.96695518481  3.608441E-16
6858.04634904849  3.316001E-16
6862.12574291217  3.152220E-16
6866.20513677585  2.922953E-16
6870.28453063953  3.006324E-16
6874.36392450321  3.028975E-16
6878.44331836689  2.793032E-16
6882.52271223057  3.036439E-16
6886.60210609425  2.941786E-16
6890.68149995793  2.979447E-16
6894.76089382161  3.200545E-16
6898.84028768529  3.079562E-16
6902.91968154897  3.034213E-16
6906.99907541265  3.042791E-16
6911.07846927633  3.219757E-16
6915.15786314001  3.387638E-16
6919.23725700369  3.363757E-16
6923.31665086737  3.234628E-16
6927.39604473105  3.279537E-16
6931.47543859473  3.380888E-16
6935.55483245841  3.390949E-16
6939.63422632209  3.409977E-16
6943.71362018577  3.566636E-16
6947.79301404945  3.480707E-16
6951.87240791313  3.350447E-16
6955.95180177681  3.404630E-16
6960.03119564049  3.624965E-16
6964.11058950417  3.485602E-16
6968.18998336785  3.372456E-16
6972.26937723153  3.362956E-16
6976.34877109521  3.460260E-16
6980.42816495889  3.539151E-16
6984.50755882257  3.706517E-16
6988.58695268625  3.928439E-16
6992.66634654993  3.688995E-16
6996.74574041361  3.514700E-16
7000.82513427729  3.410488E-16
7004.90452814097  3.580931E-16
7008.98392200465  3.949610E-16
7013.06331586833  3.601741E-16
7017.14270973201  3.779686E-16
7021.22210359569  3.695053E-16
7025.30149745937  3.520358E-16
7029.38089132305  3.976448E-16
7033.46028518673  3.989928E-16
7037.53967905041  3.562398E-16
7041.61907291409  3.385199E-16
7045.69846677777  3.538703E-16
7049.77786064145  3.598004E-16
7053.85725450513  3.725629E-16
7057.93664836881  3.609806E-16
7062.01604223249  3.064100E-16
7066.09543609617  3.276241E-16
7070.17482995985  3.516408E-16
7074.25422382353  3.925104E-16
7078.33361768721  3.500109E-16
7082.41301155089  3.529323E-16
7086.49240541457  3.246646E-16
7090.57179927825  3.202952E-16
7094.65119314193  3.436767E-16
7098.73058700561  3.498879E-16
7102.80998086929  3.596150E-16
7106.88937473297  3.534616E-16
7110.96876859665  3.516045E-16
7115.04816246033  3.739062E-16
7119.12755632401  3.593359E-16
7123.20695018769  3.744265E-16
7127.28634405137  3.611176E-16
7131.36573791505  3.584212E-16
7135.44513177873  3.921568E-16
7139.52452564241  3.615815E-16
7143.60391950609  4.004992E-16
7147.68331336977  3.996967E-16
7151.76270723345  3.511574E-16
7155.84210109713  3.417153E-16
7159.92149496081  3.574957E-16
7164.00088882449  3.632153E-16
7168.08028268817  3.403207E-16
7172.15967655185  3.018834E-16
7176.23907041553  3.039372E-16
7180.31846427921  3.478515E-16
7184.39785814289  3.278414E-16
7188.47725200657  3.345310E-16
7192.55664587025  2.945250E-16
7196.63603973393  3.108368E-16
7200.71543359761  3.441830E-16
7204.79482746129  3.496654E-16
7208.87422132497  3.463041E-16
7212.95361518865  3.380895E-16
7217.03300905233  3.537574E-16
7221.11240291601  3.774800E-16
7225.19179677969  3.995125E-16
7229.27119064337  3.976443E-16
7233.35058450705  3.733633E-16
7237.42997837073  3.291416E-16
7241.50937223441  3.311789E-16
7245.58876609809  3.835376E-16
7249.66815996177  4.188601E-16
7253.74755382545  3.919378E-16
7257.82694768913  3.811016E-16
7261.90634155281  4.094975E-16
7265.98573541649  4.540323E-16
7270.06512928017  4.341729E-16
7274.14452314385  4.131672E-16
7278.22391700753  3.848651E-16
7282.30331087121  3.835435E-16
7286.38270473489  4.292146E-16
7290.46209859857  4.614790E-16
7294.54149246225  3.592376E-16
7298.62088632593  3.673340E-16
7302.70028018961  4.097761E-16
7306.77967405329  3.802233E-16
7310.85906791697  3.526514E-16
7314.93846178065  3.715608E-16
7319.01785564433  3.724391E-16
7323.09724950801  3.846710E-16
7327.17664337169  3.783813E-16
7331.25603723537  3.805503E-16
7335.33543109905  3.909646E-16
7339.41482496273  3.849996E-16
7343.49421882641  4.360579E-16
7347.57361269009  4.067871E-16
7351.65300655377  3.906780E-16
7355.73240041745  3.741063E-16
7359.81179428113  3.839060E-16
7363.89118814481  4.362447E-16
7367.97058200849  4.420200E-16
7372.04997587217  4.099787E-16
7376.12936973585  4.080413E-16
7380.20876359953  4.348134E-16
7384.28815746321  4.277631E-16
7388.36755132689  4.028516E-16
7392.44694519057  4.009626E-16
7396.52633905425  4.153831E-16
7400.60573291793  4.818524E-16
7404.68512678161  4.675568E-16
7408.76452064529  4.122366E-16
7412.84391450897  4.375377E-16
7416.92330837265  4.593436E-16
7421.00270223633  4.651286E-16
7425.08209610001  4.423155E-16
7429.16148996369  4.205127E-16
7433.24088382737  4.613271E-16
7437.32027769105  4.948752E-16
7441.39967155473  4.526802E-16
7445.47906541841  4.104856E-16
7449.55845928209  4.452027E-16
7453.63785314577  4.481792E-16
7457.71724700945  4.739129E-16
7461.79664087313  5.106500E-16
7465.87603473681  4.821956E-16
