3653.09472656  4.505867E-17
3658.61283445108  4.238037E-17
3664.13094234216  4.052931E-17
3669.64905023324  1.508029E-17
3675.16715812432  -9.913214E-18
3680.6852660154  -5.241830E-17
3686.20337390648  -1.279801E-17
3691.72148179756  2.586846E-17
3697.23958968864  2.748950E-17
3702.75769757972  1.887135E-17
3708.2758054708  6.146242E-17
3713.79391336188  4.984163E-17
3719.31202125296  6.930817E-17
3724.83012914404  3.930733E-17
3730.34823703512  4.122172E-17
3735.8663449262  3.210516E-17
3741.38445281728  2.728754E-18
3746.90256070836  4.176179E-17
3752.42066859944  3.908589E-17
3757.93877649052  4.517421E-17
3763.4568843816  5.113405E-17
3768.97499227268  4.534636E-17
3774.49310016376  6.627641E-17
3780.01120805484  6.166991E-17
3785.52931594592  6.618364E-17
3791.047423837  5.890096E-17
3796.56553172808  4.611042E-17
3802.08363961916  3.221502E-17
3807.60174751024  2.925047E-17
3813.11985540132  7.409861E-17
3818.6379632924  3.323542E-17
3824.15607118348  5.316406E-17
3829.67417907456  7.149809E-17
3835.19228696564  4.925763E-17
3840.71039485672  5.328702E-17
3846.2285027478  4.996357E-17
3851.74661063888  6.262125E-17
3857.26471852996  4.989863E-17
3862.78282642104  5.417012E-17
3868.30093431212  4.289756E-17
3873.8190422032  6.820350E-17
3879.33715009428  4.767883E-17
3884.85525798536  5.061148E-17
3890.37336587644  7.047607E-17
3895.89147376752  3.851618E-17
3901.4095816586  4.834069E-17
3906.92768954968  3.436282E-17
3912.44579744076  4.183821E-17
3917.96390533184  5.400719E-17
3923.48201322292  4.279076E-17
3929.000121114  5.361709E-17
3934.51822900508  4.718712E-17
3940.03633689616  2.645023E-17
3945.55444478724  4.409528E-17
3951.07255267832  4.701043E-17
3956.5906605694  5.767988E-17
3962.10876846048  4.646099E-17
3967.62687635156  2.351997E-17
3973.14498424264  5.140551E-17
3978.66309213372  5.566108E-17
3984.1812000248  4.223328E-17
3989.69930791588  4.761335E-17
3995.21741580696  3.968409E-17
4000.73552369804  4.063935E-17
4006.25363158912  3.102550E-17
4011.7717394802  5.006560E-17
4017.28984737128  4.207601E-17
4022.80795526236  4.231676E-17
4028.32606315344  2.727961E-17
4033.84417104452  4.038968E-17
4039.3622789356  3.065379E-17
4044.88038682668  3.122906E-17
4050.39849471776  5.999035E-17
4055.91660260884  5.161468E-17
4061.43471049992  2.884115E-17
4066.952818391  4.805168E-17
4072.47092628208  4.023212E-17
4077.98903417316  3.328365E-17
4083.50714206424  5.030136E-17
4089.02524995532  5.601356E-17
4094.5433578464  4.009531E-17
4100.06146573748  4.666071E-17
4105.57957362856  2.889930E-17
4111.09768151964  3.247343E-17
4116.61578941072  4.300989E-17
4122.1338973018  3.651748E-17
4127.65200519288  3.678803E-17
4133.17011308396  4.266422E-17
4138.68822097504  5.093185E-17
4144.20632886612  5.335422E-17
4149.7244367572  3.972959E-17
4155.24254464828  3.357795E-17
4160.76065253936  3.724749E-17
4166.27876043044  4.525876E-17
4171.79686832152  3.919200E-17
4177.3149762126  4.096888E-17
4182.83308410368  3.448784E-17
4188.35119199476  2.807098E-17
4193.86929988584  4.131888E-17
4199.38740777692  4.071696E-17
4204.905515668  4.701751E-17
4210.42362355908  4.337932E-17
4215.94173145016  4.977481E-17
4221.45983934124  4.248789E-17
4226.97794723232  3.930514E-17
4232.4960551234  4.907140E-17
4238.01416301448  4.465216E-17
4243.53227090556  3.202747E-17
4249.05037879664  4.464189E-17
4254.56848668772  4.108105E-17
4260.0865945788  3.335251E-17
4265.60470246988  3.391493E-17
4271.12281036096  3.920570E-17
4276.64091825204  3.783988E-17
4282.15902614312  3.063899E-17
4287.6771340342  3.200920E-17
4293.19524192528  3.432866E-17
4298.71334981636  4.370510E-17
4304.23145770744  4.378770E-17
4309.74956559852  3.552136E-17
4315.2676734896  3.653044E-17
4320.78578138068  3.990193E-17
4326.30388927176  3.111647E-17
4331.82199716284  3.703327E-17
4337.34010505392  3.033370E-17
4342.858212945  2.924474E-17
4348.37632083608  2.937517E-17
4353.89442872716  2.422521E-17
4359.41253661824  4.857550E-17
4364.93064450932  3.293927E-17
4370.4487524004  3.126640E-17
4375.96686029148  3.130188E-17
4381.48496818256  2.927467E-17
4387.00307607364  3.808287E-17
4392.52118396472  3.743338E-17
4398.0392918558  4.043884E-17
4403.55739974688  3.351242E-17
4409.07550763796  3.147184E-17
4414.59361552904  4.096123E-17
4420.11172342012  3.914368E-17
4425.6298313112  3.098279E-17
4431.14793920228  3.549180E-17
4436.66604709336  4.454327E-17
4442.18415498444  2.877283E-17
4447.70226287552  3.531502E-17
4453.2203707666  5.008666E-17
4458.73847865768  3.470328E-17
4464.25658654876  3.844058E-17
4469.77469443984  4.292140E-17
4475.29280233092  3.156742E-17
4480.810910222  2.928111E-17
4486.32901811308  2.843585E-17
4491.84712600416  3.198353E-17
4497.36523389524  3.828209E-17
4502.88334178632  3.297295E-17
4508.4014496774  3.258015E-17
4513.91955756848  3.552998E-17
4519.43766545956  2.661421E-17
4524.95577335064  3.104676E-17
4530.47388124172  3.235737E-17
4535.9919891328  3.285677E-17
4541.51009702388  2.445800E-17
4547.02820491496  4.548622E-17
4552.54631280604  3.583761E-17
4558.06442069712  4.259838E-17
4563.5825285882  3.340048E-17
4569.10063647928  2.694141E-17
4574.61874437036  2.800402E-17
4580.13685226144  3.307604E-17
4585.65496015252  3.195541E-17
4591.1730680436  2.581293E-17
4596.69117593468  3.773996E-17
4602.20928382576  2.443791E-17
4607.72739171684  3.444253E-17
4613.24549960792  3.605233E-17
4618.763607499  3.480922E-17
4624.28171539009  2.684173E-17
4629.79982328116  3.052315E-17
4635.31793117224  3.346347E-17
4640.83603906332  2.502251E-17
4646.3541469544  3.280550E-17
4651.87225484548  2.023500E-17
4657.39036273657  3.934271E-17
4662.90847062764  3.913523E-17
4668.42657851872  2.809843E-17
4673.9446864098  4.329223E-17
4679.46279430088  3.096375E-17
4684.98090219197  4.069958E-17
4690.49901008304  2.637739E-17
4696.01711797412  3.082478E-17
4701.5352258652  4.138699E-17
4707.05333375628  2.615299E-17
4712.57144164736  2.592498E-17
4718.08954953844  4.369575E-17
4723.60765742952  2.678740E-17
4729.1257653206  4.157036E-17
4734.64387321168  3.831961E-17
4740.16198110276  3.437998E-17
4745.68008899384  3.449499E-17
4751.19819688492  3.816804E-17
4756.716304776  2.876580E-17
4762.23441266708  3.109686E-17
4767.75252055816  3.249612E-17
4773.27062844924  2.693998E-17
4778.78873634032  3.483561E-17
4784.3068442314  2.881423E-17
4789.82495212248  2.449777E-17
4795.34306001356  2.863669E-17
4800.86116790464  2.224110E-17
4806.37927579572  3.498480E-17
4811.8973836868  3.327903E-17
4817.41549157788  1.911605E-17
4822.93359946896  3.988147E-17
4828.45170736004  3.024957E-17
4833.96981525113  2.268018E-17
4839.4879231422  2.752377E-17
4845.00603103328  3.344093E-17
4850.52413892436  3.383764E-17
4856.04224681544  3.008302E-17
4861.56035470652  3.315803E-17
4867.07846259761  3.019727E-17
4872.59657048868  2.748591E-17
4878.11467837976  3.037323E-17
4883.63278627084  2.322244E-17
4889.15089416192  2.736036E-17
4894.669002053  3.854543E-17
4900.18710994408  2.179532E-17
4905.70521783516  2.461466E-17
4911.22332572625  2.603654E-17
4916.74143361732  3.040189E-17
4922.25954150841  2.985064E-17
4927.77764939948  3.004939E-17
4933.29575729056  2.879812E-17
4938.81386518164  2.626813E-17
4944.33197307272  2.444597E-17
4949.8500809638  3.221623E-17
4955.36818885488  2.774266E-17
4960.88629674596  1.946311E-17
4966.40440463704  2.691967E-17
4971.92251252813  3.139736E-17
4977.4406204192  2.108280E-17
4982.95872831029  2.874121E-17
4988.47683620136  3.379004E-17
4993.99494409244  2.259540E-17
4999.51305198352  2.040822E-17
5005.03115987461  2.805299E-17
5010.54926776569  2.637813E-17
5016.06737565677  2.815582E-17
5021.58548354784  3.115648E-17
5027.10359143893  2.535266E-17
5032.62169933  3.830254E-17
5038.13980722109  3.578763E-17
5043.65791511216  1.539737E-17
5049.17602300324  3.885669E-17
5054.69413089432  2.934369E-17
5060.21223878541  2.147343E-17
5065.73034667649  2.433257E-17
5071.24845456757  2.924974E-17
5076.76656245864  2.854430E-17
5082.28467034972  3.431907E-17
5087.8027782408  3.011643E-17
5093.32088613188  2.297399E-17
5098.83899402296  1.921909E-17
5104.35710191404  2.636680E-17
5109.87520980512  2.815262E-17
5115.3933176962  1.885230E-17
5120.91142558729  2.440834E-17
5126.42953347837  2.627912E-17
5131.94764136945  1.863601E-17
5137.46574926053  1.966591E-17
5142.98385715161  2.026660E-17
5148.50196504269  2.475689E-17
5154.02007293377  3.369536E-17
5159.53818082485  3.379331E-17
5165.05628871593  1.755192E-17
5170.574396607  2.447818E-17
5176.09250449809  2.963016E-17
5181.61061238917  2.353996E-17
5187.12872028025  2.542385E-17
5192.64682817133  2.739356E-17
5198.16493606241  3.549178E-17
5203.68304395348  2.218478E-17
5209.20115184457  2.155721E-17
5214.71925973564  3.060183E-17
5220.23736762672  2.030307E-17
5225.75547551781  1.782341E-17
5231.27358340888  2.435162E-17
5236.79169129997  2.440922E-17
5242.30979919105  2.922898E-17
5247.82790708212  2.073222E-17
5253.34601497321  2.905998E-17
5258.86412286429  2.818983E-17
5264.38223075536  2.612242E-17
5269.90033864645  2.122131E-17
5275.41844653752  2.738576E-17
5280.93655442861  3.430093E-17
5286.45466231969  2.705315E-17
5291.97277021077  2.488527E-17
5297.49087810185  1.950101E-17
5303.00898599293  3.345579E-17
5308.52709388401  2.656136E-17
5314.04520177509  2.238345E-17
5319.56330966617  1.930076E-17
5325.08141755725  2.191400E-17
5330.59952544833  2.604185E-17
5336.11763333941  1.116273E-17
5341.63574123048  2.244205E-17
5347.15384912157  2.877778E-17
5352.67195701265  2.569155E-17
5358.19006490373  2.184669E-17
5363.70817279481  1.934726E-17
5369.22628068589  2.076043E-17
5374.74438857696  2.139786E-17
5380.26249646805  1.673542E-17
5385.78060435913  1.146757E-17
5391.2987122502  1.933215E-17
5396.81682014128  2.241720E-17
5402.33492803236  1.937734E-17
5407.85303592345  2.756447E-17
5413.37114381453  2.772824E-17
5418.88925170561  1.726833E-17
5424.40735959669  2.272044E-17
5429.92546748777  2.382263E-17
5435.44357537885  2.884270E-17
5440.96168326993  2.812082E-17
5446.47979116101  1.723606E-17
5451.99789905209  2.232071E-17
5457.51600694316  2.377814E-17
5463.03411483425  2.350305E-17
5468.55222272533  2.471946E-17
5474.07033061641  2.623830E-17
5479.58843850749  8.709837E-18
5485.10654639857  2.559183E-17
5490.62465428965  2.239674E-17
5496.14276218073  1.952773E-17
5501.66087007181  2.382858E-17
5507.17897796289  2.062542E-17
5512.69708585396  2.341148E-17
5518.21519374505  2.677146E-17
5523.73330163613  2.810934E-17
5529.25140952721  2.639892E-17
5534.76951741829  2.416311E-17
5540.28762530937  2.223205E-17
5545.80573320044  2.543841E-17
5551.32384109153  2.597857E-17
5556.8419489826  2.669271E-17
5562.36005687368  2.311227E-17
5567.87816476477  1.488995E-17
5573.39627265584  1.632154E-17
5578.91438054693  3.021045E-17
5584.43248843801  2.400467E-17
5589.95059632909  2.693517E-17
5595.46870422017  2.603994E-17
5600.98681211125  2.579830E-17
5606.50492000232  2.993480E-17
5612.02302789341  1.917165E-17
5617.54113578449  1.655453E-17
5623.05924367556  1.638995E-17
5628.57735156665  2.808689E-17
5634.09545945772  2.140618E-17
5639.61356734881  2.024811E-17
5645.13167523989  2.114123E-17
5650.64978313097  1.809836E-17
5656.16789102205  2.693210E-17
5661.68599891313  1.614807E-17
5667.2041068042  6.886099E-18
5672.72221469529  1.664900E-17
5678.24032258637  9.235098E-18
5683.75843047744  1.338517E-17
5689.27653836853  2.237325E-17
5694.79464625961  2.588318E-17
5700.31275415069  1.381948E-17
5705.83086204177  2.455481E-17
5711.34896993285  2.264195E-17
5716.86707782393  2.315065E-17
5722.38518571501  1.202683E-17
5727.90329360609  1.935326E-17
5733.42140149717  2.011533E-17
5738.93950938824  1.836538E-17
5744.45761727933  1.967252E-17
5749.97572517041  2.357921E-17
5755.49383306149  2.845654E-17
5761.01194095257  1.341472E-17
5766.53004884365  2.163255E-17
5772.04815673472  2.085172E-17
5777.56626462581  1.900935E-17
5783.08437251688  1.008008E-17
5788.60248040797  2.093266E-17
5794.12058829904  2.261484E-17
5799.63869619013  1.775385E-17
5805.15680408121  2.501396E-17
5810.67491197229  1.961812E-17
5816.19301986337  2.044389E-17
5821.71112775445  1.481912E-17
5827.22923564553  2.030253E-17
5832.74734353661  1.551330E-17
5838.26545142769  3.553264E-18
5843.78355931877  3.418398E-18
5849.30166720985  2.074136E-17
5854.81977510093  1.398001E-17
5860.33788299201  1.634040E-17
5865.85599088309  2.568419E-17
5871.37409877417  2.557880E-17
5876.89220666525  1.517813E-17
5882.41031455633  1.409288E-17
5887.92842244741  2.126002E-17
5893.44653033849  2.434277E-17
5898.96463822957  2.028117E-17
5904.48274612065  1.911949E-17
5910.00085401173  2.474725E-17
5915.51896190281  2.077120E-17
5921.03706979389  2.520384E-17
5926.55517768497  1.079029E-17
5932.07328557605  1.059215E-17
5937.59139346713  2.917988E-17
5943.10950135821  2.124531E-17
5948.62760924929  1.580211E-17
5954.14571714037  2.036746E-17
5959.66382503145  2.100553E-17
5965.18193292253  1.303818E-17
5970.70004081361  1.025954E-17
5976.21814870469  1.595789E-17
5981.73625659577  1.869536E-17
5987.25436448685  2.016616E-17
5992.77247237793  1.618498E-17
5998.29058026901  2.321426E-17
6003.80868816009  2.135506E-17
6009.32679605117  1.732356E-17
6014.84490394225  1.524535E-17
6020.36301183333  1.951107E-17
6025.8811197244  2.243202E-17
6031.39922761549  9.149680E-18
6036.91733550657  1.351870E-17
6042.43544339765  2.848987E-17
6047.95355128873  1.203535E-17
6053.47165917981  7.645754E-18
6058.98976707089  1.331363E-17
6064.50787496197  1.590251E-17
6070.02598285305  2.288961E-17
6075.54409074413  1.302138E-17
6081.06219863521  1.922175E-17
6086.58030652629  1.396159E-17
6092.09841441737  5.019033E-18
6097.61652230845  1.888432E-17
6103.13463019953  1.532203E-17
6108.65273809061  1.192585E-17
6114.17084598169  2.410109E-17
6119.68895387277  1.749826E-17
6125.20706176385  2.567089E-17
6130.72516965493  2.069172E-17
6136.24327754601  1.805684E-17
6141.76138543709  2.042593E-17
6147.27949332817  1.868901E-17
6152.79760121925  3.042314E-17
6158.31570911033  1.809160E-17
6163.83381700141  2.976513E-17
6169.35192489249  2.461111E-17
6174.87003278356  2.191743E-17
6180.38814067465  1.830026E-17
6185.90624856572  2.223357E-17
6191.42435645681  1.878343E-17
6196.94246434789  1.063279E-17
6202.46057223897  1.790966E-17
6207.97868013005  2.728614E-17
6213.49678802113  1.560096E-17
6219.01489591221  1.788945E-17
6224.53300380329  1.857902E-17
6230.05111169437  2.302810E-17
6235.56921958545  2.381925E-17
6241.08732747653  2.152916E-17
6246.60543536761  1.724292E-17
6252.12354325869  1.424979E-17
6257.64165114977  1.544669E-17
6263.15975904085  6.642791E-18
6268.67786693193  1.681200E-17
6274.19597482301  1.893109E-17
6279.71408271409  1.618655E-17
6285.23219060517  1.538928E-17
6290.75029849625  8.712076E-18
6296.26840638733  1.428609E-17
6301.78651427841  1.872849E-17
6307.30462216949  1.671583E-17
6312.82273006057  1.294300E-17
6318.34083795165  1.162739E-17
6323.85894584273  1.243665E-17
6329.37705373381  1.847550E-17
6334.89516162489  1.989422E-17
6340.41326951597  1.808620E-17
6345.93137740705  7.938990E-18
6351.44948529813  1.571240E-17
6356.96759318921  1.049923E-17
6362.48570108029  1.816111E-17
6368.00380897136  1.963471E-17
6373.52191686245  1.932118E-17
6379.04002475353  2.047448E-17
6384.55813264461  8.985862E-18
6390.07624053569  2.227129E-17
6395.59434842677  1.236650E-17
6401.11245631785  8.303761E-18
6406.63056420893  1.235224E-17
6412.14867210001  1.012784E-17
6417.66677999109  2.448891E-17
6423.18488788217  1.970788E-17
6428.70299577325  1.733614E-17
6434.22110366433  2.161258E-17
6439.73921155541  1.504070E-17
6445.25731944649  1.401924E-17
6450.77542733757  2.121488E-17
6456.29353522865  1.128419E-20
6461.81164311973  9.270658E-18
6467.32975101081  1.192734E-17
6472.84785890189  2.024625E-17
6478.36596679297  1.872340E-17
6483.88407468405  1.780891E-17
6489.40218257513  2.559671E-17
6494.92029046621  2.924513E-17
6500.43839835729  1.616913E-17
6505.95650624837  1.280424E-17
6511.47461413945  1.283402E-17
6516.99272203053  9.821234E-18
6522.51082992161  1.126328E-17
6528.02893781269  5.998678E-18
6533.54704570377  2.131635E-17
6539.06515359485  1.880680E-17
6544.58326148593  -3.357359E-19
6550.10136937701  1.390518E-17
6555.61947726809  1.469129E-17
6561.13758515917  9.383080E-18
6566.65569305025  1.758013E-17
6572.17380094133  1.495213E-17
6577.69190883241  1.348114E-17
6583.21001672349  5.943575E-18
6588.72812461457  1.979232E-17
6594.24623250565  1.689266E-17
6599.76434039673  3.080533E-17
6605.28244828781  2.220719E-17
6610.80055617889  2.916342E-18
6616.31866406997  2.119214E-17
6621.83677196105  2.112889E-17
6627.35487985213  2.132886E-17
6632.87298774321  1.423990E-17
6638.39109563429  7.211052E-18
6643.90920352537  1.012155E-17
6649.42731141645  1.018603E-17
6654.94541930753  1.412585E-17
6660.46352719861  1.908178E-17
6665.98163508969  7.359442E-18
6671.49974298077  1.283463E-17
6677.01785087185  1.720364E-17
6682.53595876293  1.939663E-17
6688.05406665401  1.326070E-17
6693.57217454509  4.926761E-18
6699.09028243617  1.837872E-17
6704.60839032725  1.449178E-17
6710.12649821833  7.963846E-18
6715.64460610941  7.702391E-18
6721.16271400049  1.088454E-17
6726.68082189157  1.076140E-17
6732.19892978265  1.182357E-17
6737.71703767373  2.107235E-17
6743.23514556481  5.867346E-18
6748.75325345589  5.128887E-19
6754.27136134697  1.080276E-17
6759.78946923805  1.641233E-17
6765.30757712913  1.559787E-17
6770.82568502021  1.719782E-17
6776.34379291129  1.850138E-17
6781.86190080237  1.714660E-17
6787.38000869345  1.418679E-17
6792.89811658453  1.381819E-17
6798.41622447561  1.834270E-17
6803.93433236669  7.509868E-18
6809.45244025777  1.248290E-17
6814.97054814885  1.662064E-17
6820.48865603993  1.222426E-17
6826.00676393101  2.116981E-17
6831.52487182209  2.207485E-17
6837.04297971317  1.013841E-17
6842.56108760425  1.743879E-18
6848.07919549533  8.109216E-19
6853.59730338641  1.566973E-17
6859.11541127749  1.493209E-17
6864.63351916857  1.292557E-17
6870.15162705965  1.912942E-17
6875.66973495073  1.354524E-17
6881.18784284181  1.307338E-17
6886.70595073289  1.152129E-17
6892.22405862397  1.891206E-17
6897.74216651505  2.191144E-17
6903.26027440613  1.390726E-17
6908.77838229721  1.082085E-17
6914.29649018829  1.204374E-17
6919.81459807937  3.308562E-18
6925.33270597045  1.498814E-17
6930.85081386153  2.236752E-17
6936.36892175261  1.123985E-17
6941.88702964369  9.002690E-18
6947.40513753477  1.463662E-17
6952.92324542585  1.724805E-17
6958.44135331693  6.747235E-18
6963.95946120801  4.331077E-18
6969.47756909909  1.806393E-17
6974.99567699017  1.691303E-17
6980.51378488125  5.471482E-18
6986.03189277233  2.702402E-17
6991.55000066341  1.299372E-17
6997.06810855449  5.706797E-18
7002.58621644557  1.222577E-17
7008.10432433665  1.840254E-17
7013.62243222773  1.390652E-17
7019.14054011881  5.502951E-18
7024.65864800989  8.660191E-18
7030.17675590097  1.726181E-17
7035.69486379205  1.931296E-17
7041.21297168313  1.538021E-17
7046.73107957421  1.932255E-17
7052.24918746529  2.419492E-17
7057.76729535637  9.206092E-18
7063.28540324745  1.344542E-17
7068.80351113853  2.021026E-17
7074.32161902961  1.593576E-18
7079.83972692069  1.525384E-17
7085.35783481177  2.348449E-17
7090.87594270285  9.849261E-18
7096.39405059393  7.187884E-18
7101.91215848501  2.508269E-17
7107.43026637609  2.002020E-17
7112.94837426717  1.743914E-17
7118.46648215825  1.034025E-17
7123.98459004933  1.146293E-17
7129.50269794041  1.232593E-17
7135.02080583149  2.887469E-17
7140.53891372257  5.511682E-18
7146.05702161365  7.613833E-18
7151.57512950473  2.176383E-17
7157.09323739581  1.855022E-17
7162.61134528689  6.310922E-18
7168.12945317797  1.042655E-17
7173.64756106905  8.605722E-18
7179.16566896013  2.178121E-18
7184.68377685121  5.851498E-18
7190.20188474229  1.029640E-17
7195.71999263337  5.686624E-18
7201.23810052445  6.117934E-19
7206.75620841553  5.058958E-18
7212.27431630661  1.171685E-17
7217.79242419769  9.926507E-18
7223.31053208877  2.588544E-17
7228.82863997985  7.943360E-18
7234.34674787093  1.599305E-17
7239.86485576201  2.357212E-17
7245.38296365309  1.927671E-17
7250.90107154417  1.225910E-17
7256.41917943525  8.965344E-18
7261.93728732633  2.546693E-17
7267.45539521741  1.264219E-17
7272.97350310849  7.140427E-18
7278.49161099957  2.487905E-17
7284.00971889065  1.317490E-17
7289.52782678173  1.130663E-17
7295.04593467281  8.656398E-18
7300.56404256389  1.740745E-17
7306.08215045497  3.754869E-18
7311.60025834605  1.020385E-17
7317.11836623713  1.209751E-17
7322.63647412821  1.676737E-17
7328.15458201929  1.541196E-17
7333.67268991037  7.057544E-18
7339.19079780145  3.095866E-18
7344.70890569253  4.073636E-18
7350.22701358361  1.219805E-17
7355.74512147469  6.710978E-18
7361.26322936577  7.331926E-18
7366.78133725685  1.087755E-17
7372.29944514793  6.765351E-18
7377.81755303901  5.228633E-18
7383.33566093009  1.538324E-17
7388.85376882117  1.662477E-17
7394.37187671225  1.921504E-17
7399.88998460333  9.977872E-18
7405.40809249441  4.300840E-18
7410.92620038549  2.122998E-17
7416.44430827657  1.044539E-17
7421.96241616765  5.398114E-18
7427.48052405873  1.338710E-17
7432.99863194981  1.800778E-17
7438.51673984089  2.526563E-17
7444.03484773197  5.410621E-18
7449.55295562305  5.523264E-18
7455.07106351413  8.915173E-18
7460.58917140521  2.766357E-17
7466.10727929629  8.839082E-18
7471.62538718737  1.275872E-17
7477.14349507845  3.091479E-17
7482.66160296953  1.272220E-17
7488.17971086061  8.331052E-18
7493.69781875169  1.185064E-17
7499.21592664277  1.409674E-18
7504.73403453385  1.571346E-17
7510.25214242493  1.227076E-17
7515.77025031601  -6.640622E-19
7521.28835820709  1.126125E-17
7526.80646609817  8.108692E-18
7532.32457398925  1.207184E-17
7537.84268188033  -3.250142E-18
7543.36078977141  1.185083E-17
7548.87889766249  1.895668E-17
7554.39700555357  9.461718E-18
7559.91511344465  -6.249352E-18
7565.43322133573  2.290171E-17
7570.95132922681  4.444278E-18
7576.46943711789  1.611841E-17
7581.98754500897  -3.674511E-19
7587.50565290005  -9.872095E-19
7593.02376079113  -3.479209E-18
7598.54186868221  -8.401196E-18
7604.05997657329  7.279626E-18
7609.57808446437  -1.600410E-17
7615.09619235545  2.536709E-17
7620.61430024653  1.408227E-17
7626.13240813761  -1.106672E-18
7631.65051602869  1.287485E-17
7637.16862391977  -6.678062E-18
7642.68673181085  -2.372393E-17
7648.20483970193  4.068170E-18
7653.72294759301  1.648392E-17
7659.24105548409  1.234797E-17
7664.75916337517  1.027873E-17
7670.27727126625  1.752879E-17
7675.79537915733  9.767962E-18
7681.31348704841  1.397928E-17
7686.83159493949  1.026688E-17
7692.34970283057  1.538823E-17
7697.86781072165  -2.269337E-18
7703.38591861273  -1.211352E-18
7708.90402650381  2.650392E-18
7714.42213439489  2.317488E-18
7719.94024228597  1.754084E-17
7725.45835017705  7.959114E-18
7730.97645806813  -1.246676E-17
7736.49456595921  1.235185E-17
7742.01267385029  7.314704E-18
7747.53078174137  1.347812E-17
7753.04888963245  2.069018E-17
7758.56699752353  3.191906E-18
7764.08510541461  4.324575E-18
7769.60321330569  2.642794E-18
7775.12132119677  5.990319E-19
7780.63942908785  6.669271E-18
7786.15753697893  -2.277588E-18
7791.67564487001  7.495898E-18
7797.19375276109  1.600120E-17
7802.71186065217  6.368215E-18
7808.22996854325  1.829070E-17
7813.74807643433  7.630708E-18
7819.26618432541  1.027877E-17
7824.78429221649  5.535615E-19
7830.30240010757  1.788501E-17
7835.82050799865  -8.759266E-19
7841.33861588973  -2.116203E-18
7846.85672378081  1.204365E-17
7852.37483167189  3.056430E-17
7857.89293956297  1.575663E-17
7863.41104745405  -5.123249E-18
7868.92915534513  2.354003E-17
7874.44726323621  9.463212E-18
7879.96537112729  1.233369E-17
7885.48347901837  -5.247321E-18
7891.00158690945  2.549592E-18
7896.51969480053  1.328779E-17
7902.03780269161  4.120028E-18
7907.55591058269  2.619642E-18
7913.07401847377  1.317329E-17
7918.59212636485  5.310390E-18
7924.11023425593  4.339258E-18
7929.62834214701  9.582092E-18
7935.14645003809  3.309790E-18
7940.66455792917  1.124368E-18
7946.18266582025  5.199556E-18
7951.70077371133  2.319214E-18
7957.21888160241  1.077129E-17
7962.73698949349  1.540709E-17
7968.25509738457  -1.821157E-18
7973.77320527565  1.332752E-17
7979.29131316673  -1.053640E-17
7984.80942105781  -6.622081E-18
7990.32752894889  3.373382E-18
7995.84563683997  1.577163E-17
8001.36374473105  -5.361437E-18
8006.88185262213  2.705802E-18
8012.39996051321  8.735385E-18
8017.91806840429  5.445322E-19
8023.43617629537  1.722954E-17
8028.95428418645  1.468631E-17
8034.47239207753  1.446697E-17
8039.99049996861  2.151135E-18
8045.50860785969  -4.907148E-18
8051.02671575077  1.362805E-17
8056.54482364185  1.304870E-17
8062.06293153293  8.651111E-19
8067.58103942401  1.056724E-17
8073.09914731509  2.273967E-18
8078.61725520617  -3.278917E-18
8084.13536309725  9.853322E-18
8089.65347098833  -1.031852E-18
8095.17157887941  1.945385E-17
8100.68968677049  2.918869E-17
8106.20779466157  6.814868E-18
8111.72590255265  1.192219E-17
8117.24401044373  7.579472E-18
8122.76211833481  1.192175E-17
8128.28022622589  8.234581E-18
8133.79833411697  6.372159E-18
8139.31644200805  -4.046239E-18
8144.83454989913  1.304230E-17
8150.35265779021  1.823217E-17
8155.87076568129  1.073170E-18
8161.38887357237  2.765854E-17
8166.90698146345  1.906956E-17
8172.42508935453  -4.349910E-18
8177.94319724561  1.331125E-17
8183.46130513669  2.548162E-17
8188.97941302777  6.493939E-18
8194.49752091885  -4.728727E-18
8200.01562880993  1.226221E-17
8205.53373670101  1.338875E-17
8211.05184459209  -8.649173E-18
8216.56995248317  -1.096358E-17
8222.08806037425  5.475605E-18
8227.60616826533  1.264764E-17
8233.12427615641  -6.986593E-18
8238.64238404749  -6.326923E-18
8244.16049193857  1.137593E-17
8249.67859982965  3.253382E-17
8255.19670772073  1.855110E-17
8260.71481561181  5.603385E-20
8266.23292350289  9.253153E-18
8271.75103139397  -6.517402E-19
8277.26913928505  2.319589E-17
8282.78724717613  1.836193E-17
8288.30535506721  -1.023624E-17
8293.82346295829  6.051739E-19
8299.34157084937  2.210161E-17
8304.85967874045  1.595369E-17
8310.37778663153  7.101935E-18
8315.89589452261  -2.740457E-18
8321.41400241369  -6.844018E-18
8326.93211030477  -3.113977E-18
8332.45021819585  6.203241E-18
8337.96832608693  8.054230E-18
8343.48643397801  -7.349329E-18
8349.00454186909  1.930387E-17
8354.52264976017  4.089645E-17
8360.04075765125  -2.074645E-18
8365.55886554233  1.408013E-18
8371.07697343341  5.344416E-18
8376.59508132449  5.394060E-18
8382.11318921557  2.242707E-17
8387.63129710665  -1.069927E-17
8393.14940499773  2.134443E-17
8398.66751288881  1.385985E-18
8404.18562077989  -1.727928E-17
8409.70372867097  4.105417E-18
8415.22183656205  1.972145E-17
8420.73994445313  1.695927E-17
8426.25805234421  -3.409886E-18
8431.77616023529  1.434287E-17
8437.29426812637  5.694656E-18
8442.81237601745  1.918631E-18
8448.33048390853  -2.098044E-18
8453.84859179961  -2.669736E-18
8459.36669969069  8.604742E-18
8464.88480758177  3.558162E-17
8470.40291547285  1.200019E-17
8475.92102336393  -8.149551E-18
8481.43913125501  8.734610E-18
8486.95723914609  1.910700E-17
8492.47534703717  1.493796E-17
8497.99345492825  3.244948E-17
8503.51156281933  3.069576E-17
8509.02967071041  7.285925E-18
8514.54777860149  -1.729170E-18
8520.06588649257  2.375171E-17
8525.58399438365  2.933622E-17
8531.10210227473  8.684309E-18
8536.62021016581  2.099988E-17
8542.13831805689  3.660657E-18
8547.65642594797  -1.119393E-17
8553.17453383905  6.621080E-18
8558.69264173013  8.874851E-18
8564.21074962121  -1.836237E-17
8569.72885751229  1.193742E-17
8575.24696540337  -1.544242E-17
8580.76507329445  8.897894E-18
8586.28318118553  -1.340409E-18
8591.80128907661  6.925526E-18
8597.31939696769  1.468595E-17
8602.83750485877  8.390594E-18
8608.35561274985  1.314451E-17
8613.87372064093  8.829672E-18
8619.39182853201  9.825715E-18
8624.90993642309  7.640579E-18
8630.42804431417  1.715400E-17
8635.94615220525  1.592704E-17
8641.46426009633  2.368724E-19
8646.98236798741  2.353562E-18
8652.50047587849  1.420789E-17
8658.01858376957  -1.060835E-19
8663.53669166065  4.452667E-18
8669.05479955173  5.264660E-18
8674.57290744281  1.660879E-17
8680.09101533389  -2.559010E-20
8685.60912322497  -7.284984E-18
8691.12723111605  -6.618038E-18
8696.64533900713  7.018339E-18
8702.16344689821  9.661973E-18
8707.68155478929  1.700462E-17
8713.19966268037  -2.755535E-17
8718.71777057145  -1.050278E-17
8724.23587846253  1.358017E-17
8729.75398635361  4.965744E-18
8735.27209424469  1.069327E-17
8740.79020213577  9.475813E-19
8746.30831002685  1.295535E-17
8751.82641791793  1.836571E-17
8757.34452580901  9.846690E-18
8762.86263370009  2.796461E-17
8768.38074159117  6.747201E-18
8773.89884948225  2.196537E-17
8779.41695737333  1.512170E-17
8784.93506526441  -1.168623E-17
8790.45317315549  -3.051505E-18
8795.97128104657  -7.084282E-18
8801.48938893765  6.294620E-18
8807.00749682873  1.864551E-17
8812.52560471981  2.615215E-17
8818.04371261089  1.188825E-17
8823.56182050197  2.151564E-17
8829.07992839305  4.171905E-17
8834.59803628413  1.985999E-18
8840.11614417521  4.920114E-17
8845.63425206629  -7.412962E-18
8851.15235995737  2.544257E-17
8856.67046784845  1.434151E-17
8862.18857573953  -2.241310E-17
8867.70668363061  -1.334046E-17
8873.22479152169  9.657122E-18
8878.74289941277  5.129282E-18
8884.26100730385  5.747904E-18
8889.77911519493  1.245473E-17
8895.29722308601  5.406249E-18
8900.81533097709  -1.539841E-17
8906.33343886817  2.980746E-17
8911.85154675925  -1.235870E-17
8917.36965465033  2.034430E-17
8922.88776254141  -1.635956E-17
8928.40587043249  -1.431710E-17
8933.92397832357  -8.350177E-18
8939.44208621465  9.045859E-18
8944.96019410573  -1.025965E-17
8950.47830199681  -1.761038E-17
8955.99640988789  7.537058E-18
8961.51451777897  2.019133E-17
8967.03262567005  1.551743E-17
8972.55073356113  9.254320E-18
8978.06884145221  -2.406661E-18
8983.58694934329  1.611681E-17
8989.10505723437  2.084930E-17
8994.62316512545  3.237100E-17
9000.14127301653  8.151472E-18
9005.65938090761  3.589583E-17
9011.17748879869  1.420480E-17
9016.69559668977  -1.253596E-17
9022.21370458085  1.358623E-17
9027.73181247193  9.065186E-18
9033.24992036301  -2.823224E-17
9038.76802825409  -3.286671E-18
9044.28613614517  3.359406E-18
9049.80424403625  9.041221E-18
9055.32235192733  4.747225E-17
9060.84045981841  -1.675163E-17
9066.35856770949  -1.749306E-17
9071.87667560057  1.342032E-17
9077.39478349165  1.357113E-17
9082.91289138273  1.870155E-17
9088.43099927381  1.476117E-17
9093.94910716489  2.572203E-18
9099.46721505597  3.636198E-18
9104.98532294705  -1.379684E-17
9110.50343083813  -2.523797E-18
9116.02153872921  2.621684E-17
9121.53964662029  1.840275E-17
9127.05775451137  1.991575E-17
9132.57586240245  1.910543E-17
9138.09397029353  3.532177E-18
9143.61207818461  -2.363778E-17
9149.13018607569  3.608382E-17
9154.64829396677  5.906432E-17
9160.16640185785  1.268710E-17
9165.68450974893  5.967176E-18
9171.20261764001  2.410375E-17
9176.72072553109  2.335968E-18
9182.23883342217  -3.098857E-17
9187.75694131325  1.839716E-18
9193.27504920433  -1.935616E-17
9198.79315709541  -6.060259E-18
9204.31126498649  5.459031E-17
9209.82937287757  -2.204911E-18
9215.34748076865  4.798728E-18
9220.86558865973  3.239027E-17
9226.38369655081  2.514301E-17
9231.90180444189  6.057939E-17
9237.41991233297  2.606525E-17
9242.93802022405  1.641859E-18
9248.45612811513  3.718662E-18
