3359.96134901     3.07214e-16     
3364.04757557     2.45004e-16     
3368.13380213     2.724e-16       
3372.22002869     3.02058e-16     
3376.30625524     2.72911e-16     
3380.3924818      2.40979e-16     
3384.47870836     3.12758e-16     
3388.56493492     2.7371e-16      
3392.65116148     3.06287e-16     
3396.73738804     2.71917e-16     
3400.8236146      3.06365e-16     
3404.90984116     2.34376e-16     
3408.99606771     2.65237e-16     
3413.08229427     3.03503e-16     
3417.16852083     2.97518e-16     
3421.25474739     2.89595e-16     
3425.34097395     3.01963e-16     
3429.42720051     3.26133e-16     
3433.51342707     3.12158e-16     
3437.59965362     3.20143e-16     
3441.68588018     3.09447e-16     
3445.77210674     2.88184e-16     
3449.8583333      2.92512e-16     
3453.94455986     3.21718e-16     
3458.03078642     3.16534e-16     
3462.11701298     3.04528e-16     
3466.20323954     3.228e-16       
3470.28946609     3.24709e-16     
3474.37569265     2.75785e-16     
3478.46191921     3.151e-16       
3482.54814577     2.98065e-16     
3486.63437233     3.35175e-16     
3490.72059889     3.10908e-16     
3494.80682545     2.67464e-16     
3498.89305201     2.95068e-16     
3502.97927856     3.10941e-16     
3507.06550512     3.23102e-16     
3511.15173168     2.85224e-16     
3515.23795824     2.80287e-16     
3519.3241848      3.28699e-16     
3523.41041136     3.2256e-16      
3527.49663792     2.96519e-16     
3531.58286447     2.87956e-16     
3535.66909103     2.8256e-16      
3539.75531759     2.67883e-16     
3543.84154415     2.86317e-16     
3547.92777071     2.97738e-16     
3552.01399727     3.1505e-16      
3556.10022383     2.99458e-16     
3560.18645039     3.06532e-16     
3564.27267694     3.06417e-16     
3568.3589035      3.16272e-16     
3572.44513006     3.22931e-16     
3576.53135662     3.24388e-16     
3580.61758318     3.2077e-16      
3584.70380974     3.07321e-16     
3588.7900363      3.25256e-16     
3592.87626285     3.07355e-16     
3596.96248941     3.00782e-16     
3601.04871597     3.0002e-16      
3605.13494253     2.8411e-16      
3609.22116909     3.14062e-16     
3613.30739565     2.80821e-16     
3617.39362221     2.98727e-16     
3621.47984877     3.06999e-16     
3625.56607532     3.26206e-16     
3629.65230188     3.32455e-16     
3633.73852844     3.17303e-16     
3637.824755       3.18237e-16     
3641.91098156     3.46074e-16     
3645.99720812     3.38499e-16     
3650.08343468     3.44313e-16     
3654.16966124     3.3219e-16      
3658.25588779     3.29966e-16     
3662.34211435     3.07944e-16     
3666.42834091     3.21235e-16     
3670.51456747     2.94789e-16     
3674.60079403     3.15914e-16     
3678.68702059     3.30746e-16     
3682.77324715     3.44467e-16     
3686.8594737      3.32831e-16     
3690.94570026     3.43633e-16     
3695.03192682     3.37398e-16     
3699.11815338     3.48986e-16     
3703.20437994     3.38569e-16     
3707.2906065      3.42309e-16     
3711.37683306     3.46789e-16     
3715.46305962     3.33282e-16     
3719.54928617     3.50083e-16     
3723.63551273     3.47112e-16     
3727.72173929     3.43908e-16     
3731.80796585     3.14421e-16     
3735.89419241     3.4193e-16      
3739.98041897     3.43918e-16     
3744.06664553     3.4491e-16      
3748.15287208     3.67768e-16     
3752.23909864     3.54118e-16     
3756.3253252      3.61919e-16     
3760.41155176     3.48348e-16     
3764.49777832     3.50329e-16     
3768.58400488     3.47649e-16     
3772.67023144     3.73349e-16     
3776.756458       3.57524e-16     
3780.84268455     3.5861e-16      
3784.92891111     3.55544e-16     
3789.01513767     3.47147e-16     
3793.10136423     3.58047e-16     
3797.18759079     3.60919e-16     
3801.27381735     3.43062e-16     
3805.36004391     3.38391e-16     
3809.44627047     3.26913e-16     
3813.53249702     3.44111e-16     
3817.61872358     3.55069e-16     
3821.70495014     3.47611e-16     
3825.7911767      3.47034e-16     
3829.87740326     3.75909e-16     
3833.96362982     3.8189e-16      
3838.04985638     4.01588e-16     
3842.13608293     4.03811e-16     
3846.22230949     3.95069e-16     
3850.30853605     3.59247e-16     
3854.39476261     3.52123e-16     
3858.48098917     3.60068e-16     
3862.56721573     3.76162e-16     
3866.65344229     3.92088e-16     
3870.73966885     3.80534e-16     
3874.8258954      3.88507e-16     
3878.91212196     3.91943e-16     
3882.99834852     3.68998e-16     
3887.08457508     3.58653e-16     
3891.17080164     3.54958e-16     
3895.2570282      3.40905e-16     
3899.34325476     3.48333e-16     
3903.42948131     3.68152e-16     
3907.51570787     3.70335e-16     
3911.60193443     3.54419e-16     
3915.68816099     3.51955e-16     
3919.77438755     3.57248e-16     
3923.86061411     3.65814e-16     
3927.94684067     3.82989e-16     
3932.03306723     3.85094e-16     
3936.11929378     3.6952e-16      
3940.20552034     3.6326e-16      
3944.2917469      3.4875e-16      
3948.37797346     3.23917e-16     
3952.46420002     3.32817e-16     
3956.55042658     3.53784e-16     
3960.63665314     3.67527e-16     
3964.7228797      3.6483e-16      
3968.80910625     3.71733e-16     
3972.89533281     3.76539e-16     
3976.98155937     3.71421e-16     
3981.06778593     3.57447e-16     
3985.15401249     3.6172e-16      
3989.24023905     3.29707e-16     
3993.32646561     3.0881e-16      
3997.41269216     3.11882e-16     
4001.49891872     3.27174e-16     
4005.58514528     3.7155e-16      
4009.67137184     3.74007e-16     
4013.7575984      3.76525e-16     
4017.84382496     3.64158e-16     
4021.93005152     3.43195e-16     
4026.01627808     2.964e-16       
4030.10250463     2.90872e-16     
4034.18873119     3.01707e-16     
4038.27495775     3.30851e-16     
4042.36118431     3.55941e-16     
4046.44741087     3.75562e-16     
4050.53363743     3.74504e-16     
4054.61986399     3.82976e-16     
4058.70609054     3.69759e-16     
4062.7923171      3.88067e-16     
4066.87854366     3.65676e-16     
4070.96477022     3.81761e-16     
4075.05099678     3.627e-16       
4079.13722334     3.57492e-16     
4083.2234499      3.51389e-16     
4087.30967646     3.47016e-16     
4091.39590301     3.47735e-16     
4095.48212957     3.44494e-16     
4099.56835613     3.59337e-16     
4103.65458269     3.67365e-16     
4107.74080925     3.6606e-16      
4111.82703581     3.58751e-16     
4115.91326237     3.57187e-16     
4119.99948893     3.60286e-16     
4124.08571548     3.56081e-16     
4128.17194204     3.51524e-16     
4132.2581686      3.54176e-16     
4136.34439516     3.6006e-16      
4140.43062172     3.70771e-16     
4144.51684828     3.59655e-16     
4148.60307484     3.63597e-16     
4152.68930139     3.53175e-16     
4156.77552795     3.31106e-16     
4160.86175451     3.27166e-16     
4164.94798107     3.16604e-16     
4169.03420763     3.11694e-16     
4173.12043419     3.3569e-16      
4177.20666075     3.48201e-16     
4181.29288731     3.67736e-16     
4185.37911386     3.65208e-16     
4189.46534042     3.46193e-16     
4193.55156698     3.5068e-16      
4197.63779354     3.58525e-16     
4201.7240201      3.47643e-16     
4205.81024666     3.46797e-16     
4209.89647322     3.4903e-16      
4213.98269977     3.54045e-16     
4218.06892633     3.44897e-16     
4222.15515289     3.48927e-16     
4226.24137945     3.39909e-16     
4230.32760601     3.38392e-16     
4234.41383257     3.26985e-16     
4238.50005913     3.36807e-16     
4242.58628569     3.30307e-16     
4246.67251224     3.53538e-16     
4250.7587388      3.50621e-16     
4254.84496536     3.50952e-16     
4258.93119192     3.66975e-16     
4263.01741848     3.52779e-16     
4267.10364504     3.36707e-16     
4271.1898716      3.4146e-16      
4275.27609816     3.36848e-16     
4279.36232471     3.35437e-16     
4283.44855127     3.41471e-16     
4287.53477783     3.33536e-16     
4291.62100439     3.28945e-16     
4295.70723095     3.42619e-16     
4299.79345751     3.20019e-16     
4303.87968407     3.32057e-16     
4307.96591062     3.25214e-16     
4312.05213718     3.36029e-16     
4316.13836374     3.46688e-16     
4320.2245903      3.3542e-16      
4324.31081686     3.37134e-16     
4328.39704342     3.34457e-16     
4332.48326998     3.24696e-16     
4336.56949654     3.25597e-16     
4340.65572309     3.28094e-16     
4344.74194965     3.18718e-16     
4348.82817621     3.2266e-16      
4352.91440277     3.15142e-16     
4357.00062933     3.07743e-16     
4361.08685589     3.06467e-16     
4365.17308245     3.08626e-16     
4369.259309       3.16397e-16     
4373.34553556     3.25891e-16     
4377.43176212     3.38594e-16     
4381.51798868     3.22244e-16     
4385.60421524     3.2765e-16      
4389.6904418      3.33331e-16     
4393.77666836     3.2873e-16      
4397.86289492     3.14127e-16     
4401.94912147     3.0519e-16      
4406.03534803     2.88855e-16     
4410.12157459     2.77271e-16     
4414.20780115     2.91119e-16     
4418.29402771     3.12391e-16     
4422.38025427     3.1897e-16      
4426.46648083     3.40344e-16     
4430.55270738     3.43103e-16     
4434.63893394     3.25965e-16     
4438.7251605      3.21488e-16     
4442.81138706     3.2509e-16      
4446.89761362     3.19848e-16     
4450.98384018     3.20367e-16     
4455.07006674     3.10411e-16     
4459.1562933      3.1443e-16      
4463.24251985     3.10858e-16     
4467.32874641     3.09209e-16     
4471.41497297     3.15679e-16     
4475.50119953     3.15226e-16     
4479.58742609     3.12422e-16     
4483.67365265     3.0915e-16      
4487.75987921     3.11235e-16     
4491.84610577     3.19003e-16     
4495.93233232     3.13206e-16     
4500.01855888     3.26508e-16     
4504.10478544     3.18241e-16     
4508.191012       3.11274e-16     
4512.27723856     3.13206e-16     
4516.36346512     3.05605e-16     
4520.44969168     3.14601e-16     
4524.53591823     3.23399e-16     
4528.62214479     3.17916e-16     
4532.70837135     3.09175e-16     
4536.79459791     3.00707e-16     
4540.88082447     3.00281e-16     
4544.96705103     2.85561e-16     
4549.05327759     2.86976e-16     
4553.13950415     2.97441e-16     
4557.2257307      2.94471e-16     
4561.31195726     3.01545e-16     
4565.39818382     3.04333e-16     
4569.48441038     3.06041e-16     
4573.57063694     3.04215e-16     
4577.6568635      2.91744e-16     
4581.74309006     2.94949e-16     
4585.82931661     2.78733e-16     
4589.91554317     2.94785e-16     
4594.00176973     3.07197e-16     
4598.08799629     3.01688e-16     
4602.17422285     2.99064e-16     
4606.26044941     3.06001e-16     
4610.34667597     2.97207e-16     
4614.43290253     2.86704e-16     
4618.51912908     2.89924e-16     
4622.60535564     2.91932e-16     
4626.6915822      2.96594e-16     
4630.77780876     2.87603e-16     
4634.86403532     2.86643e-16     
4638.95026188     3.01381e-16     
4643.03648844     3.04824e-16     
4647.122715       2.93651e-16     
4651.20894155     2.83773e-16     
4655.29516811     2.9584e-16      
4659.38139467     2.84875e-16     
4663.46762123     3.06875e-16     
4667.55384779     3.13613e-16     
4671.64007435     3.09181e-16     
4675.72630091     3.0528e-16      
4679.81252746     3.01792e-16     
4683.89875402     3.07597e-16     
4687.98498058     2.96587e-16     
4692.07120714     2.85082e-16     
4696.1574337      2.95648e-16     
4700.24366026     2.93073e-16     
4704.32988682     2.95798e-16     
4708.41611338     3.02694e-16     
4712.50233993     3.00193e-16     
4716.58856649     2.92116e-16     
4720.67479305     2.91689e-16     
4724.76101961     2.99436e-16     
4728.84724617     2.97506e-16     
4732.93347273     2.80191e-16     
4737.01969929     2.90562e-16     
4741.10592584     3.05304e-16     
4745.1921524      2.96304e-16     
4749.27837896     2.95751e-16     
4753.36460552     2.93673e-16     
4757.45083208     2.89649e-16     
4761.53705864     2.8741e-16      
4765.6232852      2.90883e-16     
4769.70951176     2.99094e-16     
4773.79573831     2.96243e-16     
4777.88196487     2.89399e-16     
4781.96819143     2.85857e-16     
4786.05441799     2.87849e-16     
4790.14064455     2.87941e-16     
4794.22687111     2.83482e-16     
4798.31309767     2.8341e-16      
4802.39932423     2.89762e-16     
4806.48555078     2.88576e-16     
4810.57177734     2.9072e-16      
4814.6580039      2.86975e-16     
4818.74423046     2.78591e-16     
4822.83045702     2.9013e-16      
4826.91668358     2.96316e-16     
4831.00291014     2.82925e-16     
4835.08913669     2.72601e-16     
4839.17536325     2.80157e-16     
4843.26158981     2.81447e-16     
4847.34781637     2.86163e-16     
4851.43404293     2.8253e-16      
4855.52026949     2.76502e-16     
4859.60649605     2.81731e-16     
4863.69272261     2.77114e-16     
4867.77894916     2.7931e-16      
4871.86517572     2.75755e-16     
4875.95140228     2.75282e-16     
4880.03762884     2.81041e-16     
4884.1238554      2.73616e-16     
4888.21008196     2.72734e-16     
4892.29630852     2.77102e-16     
4896.38253507     2.77504e-16     
4900.46876163     2.80206e-16     
4904.55498819     2.79145e-16     
4908.64121475     2.77698e-16     
4912.72744131     2.88391e-16     
4916.81366787     2.84077e-16     
4920.89989443     2.71457e-16     
4924.98612099     2.72524e-16     
4929.07234754     2.61981e-16     
4933.1585741      2.66127e-16     
4937.24480066     2.68881e-16     
4941.33102722     2.80468e-16     
4945.41725378     2.90573e-16     
4949.50348034     3.15614e-16     
4953.5897069      3.26198e-16     
4957.67593346     3.09976e-16     
4961.76216001     3.04269e-16     
4965.84838657     2.97907e-16     
4969.93461313     2.89243e-16     
4974.02083969     2.83516e-16     
4978.10706625     2.75514e-16     
4982.19329281     2.78817e-16     
4986.27951937     2.75795e-16     
4990.36574592     2.66926e-16     
4994.45197248     2.52578e-16     
4998.53819904     2.64782e-16     
5002.6244256      2.52413e-16     
5006.71065216     2.68873e-16     
5010.79687872     2.67362e-16     
5014.88310528     2.76407e-16     
5018.96933184     2.80899e-16     
5023.05555839     2.8833e-16      
5027.14178495     2.82435e-16     
5031.22801151     2.75807e-16     
5035.31423807     2.77218e-16     
5039.40046463     2.77056e-16     
5043.48669119     2.77955e-16     
5047.57291775     2.63003e-16     
5051.6591443      2.65261e-16     
5055.74537086     2.67879e-16     
5059.83159742     2.61308e-16     
5063.91782398     2.69553e-16     
5068.00405054     2.71249e-16     
5072.0902771      2.63926e-16     
5076.17650366     2.69158e-16     
5080.26273022     2.54086e-16     
5084.34895677     2.55277e-16     
5088.43518333     2.41655e-16     
5092.52140989     2.42834e-16     
5096.60763645     2.46857e-16     
5100.69386301     2.47421e-16     
5104.78008957     2.62104e-16     
5108.86631613     2.54188e-16     
5112.95254269     2.67619e-16     
5117.03876924     2.66682e-16     
5121.1249958      2.63699e-16     
5125.21122236     2.67482e-16     
5129.29744892     2.69032e-16     
5133.38367548     2.71242e-16     
5137.46990204     2.6278e-16      
5141.5561286      2.61441e-16     
5145.64235515     2.61194e-16     
5149.72858171     2.5915e-16      
5153.81480827     2.59055e-16     
5157.90103483     2.58786e-16     
5161.98726139     2.55345e-16     
5166.07348795     2.56231e-16     
5170.15971451     2.62223e-16     
5174.24594107     2.64956e-16     
5178.33216762     2.73099e-16     
5182.41839418     2.59674e-16     
5186.50462074     2.50902e-16     
5190.5908473      2.50809e-16     
5194.67707386     2.56169e-16     
5198.76330042     2.6926e-16      
5202.84952698     2.55187e-16     
5206.93575353     2.54047e-16     
5211.02198009     2.60256e-16     
5215.10820665     2.62601e-16     
5219.19443321     2.56094e-16     
5223.28065977     2.58637e-16     
5227.36688633     2.58262e-16     
5231.45311289     2.54766e-16     
5235.53933945     2.36553e-16     
5239.625566       2.42127e-16     
5243.71179256     2.40194e-16     
5247.79801912     2.39559e-16     
5251.88424568     2.3827e-16      
5255.97047224     2.47235e-16     
5260.0566988      2.5512e-16      
5264.14292536     2.51403e-16     
5268.22915192     2.61839e-16     
5272.31537847     2.6934e-16      
5276.40160503     2.60966e-16     
5280.48783159     2.63609e-16     
5284.57405815     2.59692e-16     
5288.66028471     2.46291e-16     
5292.74651127     2.45703e-16     
5296.83273783     2.51059e-16     
5300.91896438     2.49176e-16     
5305.00519094     2.43893e-16     
5309.0914175      2.44975e-16     
5313.17764406     2.50373e-16     
5317.26387062     2.48833e-16     
5321.35009718     2.39175e-16     
5325.43632374     2.56146e-16     
5329.5225503      2.45785e-16     
5333.60877685     2.53979e-16     
5337.69500341     2.46108e-16     
5341.78122997     2.44572e-16     
5345.86745653     2.40507e-16     
5349.95368309     2.46512e-16     
5354.03990965     2.49116e-16     
5358.12613621     2.45069e-16     
5362.21236276     2.564e-16       
5366.29858932     2.53829e-16     
5370.38481588     2.56147e-16     
5374.47104244     2.55756e-16     
5378.557269       2.57161e-16     
5382.64349556     2.46473e-16     
5386.72972212     2.36719e-16     
5390.81594868     2.46253e-16     
5394.90217523     2.40376e-16     
5398.98840179     2.31681e-16     
5403.07462835     2.3813e-16      
5407.16085491     2.3492e-16      
5411.24708147     2.3991e-16      
5415.33330803     2.48744e-16     
5419.41953459     2.4102e-16      
5423.50576115     2.44114e-16     
5427.5919877      2.47649e-16     
5431.67821426     2.4519e-16      
5435.76444082     2.51082e-16     
5439.85066738     2.5582e-16      
5443.93689394     2.38094e-16     
5448.0231205      2.43434e-16     
5452.10934706     2.40706e-16     
5456.19557361     2.42603e-16     
5460.28180017     2.41732e-16     
5464.36802673     2.31152e-16     
5468.45425329     2.36375e-16     
5472.54047985     2.39632e-16     
5476.62670641     2.38753e-16     
5480.71293297     2.39643e-16     
5484.79915953     2.38638e-16     
5488.88538608     2.41965e-16     
5492.97161264     2.40264e-16     
5497.0578392      2.26406e-16     
5501.14406576     2.35436e-16     
5505.23029232     2.43935e-16     
5509.31651888     2.33685e-16     
5513.40274544     2.33918e-16     
5517.48897199     2.41755e-16     
5521.57519855     2.41229e-16     
5525.66142511     2.39268e-16     
5529.74765167     2.33667e-16     
5533.83387823     2.37981e-16     
5537.92010479     2.37822e-16     
5542.00633135     2.29965e-16     
5546.09255791     2.35597e-16     
5550.17878446     2.28886e-16     
5554.26501102     2.38414e-16     
5558.35123758     2.38995e-16     
5562.43746414     2.35888e-16     
5566.5236907      2.23664e-16     
5570.60991726     2.32258e-16     
5574.69614382     2.27386e-16     
5578.78237037     2.36622e-16     
5582.86859693     2.34044e-16     
5586.95482349     2.30466e-16     
5591.04105005     2.37572e-16     
5595.12727661     2.2332e-16      
5599.21350317     2.25814e-16     
5603.29972973     2.26944e-16     
5607.38595629     2.28317e-16     
5611.47218284     2.28253e-16     
5615.5584094      2.32124e-16     
5619.64463596     2.23516e-16     
5623.73086252     2.22034e-16     
5627.81708908     2.30112e-16     
5631.90331564     2.29159e-16     
5635.9895422      2.28487e-16     
5640.07576876     2.28869e-16     
5644.16199531     2.37137e-16     
5648.24822187     2.22975e-16     
5652.33444843     2.17307e-16     
5656.42067499     2.20263e-16     
5660.50690155     2.20748e-16     
5664.59312811     2.30116e-16     
5668.67935467     2.28727e-16     
5672.76558122     2.17944e-16     
5676.85180778     2.23763e-16     
5680.93803434     2.2344e-16      
5685.0242609      2.22895e-16     
5689.11048746     2.23358e-16     
5693.19671402     2.22486e-16     
5697.28294058     2.14808e-16     
5701.36916714     2.17545e-16     
5705.45539369     2.14566e-16     
5709.54162025     2.15191e-16     
5713.62784681     2.16093e-16     
5717.71407337     2.11123e-16     
5721.80029993     2.10989e-16     
5725.88652649     2.18554e-16     
5729.97275305     2.13297e-16     
5734.0589796      2.16551e-16     
5738.14520616     2.1791e-16      
5742.23143272     2.16522e-16     
5746.31765928     2.14279e-16     
5750.40388584     2.10903e-16     
5754.4901124      2.13256e-16     
5758.57633896     2.02486e-16     
5762.66256552     2.11395e-16     
5766.74879207     2.12543e-16     
5770.83501863     2.06515e-16     
5774.92124519     2.06092e-16     
5779.00747175     2.03404e-16     
5783.09369831     2.0855e-16      
5787.17992487     2.09218e-16     
5791.26615143     2.13155e-16     
5795.35237799     2.17141e-16     
5799.43860454     2.20339e-16     
5803.5248311      2.11411e-16     
5807.61105766     2.15654e-16     
5811.69728422     2.10744e-16     
5815.78351078     2.03422e-16     
5819.86973734     2.14391e-16     
5823.9559639      2.11632e-16     
5828.04219045     2.1436e-16      
5832.12841701     2.10635e-16     
5836.21464357     2.12845e-16     
5840.30087013     2.19426e-16     
5844.38709669     2.05756e-16     
5848.47332325     2.13452e-16     
5852.55954981     2.14351e-16     
5856.64577637     2.0436e-16      
5860.73200292     2.09806e-16     
5864.81822948     2.12949e-16     
5868.90445604     2.05977e-16     
5872.9906826      2.10435e-16     
5877.07690916     2.05218e-16     
5881.16313572     2.02202e-16     
5885.24936228     2.06948e-16     
5889.33558883     2.04821e-16     
5893.42181539     2.03653e-16     
5897.50804195     1.98414e-16     
5901.59426851     2.03758e-16     
5905.68049507     1.97812e-16     
5909.76672163     2.04072e-16     
5913.85294819     2.06175e-16     
5917.93917475     2.00704e-16     
5922.0254013      2.01002e-16     
5926.11162786     2.01348e-16     
5930.19785442     2.0332e-16      
5934.28408098     2.02606e-16     
5938.37030754     2.05681e-16     
5942.4565341      2.03918e-16     
5946.54276066     1.99963e-16     
5950.62898722     2.01987e-16     
5954.71521377     2.0437e-16      
5958.80144033     2.01895e-16     
5962.88766689     1.96777e-16     
5966.97389345     1.84552e-16     
5971.06012001     1.89154e-16     
5975.14634657     1.88902e-16     
5979.23257313     1.94517e-16     
5983.31879968     2.01443e-16     
5987.40502624     1.9705e-16      
5991.4912528      1.94982e-16     
5995.57747936     1.98511e-16     
5999.66370592     1.9647e-16      
6003.74993248     1.99684e-16     
6007.83615904     2.04261e-16     
6011.9223856      2.00179e-16     
6016.00861215     1.97347e-16     
6020.09483871     1.95934e-16     
6024.18106527     1.97211e-16     
6028.26729183     2.08636e-16     
6032.35351839     2.03175e-16     
6036.43974495     2.02465e-16     
6040.52597151     2.02483e-16     
6044.61219806     1.95899e-16     
6048.69842462     2.00369e-16     
6052.78465118     2.04979e-16     
6056.87087774     1.91743e-16     
6060.9571043      1.90689e-16     
6065.04333086     1.92528e-16     
6069.12955742     1.97365e-16     
6073.21578398     2.05418e-16     
6077.30201053     2.00093e-16     
6081.38823709     1.96891e-16     
6085.47446365     2.01817e-16     
6089.56069021     2.02429e-16     
6093.64691677     1.9842e-16      
6097.73314333     1.98557e-16     
6101.81936989     1.96251e-16     
6105.90559645     1.83729e-16     
6109.991823       1.95056e-16     
6114.07804956     1.92534e-16     
6118.16427612     1.97592e-16     
6122.25050268     1.96083e-16     
6126.33672924     1.92453e-16     
6130.4229558      1.85521e-16     
6134.50918236     1.88167e-16     
6138.59540891     1.94788e-16     
6142.68163547     1.92525e-16     
6146.76786203     2.00189e-16     
6150.85408859     1.90574e-16     
6154.94031515     1.83804e-16     
6159.02654171     1.90279e-16     
6163.11276827     1.90078e-16     
6167.19899483     1.82414e-16     
6171.28522138     1.85063e-16     
6175.37144794     1.89698e-16     
6179.4576745      1.92787e-16     
6183.54390106     1.87612e-16     
6187.63012762     1.89937e-16     
6191.71635418     1.95857e-16     
6195.80258074     1.87878e-16     
6199.88880729     1.85391e-16     
6203.97503385     1.92595e-16     
6208.06126041     1.91616e-16     
6212.14748697     1.96479e-16     
6216.23371353     1.91285e-16     
6220.31994009     1.97057e-16     
6224.40616665     1.87499e-16     
6228.49239321     1.92466e-16     
6232.57861976     1.81245e-16     
6236.66484632     1.82276e-16     
6240.75107288     1.79532e-16     
6244.83729944     1.8029e-16      
6248.923526       1.92043e-16     
6253.00975256     1.92476e-16     
6257.09597912     1.85048e-16     
6261.18220568     1.90226e-16     
6265.26843223     1.87556e-16     
6269.35465879     1.92815e-16     
6273.44088535     1.90018e-16     
6277.52711191     1.84121e-16     
6281.61333847     1.74781e-16     
6285.69956503     1.7672e-16      
6289.78579159     1.86299e-16     
6293.87201814     1.87814e-16     
6297.9582447      1.88972e-16     
6302.04447126     1.79504e-16     
6306.13069782     1.68157e-16     
6310.21692438     1.71959e-16     
6314.30315094     1.77795e-16     
6318.3893775      1.79671e-16     
6322.47560406     1.8128e-16      
6326.56183061     1.77446e-16     
6330.64805717     1.76877e-16     
6334.73428373     1.67197e-16     
6338.82051029     1.88075e-16     
6342.90673685     1.72535e-16     
6346.99296341     1.70621e-16     
6351.07918997     1.78016e-16     
6355.16541652     1.85391e-16     
6359.25164308     1.76406e-16     
6363.33786964     1.80981e-16     
6367.4240962      1.80505e-16     
6371.51032276     1.74683e-16     
6375.59654932     1.77406e-16     
6379.68277588     1.70315e-16     
6383.76900244     1.66094e-16     
6387.85522899     1.75912e-16     
6391.94145555     1.81805e-16     
6396.02768211     1.73845e-16     
6400.11390867     1.81362e-16     
6404.20013523     1.80252e-16     
6408.28636179     1.7117e-16      
6412.37258835     1.68464e-16     
6416.45881491     1.69311e-16     
6420.54504146     1.74582e-16     
6424.63126802     1.72845e-16     
6428.71749458     1.69666e-16     
6432.80372114     1.68211e-16     
6436.8899477      1.56345e-16     
6440.97617426     1.5837e-16      
6445.06240082     1.62444e-16     
6449.14862737     1.60843e-16     
6453.23485393     1.55193e-16     
6457.32108049     1.51547e-16     
6461.40730705     1.60769e-16     
6465.49353361     1.64708e-16     
6469.57976017     1.55956e-16     
6473.66598673     1.62823e-16     
6477.75221329     1.65383e-16     
6481.83843984     1.66229e-16     
6485.9246664      1.77725e-16     
6490.01089296     1.73468e-16     
6494.09711952     1.71169e-16     
6498.18334608     1.66386e-16     
6502.26957264     1.71785e-16     
6506.3557992      1.7032e-16      
6510.44202575     1.61746e-16     
6514.52825231     1.64037e-16     
6518.61447887     1.79427e-16     
6522.70070543     1.74239e-16     
6526.78693199     1.70302e-16     
6530.87315855     1.67517e-16     
6534.95938511     1.65929e-16     
6539.04561167     1.7217e-16      
6543.13183822     1.75893e-16     
6547.21806478     1.69727e-16     
6551.30429134     1.60084e-16     
6555.3905179      1.6709e-16      
6559.47674446     1.64917e-16     
6563.56297102     1.68259e-16     
6567.64919758     1.80781e-16     
6571.73542413     1.7197e-16      
6575.82165069     1.59962e-16     
6579.90787725     1.65359e-16     
6583.99410381     1.74212e-16     
6588.08033037     1.66263e-16     
6592.16655693     1.68861e-16     
6596.25278349     1.70428e-16     
6600.33901005     1.58495e-16     
6604.4252366      1.67486e-16     
6608.51146316     1.69784e-16     
6612.59768972     1.67067e-16     
6616.68391628     1.70015e-16     
6620.77014284     1.7132e-16      
6624.8563694      1.71638e-16     
6628.94259596     1.69809e-16     
6633.02882252     1.61682e-16     
6637.11504907     1.63525e-16     
6641.20127563     1.61848e-16     
6645.28750219     1.54258e-16     
6649.37372875     1.5579e-16      
6653.45995531     1.5415e-16      
6657.54618187     1.56096e-16     
6661.63240843     1.68298e-16     
6665.71863498     1.76816e-16     
6669.80486154     1.65325e-16     
6673.8910881      1.87848e-16     
6677.97731466     1.93027e-16     
6682.06354122     2.02219e-16     
6686.14976778     2.07133e-16     
6690.23599434     2.09153e-16     
6694.3222209      2.06949e-16     
6698.40844745     2.02935e-16     
6702.49467401     1.93701e-16     
6706.58090057     1.79668e-16     
6710.66712713     1.79945e-16     
6714.75335369     1.68074e-16     
6718.83958025     1.71231e-16     
6722.92580681     1.74133e-16     
6727.01203336     1.59355e-16     
6731.09825992     1.59124e-16     
6735.18448648     1.63122e-16     
6739.27071304     1.62687e-16     
6743.3569396      1.60504e-16     
6747.44316616     1.57448e-16     
6751.52939272     1.54369e-16     
6755.61561928     1.48121e-16     
6759.70184583     1.4626e-16      
6763.78807239     1.54776e-16     
6767.87429895     1.62085e-16     
6771.96052551     1.61552e-16     
6776.04675207     1.52791e-16     
6780.13297863     1.54327e-16     
6784.21920519     1.50169e-16     
6788.30543175     1.46712e-16     
6792.3916583      1.47263e-16     
6796.47788486     1.54372e-16     
6800.56411142     1.59216e-16     
6804.65033798     1.56528e-16     
6808.73656454     1.58167e-16     
6812.8227911      1.55883e-16     
6816.90901766     1.46138e-16     
6820.99524421     1.47017e-16     
6825.08147077     1.52048e-16     
6829.16769733     1.59098e-16     
6833.25392389     1.60746e-16     
6837.34015045     1.54839e-16     
6841.42637701     1.47299e-16     
6845.51260357     1.4807e-16      
6849.59883013     1.47856e-16     
6853.68505668     1.47294e-16     
6857.77128324     1.47834e-16     
6861.8575098      1.53235e-16     
6865.94373636     1.6347e-16      
6870.02996292     1.50525e-16     
6874.11618948     1.4615e-16      
6878.20241604     1.45691e-16     
6882.28864259     1.4259e-16      
6886.37486915     1.46812e-16     
6890.46109571     1.49476e-16     
6894.54732227     1.50963e-16     
6898.63354883     1.48619e-16     
6902.71977539     1.46533e-16     
6906.80600195     1.44749e-16     
6910.89222851     1.42207e-16     
6914.97845506     1.4548e-16      
6919.06468162     1.44865e-16     
6923.15090818     1.43084e-16     
6927.23713474     1.42138e-16     
6931.3233613      1.44095e-16     
6935.40958786     1.49202e-16     
6939.49581442     1.45947e-16     
6943.58204098     1.49465e-16     
6947.66826753     1.44448e-16     
6951.75449409     1.40554e-16     
6955.84072065     1.46554e-16     
6959.92694721     1.41931e-16     
6964.01317377     1.38098e-16     
6968.09940033     1.48923e-16     
6972.18562689     1.43222e-16     
6976.27185344     1.35291e-16     
6980.35808        1.44949e-16     
6984.44430656     1.48491e-16     
6988.53053312     1.44807e-16     
6992.61675968     1.40883e-16     
6996.70298624     1.33941e-16     
7000.7892128      1.30628e-16     
7004.87543936     1.3674e-16      
7008.96166591     1.48485e-16     
7013.04789247     1.50326e-16     
7017.13411903     1.42571e-16     
7021.22034559     1.40349e-16     
7025.30657215     1.37787e-16     
7029.39279871     1.47209e-16     
7033.47902527     1.40724e-16     
7037.56525182     1.35968e-16     
7041.65147838     1.39869e-16     
7045.73770494     1.40119e-16     
7049.8239315      1.4084e-16      
7053.91015806     1.44037e-16     
7057.99638462     1.41321e-16     
7062.08261118     1.36358e-16     
7066.16883774     1.39311e-16     
7070.25506429     1.36465e-16     
7074.34129085     1.30927e-16     
7078.42751741     1.36351e-16     
7082.51374397     1.4002e-16      
7086.59997053     1.35088e-16     
7090.68619709     1.39225e-16     
7094.77242365     1.3964e-16      
7098.85865021     1.42953e-16     
7102.94487676     1.38189e-16     
7107.03110332     1.33305e-16     
7111.11732988     1.35926e-16     
7115.20355644     1.3757e-16      
7119.289783       1.3717e-16      
7123.37600956     1.46539e-16     
7127.46223612     1.50728e-16     
7131.54846267     1.40549e-16     
7135.63468923     1.3687e-16      
7139.72091579     1.37091e-16     
7143.80714235     1.40239e-16     
7147.89336891     1.34031e-16     
7151.97959547     1.39688e-16     
7156.06582203     1.41122e-16     
7160.15204859     1.43015e-16     
7164.23827514     1.41192e-16     
7168.3245017      1.39046e-16     
7172.41072826     1.35121e-16     
7176.49695482     1.34209e-16     
7180.58318138     1.34176e-16     
7184.66940794     1.39817e-16     
7188.7556345      1.46124e-16     
7192.84186105     1.41957e-16     
7196.92808761     1.31409e-16     
7201.01431417     1.48802e-16     
7205.10054073     1.40105e-16     
7209.18676729     1.25873e-16     
7213.27299385     1.38894e-16     
7217.35922041     1.35105e-16     
7221.44544697     1.36498e-16     
7225.53167352     1.45006e-16     
7229.61790008     1.36139e-16     
7233.70412664     1.3464e-16      
7237.7903532      1.36767e-16     
7241.87657976     1.18716e-16     
7245.96280632     1.21925e-16     
7250.04903288     1.35085e-16     
7254.13525944     1.31207e-16     
7258.22148599     1.36067e-16     
7262.30771255     1.31483e-16     
7266.39393911     1.35828e-16     
7270.48016567     1.37898e-16     
7274.56639223     1.34442e-16     
7278.65261879     1.31416e-16     
7282.73884535     1.25909e-16     
7286.8250719      1.24084e-16     
7290.91129846     1.34639e-16     
7294.99752502     1.34861e-16     
7299.08375158     1.30009e-16     
7303.16997814     1.33723e-16     
7307.2562047      1.39384e-16     
7311.34243126     1.37511e-16     
7315.42865782     1.5387e-16      
7319.51488437     1.55498e-16     
7323.60111093     1.46956e-16     
7327.68733749     1.58207e-16     
7331.77356405     1.61631e-16     
7335.85979061     1.33406e-16     
7339.94601717     1.27078e-16     
7344.03224373     1.28877e-16     
7348.11847028     1.27684e-16     
7352.20469684     1.33123e-16     
7356.2909234      1.28334e-16     
7360.37714996     1.28361e-16     
7364.46337652     1.20413e-16     
7368.54960308     1.26298e-16     
7372.63582964     1.29899e-16     
7376.7220562      1.32437e-16     
7380.80828275     1.2955e-16      
7384.89450931     1.29917e-16     
7388.98073587     1.24136e-16     
7393.06696243     1.20753e-16     
7397.15318899     1.19234e-16     
7401.23941555     1.24174e-16     
7405.32564211     1.30547e-16     
7409.41186867     1.22764e-16     
7413.49809522     1.2358e-16      
7417.58432178     1.20103e-16     
7421.67054834     1.20151e-16     
7425.7567749      1.31357e-16     
7429.84300146     1.2292e-16      
7433.92922802     1.17303e-16     
7438.01545458     1.24031e-16     
7442.10168113     1.28516e-16     
7446.18790769     1.26863e-16     
7450.27413425     1.25037e-16     
7454.36036081     1.26019e-16     
7458.44658737     1.32644e-16     
7462.53281393     1.29253e-16     
7466.61904049     1.28604e-16     
7470.70526705     1.23893e-16     
7474.7914936      1.09666e-16     
7478.87772016     1.28005e-16     
7482.96394672     1.31017e-16     
7487.05017328     1.28784e-16     
