3357.99974775     2.45027e-16     
3362.08681437     2.77733e-16     
3366.173881       2.68512e-16     
3370.26094762     3.01509e-16     
3374.34801424     2.27197e-16     
3378.43508087     2.95082e-16     
3382.52214749     2.67059e-16     
3386.60921411     3.14308e-16     
3390.69628073     3.70515e-16     
3394.78334736     3.5406e-16      
3398.87041398     2.71135e-16     
3402.9574806      2.71799e-16     
3407.04454723     3.29807e-16     
3411.13161385     3.50557e-16     
3415.21868047     2.99771e-16     
3419.3057471      3.66466e-16     
3423.39281372     3.56013e-16     
3427.47988034     3.4886e-16      
3431.56694696     3.2432e-16      
3435.65401359     2.94846e-16     
3439.74108021     3.1701e-16      
3443.82814683     3.2498e-16      
3447.91521346     2.67634e-16     
3452.00228008     3.29595e-16     
3456.0893467      3.42223e-16     
3460.17641333     3.18763e-16     
3464.26347995     3.41211e-16     
3468.35054657     3.0387e-16      
3472.43761319     3.08631e-16     
3476.52467982     2.85644e-16     
3480.61174644     3.33851e-16     
3484.69881306     3.06096e-16     
3488.78587969     2.69454e-16     
3492.87294631     3.25249e-16     
3496.96001293     2.74751e-16     
3501.04707956     3.08246e-16     
3505.13414618     3.07013e-16     
3509.2212128      3.41053e-16     
3513.30827942     2.92528e-16     
3517.39534605     3.4069e-16      
3521.48241267     3.13187e-16     
3525.56947929     3.12071e-16     
3529.65654592     3.04506e-16     
3533.74361254     3.1631e-16      
3537.83067916     3.17126e-16     
3541.91774579     3.01097e-16     
3546.00481241     2.99014e-16     
3550.09187903     3.20877e-16     
3554.17894565     3.14388e-16     
3558.26601228     3.42088e-16     
3562.3530789      3.2262e-16      
3566.44014552     3.27594e-16     
3570.52721215     3.43647e-16     
3574.61427877     3.49888e-16     
3578.70134539     3.18724e-16     
3582.78841202     3.33823e-16     
3586.87547864     2.91908e-16     
3590.96254526     3.11187e-16     
3595.04961188     3.47062e-16     
3599.13667851     3.18203e-16     
3603.22374513     3.06768e-16     
3607.31081175     3.03152e-16     
3611.39787838     3.30546e-16     
3615.484945       2.95582e-16     
3619.57201162     3.2097e-16      
3623.65907825     3.13847e-16     
3627.74614487     3.26558e-16     
3631.83321149     2.90418e-16     
3635.92027811     3.37843e-16     
3640.00734474     3.54451e-16     
3644.09441136     3.59758e-16     
3648.18147798     3.12903e-16     
3652.26854461     3.32252e-16     
3656.35561123     3.42721e-16     
3660.44267785     3.36703e-16     
3664.52974448     3.42509e-16     
3668.6168111      3.39861e-16     
3672.70387772     3.37308e-16     
3676.79094434     3.52876e-16     
3680.87801097     3.40369e-16     
3684.96507759     3.7403e-16      
3689.05214421     3.49142e-16     
3693.13921084     3.55812e-16     
3697.22627746     3.31331e-16     
3701.31334408     3.53058e-16     
3705.40041071     3.48081e-16     
3709.48747733     3.72573e-16     
3713.57454395     3.52071e-16     
3717.66161057     3.3883e-16      
3721.7486772      3.51611e-16     
3725.83574382     3.4261e-16      
3729.92281044     3.54732e-16     
3734.00987707     3.3344e-16      
3738.09694369     3.54154e-16     
3742.18401031     3.66729e-16     
3746.27107694     3.9863e-16      
3750.35814356     3.60839e-16     
3754.44521018     3.4207e-16      
3758.5322768      3.45491e-16     
3762.61934343     3.51589e-16     
3766.70641005     3.6581e-16      
3770.79347667     3.7446e-16      
3774.8805433      3.93417e-16     
3778.96760992     3.88976e-16     
3783.05467654     3.70589e-16     
3787.14174317     3.79912e-16     
3791.22880979     3.7399e-16      
3795.31587641     3.52567e-16     
3799.40294304     3.54863e-16     
3803.49000966     3.36508e-16     
3807.57707628     3.26206e-16     
3811.6641429      3.56401e-16     
3815.75120953     3.6693e-16      
3819.83827615     3.65578e-16     
3823.92534277     3.66094e-16     
3828.0124094      3.68867e-16     
3832.09947602     3.99621e-16     
3836.18654264     3.93113e-16     
3840.27360927     4.13828e-16     
3844.36067589     4.04512e-16     
3848.44774251     3.89282e-16     
3852.53480913     3.64438e-16     
3856.62187576     3.60757e-16     
3860.70894238     3.765e-16       
3864.796009       3.73278e-16     
3868.88307563     4.07183e-16     
3872.97014225     3.78198e-16     
3877.05720887     3.81276e-16     
3881.1442755      3.85586e-16     
3885.23134212     3.78906e-16     
3889.31840874     3.57554e-16     
3893.40547536     3.40344e-16     
3897.49254199     3.61311e-16     
3901.57960861     3.7229e-16      
3905.66667523     3.67173e-16     
3909.75374186     3.60077e-16     
3913.84080848     3.58581e-16     
3917.9278751      3.65566e-16     
3922.01494173     3.58502e-16     
3926.10200835     3.76648e-16     
3930.18907497     3.84021e-16     
3934.27614159     3.71815e-16     
3938.36320822     3.59009e-16     
3942.45027484     3.3387e-16      
3946.53734146     3.42235e-16     
3950.62440809     3.25313e-16     
3954.71147471     3.49633e-16     
3958.79854133     3.66031e-16     
3962.88560796     3.77962e-16     
3966.97267458     3.78031e-16     
3971.0597412      3.85104e-16     
3975.14680782     3.83955e-16     
3979.23387445     3.73509e-16     
3983.32094107     3.65645e-16     
3987.40800769     3.26231e-16     
3991.49507432     3.28984e-16     
3995.58214094     3.35615e-16     
3999.66920756     3.58578e-16     
4003.75627419     3.67675e-16     
4007.84334081     3.90982e-16     
4011.93040743     3.75075e-16     
4016.01747405     3.68647e-16     
4020.10454068     3.79638e-16     
4024.1916073      3.29272e-16     
4028.27867392     3.2915e-16      
4032.36574055     3.13276e-16     
4036.45280717     3.34666e-16     
4040.53987379     3.34045e-16     
4044.62694042     3.76314e-16     
4048.71400704     3.77648e-16     
4052.80107366     3.87657e-16     
4056.88814028     3.84908e-16     
4060.97520691     3.78713e-16     
4065.06227353     3.84932e-16     
4069.14934015     3.59852e-16     
4073.23640678     3.74564e-16     
4077.3234734      3.61857e-16     
4081.41054002     3.65035e-16     
4085.49760665     3.45842e-16     
4089.58467327     3.66152e-16     
4093.67173989     3.58888e-16     
4097.75880651     3.66766e-16     
4101.84587314     3.74285e-16     
4105.93293976     3.7508e-16      
4110.02000638     3.68061e-16     
4114.10707301     3.50471e-16     
4118.19413963     3.63756e-16     
4122.28120625     3.64373e-16     
4126.36827288     3.42403e-16     
4130.4553395      3.692e-16       
4134.54240612     3.74713e-16     
4138.62947274     3.53052e-16     
4142.71653937     3.84631e-16     
4146.80360599     3.73934e-16     
4150.89067261     3.62628e-16     
4154.97773924     3.4183e-16      
4159.06480586     3.3116e-16      
4163.15187248     3.27692e-16     
4167.23893911     3.24278e-16     
4171.32600573     3.31221e-16     
4175.41307235     3.63118e-16     
4179.50013897     3.71829e-16     
4183.5872056      3.6288e-16      
4187.67427222     3.68424e-16     
4191.76133884     3.66523e-16     
4195.84840547     3.53274e-16     
4199.93547209     3.53521e-16     
4204.02253871     3.58649e-16     
4208.10960534     3.50828e-16     
4212.19667196     3.62882e-16     
4216.28373858     3.5572e-16      
4220.37080521     3.42418e-16     
4224.45787183     3.42542e-16     
4228.54493845     3.41873e-16     
4232.63200507     3.44964e-16     
4236.7190717      3.45665e-16     
4240.80613832     3.44645e-16     
4244.89320494     3.3936e-16      
4248.98027157     3.52318e-16     
4253.06733819     3.50593e-16     
4257.15440481     3.60343e-16     
4261.24147144     3.56771e-16     
4265.32853806     3.51163e-16     
4269.41560468     3.52457e-16     
4273.5026713      3.53626e-16     
4277.58973793     3.4458e-16      
4281.67680455     3.3106e-16      
4285.76387117     3.44141e-16     
4289.8509378      3.43183e-16     
4293.93800442     3.33678e-16     
4298.02507104     3.42889e-16     
4302.11213767     3.37521e-16     
4306.19920429     3.3332e-16      
4310.28627091     3.40043e-16     
4314.37333753     3.45943e-16     
4318.46040416     3.4115e-16      
4322.54747078     3.53084e-16     
4326.6345374      3.39734e-16     
4330.72160403     3.4094e-16      
4334.80867065     3.35398e-16     
4338.89573727     3.35471e-16     
4342.9828039      3.47202e-16     
4347.06987052     3.46325e-16     
4351.15693714     3.20558e-16     
4355.24400376     3.30221e-16     
4359.33107039     3.26104e-16     
4363.41813701     3.28285e-16     
4367.50520363     3.27825e-16     
4371.59227026     3.33332e-16     
4375.67933688     3.27669e-16     
4379.7664035      3.27206e-16     
4383.85347013     3.31536e-16     
4387.94053675     3.36967e-16     
4392.02760337     3.45604e-16     
4396.11466999     3.31071e-16     
4400.20173662     3.1019e-16      
4404.28880324     2.96698e-16     
4408.37586986     2.92005e-16     
4412.46293649     2.99735e-16     
4416.55000311     3.13036e-16     
4420.63706973     3.27302e-16     
4424.72413636     3.55179e-16     
4428.81120298     3.53826e-16     
4432.8982696      3.5116e-16      
4436.98533622     3.34734e-16     
4441.07240285     3.43235e-16     
4445.15946947     3.47433e-16     
4449.24653609     3.24434e-16     
4453.33360272     3.20428e-16     
4457.42066934     3.36276e-16     
4461.50773596     3.2991e-16      
4465.59480259     3.27011e-16     
4469.68186921     3.08316e-16     
4473.76893583     3.17782e-16     
4477.85600245     3.14904e-16     
4481.94306908     3.2753e-16      
4486.0301357      3.17047e-16     
4490.11720232     3.31014e-16     
4494.20426895     3.23859e-16     
4498.29133557     3.25878e-16     
4502.37840219     3.22425e-16     
4506.46546882     3.24375e-16     
4510.55253544     3.25544e-16     
4514.63960206     3.20296e-16     
4518.72666868     3.15272e-16     
4522.81373531     3.16863e-16     
4526.90080193     3.22555e-16     
4530.98786855     3.13669e-16     
4535.07493518     3.16458e-16     
4539.1620018      3.16677e-16     
4543.24906842     3.16039e-16     
4547.33613505     2.91273e-16     
4551.42320167     2.84247e-16     
4555.51026829     2.90303e-16     
4559.59733491     2.9595e-16      
4563.68440154     2.96499e-16     
4567.77146816     3.1595e-16      
4571.85853478     3.23919e-16     
4575.94560141     3.11258e-16     
4580.03266803     3.09649e-16     
4584.11973465     3.18487e-16     
4588.20680128     3.10219e-16     
4592.2938679      3.09762e-16     
4596.38093452     3.03193e-16     
4600.46800115     3.10887e-16     
4604.55506777     3.16725e-16     
4608.64213439     3.16716e-16     
4612.72920101     3.0317e-16      
4616.81626764     3.02219e-16     
4620.90333426     3.05241e-16     
4624.99040088     3.01278e-16     
4629.07746751     3.00725e-16     
4633.16453413     2.98376e-16     
4637.25160075     3.0446e-16      
4641.33866738     2.98899e-16     
4645.425734       3.15687e-16     
4649.51280062     2.89199e-16     
4653.59986724     3.08639e-16     
4657.68693387     3.14082e-16     
4661.77400049     3.14184e-16     
4665.86106711     3.07728e-16     
4669.94813374     3.19364e-16     
4674.03520036     3.18617e-16     
4678.12226698     3.10176e-16     
4682.20933361     3.16122e-16     
4686.29640023     3.19926e-16     
4690.38346685     2.94941e-16     
4694.47053347     2.90168e-16     
4698.5576001      2.906e-16       
4702.64466672     3.06795e-16     
4706.73173334     3.02419e-16     
4710.81879997     3.11168e-16     
4714.90586659     3.098e-16       
4718.99293321     3.08319e-16     
4723.07999984     3.04214e-16     
4727.16706646     2.96025e-16     
4731.25413308     2.82579e-16     
4735.3411997      3.05531e-16     
4739.42826633     2.98251e-16     
4743.51533295     2.96141e-16     
4747.60239957     3.02484e-16     
4751.6894662      2.98507e-16     
4755.77653282     2.9517e-16      
4759.86359944     2.99281e-16     
4763.95066607     2.91666e-16     
4768.03773269     2.98931e-16     
4772.12479931     2.9779e-16      
4776.21186593     2.97887e-16     
4780.29893256     2.87955e-16     
4784.38599918     2.9703e-16      
4788.4730658      2.93235e-16     
4792.56013243     2.90759e-16     
4796.64719905     2.8441e-16      
4800.73426567     2.96696e-16     
4804.8213323      3.0326e-16      
4808.90839892     2.93217e-16     
4812.99546554     2.86578e-16     
4817.08253216     2.86359e-16     
4821.16959879     2.84192e-16     
4825.25666541     2.88495e-16     
4829.34373203     2.92571e-16     
4833.43079866     2.83669e-16     
4837.51786528     2.93151e-16     
4841.6049319      2.91547e-16     
4845.69199853     2.86219e-16     
4849.77906515     2.76244e-16     
4853.86613177     2.90163e-16     
4857.95319839     2.89236e-16     
4862.04026502     2.86918e-16     
4866.12733164     2.94643e-16     
4870.21439826     2.8664e-16      
4874.30146489     2.82525e-16     
4878.38853151     2.76341e-16     
4882.47559813     2.77163e-16     
4886.56266476     2.75767e-16     
4890.64973138     2.66818e-16     
4894.736798       2.73976e-16     
4898.82386462     2.77473e-16     
4902.91093125     2.7818e-16      
4906.99799787     2.77934e-16     
4911.08506449     2.92436e-16     
4915.17213112     2.86532e-16     
4919.25919774     2.84482e-16     
4923.34626436     2.67579e-16     
4927.43333099     2.7362e-16      
4931.52039761     2.68445e-16     
4935.60746423     2.57407e-16     
4939.69453085     2.67928e-16     
4943.78159748     2.9091e-16      
4947.8686641      3.2454e-16      
4951.95573072     3.06018e-16     
4956.04279735     3.2198e-16      
4960.12986397     3.06462e-16     
4964.21693059     3.09605e-16     
4968.30399722     3.08587e-16     
4972.39106384     2.93724e-16     
4976.47813046     2.97561e-16     
4980.56519708     2.86238e-16     
4984.65226371     2.81691e-16     
4988.73933033     2.76289e-16     
4992.82639695     2.62828e-16     
4996.91346358     2.60196e-16     
5001.0005302      2.63126e-16     
5005.08759682     2.67586e-16     
5009.17466345     2.71322e-16     
5013.26173007     2.83725e-16     
5017.34879669     2.86296e-16     
5021.43586332     2.73615e-16     
5025.52292994     2.84322e-16     
5029.60999656     2.78119e-16     
5033.69706318     2.79183e-16     
5037.78412981     2.79527e-16     
5041.87119643     2.67865e-16     
5045.95826305     2.75952e-16     
5050.04532968     2.65616e-16     
5054.1323963      2.64011e-16     
5058.21946292     2.71236e-16     
5062.30652955     2.72854e-16     
5066.39359617     2.73339e-16     
5070.48066279     2.74534e-16     
5074.56772941     2.65748e-16     
5078.65479604     2.55439e-16     
5082.74186266     2.57358e-16     
5086.82892928     2.54255e-16     
5090.91599591     2.52005e-16     
5095.00306253     2.56054e-16     
5099.09012915     2.59685e-16     
5103.17719578     2.66172e-16     
5107.2642624      2.72431e-16     
5111.35132902     2.7657e-16      
5115.43839564     2.78864e-16     
5119.52546227     2.68974e-16     
5123.61252889     2.68741e-16     
5127.69959551     2.62465e-16     
5131.78666214     2.60381e-16     
5135.87372876     2.766e-16       
5139.96079538     2.69278e-16     
5144.04786201     2.61415e-16     
5148.13492863     2.62524e-16     
5152.22199525     2.70658e-16     
5156.30906187     2.73204e-16     
5160.3961285      2.70491e-16     
5164.48319512     2.70537e-16     
5168.57026174     2.54189e-16     
5172.65732837     2.70678e-16     
5176.74439499     2.64615e-16     
5180.83146161     2.54167e-16     
5184.91852824     2.53312e-16     
5189.00559486     2.67394e-16     
5193.09266148     2.53287e-16     
5197.1797281      2.50983e-16     
5201.26679473     2.61171e-16     
5205.35386135     2.55983e-16     
5209.44092797     2.68099e-16     
5213.5279946      2.59182e-16     
5217.61506122     2.65005e-16     
5221.70212784     2.66088e-16     
5225.78919447     2.62209e-16     
5229.87626109     2.60526e-16     
5233.96332771     2.56665e-16     
5238.05039433     2.49011e-16     
5242.13746096     2.52553e-16     
5246.22452758     2.4664e-16      
5250.3115942      2.43059e-16     
5254.39866083     2.48761e-16     
5258.48572745     2.53188e-16     
5262.57279407     2.60507e-16     
5266.6598607      2.62211e-16     
5270.74692732     2.5818e-16      
5274.83399394     2.58757e-16     
5278.92106056     2.60181e-16     
5283.00812719     2.59317e-16     
5287.09519381     2.57324e-16     
5291.18226043     2.58732e-16     
5295.26932706     2.55834e-16     
5299.35639368     2.49269e-16     
5303.4434603      2.51152e-16     
5307.53052693     2.57941e-16     
5311.61759355     2.45072e-16     
5315.70466017     2.54853e-16     
5319.79172679     2.61365e-16     
5323.87879342     2.52053e-16     
5327.96586004     2.5952e-16      
5332.05292666     2.57087e-16     
5336.13999329     2.52552e-16     
5340.22705991     2.62371e-16     
5344.31412653     2.46679e-16     
5348.40119316     2.35592e-16     
5352.48825978     2.52101e-16     
5356.5753264      2.52661e-16     
5360.66239302     2.49967e-16     
5364.74945965     2.53992e-16     
5368.83652627     2.62045e-16     
5372.92359289     2.6393e-16      
5377.01065952     2.54732e-16     
5381.09772614     2.56501e-16     
5385.18479276     2.49908e-16     
5389.27185939     2.4703e-16      
5393.35892601     2.46559e-16     
5397.44599263     2.41512e-16     
5401.53305925     2.53092e-16     
5405.62012588     2.479e-16       
5409.7071925      2.58229e-16     
5413.79425912     2.42002e-16     
5417.88132575     2.45913e-16     
5421.96839237     2.64841e-16     
5426.05545899     2.49093e-16     
5430.14252562     2.51377e-16     
5434.22959224     2.41856e-16     
5438.31665886     2.46675e-16     
5442.40372549     2.53788e-16     
5446.49079211     2.42089e-16     
5450.57785873     2.44152e-16     
5454.66492535     2.43161e-16     
5458.75199198     2.45882e-16     
5462.8390586      2.43386e-16     
5466.92612522     2.48883e-16     
5471.01319185     2.41773e-16     
5475.10025847     2.4746e-16      
5479.18732509     2.43937e-16     
5483.27439172     2.37671e-16     
5487.36145834     2.4605e-16      
5491.44852496     2.41099e-16     
5495.53559158     2.31069e-16     
5499.62265821     2.3897e-16      
5503.70972483     2.46954e-16     
5507.79679145     2.41237e-16     
5511.88385808     2.43887e-16     
5515.9709247      2.45922e-16     
5520.05799132     2.57212e-16     
5524.14505795     2.37535e-16     
5528.23212457     2.50477e-16     
5532.31919119     2.28916e-16     
5536.40625781     2.38591e-16     
5540.49332444     2.34683e-16     
5544.58039106     2.31879e-16     
5548.66745768     2.45243e-16     
5552.75452431     2.44064e-16     
5556.84159093     2.42261e-16     
5560.92865755     2.34228e-16     
5565.01572418     2.3276e-16      
5569.1027908      2.46428e-16     
5573.18985742     2.56264e-16     
5577.27692404     2.50459e-16     
5581.36399067     2.3853e-16      
5585.45105729     2.26994e-16     
5589.53812391     2.29519e-16     
5593.62519054     2.41767e-16     
5597.71225716     2.40151e-16     
5601.79932378     2.37939e-16     
5605.88639041     2.2784e-16      
5609.97345703     2.38049e-16     
5614.06052365     2.26289e-16     
5618.14759027     2.3913e-16      
5622.2346569      2.41707e-16     
5626.32172352     2.39926e-16     
5630.40879014     2.45832e-16     
5634.49585677     2.3344e-16      
5638.58292339     2.40223e-16     
5642.66999001     2.45612e-16     
5646.75705664     2.4004e-16      
5650.84412326     2.3811e-16      
5654.93118988     2.32373e-16     
5659.0182565      2.30446e-16     
5663.10532313     2.27839e-16     
5667.19238975     2.28726e-16     
5671.27945637     2.25714e-16     
5675.366523       2.32743e-16     
5679.45358962     2.36175e-16     
5683.54065624     2.39588e-16     
5687.62772287     2.32698e-16     
5691.71478949     2.34882e-16     
5695.80185611     2.31784e-16     
5699.88892273     2.26097e-16     
5703.97598936     2.18669e-16     
5708.06305598     2.19044e-16     
5712.1501226      2.37416e-16     
5716.23718923     2.22402e-16     
5720.32425585     2.16483e-16     
5724.41132247     2.27568e-16     
5728.4983891      2.28343e-16     
5732.58545572     2.28298e-16     
5736.67252234     2.17898e-16     
5740.75958896     2.15143e-16     
5744.84665559     2.13772e-16     
5748.93372221     2.07066e-16     
5753.02078883     2.18616e-16     
5757.10785546     2.17475e-16     
5761.19492208     2.21241e-16     
5765.2819887      2.25835e-16     
5769.36905533     2.21822e-16     
5773.45612195     2.27423e-16     
5777.54318857     2.2847e-16      
5781.63025519     2.26871e-16     
5785.71732182     2.20062e-16     
5789.80438844     2.22905e-16     
5793.89145506     2.14517e-16     
5797.97852169     2.11941e-16     
5802.06558831     2.25865e-16     
5806.15265493     2.2123e-16      
5810.23972156     2.06848e-16     
5814.32678818     2.15243e-16     
5818.4138548      2.13837e-16     
5822.50092142     2.16515e-16     
5826.58798805     2.22134e-16     
5830.67505467     2.22045e-16     
5834.76212129     2.1452e-16      
5838.84918792     2.23697e-16     
5842.93625454     2.16322e-16     
5847.02332116     2.11708e-16     
5851.11038779     2.08117e-16     
5855.19745441     2.14498e-16     
5859.28452103     2.20677e-16     
5863.37158766     2.18554e-16     
5867.45865428     2.20337e-16     
5871.5457209      2.19834e-16     
5875.63278752     2.11614e-16     
5879.71985415     2.16674e-16     
5883.80692077     2.10422e-16     
5887.89398739     1.88025e-16     
5891.98105402     1.98172e-16     
5896.06812064     2.12304e-16     
5900.15518726     2.0751e-16      
5904.24225389     2.25356e-16     
5908.32932051     2.14904e-16     
5912.41638713     2.10153e-16     
5916.50345375     2.13027e-16     
5920.59052038     2.04894e-16     
5924.677587       2.09709e-16     
5928.76465362     2.23245e-16     
5932.85172025     2.12892e-16     
5936.93878687     2.08985e-16     
5941.02585349     2.12587e-16     
5945.11292012     2.14932e-16     
5949.19998674     2.17734e-16     
5953.28705336     2.08649e-16     
5957.37411998     2.10233e-16     
5961.46118661     2.01406e-16     
5965.54825323     1.81508e-16     
5969.63531985     1.98223e-16     
5973.72238648     1.99456e-16     
5977.8094531      1.98274e-16     
5981.89651972     2.0697e-16      
5985.98358635     2.0126e-16      
5990.07065297     2.10704e-16     
5994.15771959     2.10192e-16     
5998.24478621     2.04171e-16     
6002.33185284     2.10811e-16     
6006.41891946     2.09057e-16     
6010.50598608     2.01285e-16     
6014.59305271     2.03477e-16     
6018.68011933     2.0491e-16      
6022.76718595     2.00114e-16     
6026.85425258     1.99536e-16     
6030.9413192      2.03563e-16     
6035.02838582     2.20241e-16     
6039.11545244     2.0946e-16      
6043.20251907     2.04521e-16     
6047.28958569     2.13785e-16     
6051.37665231     2.00676e-16     
6055.46371894     1.94393e-16     
6059.55078556     2.02423e-16     
6063.63785218     1.95775e-16     
6067.72491881     1.9419e-16      
6071.81198543     2.03399e-16     
6075.89905205     2.06276e-16     
6079.98611867     2.03113e-16     
6084.0731853      1.93958e-16     
6088.16025192     1.93071e-16     
6092.24731854     2.02833e-16     
6096.33438517     1.95271e-16     
6100.42145179     1.94736e-16     
6104.50851841     1.93386e-16     
6108.59558504     1.93668e-16     
6112.68265166     1.91574e-16     
6116.76971828     1.92137e-16     
6120.8567849      1.9299e-16      
6124.94385153     2.03162e-16     
6129.03091815     1.9506e-16      
6133.11798477     1.9663e-16      
6137.2050514      2.10999e-16     
6141.29211802     1.98709e-16     
6145.37918464     1.89857e-16     
6149.46625127     1.88566e-16     
6153.55331789     1.90385e-16     
6157.64038451     2.02949e-16     
6161.72745113     2.00607e-16     
6165.81451776     1.98715e-16     
6169.90158438     2.03338e-16     
6173.988651       1.99638e-16     
6178.07571763     1.91562e-16     
6182.16278425     1.96293e-16     
6186.24985087     1.96663e-16     
6190.3369175      2.0148e-16      
6194.42398412     2.03933e-16     
6198.51105074     1.87878e-16     
6202.59811736     1.7945e-16      
6206.68518399     1.90093e-16     
6210.77225061     1.93528e-16     
6214.85931723     1.85824e-16     
6218.94638386     1.96264e-16     
6223.03345048     1.94286e-16     
6227.1205171      1.97717e-16     
6231.20758373     1.94319e-16     
6235.29465035     1.92567e-16     
6239.38171697     1.91221e-16     
6243.46878359     1.95955e-16     
6247.55585022     1.93262e-16     
6251.64291684     1.88828e-16     
6255.72998346     1.9138e-16      
6259.81705009     1.88245e-16     
6263.90411671     1.69148e-16     
6267.99118333     1.98663e-16     
6272.07824996     1.83835e-16     
6276.16531658     1.86907e-16     
6280.2523832      1.84677e-16     
6284.33944983     1.86361e-16     
6288.42651645     1.93142e-16     
6292.51358307     1.92273e-16     
6296.60064969     1.92711e-16     
6300.68771632     1.91777e-16     
6304.77478294     1.85042e-16     
6308.86184956     1.83973e-16     
6312.94891619     1.87781e-16     
6317.03598281     1.89669e-16     
6321.12304943     1.74547e-16     
6325.21011606     1.83566e-16     
6329.29718268     1.84012e-16     
6333.3842493      1.80823e-16     
6337.47131592     1.89699e-16     
6341.55838255     1.83475e-16     
6345.64544917     1.9072e-16      
6349.73251579     1.87483e-16     
6353.81958242     1.87432e-16     
6357.90664904     1.96547e-16     
6361.99371566     1.88537e-16     
6366.08078229     1.82531e-16     
6370.16784891     1.92155e-16     
6374.25491553     1.81761e-16     
6378.34198215     1.76452e-16     
6382.42904878     1.88014e-16     
6386.5161154      1.86432e-16     
6390.60318202     1.75361e-16     
6394.69024865     1.89525e-16     
6398.77731527     1.77625e-16     
6402.86438189     1.76869e-16     
6406.95144852     1.9186e-16      
6411.03851514     1.80454e-16     
6415.12558176     1.84232e-16     
6419.21264838     1.94005e-16     
6423.29971501     1.88569e-16     
6427.38678163     1.83896e-16     
6431.47384825     1.67976e-16     
6435.56091488     1.65289e-16     
6439.6479815      1.68752e-16     
6443.73504812     1.58487e-16     
6447.82211475     1.63966e-16     
6451.90918137     1.74988e-16     
6455.99624799     1.68652e-16     
6460.08331461     1.64246e-16     
6464.17038124     1.60215e-16     
6468.25744786     1.63654e-16     
6472.34451448     1.68026e-16     
6476.43158111     1.70372e-16     
6480.51864773     1.76874e-16     
6484.60571435     1.87812e-16     
6488.69278098     1.86979e-16     
6492.7798476      1.7085e-16      
6496.86691422     1.79152e-16     
6500.95398084     1.81392e-16     
6505.04104747     1.64999e-16     
6509.12811409     1.70489e-16     
6513.21518071     1.64517e-16     
6517.30224734     1.72088e-16     
6521.38931396     1.8149e-16      
6525.47638058     1.76632e-16     
6529.56344721     1.83909e-16     
6533.65051383     1.82628e-16     
6537.73758045     1.69603e-16     
6541.82464707     1.77727e-16     
6545.9117137      1.86069e-16     
6549.99878032     1.8025e-16      
6554.08584694     1.65229e-16     
6558.17291357     1.7594e-16      
6562.25998019     1.88064e-16     
6566.34704681     1.73815e-16     
6570.43411344     1.86265e-16     
6574.52118006     1.8549e-16      
6578.60824668     1.82078e-16     
6582.6953133      1.82145e-16     
6586.78237993     1.70737e-16     
6590.86944655     1.7422e-16      
6594.95651317     1.77477e-16     
6599.0435798      1.68486e-16     
6603.13064642     1.7762e-16      
6607.21771304     1.59048e-16     
6611.30477967     1.70937e-16     
6615.39184629     1.65081e-16     
6619.47891291     1.63795e-16     
6623.56597953     1.81366e-16     
6627.65304616     1.84665e-16     
6631.74011278     1.79425e-16     
6635.8271794      1.74258e-16     
6639.91424603     1.67506e-16     
6644.00131265     1.68841e-16     
6648.08837927     1.71909e-16     
6652.1754459      1.63305e-16     
6656.26251252     1.70692e-16     
6660.34957914     1.73649e-16     
6664.43664577     1.78645e-16     
6668.52371239     1.77838e-16     
6672.61077901     1.90322e-16     
6676.69784563     1.97717e-16     
6680.78491226     2.0626e-16      
6684.87197888     2.14229e-16     
6688.9590455      2.16673e-16     
6693.04611213     2.1567e-16      
6697.13317875     2.14225e-16     
6701.22024537     2.08837e-16     
6705.307312       2.01887e-16     
6709.39437862     1.9412e-16      
6713.48144524     1.90586e-16     
6717.56851186     1.7629e-16      
6721.65557849     1.69129e-16     
6725.74264511     1.72264e-16     
6729.82971173     1.6578e-16      
6733.91677836     1.65556e-16     
6738.00384498     1.76802e-16     
6742.0909116      1.69232e-16     
6746.17797823     1.64275e-16     
6750.26504485     1.67235e-16     
6754.35211147     1.6149e-16      
6758.43917809     1.65603e-16     
6762.52624472     1.74056e-16     
6766.61331134     1.73276e-16     
6770.70037796     1.6239e-16      
6774.78744459     1.61406e-16     
6778.87451121     1.6168e-16      
6782.96157783     1.72099e-16     
6787.04864446     1.63164e-16     
6791.13571108     1.57306e-16     
6795.2227777      1.51871e-16     
6799.30984432     1.55866e-16     
6803.39691095     1.6052e-16      
6807.48397757     1.61834e-16     
6811.57104419     1.67025e-16     
6815.65811082     1.57888e-16     
6819.74517744     1.6537e-16      
6823.83224406     1.58607e-16     
6827.91931069     1.70755e-16     
6832.00637731     1.701e-16       
6836.09344393     1.64819e-16     
6840.18051055     1.68302e-16     
6844.26757718     1.72546e-16     
6848.3546438      1.66757e-16     
6852.44171042     1.60453e-16     
6856.52877705     1.70072e-16     
6860.61584367     1.72761e-16     
6864.70291029     1.49234e-16     
6868.78997692     1.57734e-16     
6872.87704354     1.47723e-16     
6876.96411016     1.46714e-16     
6881.05117678     1.53443e-16     
6885.13824341     1.60392e-16     
6889.22531003     1.53799e-16     
6893.31237665     1.49662e-16     
6897.39944328     1.4884e-16      
6901.4865099      1.46572e-16     
6905.57357652     1.42562e-16     
6909.66064315     1.46886e-16     
6913.74770977     1.51755e-16     
6917.83477639     1.56893e-16     
6921.92184301     1.66694e-16     
6926.00890964     1.61175e-16     
6930.09597626     1.49804e-16     
6934.18304288     1.52705e-16     
6938.27010951     1.49457e-16     
6942.35717613     1.5673e-16      
6946.44424275     1.65181e-16     
6950.53130938     1.52304e-16     
6954.618376       1.48935e-16     
6958.70544262     1.54824e-16     
6962.79250924     1.52422e-16     
6966.87957587     1.48607e-16     
6970.96664249     1.45991e-16     
6975.05370911     1.5042e-16      
6979.14077574     1.48063e-16     
6983.22784236     1.57858e-16     
6987.31490898     1.61071e-16     
6991.40197561     1.43667e-16     
6995.48904223     1.4254e-16      
6999.57610885     1.52196e-16     
7003.66317547     1.53644e-16     
7007.7502421      1.55376e-16     
7011.83730872     1.54865e-16     
7015.92437534     1.48783e-16     
7020.01144197     1.49231e-16     
7024.09850859     1.51798e-16     
7028.18557521     1.52646e-16     
7032.27264184     1.50172e-16     
7036.35970846     1.53982e-16     
7040.44677508     1.49489e-16     
7044.5338417      1.45604e-16     
7048.62090833     1.60048e-16     
7052.70797495     1.56574e-16     
7056.79504157     1.42664e-16     
7060.8821082      1.43723e-16     
7064.96917482     1.48784e-16     
7069.05624144     1.46507e-16     
7073.14330807     1.42556e-16     
7077.23037469     1.45902e-16     
7081.31744131     1.50135e-16     
7085.40450794     1.46463e-16     
7089.49157456     1.44977e-16     
7093.57864118     1.45109e-16     
7097.6657078      1.49295e-16     
7101.75277443     1.49886e-16     
7105.83984105     1.52068e-16     
7109.92690767     1.45427e-16     
7114.0139743      1.41602e-16     
7118.10104092     1.4474e-16      
7122.18810754     1.4347e-16      
7126.27517417     1.46576e-16     
7130.36224079     1.46742e-16     
7134.44930741     1.32127e-16     
7138.53637403     1.35907e-16     
7142.62344066     1.47993e-16     
7146.71050728     1.3912e-16      
7150.7975739      1.48286e-16     
7154.88464053     1.44226e-16     
7158.97170715     1.45179e-16     
7163.05877377     1.41856e-16     
7167.1458404      1.56416e-16     
7171.23290702     1.4963e-16      
7175.31997364     1.36437e-16     
7179.40704026     1.3325e-16      
7183.49410689     1.35431e-16     
7187.58117351     1.41401e-16     
7191.66824013     1.43247e-16     
7195.75530676     1.42007e-16     
7199.84237338     1.57015e-16     
7203.92944        1.41224e-16     
7208.01650663     1.45428e-16     
7212.10357325     1.44837e-16     
7216.19063987     1.37126e-16     
7220.27770649     1.37123e-16     
7224.36477312     1.41026e-16     
7228.45183974     1.45745e-16     
7232.53890636     1.41692e-16     
7236.62597299     1.42067e-16     
7240.71303961     1.29546e-16     
7244.80010623     1.31183e-16     
7248.88717286     1.41771e-16     
7252.97423948     1.37638e-16     
7257.0613061      1.40848e-16     
7261.14837272     1.34259e-16     
7265.23543935     1.34951e-16     
7269.32250597     1.56638e-16     
7273.40957259     1.33752e-16     
7277.49663922     1.36429e-16     
7281.58370584     1.37308e-16     
7285.67077246     1.33691e-16     
7289.75783909     1.45286e-16     
7293.84490571     1.41465e-16     
7297.93197233     1.35277e-16     
7302.01903895     1.30373e-16     
7306.10610558     1.48675e-16     
7310.1931722      1.43591e-16     
7314.28023882     1.37701e-16     
7318.36730545     1.2179e-16      
7322.45437207     1.3577e-16      
7326.54143869     1.40191e-16     
7330.62850532     1.41998e-16     
7334.71557194     1.4485e-16      
7338.80263856     1.33381e-16     
7342.88970518     1.2241e-16      
7346.97677181     1.39041e-16     
7351.06383843     1.44809e-16     
7355.15090505     1.29487e-16     
7359.23797168     1.34533e-16     
7363.3250383      1.2924e-16      
7367.41210492     1.32187e-16     
7371.49917155     1.41505e-16     
7375.58623817     1.35992e-16     
7379.67330479     1.30922e-16     
7383.76037141     1.34373e-16     
7387.84743804     1.40995e-16     
7391.93450466     1.39847e-16     
7396.02157128     1.26866e-16     
7400.10863791     1.26645e-16     
7404.19570453     1.37611e-16     
7408.28277115     1.39381e-16     
7412.36983778     1.28961e-16     
7416.4569044      1.20718e-16     
7420.54397102     1.28184e-16     
7424.63103764     1.33726e-16     
7428.71810427     1.24728e-16     
7432.80517089     1.40074e-16     
7436.89223751     1.31338e-16     
7440.97930414     1.36264e-16     
7445.06637076     1.31246e-16     
7449.15343738     1.18714e-16     
7453.24050401     1.27206e-16     
7457.32757063     1.35239e-16     
7461.41463725     1.32089e-16     
7465.50170387     1.34844e-16     
7469.5887705      1.17535e-16     
7473.67583712     1.28482e-16     
7477.76290374     1.21457e-16     
7481.84997037     1.30916e-16     
7485.93703699     1.27034e-16     
