3357.34991765     5.56756e-16     
3361.43732841     6.97144e-16     
3365.52473918     6.18927e-16     
3369.61214994     6.05692e-16     
3373.6995607      6.61624e-16     
3377.78697146     7.43859e-16     
3381.87438223     5.88513e-16     
3385.96179299     6.42111e-16     
3390.04920375     6.19541e-16     
3394.13661452     5.95499e-16     
3398.22402528     6.58813e-16     
3402.31143604     6.71121e-16     
3406.39884681     6.441e-16       
3410.48625757     6.90604e-16     
3414.57366833     6.53343e-16     
3418.66107909     6.49599e-16     
3422.74848986     6.56741e-16     
3426.83590062     6.48508e-16     
3430.92331138     7.47001e-16     
3435.01072215     6.78614e-16     
3439.09813291     7.54118e-16     
3443.18554367     6.88632e-16     
3447.27295444     6.63741e-16     
3451.3603652      6.63059e-16     
3455.44777596     6.72631e-16     
3459.53518672     7.17169e-16     
3463.62259749     7.06987e-16     
3467.71000825     6.48999e-16     
3471.79741901     6.94088e-16     
3475.88482978     6.89994e-16     
3479.97224054     6.27149e-16     
3484.0596513      6.92455e-16     
3488.14706207     7.18212e-16     
3492.23447283     6.73096e-16     
3496.32188359     6.87149e-16     
3500.40929435     7.36374e-16     
3504.49670512     6.6482e-16      
3508.58411588     6.52421e-16     
3512.67152664     6.87652e-16     
3516.75893741     6.65793e-16     
3520.84634817     6.96767e-16     
3524.93375893     6.48862e-16     
3529.0211697      6.33739e-16     
3533.10858046     6.63715e-16     
3537.19599122     6.34951e-16     
3541.28340198     6.64195e-16     
3545.37081275     6.37001e-16     
3549.45822351     6.49352e-16     
3553.54563427     6.57664e-16     
3557.63304504     6.4727e-16      
3561.7204558      6.81759e-16     
3565.80786656     6.84881e-16     
3569.89527733     6.6582e-16      
3573.98268809     6.57142e-16     
3578.07009885     6.7086e-16      
3582.15750961     7.00691e-16     
3586.24492038     6.49423e-16     
3590.33233114     6.7299e-16      
3594.4197419      6.39969e-16     
3598.50715267     6.75793e-16     
3602.59456343     6.53954e-16     
3606.68197419     6.58845e-16     
3610.76938496     6.57316e-16     
3614.85679572     6.61835e-16     
3618.94420648     6.6891e-16      
3623.03161724     6.41733e-16     
3627.11902801     6.61135e-16     
3631.20643877     6.53883e-16     
3635.29384953     7.06314e-16     
3639.3812603      6.9375e-16      
3643.46867106     6.73247e-16     
3647.55608182     6.77567e-16     
3651.64349259     6.69256e-16     
3655.73090335     6.57997e-16     
3659.81831411     6.9974e-16      
3663.90572487     6.70936e-16     
3667.99313564     6.84738e-16     
3672.0805464      6.89672e-16     
3676.16795716     6.97903e-16     
3680.25536793     6.77979e-16     
3684.34277869     6.67098e-16     
3688.43018945     7.07432e-16     
3692.51760022     7.17011e-16     
3696.60501098     7.03559e-16     
3700.69242174     7.02843e-16     
3704.7798325      7.20283e-16     
3708.86724327     7.10714e-16     
3712.95465403     7.05193e-16     
3717.04206479     7.12804e-16     
3721.12947556     7.04104e-16     
3725.21688632     7.00326e-16     
3729.30429708     6.82873e-16     
3733.39170785     6.83839e-16     
3737.47911861     6.98529e-16     
3741.56652937     7.00086e-16     
3745.65394013     6.97362e-16     
3749.7413509      7.12328e-16     
3753.82876166     7.07582e-16     
3757.91617242     7.1679e-16      
3762.00358319     7.11021e-16     
3766.09099395     6.90401e-16     
3770.17840471     7.04106e-16     
3774.26581547     7.17773e-16     
3778.35322624     7.20058e-16     
3782.440637       7.34327e-16     
3786.52804776     7.08846e-16     
3790.61545853     7.13909e-16     
3794.70286929     7.11796e-16     
3798.79028005     6.95296e-16     
3802.87769082     6.78056e-16     
3806.96510158     6.80709e-16     
3811.05251234     6.79594e-16     
3815.1399231      7.20275e-16     
3819.22733387     7.1791e-16      
3823.31474463     7.27817e-16     
3827.40215539     7.02577e-16     
3831.48956616     7.09628e-16     
3835.57697692     7.57133e-16     
3839.66438768     7.68485e-16     
3843.75179845     7.48586e-16     
3847.83920921     7.2649e-16      
3851.92661997     6.94045e-16     
3856.01403073     6.88196e-16     
3860.1014415      7.22126e-16     
3864.18885226     7.28912e-16     
3868.27626302     7.64612e-16     
3872.36367379     7.43605e-16     
3876.45108455     7.36827e-16     
3880.53849531     7.21555e-16     
3884.62590608     7.07753e-16     
3888.71331684     6.68927e-16     
3892.8007276      6.74986e-16     
3896.88813836     6.79158e-16     
3900.97554913     6.87234e-16     
3905.06295989     7.11444e-16     
3909.15037065     7.08219e-16     
3913.23778142     7.41004e-16     
3917.32519218     6.97182e-16     
3921.41260294     7.25734e-16     
3925.50001371     7.14354e-16     
3929.58742447     7.32117e-16     
3933.67483523     7.13952e-16     
3937.76224599     6.97428e-16     
3941.84965676     6.9656e-16      
3945.93706752     6.53278e-16     
3950.02447828     6.54632e-16     
3954.11188905     6.58358e-16     
3958.19929981     6.70911e-16     
3962.28671057     7.09406e-16     
3966.37412134     7.41764e-16     
3970.4615321      7.11776e-16     
3974.54894286     7.06412e-16     
3978.63635362     6.93558e-16     
3982.72376439     6.70628e-16     
3986.81117515     6.81482e-16     
3990.89858591     6.40537e-16     
3994.98599668     6.18057e-16     
3999.07340744     6.34591e-16     
4003.1608182      6.63615e-16     
4007.24822897     6.92726e-16     
4011.33563973     7.17393e-16     
4015.42305049     6.97304e-16     
4019.51046125     6.63877e-16     
4023.59787202     6.23277e-16     
4027.68528278     6.07273e-16     
4031.77269354     5.99775e-16     
4035.86010431     6.22699e-16     
4039.94751507     6.79366e-16     
4044.03492583     6.88014e-16     
4048.1223366      7.05359e-16     
4052.20974736     7.2584e-16      
4056.29715812     7.26108e-16     
4060.38456888     7.05708e-16     
4064.47197965     6.99358e-16     
4068.55939041     6.89983e-16     
4072.64680117     6.81443e-16     
4076.73421194     6.95145e-16     
4080.8216227      6.65719e-16     
4084.90903346     6.97914e-16     
4088.99644423     6.72265e-16     
4093.08385499     6.69181e-16     
4097.17126575     6.89952e-16     
4101.25867651     6.82365e-16     
4105.34608728     6.79063e-16     
4109.43349804     6.93233e-16     
4113.5209088      6.87586e-16     
4117.60831957     6.72625e-16     
4121.69573033     6.64373e-16     
4125.78314109     6.77544e-16     
4129.87055186     6.5944e-16      
4133.95796262     6.95087e-16     
4138.04537338     6.9641e-16      
4142.13278414     6.99511e-16     
4146.22019491     6.84483e-16     
4150.30760567     6.77999e-16     
4154.39501643     6.72015e-16     
4158.4824272      6.42135e-16     
4162.56983796     6.27911e-16     
4166.65724872     6.04652e-16     
4170.74465949     6.24107e-16     
4174.83207025     6.6788e-16      
4178.91948101     6.97183e-16     
4183.00689177     7.12982e-16     
4187.09430254     6.77513e-16     
4191.1817133      6.76626e-16     
4195.26912406     6.75028e-16     
4199.35653483     6.67698e-16     
4203.44394559     6.57731e-16     
4207.53135635     6.59509e-16     
4211.61876711     6.80304e-16     
4215.70617788     6.45973e-16     
4219.79358864     6.48429e-16     
4223.8809994      6.75949e-16     
4227.96841017     6.58313e-16     
4232.05582093     6.50741e-16     
4236.14323169     6.53134e-16     
4240.23064246     6.28813e-16     
4244.31805322     6.51919e-16     
4248.40546398     6.47868e-16     
4252.49287474     6.60457e-16     
4256.58028551     6.73344e-16     
4260.66769627     6.60803e-16     
4264.75510703     6.73846e-16     
4268.8425178      6.56993e-16     
4272.92992856     6.49342e-16     
4277.01733932     6.49479e-16     
4281.10475009     6.34195e-16     
4285.19216085     6.56858e-16     
4289.27957161     6.43305e-16     
4293.36698237     6.25384e-16     
4297.45439314     6.43399e-16     
4301.5418039      6.56568e-16     
4305.62921466     6.39086e-16     
4309.71662543     6.4523e-16      
4313.80403619     6.40056e-16     
4317.89144695     6.42672e-16     
4321.97885772     6.20525e-16     
4326.06626848     6.29459e-16     
4330.15367924     6.22053e-16     
4334.24109        6.41092e-16     
4338.32850077     6.24599e-16     
4342.41591153     6.27273e-16     
4346.50332229     6.29387e-16     
4350.59073306     6.25655e-16     
4354.67814382     6.31843e-16     
4358.76555458     6.21957e-16     
4362.85296535     6.13852e-16     
4366.94037611     6.24125e-16     
4371.02778687     6.2438e-16      
4375.11519763     6.09962e-16     
4379.2026084      6.41575e-16     
4383.29001916     6.22655e-16     
4387.37742992     6.42406e-16     
4391.46484069     6.24085e-16     
4395.55225145     6.08771e-16     
4399.63966221     5.88566e-16     
4403.72707298     5.83494e-16     
4407.81448374     5.67196e-16     
4411.9018945      5.67787e-16     
4415.98930526     5.89515e-16     
4420.07671603     6.51023e-16     
4424.16412679     6.6149e-16      
4428.25153755     6.55305e-16     
4432.33894832     6.59784e-16     
4436.42635908     6.47842e-16     
4440.51376984     6.37706e-16     
4444.60118061     6.28257e-16     
4448.68859137     6.08399e-16     
4452.77600213     6.09152e-16     
4456.86341289     6.00952e-16     
4460.95082366     6.068e-16       
4465.03823442     6.05398e-16     
4469.12564518     6.06602e-16     
4473.21305595     6.0085e-16      
4477.30046671     5.96811e-16     
4481.38787747     6.00992e-16     
4485.47528824     6.0144e-16      
4489.562699       6.12934e-16     
4493.65010976     6.0322e-16      
4497.73752052     6.07585e-16     
4501.82493129     5.99827e-16     
4505.91234205     5.93108e-16     
4509.99975281     6.20049e-16     
4514.08716358     6.09368e-16     
4518.17457434     6.02465e-16     
4522.2619851      6.0117e-16      
4526.34939587     6.10368e-16     
4530.43680663     6.07068e-16     
4534.52421739     5.87546e-16     
4538.61162815     5.84229e-16     
4542.69903892     5.61464e-16     
4546.78644968     5.53166e-16     
4550.87386044     5.56387e-16     
4554.96127121     5.73819e-16     
4559.04868197     5.81598e-16     
4563.13609273     5.84067e-16     
4567.2235035      6.02937e-16     
4571.31091426     5.93004e-16     
4575.39832502     5.76011e-16     
4579.48573578     6.03128e-16     
4583.57314655     5.86458e-16     
4587.66055731     5.79831e-16     
4591.74796807     5.78851e-16     
4595.83537884     5.91691e-16     
4599.9227896      6.00889e-16     
4604.01020036     5.93404e-16     
4608.09761112     5.77293e-16     
4612.18502189     5.86274e-16     
4616.27243265     5.95588e-16     
4620.35984341     5.77731e-16     
4624.44725418     5.56485e-16     
4628.53466494     5.83462e-16     
4632.6220757      5.71202e-16     
4636.70948647     5.58439e-16     
4640.79689723     5.84225e-16     
4644.88430799     5.58012e-16     
4648.97171875     5.89929e-16     
4653.05912952     5.74571e-16     
4657.14654028     5.77206e-16     
4661.23395104     5.73404e-16     
4665.32136181     5.932e-16       
4669.40877257     5.97297e-16     
4673.49618333     5.81945e-16     
4677.5835941      5.68731e-16     
4681.67100486     5.77231e-16     
4685.75841562     5.57954e-16     
4689.84582638     5.6055e-16      
4693.93323715     5.71207e-16     
4698.02064791     5.75678e-16     
4702.10805867     5.58326e-16     
4706.19546944     5.60486e-16     
4710.2828802      5.81101e-16     
4714.37029096     5.56242e-16     
4718.45770173     5.73362e-16     
4722.54511249     5.6355e-16      
4726.63252325     5.52065e-16     
4730.71993401     5.507e-16       
4734.80734478     5.59276e-16     
4738.89475554     5.73712e-16     
4742.9821663      5.55802e-16     
4747.06957707     5.41361e-16     
4751.15698783     5.62394e-16     
4755.24439859     5.63179e-16     
4759.33180936     5.47551e-16     
4763.41922012     5.60527e-16     
4767.50663088     5.55477e-16     
4771.59404164     5.55118e-16     
4775.68145241     5.48452e-16     
4779.76886317     5.47055e-16     
4783.85627393     5.43784e-16     
4787.9436847      5.41736e-16     
4792.03109546     5.48177e-16     
4796.11850622     5.4001e-16      
4800.20591699     5.41327e-16     
4804.29332775     5.42192e-16     
4808.38073851     5.56552e-16     
4812.46814927     5.49281e-16     
4816.55556004     5.42492e-16     
4820.6429708      5.33054e-16     
4824.73038156     5.35404e-16     
4828.81779233     5.32751e-16     
4832.90520309     5.3795e-16      
4836.99261385     5.34538e-16     
4841.08002462     5.41479e-16     
4845.16743538     5.38723e-16     
4849.25484614     5.34952e-16     
4853.3422569      5.19684e-16     
4857.42966767     5.26749e-16     
4861.51707843     5.33948e-16     
4865.60448919     5.10358e-16     
4869.69189996     5.19391e-16     
4873.77931072     5.36186e-16     
4877.86672148     5.48274e-16     
4881.95413225     5.25782e-16     
4886.04154301     5.20235e-16     
4890.12895377     5.32694e-16     
4894.21636453     5.267e-16       
4898.3037753      5.4206e-16      
4902.39118606     5.38712e-16     
4906.47859682     5.34581e-16     
4910.56600759     5.22313e-16     
4914.65341835     5.4872e-16      
4918.74082911     5.36203e-16     
4922.82823988     5.18046e-16     
4926.91565064     5.03705e-16     
4931.0030614      4.9869e-16      
4935.09047216     4.9463e-16      
4939.17788293     5.01207e-16     
4943.26529369     5.41342e-16     
4947.35270445     5.75902e-16     
4951.44011522     5.80169e-16     
4955.52752598     5.89601e-16     
4959.61493674     5.9125e-16      
4963.70234751     5.69683e-16     
4967.78975827     5.60359e-16     
4971.87716903     5.40835e-16     
4975.96457979     5.44e-16        
4980.05199056     5.23187e-16     
4984.13940132     5.13417e-16     
4988.22681208     5.09665e-16     
4992.31422285     5.1022e-16      
4996.40163361     5.10002e-16     
5000.48904437     4.97748e-16     
5004.57645514     5.0074e-16      
5008.6638659      4.95691e-16     
5012.75127666     5.11457e-16     
5016.83868742     5.21659e-16     
5020.92609819     5.09471e-16     
5025.01350895     5.16195e-16     
5029.10091971     5.05454e-16     
5033.18833048     5.2216e-16      
5037.27574124     5.00047e-16     
5041.363152       5.01743e-16     
5045.45056276     5.04425e-16     
5049.53797353     5.08694e-16     
5053.62538429     5.04047e-16     
5057.71279505     5.20902e-16     
5061.80020582     5.07116e-16     
5065.88761658     5.11702e-16     
5069.97502734     4.81773e-16     
5074.06243811     4.95768e-16     
5078.14984887     4.92414e-16     
5082.23725963     4.85311e-16     
5086.32467039     4.72724e-16     
5090.41208116     4.84448e-16     
5094.49949192     4.87266e-16     
5098.58690268     4.80316e-16     
5102.67431345     5.00539e-16     
5106.76172421     4.9956e-16      
5110.84913497     4.86006e-16     
5114.93654574     5.02086e-16     
5119.0239565      4.99826e-16     
5123.11136726     5.019e-16       
5127.19877802     5.11674e-16     
5131.28618879     4.91445e-16     
5135.37359955     4.86395e-16     
5139.46101031     4.99567e-16     
5143.54842108     4.91837e-16     
5147.63583184     4.88424e-16     
5151.7232426      4.84372e-16     
5155.81065337     4.97814e-16     
5159.89806413     4.96508e-16     
5163.98547489     4.83023e-16     
5168.07288565     4.77902e-16     
5172.16029642     4.83266e-16     
5176.24770718     4.71953e-16     
5180.33511794     4.90562e-16     
5184.42252871     4.86432e-16     
5188.50993947     4.86288e-16     
5192.59735023     4.78883e-16     
5196.684761       4.73412e-16     
5200.77217176     4.84242e-16     
5204.85958252     4.87899e-16     
5208.94699328     4.76997e-16     
5213.03440405     4.92076e-16     
5217.12181481     4.80211e-16     
5221.20922557     4.82592e-16     
5225.29663634     4.88196e-16     
5229.3840471      4.65349e-16     
5233.47145786     4.71362e-16     
5237.55886863     4.66646e-16     
5241.64627939     4.50424e-16     
5245.73369015     4.49282e-16     
5249.82110091     4.65489e-16     
5253.90851168     4.74075e-16     
5257.99592244     4.7488e-16      
5262.0833332      4.81499e-16     
5266.17074397     4.75344e-16     
5270.25815473     4.73845e-16     
5274.34556549     4.84077e-16     
5278.43297626     4.75379e-16     
5282.52038702     4.65276e-16     
5286.60779778     4.64939e-16     
5290.69520854     4.57772e-16     
5294.78261931     4.69567e-16     
5298.87003007     4.87855e-16     
5302.95744083     4.57627e-16     
5307.0448516      4.53437e-16     
5311.13226236     4.71395e-16     
5315.21967312     4.6494e-16      
5319.30708389     4.6945e-16      
5323.39449465     4.79751e-16     
5327.48190541     4.72454e-16     
5331.56931617     4.66212e-16     
5335.65672694     4.68378e-16     
5339.7441377      4.52071e-16     
5343.83154846     4.58567e-16     
5347.91895923     4.60485e-16     
5352.00636999     4.73402e-16     
5356.09378075     4.64434e-16     
5360.18119152     4.66256e-16     
5364.26860228     4.73572e-16     
5368.35601304     4.68281e-16     
5372.4434238      4.70797e-16     
5376.53083457     4.68585e-16     
5380.61824533     4.58907e-16     
5384.70565609     4.47492e-16     
5388.79306686     4.50341e-16     
5392.88047762     4.69262e-16     
5396.96788838     4.56979e-16     
5401.05529915     4.48898e-16     
5405.14270991     4.51108e-16     
5409.23012067     4.52869e-16     
5413.31753143     4.52462e-16     
5417.4049422      4.58657e-16     
5421.49235296     4.66955e-16     
5425.57976372     4.55952e-16     
5429.66717449     4.53186e-16     
5433.75458525     4.50178e-16     
5437.84199601     4.51348e-16     
5441.92940677     4.64988e-16     
5446.01681754     4.61549e-16     
5450.1042283      4.5212e-16      
5454.19163906     4.38765e-16     
5458.27904983     4.53917e-16     
5462.36646059     4.51134e-16     
5466.45387135     4.44392e-16     
5470.54128212     4.49486e-16     
5474.62869288     4.47007e-16     
5478.71610364     4.55747e-16     
5482.8035144      4.42912e-16     
5486.89092517     4.28675e-16     
5490.97833593     4.43515e-16     
5495.06574669     4.36444e-16     
5499.15315746     4.32159e-16     
5503.24056822     4.34669e-16     
5507.32797898     4.33996e-16     
5511.41538975     4.43065e-16     
5515.50280051     4.29238e-16     
5519.59021127     4.3401e-16      
5523.67762203     4.40504e-16     
5527.7650328      4.3602e-16      
5531.85244356     4.32593e-16     
5535.93985432     4.40327e-16     
5540.02726509     4.49039e-16     
5544.11467585     4.50674e-16     
5548.20208661     4.37494e-16     
5552.28949738     4.29538e-16     
5556.37690814     4.32224e-16     
5560.4643189      4.19711e-16     
5564.55172966     4.42628e-16     
5568.63914043     4.36345e-16     
5572.72655119     4.22098e-16     
5576.81396195     4.32898e-16     
5580.90137272     4.19817e-16     
5584.98878348     4.17999e-16     
5589.07619424     4.2317e-16      
5593.16360501     4.30357e-16     
5597.25101577     4.31834e-16     
5601.33842653     4.22717e-16     
5605.42583729     4.27234e-16     
5609.51324806     4.24979e-16     
5613.60065882     4.22668e-16     
5617.68806958     4.30518e-16     
5621.77548035     4.34572e-16     
5625.86289111     4.28552e-16     
5629.95030187     4.33198e-16     
5634.03771264     4.34815e-16     
5638.1251234      4.28208e-16     
5642.21253416     4.2311e-16      
5646.29994492     4.23173e-16     
5650.38735569     4.22918e-16     
5654.47476645     4.23724e-16     
5658.56217721     4.30844e-16     
5662.64958798     4.28628e-16     
5666.73699874     4.10532e-16     
5670.8244095      4.03303e-16     
5674.91182027     4.22392e-16     
5678.99923103     4.31245e-16     
5683.08664179     4.2442e-16      
5687.17405255     4.05631e-16     
5691.26146332     4.09562e-16     
5695.34887408     4.13899e-16     
5699.43628484     4.09564e-16     
5703.52369561     3.90991e-16     
5707.61110637     4.18653e-16     
5711.69851713     4.03922e-16     
5715.7859279      4.16811e-16     
5719.87333866     4.03766e-16     
5723.96074942     4.10149e-16     
5728.04816018     4.17881e-16     
5732.13557095     3.9986e-16      
5736.22298171     4.07338e-16     
5740.31039247     4.12907e-16     
5744.39780324     3.96108e-16     
5748.485214       3.91872e-16     
5752.57262476     4.03706e-16     
5756.66003553     4.02822e-16     
5760.74744629     4.00155e-16     
5764.83485705     3.9433e-16      
5768.92226781     4.08194e-16     
5773.00967858     4.04966e-16     
5777.09708934     3.88438e-16     
5781.1845001      3.90158e-16     
5785.27191087     4.02732e-16     
5789.35932163     3.89927e-16     
5793.44673239     3.86678e-16     
5797.53414316     3.92916e-16     
5801.62155392     4.01702e-16     
5805.70896468     4.01988e-16     
5809.79637544     3.88991e-16     
5813.88378621     3.93997e-16     
5817.97119697     3.98076e-16     
5822.05860773     4.00309e-16     
5826.1460185      4.1149e-16      
5830.23342926     3.87078e-16     
5834.32084002     3.89287e-16     
5838.40825078     3.85735e-16     
5842.49566155     3.99422e-16     
5846.58307231     3.98985e-16     
5850.67048307     4.01022e-16     
5854.75789384     4.00317e-16     
5858.8453046      4.04614e-16     
5862.93271536     4.11572e-16     
5867.02012613     3.93619e-16     
5871.10753689     3.80679e-16     
5875.19494765     3.92453e-16     
5879.28235841     3.89419e-16     
5883.36976918     3.79713e-16     
5887.45717994     3.90028e-16     
5891.5445907      3.86866e-16     
5895.63200147     3.693e-16       
5899.71941223     3.79729e-16     
5903.80682299     3.80993e-16     
5907.89423376     3.9517e-16      
5911.98164452     3.91054e-16     
5916.06905528     3.92229e-16     
5920.15646604     3.88941e-16     
5924.24387681     3.78037e-16     
5928.33128757     3.99909e-16     
5932.41869833     3.88525e-16     
5936.5061091      3.87219e-16     
5940.59351986     3.90871e-16     
5944.68093062     3.76205e-16     
5948.76834139     3.86623e-16     
5952.85575215     3.90487e-16     
5956.94316291     3.59984e-16     
5961.03057367     3.65607e-16     
5965.11798444     3.82089e-16     
5969.2053952      3.48911e-16     
5973.29280596     3.70965e-16     
5977.38021673     3.663e-16       
5981.46762749     3.86259e-16     
5985.55503825     3.8249e-16      
5989.64244902     3.79948e-16     
5993.72985978     4.07274e-16     
5997.81727054     3.83413e-16     
6001.9046813      3.78716e-16     
6005.99209207     3.75287e-16     
6010.07950283     3.64093e-16     
6014.16691359     3.81345e-16     
6018.25432436     3.72383e-16     
6022.34173512     3.76709e-16     
6026.42914588     3.5791e-16      
6030.51655665     3.57991e-16     
6034.60396741     3.65647e-16     
6038.69137817     3.61452e-16     
6042.77878893     3.86291e-16     
6046.8661997      3.53722e-16     
6050.95361046     3.54346e-16     
6055.04102122     3.47997e-16     
6059.12843199     3.63493e-16     
6063.21584275     3.54701e-16     
6067.30325351     3.45644e-16     
6071.39066428     3.58596e-16     
6075.47807504     3.59121e-16     
6079.5654858      3.73132e-16     
6083.65289656     3.76163e-16     
6087.74030733     3.57929e-16     
6091.82771809     3.70319e-16     
6095.91512885     3.45302e-16     
6100.00253962     3.68336e-16     
6104.08995038     3.58256e-16     
6108.17736114     3.52467e-16     
6112.26477191     3.59701e-16     
6116.35218267     3.80964e-16     
6120.43959343     3.71726e-16     
6124.52700419     3.60538e-16     
6128.61441496     3.61967e-16     
6132.70182572     3.57229e-16     
6136.78923648     3.59764e-16     
6140.87664725     3.58607e-16     
6144.96405801     3.58322e-16     
6149.05146877     3.56845e-16     
6153.13887954     3.54783e-16     
6157.2262903      3.45304e-16     
6161.31370106     3.49836e-16     
6165.40111182     3.39011e-16     
6169.48852259     3.48631e-16     
6173.57593335     3.5402e-16      
6177.66334411     3.42466e-16     
6181.75075488     3.41702e-16     
6185.83816564     3.33802e-16     
6189.9255764      3.4384e-16      
6194.01298717     3.63455e-16     
6198.10039793     3.58031e-16     
6202.18780869     3.52425e-16     
6206.27521945     3.45313e-16     
6210.36263022     3.34775e-16     
6214.45004098     3.44603e-16     
6218.53745174     3.57797e-16     
6222.62486251     3.63946e-16     
6226.71227327     3.48896e-16     
6230.79968403     3.48386e-16     
6234.8870948      3.43887e-16     
6238.97450556     3.56418e-16     
6243.06191632     3.53896e-16     
6247.14932708     3.5218e-16      
6251.23673785     3.44074e-16     
6255.32414861     3.33374e-16     
6259.41155937     3.49347e-16     
6263.49897014     3.48997e-16     
6267.5863809      3.43183e-16     
6271.67379166     3.30249e-16     
6275.76120242     3.26705e-16     
6279.84861319     3.22617e-16     
6283.93602395     3.40248e-16     
6288.02343471     3.341e-16       
6292.11084548     3.26034e-16     
6296.19825624     3.36479e-16     
6300.285667       3.48008e-16     
6304.37307777     3.39595e-16     
6308.46048853     3.27727e-16     
6312.54789929     3.20946e-16     
6316.63531005     3.26069e-16     
6320.72272082     3.31914e-16     
6324.81013158     3.35022e-16     
6328.89754234     3.24293e-16     
6332.98495311     3.32559e-16     
6337.07236387     3.24845e-16     
6341.15977463     3.49335e-16     
6345.2471854      3.27909e-16     
6349.33459616     3.40044e-16     
6353.42200692     3.50876e-16     
6357.50941768     3.44233e-16     
6361.59682845     3.40666e-16     
6365.68423921     3.37275e-16     
6369.77164997     3.28013e-16     
6373.85906074     3.26378e-16     
6377.9464715      3.32129e-16     
6382.03388226     3.32389e-16     
6386.12129303     3.3313e-16      
6390.20870379     3.23885e-16     
6394.29611455     3.27108e-16     
6398.38352531     3.23475e-16     
6402.47093608     3.30936e-16     
6406.55834684     3.11676e-16     
6410.6457576      3.20247e-16     
6414.73316837     3.20201e-16     
6418.82057913     3.19469e-16     
6422.90798989     3.18232e-16     
6426.99540066     3.06355e-16     
6431.08281142     3.1826e-16      
6435.17022218     3.15106e-16     
6439.25763294     3.09622e-16     
6443.34504371     2.89457e-16     
6447.43245447     2.98189e-16     
6451.51986523     2.87179e-16     
6455.607276       2.97578e-16     
6459.69468676     3.05446e-16     
6463.78209752     3.02626e-16     
6467.86950829     3.03085e-16     
6471.95691905     3.00409e-16     
6476.04432981     2.93929e-16     
6480.13174057     2.96539e-16     
6484.21915134     3.10852e-16     
6488.3065621      3.20093e-16     
6492.39397286     3.03484e-16     
6496.48138363     3.02151e-16     
6500.56879439     3.25469e-16     
6504.65620515     3.225e-16       
6508.74361592     3.17727e-16     
6512.83102668     2.9651e-16      
6516.91843744     3.1166e-16      
6521.0058482      3.19054e-16     
6525.09325897     3.08305e-16     
6529.18066973     3.11356e-16     
6533.26808049     3.12225e-16     
6537.35549126     3.01486e-16     
6541.44290202     3.05247e-16     
6545.53031278     3.03545e-16     
6549.61772355     3.06162e-16     
6553.70513431     3.20699e-16     
6557.79254507     3.02719e-16     
6561.87995583     3.03862e-16     
6565.9673666      2.97708e-16     
6570.05477736     2.99781e-16     
6574.14218812     3.12397e-16     
6578.22959889     2.95832e-16     
6582.31700965     3.05239e-16     
6586.40442041     3.15921e-16     
6590.49183118     3.11752e-16     
6594.57924194     3.19018e-16     
6598.6666527      3.03944e-16     
6602.75406346     3.02069e-16     
6606.84147423     2.94716e-16     
6610.92888499     3.01047e-16     
6615.01629575     3.05994e-16     
6619.10370652     3.16724e-16     
6623.19111728     3.09279e-16     
6627.27852804     3.13495e-16     
6631.36593881     3.03303e-16     
6635.45334957     2.94098e-16     
6639.54076033     3.02684e-16     
6643.62817109     3.11562e-16     
6647.71558186     3.15356e-16     
6651.80299262     3.1541e-16      
6655.89040338     3.0697e-16      
6659.97781415     3.09679e-16     
6664.06522491     3.11926e-16     
6668.15263567     3.22975e-16     
6672.24004643     3.36725e-16     
6676.3274572      3.32066e-16     
6680.41486796     3.58967e-16     
6684.50227872     3.78502e-16     
6688.58968949     3.81837e-16     
6692.67710025     3.67559e-16     
6696.76451101     3.46239e-16     
6700.85192178     3.41037e-16     
6704.93933254     3.30687e-16     
6709.0267433      3.21593e-16     
6713.11415406     3.27907e-16     
6717.20156483     3.15648e-16     
6721.28897559     3.13416e-16     
6725.37638635     2.94357e-16     
6729.46379712     2.90186e-16     
6733.55120788     3.0944e-16      
6737.63861864     3.04764e-16     
6741.72602941     2.86564e-16     
6745.81344017     2.97395e-16     
6749.90085093     2.97505e-16     
6753.98826169     2.80601e-16     
6758.07567246     2.88673e-16     
6762.16308322     3.01147e-16     
6766.25049398     2.81142e-16     
6770.33790475     2.86155e-16     
6774.42531551     2.58936e-16     
6778.51272627     2.77593e-16     
6782.60013704     2.85082e-16     
6786.6875478      2.75454e-16     
6790.77495856     2.76853e-16     
6794.86236932     2.78104e-16     
6798.94978009     2.76812e-16     
6803.03719085     2.80467e-16     
6807.12460161     2.88558e-16     
6811.21201238     2.92492e-16     
6815.29942314     2.85197e-16     
6819.3868339      2.78692e-16     
6823.47424467     2.88142e-16     
6827.56165543     2.98724e-16     
6831.64906619     2.98051e-16     
6835.73647695     2.85999e-16     
6839.82388772     2.72548e-16     
6843.91129848     2.82849e-16     
6847.99870924     2.7649e-16      
6852.08612001     2.66988e-16     
6856.17353077     2.83265e-16     
6860.26094153     2.92067e-16     
6864.3483523      2.80828e-16     
6868.43576306     2.78144e-16     
6872.52317382     2.75083e-16     
6876.61058458     2.58752e-16     
6880.69799535     2.75553e-16     
6884.78540611     2.70338e-16     
6888.87281687     2.68756e-16     
6892.96022764     2.83213e-16     
6897.0476384      2.79337e-16     
6901.13504916     2.73115e-16     
6905.22245993     2.75681e-16     
6909.30987069     2.76862e-16     
6913.39728145     2.7586e-16      
6917.48469221     2.7575e-16      
6921.57210298     2.75105e-16     
6925.65951374     2.58857e-16     
6929.7469245      2.7809e-16      
6933.83433527     2.79368e-16     
6937.92174603     2.64686e-16     
6942.00915679     2.89495e-16     
6946.09656756     2.9095e-16      
6950.18397832     2.76676e-16     
6954.27138908     2.66575e-16     
6958.35879984     2.73106e-16     
6962.44621061     2.83088e-16     
6966.53362137     2.79043e-16     
6970.62103213     2.63605e-16     
6974.7084429      2.70506e-16     
6978.79585366     2.69772e-16     
6982.88326442     2.70492e-16     
6986.97067519     2.65934e-16     
6991.05808595     2.64291e-16     
6995.14549671     2.60902e-16     
6999.23290747     2.62652e-16     
7003.32031824     2.66796e-16     
7007.407729       2.71566e-16     
7011.49513976     2.71938e-16     
7015.58255053     2.71635e-16     
7019.66996129     2.72051e-16     
7023.75737205     2.74114e-16     
7027.84478282     2.77131e-16     
7031.93219358     2.7777e-16      
7036.01960434     2.62512e-16     
7040.1070151      2.56176e-16     
7044.19442587     2.66064e-16     
7048.28183663     2.71394e-16     
7052.36924739     2.79285e-16     
7056.45665816     2.63833e-16     
7060.54406892     2.54519e-16     
7064.63147968     2.5629e-16      
7068.71889045     2.58992e-16     
7072.80630121     2.69774e-16     
7076.89371197     2.72975e-16     
7080.98112273     2.65838e-16     
7085.0685335      2.58132e-16     
7089.15594426     2.57602e-16     
7093.24335502     2.63285e-16     
7097.33076579     2.79482e-16     
7101.41817655     2.59636e-16     
7105.50558731     2.5281e-16      
7109.59299807     2.55458e-16     
7113.68040884     2.52623e-16     
7117.7678196      2.52959e-16     
7121.85523036     2.54643e-16     
7125.94264113     2.55899e-16     
7130.03005189     2.57811e-16     
7134.11746265     2.46236e-16     
7138.20487342     2.43085e-16     
7142.29228418     2.55036e-16     
7146.37969494     2.59999e-16     
7150.4671057      2.48743e-16     
7154.55451647     2.35769e-16     
7158.64192723     2.3964e-16      
7162.72933799     2.67131e-16     
7166.81674876     2.59747e-16     
7170.90415952     2.385e-16       
7174.99157028     2.35835e-16     
7179.07898105     2.58844e-16     
7183.16639181     2.74319e-16     
7187.25380257     2.68663e-16     
7191.34121333     2.74828e-16     
7195.4286241      2.56511e-16     
7199.51603486     2.53911e-16     
7203.60344562     2.61107e-16     
7207.69085639     2.54354e-16     
7211.77826715     2.54882e-16     
7215.86567791     2.50318e-16     
7219.95308868     2.41387e-16     
7224.04049944     2.45658e-16     
7228.1279102      2.59141e-16     
7232.21532096     2.59598e-16     
7236.30273173     2.51647e-16     
7240.39014249     2.45482e-16     
7244.47755325     2.41339e-16     
7248.56496402     2.59087e-16     
7252.65237478     2.63994e-16     
7256.73978554     2.42054e-16     
7260.82719631     2.35438e-16     
7264.91460707     2.33102e-16     
7269.00201783     2.60394e-16     
7273.08942859     2.65339e-16     
7277.17683936     2.46873e-16     
7281.26425012     2.30814e-16     
7285.35166088     2.41148e-16     
7289.43907165     2.49729e-16     
7293.52648241     2.38101e-16     
7297.61389317     2.30479e-16     
7301.70130394     2.45252e-16     
7305.7887147      2.35229e-16     
7309.87612546     2.55838e-16     
7313.96353622     2.62969e-16     
7318.05094699     2.36733e-16     
7322.13835775     2.25852e-16     
7326.22576851     2.38532e-16     
7330.31317928     2.42049e-16     
7334.40059004     2.473e-16       
7338.4880008      2.23131e-16     
7342.57541157     2.08322e-16     
7346.66282233     2.43027e-16     
7350.75023309     2.56407e-16     
7354.83764385     2.39348e-16     
7358.92505462     2.42084e-16     
7363.01246538     2.31991e-16     
7367.09987614     2.27128e-16     
7371.18728691     2.53883e-16     
7375.27469767     2.30702e-16     
7379.36210843     2.35231e-16     
7383.4495192      2.20211e-16     
7387.53692996     2.38055e-16     
7391.62434072     2.45406e-16     
7395.71175148     2.27174e-16     
7399.79916225     2.26912e-16     
7403.88657301     2.39493e-16     
7407.97398377     2.49573e-16     
7412.06139454     2.31935e-16     
7416.1488053      2.2586e-16      
7420.23621606     2.49654e-16     
7424.32362683     2.418e-16       
7428.41103759     2.31417e-16     
7432.49844835     2.18153e-16     
7436.58585911     2.34488e-16     
7440.67326988     2.41569e-16     
7444.76068064     2.36709e-16     
7448.8480914      2.25539e-16     
7452.93550217     2.26682e-16     
7457.02291293     2.37583e-16     
7461.11032369     2.35305e-16     
7465.19773446     2.20582e-16     
7469.28514522     2.26625e-16     
7473.37255598     2.27679e-16     
7477.45996674     2.14211e-16     
7481.54737751     2.44834e-16     
7485.63478827     2.26251e-16     
