3357.99974775     3.37043e-16     
3362.08681437     2.7829e-16      
3366.173881       2.1201e-16      
3370.26094762     2.6754e-16      
3374.34801424     2.23123e-16     
3378.43508087     2.68e-16        
3382.52214749     1.99278e-16     
3386.60921411     2.56353e-16     
3390.69628073     2.26897e-16     
3394.78334736     2.68155e-16     
3398.87041398     2.50295e-16     
3402.9574806      2.74102e-16     
3407.04454723     2.6212e-16      
3411.13161385     2.70451e-16     
3415.21868047     2.53973e-16     
3419.3057471      2.236e-16       
3423.39281372     2.53066e-16     
3427.47988034     2.63235e-16     
3431.56694696     2.55925e-16     
3435.65401359     2.76776e-16     
3439.74108021     2.93196e-16     
3443.82814683     3.10264e-16     
3447.91521346     3.23036e-16     
3452.00228008     2.51387e-16     
3456.0893467      2.95615e-16     
3460.17641333     3.07559e-16     
3464.26347995     3.09921e-16     
3468.35054657     2.85904e-16     
3472.43761319     2.97352e-16     
3476.52467982     3.20407e-16     
3480.61174644     3.1148e-16      
3484.69881306     2.78572e-16     
3488.78587969     2.63739e-16     
3492.87294631     2.61289e-16     
3496.96001293     2.79169e-16     
3501.04707956     2.93934e-16     
3505.13414618     3.26464e-16     
3509.2212128      2.76765e-16     
3513.30827942     3.1646e-16      
3517.39534605     2.80035e-16     
3521.48241267     2.7915e-16      
3525.56947929     3.00597e-16     
3529.65654592     2.97774e-16     
3533.74361254     2.90353e-16     
3537.83067916     3.55964e-16     
3541.91774579     2.86896e-16     
3546.00481241     2.98503e-16     
3550.09187903     2.52062e-16     
3554.17894565     2.8412e-16      
3558.26601228     2.98651e-16     
3562.3530789      2.8234e-16      
3566.44014552     2.91381e-16     
3570.52721215     3.02339e-16     
3574.61427877     2.92725e-16     
3578.70134539     3.13884e-16     
3582.78841202     2.58989e-16     
3586.87547864     3.11833e-16     
3590.96254526     2.79626e-16     
3595.04961188     2.87017e-16     
3599.13667851     2.90446e-16     
3603.22374513     3.01706e-16     
3607.31081175     2.71534e-16     
3611.39787838     3.02355e-16     
3615.484945       3.05447e-16     
3619.57201162     2.80508e-16     
3623.65907825     2.87101e-16     
3627.74614487     2.85291e-16     
3631.83321149     3.03675e-16     
3635.92027811     3.08507e-16     
3640.00734474     2.95539e-16     
3644.09441136     3.14813e-16     
3648.18147798     3.23855e-16     
3652.26854461     3.05004e-16     
3656.35561123     2.92621e-16     
3660.44267785     2.87023e-16     
3664.52974448     2.99913e-16     
3668.6168111      2.9976e-16      
3672.70387772     3.03844e-16     
3676.79094434     2.91477e-16     
3680.87801097     3.1714e-16      
3684.96507759     3.00305e-16     
3689.05214421     3.13215e-16     
3693.13921084     3.27227e-16     
3697.22627746     2.92482e-16     
3701.31334408     3.19168e-16     
3705.40041071     3.2351e-16      
3709.48747733     3.16928e-16     
3713.57454395     3.10575e-16     
3717.66161057     3.07403e-16     
3721.7486772      3.09791e-16     
3725.83574382     3.00523e-16     
3729.92281044     3.03947e-16     
3734.00987707     3.29206e-16     
3738.09694369     3.29244e-16     
3742.18401031     3.15139e-16     
3746.27107694     3.18113e-16     
3750.35814356     3.36924e-16     
3754.44521018     3.24143e-16     
3758.5322768      3.333e-16       
3762.61934343     2.96428e-16     
3766.70641005     3.2253e-16      
3770.79347667     3.2894e-16      
3774.8805433      3.27285e-16     
3778.96760992     3.10714e-16     
3783.05467654     3.3505e-16      
3787.14174317     3.27864e-16     
3791.22880979     3.27212e-16     
3795.31587641     3.19789e-16     
3799.40294304     3.21921e-16     
3803.49000966     3.10552e-16     
3807.57707628     3.21359e-16     
3811.6641429      3.03069e-16     
3815.75120953     3.16203e-16     
3819.83827615     3.30053e-16     
3823.92534277     3.24627e-16     
3828.0124094      3.2215e-16      
3832.09947602     3.31142e-16     
3836.18654264     3.43615e-16     
3840.27360927     3.45089e-16     
3844.36067589     3.58784e-16     
3848.44774251     3.51218e-16     
3852.53480913     3.30964e-16     
3856.62187576     3.20145e-16     
3860.70894238     3.35519e-16     
3864.796009       3.39885e-16     
3868.88307563     3.51607e-16     
3872.97014225     3.47082e-16     
3877.05720887     3.43726e-16     
3881.1442755      3.39965e-16     
3885.23134212     3.2371e-16      
3889.31840874     3.33332e-16     
3893.40547536     3.0896e-16      
3897.49254199     3.17736e-16     
3901.57960861     3.25405e-16     
3905.66667523     3.25846e-16     
3909.75374186     3.38523e-16     
3913.84080848     3.41491e-16     
3917.9278751      3.31283e-16     
3922.01494173     3.24559e-16     
3926.10200835     3.30299e-16     
3930.18907497     3.48918e-16     
3934.27614159     3.35227e-16     
3938.36320822     3.29107e-16     
3942.45027484     3.16335e-16     
3946.53734146     3.02102e-16     
3950.62440809     2.9054e-16      
3954.71147471     3.10826e-16     
3958.79854133     3.07572e-16     
3962.88560796     3.36155e-16     
3966.97267458     3.32938e-16     
3971.0597412      3.35468e-16     
3975.14680782     3.37875e-16     
3979.23387445     3.33403e-16     
3983.32094107     3.26959e-16     
3987.40800769     3.07382e-16     
3991.49507432     3.05265e-16     
3995.58214094     2.93867e-16     
3999.66920756     2.82516e-16     
4003.75627419     3.04801e-16     
4007.84334081     3.33632e-16     
4011.93040743     3.49435e-16     
4016.01747405     3.23525e-16     
4020.10454068     3.06356e-16     
4024.1916073      2.8623e-16      
4028.27867392     2.79079e-16     
4032.36574055     2.56858e-16     
4036.45280717     2.82218e-16     
4040.53987379     3.10196e-16     
4044.62694042     3.24643e-16     
4048.71400704     3.47964e-16     
4052.80107366     3.3865e-16      
4056.88814028     3.18078e-16     
4060.97520691     3.29938e-16     
4065.06227353     3.29043e-16     
4069.14934015     3.31108e-16     
4073.23640678     3.40321e-16     
4077.3234734      3.24599e-16     
4081.41054002     3.23215e-16     
4085.49760665     3.28192e-16     
4089.58467327     3.27513e-16     
4093.67173989     3.20472e-16     
4097.75880651     3.16324e-16     
4101.84587314     3.27043e-16     
4105.93293976     3.20642e-16     
4110.02000638     3.1844e-16      
4114.10707301     3.24387e-16     
4118.19413963     3.20269e-16     
4122.28120625     3.33077e-16     
4126.36827288     3.21545e-16     
4130.4553395      3.11591e-16     
4134.54240612     3.10637e-16     
4138.62947274     3.27734e-16     
4142.71653937     3.28694e-16     
4146.80360599     3.25995e-16     
4150.89067261     3.34527e-16     
4154.97773924     3.09085e-16     
4159.06480586     2.87037e-16     
4163.15187248     2.76827e-16     
4167.23893911     2.75468e-16     
4171.32600573     2.95529e-16     
4175.41307235     2.99455e-16     
4179.50013897     3.19681e-16     
4183.5872056      3.35904e-16     
4187.67427222     3.2792e-16      
4191.76133884     3.25976e-16     
4195.84840547     3.09211e-16     
4199.93547209     3.0483e-16      
4204.02253871     3.09414e-16     
4208.10960534     3.1648e-16      
4212.19667196     3.10827e-16     
4216.28373858     3.08996e-16     
4220.37080521     3.11817e-16     
4224.45787183     2.97959e-16     
4228.54493845     3.01355e-16     
4232.63200507     3.08575e-16     
4236.7190717      3.08469e-16     
4240.80613832     2.96382e-16     
4244.89320494     3.02467e-16     
4248.98027157     3.07433e-16     
4253.06733819     3.1134e-16      
4257.15440481     3.01183e-16     
4261.24147144     3.05297e-16     
4265.32853806     3.13166e-16     
4269.41560468     3.06421e-16     
4273.5026713      2.99458e-16     
4277.58973793     3.14381e-16     
4281.67680455     3.13367e-16     
4285.76387117     2.93705e-16     
4289.8509378      3.00726e-16     
4293.93800442     2.99611e-16     
4298.02507104     2.96359e-16     
4302.11213767     2.83457e-16     
4306.19920429     3.07589e-16     
4310.28627091     2.82706e-16     
4314.37333753     3.00685e-16     
4318.46040416     3.01688e-16     
4322.54747078     3.13745e-16     
4326.6345374      3.0463e-16      
4330.72160403     2.96892e-16     
4334.80867065     2.96465e-16     
4338.89573727     2.96462e-16     
4342.9828039      2.9836e-16      
4347.06987052     2.85522e-16     
4351.15693714     2.98651e-16     
4355.24400376     2.88312e-16     
4359.33107039     2.73184e-16     
4363.41813701     2.83998e-16     
4367.50520363     2.86698e-16     
4371.59227026     2.97068e-16     
4375.67933688     2.98367e-16     
4379.7664035      2.93734e-16     
4383.85347013     2.92011e-16     
4387.94053675     3.01306e-16     
4392.02760337     2.9232e-16      
4396.11466999     2.79874e-16     
4400.20173662     2.82772e-16     
4404.28880324     2.65845e-16     
4408.37586986     2.62805e-16     
4412.46293649     2.5548e-16      
4416.55000311     2.8083e-16      
4420.63706973     2.74973e-16     
4424.72413636     2.98334e-16     
4428.81120298     3.05242e-16     
4432.8982696      2.97445e-16     
4436.98533622     2.90451e-16     
4441.07240285     2.84681e-16     
4445.15946947     2.85665e-16     
4449.24653609     2.80032e-16     
4453.33360272     2.85687e-16     
4457.42066934     2.90126e-16     
4461.50773596     2.83499e-16     
4465.59480259     2.88552e-16     
4469.68186921     2.72291e-16     
4473.76893583     2.75533e-16     
4477.85600245     2.87408e-16     
4481.94306908     2.70044e-16     
4486.0301357      2.82833e-16     
4490.11720232     2.79948e-16     
4494.20426895     2.83557e-16     
4498.29133557     2.81053e-16     
4502.37840219     2.86141e-16     
4506.46546882     2.75567e-16     
4510.55253544     2.87593e-16     
4514.63960206     2.73098e-16     
4518.72666868     2.88965e-16     
4522.81373531     2.75768e-16     
4526.90080193     2.7785e-16      
4530.98786855     2.80565e-16     
4535.07493518     2.78185e-16     
4539.1620018      2.69091e-16     
4543.24906842     2.6802e-16      
4547.33613505     2.56236e-16     
4551.42320167     2.52421e-16     
4555.51026829     2.56119e-16     
4559.59733491     2.52727e-16     
4563.68440154     2.64783e-16     
4567.77146816     2.78233e-16     
4571.85853478     2.57791e-16     
4575.94560141     2.70321e-16     
4580.03266803     2.70218e-16     
4584.11973465     2.69964e-16     
4588.20680128     2.72056e-16     
4592.2938679      2.71565e-16     
4596.38093452     2.73027e-16     
4600.46800115     2.78737e-16     
4604.55506777     2.70064e-16     
4608.64213439     2.76127e-16     
4612.72920101     2.68509e-16     
4616.81626764     2.68729e-16     
4620.90333426     2.64857e-16     
4624.99040088     2.64122e-16     
4629.07746751     2.60586e-16     
4633.16453413     2.73657e-16     
4637.25160075     2.74432e-16     
4641.33866738     2.61079e-16     
4645.425734       2.6176e-16      
4649.51280062     2.63873e-16     
4653.59986724     2.66712e-16     
4657.68693387     2.76508e-16     
4661.77400049     2.6059e-16      
4665.86106711     2.70965e-16     
4669.94813374     2.79567e-16     
4674.03520036     2.72967e-16     
4678.12226698     2.70162e-16     
4682.20933361     2.68947e-16     
4686.29640023     2.68892e-16     
4690.38346685     2.60185e-16     
4694.47053347     2.47069e-16     
4698.5576001      2.63638e-16     
4702.64466672     2.6075e-16      
4706.73173334     2.67395e-16     
4710.81879997     2.78836e-16     
4714.90586659     2.61502e-16     
4718.99293321     2.67259e-16     
4723.07999984     2.5908e-16      
4727.16706646     2.5538e-16      
4731.25413308     2.58464e-16     
4735.3411997      2.54243e-16     
4739.42826633     2.57381e-16     
4743.51533295     2.64101e-16     
4747.60239957     2.6204e-16      
4751.6894662      2.6016e-16      
4755.77653282     2.73066e-16     
4759.86359944     2.50355e-16     
4763.95066607     2.67074e-16     
4768.03773269     2.6538e-16      
4772.12479931     2.6266e-16      
4776.21186593     2.59821e-16     
4780.29893256     2.51373e-16     
4784.38599918     2.57955e-16     
4788.4730658      2.59451e-16     
4792.56013243     2.53773e-16     
4796.64719905     2.51408e-16     
4800.73426567     2.59485e-16     
4804.8213323      2.42876e-16     
4808.90839892     2.58428e-16     
4812.99546554     2.57658e-16     
4817.08253216     2.45213e-16     
4821.16959879     2.44971e-16     
4825.25666541     2.53296e-16     
4829.34373203     2.53847e-16     
4833.43079866     2.46323e-16     
4837.51786528     2.5968e-16      
4841.6049319      2.54169e-16     
4845.69199853     2.50325e-16     
4849.77906515     2.54388e-16     
4853.86613177     2.46671e-16     
4857.95319839     2.41129e-16     
4862.04026502     2.46787e-16     
4866.12733164     2.52391e-16     
4870.21439826     2.45481e-16     
4874.30146489     2.57718e-16     
4878.38853151     2.51231e-16     
4882.47559813     2.44301e-16     
4886.56266476     2.48526e-16     
4890.64973138     2.44261e-16     
4894.736798       2.4214e-16      
4898.82386462     2.33515e-16     
4902.91093125     2.45942e-16     
4906.99799787     2.51051e-16     
4911.08506449     2.40117e-16     
4915.17213112     2.45014e-16     
4919.25919774     2.38842e-16     
4923.34626436     2.44841e-16     
4927.43333099     2.44281e-16     
4931.52039761     2.30628e-16     
4935.60746423     2.28447e-16     
4939.69453085     2.33473e-16     
4943.78159748     2.50388e-16     
4947.8686641      2.63721e-16     
4951.95573072     2.79886e-16     
4956.04279735     2.81806e-16     
4960.12986397     2.76399e-16     
4964.21693059     2.58558e-16     
4968.30399722     2.61777e-16     
4972.39106384     2.48386e-16     
4976.47813046     2.52572e-16     
4980.56519708     2.39075e-16     
4984.65226371     2.30998e-16     
4988.73933033     2.2874e-16      
4992.82639695     2.35132e-16     
4996.91346358     2.3116e-16      
5001.0005302      2.20148e-16     
5005.08759682     2.44838e-16     
5009.17466345     2.3921e-16      
5013.26173007     2.4151e-16      
5017.34879669     2.46086e-16     
5021.43586332     2.45063e-16     
5025.52292994     2.50325e-16     
5029.60999656     2.49501e-16     
5033.69706318     2.4428e-16      
5037.78412981     2.40833e-16     
5041.87119643     2.43882e-16     
5045.95826305     2.35205e-16     
5050.04532968     2.39819e-16     
5054.1323963      2.47427e-16     
5058.21946292     2.31953e-16     
5062.30652955     2.25443e-16     
5066.39359617     2.29835e-16     
5070.48066279     2.2049e-16      
5074.56772941     2.30982e-16     
5078.65479604     2.40844e-16     
5082.74186266     2.30175e-16     
5086.82892928     2.36268e-16     
5090.91599591     2.21132e-16     
5095.00306253     2.14756e-16     
5099.09012915     2.20897e-16     
5103.17719578     2.2783e-16      
5107.2642624      2.38031e-16     
5111.35132902     2.37441e-16     
5115.43839564     2.32731e-16     
5119.52546227     2.32175e-16     
5123.61252889     2.31522e-16     
5127.69959551     2.32968e-16     
5131.78666214     2.36993e-16     
5135.87372876     2.38364e-16     
5139.96079538     2.4197e-16      
5144.04786201     2.39896e-16     
5148.13492863     2.2743e-16      
5152.22199525     2.35087e-16     
5156.30906187     2.31713e-16     
5160.3961285      2.29017e-16     
5164.48319512     2.43128e-16     
5168.57026174     2.27635e-16     
5172.65732837     2.23031e-16     
5176.74439499     2.39538e-16     
5180.83146161     2.31368e-16     
5184.91852824     2.29559e-16     
5189.00559486     2.23978e-16     
5193.09266148     2.29291e-16     
5197.1797281      2.31825e-16     
5201.26679473     2.28535e-16     
5205.35386135     2.31802e-16     
5209.44092797     2.21613e-16     
5213.5279946      2.3243e-16      
5217.61506122     2.41213e-16     
5221.70212784     2.30509e-16     
5225.78919447     2.30005e-16     
5229.87626109     2.28297e-16     
5233.96332771     2.19624e-16     
5238.05039433     2.21141e-16     
5242.13746096     2.11174e-16     
5246.22452758     2.05664e-16     
5250.3115942      2.1325e-16      
5254.39866083     2.1349e-16      
5258.48572745     2.16185e-16     
5262.57279407     2.24467e-16     
5266.6598607      2.2595e-16      
5270.74692732     2.32477e-16     
5274.83399394     2.32866e-16     
5278.92106056     2.17565e-16     
5283.00812719     2.28834e-16     
5287.09519381     2.35654e-16     
5291.18226043     2.26616e-16     
5295.26932706     2.26828e-16     
5299.35639368     2.17358e-16     
5303.4434603      2.21411e-16     
5307.53052693     2.24391e-16     
5311.61759355     2.1189e-16      
5315.70466017     2.13512e-16     
5319.79172679     2.15822e-16     
5323.87879342     2.12241e-16     
5327.96586004     2.25836e-16     
5332.05292666     2.09828e-16     
5336.13999329     2.17978e-16     
5340.22705991     2.18895e-16     
5344.31412653     2.20329e-16     
5348.40119316     2.20885e-16     
5352.48825978     2.07822e-16     
5356.5753264      2.11209e-16     
5360.66239302     2.19278e-16     
5364.74945965     2.02956e-16     
5368.83652627     2.16136e-16     
5372.92359289     2.25945e-16     
5377.01065952     2.25181e-16     
5381.09772614     2.21334e-16     
5385.18479276     2.17002e-16     
5389.27185939     2.18516e-16     
5393.35892601     2.08774e-16     
5397.44599263     2.05172e-16     
5401.53305925     2.07577e-16     
5405.62012588     2.12757e-16     
5409.7071925      2.12815e-16     
5413.79425912     2.21931e-16     
5417.88132575     2.24632e-16     
5421.96839237     2.13201e-16     
5426.05545899     2.14726e-16     
5430.14252562     2.18623e-16     
5434.22959224     2.15069e-16     
5438.31665886     2.16243e-16     
5442.40372549     2.14111e-16     
5446.49079211     2.15828e-16     
5450.57785873     2.11493e-16     
5454.66492535     2.13832e-16     
5458.75199198     2.13269e-16     
5462.8390586      2.18566e-16     
5466.92612522     2.0486e-16      
5471.01319185     2.04984e-16     
5475.10025847     2.05597e-16     
5479.18732509     2.10099e-16     
5483.27439172     2.0737e-16      
5487.36145834     2.05565e-16     
5491.44852496     2.11415e-16     
5495.53559158     1.9618e-16      
5499.62265821     2.04534e-16     
5503.70972483     2.07139e-16     
5507.79679145     2.02521e-16     
5511.88385808     2.10646e-16     
5515.9709247      2.06116e-16     
5520.05799132     2.11945e-16     
5524.14505795     2.09944e-16     
5528.23212457     2.07743e-16     
5532.31919119     2.02457e-16     
5536.40625781     2.14167e-16     
5540.49332444     1.98414e-16     
5544.58039106     2.03282e-16     
5548.66745768     1.99907e-16     
5552.75452431     2.03225e-16     
5556.84159093     2.04733e-16     
5560.92865755     2.08848e-16     
5565.01572418     2.06695e-16     
5569.1027908      2.00624e-16     
5573.18985742     2.03563e-16     
5577.27692404     2.00465e-16     
5581.36399067     1.94787e-16     
5585.45105729     2.08281e-16     
5589.53812391     2.0981e-16      
5593.62519054     1.97381e-16     
5597.71225716     2.02037e-16     
5601.79932378     1.98552e-16     
5605.88639041     1.94356e-16     
5609.97345703     1.92497e-16     
5614.06052365     2.13692e-16     
5618.14759027     1.96117e-16     
5622.2346569      2.03526e-16     
5626.32172352     2.00858e-16     
5630.40879014     2.06619e-16     
5634.49585677     2.00721e-16     
5638.58292339     2.04882e-16     
5642.66999001     2.04528e-16     
5646.75705664     2.04418e-16     
5650.84412326     2.09079e-16     
5654.93118988     1.9985e-16      
5659.0182565      1.9751e-16      
5663.10532313     2.03296e-16     
5667.19238975     1.93276e-16     
5671.27945637     1.82383e-16     
5675.366523       1.90007e-16     
5679.45358962     1.99257e-16     
5683.54065624     1.94755e-16     
5687.62772287     2.02839e-16     
5691.71478949     2.05885e-16     
5695.80185611     1.93125e-16     
5699.88892273     1.92991e-16     
5703.97598936     1.93218e-16     
5708.06305598     1.96052e-16     
5712.1501226      1.97155e-16     
5716.23718923     1.83692e-16     
5720.32425585     1.83492e-16     
5724.41132247     2.00781e-16     
5728.4983891      1.89333e-16     
5732.58545572     1.87938e-16     
5736.67252234     1.97734e-16     
5740.75958896     1.8595e-16      
5744.84665559     1.85432e-16     
5748.93372221     1.9885e-16      
5753.02078883     1.96154e-16     
5757.10785546     1.92509e-16     
5761.19492208     1.83542e-16     
5765.2819887      1.94432e-16     
5769.36905533     1.83825e-16     
5773.45612195     1.90409e-16     
5777.54318857     1.90168e-16     
5781.63025519     1.90702e-16     
5785.71732182     1.83034e-16     
5789.80438844     1.83676e-16     
5793.89145506     1.89836e-16     
5797.97852169     1.87387e-16     
5802.06558831     1.77782e-16     
5806.15265493     1.8587e-16      
5810.23972156     1.96552e-16     
5814.32678818     1.88923e-16     
5818.4138548      1.94179e-16     
5822.50092142     1.95716e-16     
5826.58798805     1.84513e-16     
5830.67505467     1.98378e-16     
5834.76212129     1.88063e-16     
5838.84918792     1.81447e-16     
5842.93625454     1.86596e-16     
5847.02332116     1.83617e-16     
5851.11038779     1.76959e-16     
5855.19745441     1.8624e-16      
5859.28452103     1.89961e-16     
5863.37158766     1.90372e-16     
5867.45865428     1.82867e-16     
5871.5457209      1.82526e-16     
5875.63278752     1.89609e-16     
5879.71985415     1.89376e-16     
5883.80692077     1.84239e-16     
5887.89398739     1.87296e-16     
5891.98105402     1.82809e-16     
5896.06812064     1.6992e-16      
5900.15518726     1.77181e-16     
5904.24225389     1.70752e-16     
5908.32932051     1.76452e-16     
5912.41638713     1.71024e-16     
5916.50345375     1.77634e-16     
5920.59052038     1.8627e-16      
5924.677587       1.85595e-16     
5928.76465362     1.79248e-16     
5932.85172025     1.85584e-16     
5936.93878687     1.89357e-16     
5941.02585349     1.85708e-16     
5945.11292012     1.87164e-16     
5949.19998674     1.83691e-16     
5953.28705336     1.81858e-16     
5957.37411998     1.78584e-16     
5961.46118661     1.6979e-16      
5965.54825323     1.72243e-16     
5969.63531985     1.70169e-16     
5973.72238648     1.68585e-16     
5977.8094531      1.61771e-16     
5981.89651972     1.72312e-16     
5985.98358635     1.77759e-16     
5990.07065297     1.7908e-16      
5994.15771959     1.68293e-16     
5998.24478621     1.76241e-16     
6002.33185284     1.70786e-16     
6006.41891946     1.50232e-16     
6010.50598608     1.61155e-16     
6014.59305271     1.70273e-16     
6018.68011933     1.66482e-16     
6022.76718595     1.75594e-16     
6026.85425258     1.78505e-16     
6030.9413192      1.71111e-16     
6035.02838582     1.78658e-16     
6039.11545244     1.74288e-16     
6043.20251907     1.74468e-16     
6047.28958569     1.75042e-16     
6051.37665231     1.68961e-16     
6055.46371894     1.74044e-16     
6059.55078556     1.84625e-16     
6063.63785218     1.77803e-16     
6067.72491881     1.72769e-16     
6071.81198543     1.73354e-16     
6075.89905205     1.68839e-16     
6079.98611867     1.71642e-16     
6084.0731853      1.76232e-16     
6088.16025192     1.78963e-16     
6092.24731854     1.69829e-16     
6096.33438517     1.69405e-16     
6100.42145179     1.71962e-16     
6104.50851841     1.71985e-16     
6108.59558504     1.69073e-16     
6112.68265166     1.63649e-16     
6116.76971828     1.6774e-16      
6120.8567849      1.6976e-16      
6124.94385153     1.75832e-16     
6129.03091815     1.7218e-16      
6133.11798477     1.64978e-16     
6137.2050514      1.64584e-16     
6141.29211802     1.65543e-16     
6145.37918464     1.69715e-16     
6149.46625127     1.74183e-16     
6153.55331789     1.72068e-16     
6157.64038451     1.66164e-16     
6161.72745113     1.55977e-16     
6165.81451776     1.75394e-16     
6169.90158438     1.83675e-16     
6173.988651       1.71613e-16     
6178.07571763     1.6084e-16      
6182.16278425     1.59866e-16     
6186.24985087     1.59506e-16     
6190.3369175      1.6108e-16      
6194.42398412     1.74205e-16     
6198.51105074     1.72144e-16     
6202.59811736     1.68549e-16     
6206.68518399     1.65036e-16     
6210.77225061     1.57808e-16     
6214.85931723     1.72511e-16     
6218.94638386     1.72007e-16     
6223.03345048     1.66899e-16     
6227.1205171      1.60439e-16     
6231.20758373     1.68741e-16     
6235.29465035     1.65878e-16     
6239.38171697     1.51759e-16     
6243.46878359     1.56906e-16     
6247.55585022     1.64956e-16     
6251.64291684     1.653e-16       
6255.72998346     1.57612e-16     
6259.81705009     1.52191e-16     
6263.90411671     1.68124e-16     
6267.99118333     1.62247e-16     
6272.07824996     1.76487e-16     
6276.16531658     1.55165e-16     
6280.2523832      1.5087e-16      
6284.33944983     1.52773e-16     
6288.42651645     1.68462e-16     
6292.51358307     1.7463e-16      
6296.60064969     1.63546e-16     
6300.68771632     1.4705e-16      
6304.77478294     1.57884e-16     
6308.86184956     1.58886e-16     
6312.94891619     1.45579e-16     
6317.03598281     1.61031e-16     
6321.12304943     1.55112e-16     
6325.21011606     1.45293e-16     
6329.29718268     1.45105e-16     
6333.3842493      1.57416e-16     
6337.47131592     1.66448e-16     
6341.55838255     1.59272e-16     
6345.64544917     1.56043e-16     
6349.73251579     1.56357e-16     
6353.81958242     1.55996e-16     
6357.90664904     1.71386e-16     
6361.99371566     1.65728e-16     
6366.08078229     1.56236e-16     
6370.16784891     1.63543e-16     
6374.25491553     1.54601e-16     
6378.34198215     1.53755e-16     
6382.42904878     1.62403e-16     
6386.5161154      1.62646e-16     
6390.60318202     1.57676e-16     
6394.69024865     1.50261e-16     
6398.77731527     1.57888e-16     
6402.86438189     1.54124e-16     
6406.95144852     1.53713e-16     
6411.03851514     1.59786e-16     
6415.12558176     1.53684e-16     
6419.21264838     1.5032e-16      
6423.29971501     1.55405e-16     
6427.38678163     1.5084e-16      
6431.47384825     1.51257e-16     
6435.56091488     1.55023e-16     
6439.6479815      1.43878e-16     
6443.73504812     1.37993e-16     
6447.82211475     1.34319e-16     
6451.90918137     1.43151e-16     
6455.99624799     1.39199e-16     
6460.08331461     1.47241e-16     
6464.17038124     1.46555e-16     
6468.25744786     1.48436e-16     
6472.34451448     1.49994e-16     
6476.43158111     1.46075e-16     
6480.51864773     1.50446e-16     
6484.60571435     1.55554e-16     
6488.69278098     1.53626e-16     
6492.7798476      1.4466e-16      
6496.86691422     1.55497e-16     
6500.95398084     1.51955e-16     
6505.04104747     1.557e-16       
6509.12811409     1.45764e-16     
6513.21518071     1.52424e-16     
6517.30224734     1.53895e-16     
6521.38931396     1.58188e-16     
6525.47638058     1.51472e-16     
6529.56344721     1.43956e-16     
6533.65051383     1.41934e-16     
6537.73758045     1.46627e-16     
6541.82464707     1.52929e-16     
6545.9117137      1.40788e-16     
6549.99878032     1.4356e-16      
6554.08584694     1.54838e-16     
6558.17291357     1.5189e-16      
6562.25998019     1.4966e-16      
6566.34704681     1.56048e-16     
6570.43411344     1.45722e-16     
6574.52118006     1.48862e-16     
6578.60824668     1.56746e-16     
6582.6953133      1.54644e-16     
6586.78237993     1.51817e-16     
6590.86944655     1.4874e-16      
6594.95651317     1.49283e-16     
6599.0435798      1.51205e-16     
6603.13064642     1.53906e-16     
6607.21771304     1.45676e-16     
6611.30477967     1.47545e-16     
6615.39184629     1.47752e-16     
6619.47891291     1.3633e-16      
6623.56597953     1.52304e-16     
6627.65304616     1.55065e-16     
6631.74011278     1.47386e-16     
6635.8271794      1.41675e-16     
6639.91424603     1.41592e-16     
6644.00131265     1.47913e-16     
6648.08837927     1.50123e-16     
6652.1754459      1.40477e-16     
6656.26251252     1.39985e-16     
6660.34957914     1.46473e-16     
6664.43664577     1.53052e-16     
6668.52371239     1.60806e-16     
6672.61077901     1.70863e-16     
6676.69784563     1.66009e-16     
6680.78491226     1.81537e-16     
6684.87197888     1.90083e-16     
6688.9590455      1.93096e-16     
6693.04611213     1.92903e-16     
6697.13317875     1.77485e-16     
6701.22024537     1.76495e-16     
6705.307312       1.75448e-16     
6709.39437862     1.62455e-16     
6713.48144524     1.6093e-16      
6717.56851186     1.5345e-16      
6721.65557849     1.44993e-16     
6725.74264511     1.40331e-16     
6729.82971173     1.49442e-16     
6733.91677836     1.49014e-16     
6738.00384498     1.47222e-16     
6742.0909116      1.48055e-16     
6746.17797823     1.4829e-16      
6750.26504485     1.5395e-16      
6754.35211147     1.44381e-16     
6758.43917809     1.33401e-16     
6762.52624472     1.37714e-16     
6766.61331134     1.35937e-16     
6770.70037796     1.40645e-16     
6774.78744459     1.39239e-16     
6778.87451121     1.48256e-16     
6782.96157783     1.27891e-16     
6787.04864446     1.28575e-16     
6791.13571108     1.39608e-16     
6795.2227777      1.37411e-16     
6799.30984432     1.36775e-16     
6803.39691095     1.33252e-16     
6807.48397757     1.35563e-16     
6811.57104419     1.37694e-16     
6815.65811082     1.3393e-16      
6819.74517744     1.43844e-16     
6823.83224406     1.38389e-16     
6827.91931069     1.41063e-16     
6832.00637731     1.46899e-16     
6836.09344393     1.33785e-16     
6840.18051055     1.26553e-16     
6844.26757718     1.36703e-16     
6848.3546438      1.45424e-16     
6852.44171042     1.34996e-16     
6856.52877705     1.37874e-16     
6860.61584367     1.40219e-16     
6864.70291029     1.36011e-16     
6868.78997692     1.38622e-16     
6872.87704354     1.35277e-16     
6876.96411016     1.18888e-16     
6881.05117678     1.24433e-16     
6885.13824341     1.29566e-16     
6889.22531003     1.35278e-16     
6893.31237665     1.32429e-16     
6897.39944328     1.31516e-16     
6901.4865099      1.31799e-16     
6905.57357652     1.23518e-16     
6909.66064315     1.26822e-16     
6913.74770977     1.34147e-16     
6917.83477639     1.40604e-16     
6921.92184301     1.26652e-16     
6926.00890964     1.33392e-16     
6930.09597626     1.34168e-16     
6934.18304288     1.31256e-16     
6938.27010951     1.3477e-16      
6942.35717613     1.29933e-16     
6946.44424275     1.27368e-16     
6950.53130938     1.38389e-16     
6954.618376       1.27076e-16     
6958.70544262     1.20346e-16     
6962.79250924     1.28563e-16     
6966.87957587     1.33901e-16     
6970.96664249     1.41062e-16     
6975.05370911     1.31242e-16     
6979.14077574     1.22769e-16     
6983.22784236     1.36808e-16     
6987.31490898     1.35949e-16     
6991.40197561     1.33347e-16     
6995.48904223     1.24164e-16     
6999.57610885     1.27129e-16     
7003.66317547     1.26957e-16     
7007.7502421      1.30171e-16     
7011.83730872     1.267e-16       
7015.92437534     1.31782e-16     
7020.01144197     1.33757e-16     
7024.09850859     1.23398e-16     
7028.18557521     1.31602e-16     
7032.27264184     1.2691e-16      
7036.35970846     1.24402e-16     
7040.44677508     1.2607e-16      
7044.5338417      1.1923e-16      
7048.62090833     1.24755e-16     
7052.70797495     1.30469e-16     
7056.79504157     1.25701e-16     
7060.8821082      1.15895e-16     
7064.96917482     1.09184e-16     
7069.05624144     1.2158e-16      
7073.14330807     1.26719e-16     
7077.23037469     1.22121e-16     
7081.31744131     1.27093e-16     
7085.40450794     1.32531e-16     
7089.49157456     1.30721e-16     
7093.57864118     1.1928e-16      
7097.6657078      1.29895e-16     
7101.75277443     1.342e-16       
7105.83984105     1.27829e-16     
7109.92690767     1.26284e-16     
7114.0139743      1.23903e-16     
7118.10104092     1.21181e-16     
7122.18810754     1.23469e-16     
7126.27517417     1.26614e-16     
7130.36224079     1.21597e-16     
7134.44930741     1.27487e-16     
7138.53637403     1.2175e-16      
7142.62344066     1.24084e-16     
7146.71050728     1.22776e-16     
7150.7975739      1.20707e-16     
7154.88464053     1.2378e-16      
7158.97170715     1.16794e-16     
7163.05877377     1.19112e-16     
7167.1458404      1.23046e-16     
7171.23290702     1.20923e-16     
7175.31997364     1.20634e-16     
7179.40704026     1.23837e-16     
7183.49410689     1.23706e-16     
7187.58117351     1.22907e-16     
7191.66824013     1.16177e-16     
7195.75530676     1.17757e-16     
7199.84237338     1.16536e-16     
7203.92944        1.18735e-16     
7208.01650663     1.20469e-16     
7212.10357325     1.27477e-16     
7216.19063987     1.20318e-16     
7220.27770649     1.13649e-16     
7224.36477312     1.18037e-16     
7228.45183974     1.15049e-16     
7232.53890636     1.15599e-16     
7236.62597299     1.19076e-16     
7240.71303961     1.12731e-16     
7244.80010623     1.18076e-16     
7248.88717286     1.28053e-16     
7252.97423948     1.29959e-16     
7257.0613061      1.19802e-16     
7261.14837272     1.20117e-16     
7265.23543935     1.12046e-16     
7269.32250597     1.14683e-16     
7273.40957259     1.13725e-16     
7277.49663922     1.24013e-16     
7281.58370584     1.2273e-16      
7285.67077246     1.16925e-16     
7289.75783909     1.24093e-16     
7293.84490571     1.16426e-16     
7297.93197233     1.11222e-16     
7302.01903895     1.15235e-16     
7306.10610558     1.07581e-16     
7310.1931722      1.1979e-16      
7314.28023882     1.20445e-16     
7318.36730545     1.16917e-16     
7322.45437207     1.2548e-16      
7326.54143869     1.18823e-16     
7330.62850532     1.21254e-16     
7334.71557194     1.19644e-16     
7338.80263856     1.11377e-16     
7342.88970518     1.19271e-16     
7346.97677181     1.2144e-16      
7351.06383843     1.17603e-16     
7355.15090505     1.22291e-16     
7359.23797168     1.14532e-16     
7363.3250383      1.11521e-16     
7367.41210492     1.27578e-16     
7371.49917155     1.2652e-16      
7375.58623817     1.0831e-16      
7379.67330479     1.01408e-16     
7383.76037141     1.07728e-16     
7387.84743804     1.14034e-16     
7391.93450466     1.22305e-16     
7396.02157128     1.25077e-16     
7400.10863791     1.20341e-16     
7404.19570453     1.15282e-16     
7408.28277115     1.14991e-16     
7412.36983778     1.11258e-16     
7416.4569044      1.00575e-16     
7420.54397102     1.07914e-16     
7424.63103764     1.17605e-16     
7428.71810427     1.04345e-16     
7432.80517089     1.02052e-16     
7436.89223751     1.05086e-16     
7440.97930414     1.12015e-16     
7445.06637076     1.13688e-16     
7449.15343738     1.06429e-16     
7453.24050401     1.06305e-16     
7457.32757063     1.136e-16       
7461.41463725     1.16828e-16     
7465.50170387     1.13849e-16     
7469.5887705      1.11782e-16     
7473.67583712     1.11671e-16     
7477.76290374     1.10305e-16     
7481.84997037     1.00132e-16     
7485.93703699     1.0128e-16      
