3668.24043274     5.51053e-17     
3673.76501019     3.41438e-17     
3679.28958765     4.19776e-17     
3684.8141651      4.02077e-17     
3690.33874256     3.53125e-17     
3695.86332001     4.23379e-17     
3701.38789747     4.36231e-17     
3706.91247492     3.11518e-17     
3712.43705238     4.68972e-17     
3717.96162983     3.82783e-17     
3723.48620729     4.58913e-17     
3729.01078474     4.32688e-17     
3734.5353622      3.36749e-17     
3740.05993965     3.78699e-17     
3745.58451711     4.41716e-17     
3751.10909456     3.94508e-17     
3756.63367202     4.51608e-17     
3762.15824947     4.35469e-17     
3767.68282693     4.82812e-17     
3773.20740438     4.41869e-17     
3778.73198184     4.21419e-17     
3784.25655929     4.52019e-17     
3789.78113675     4.57151e-17     
3795.3057142      4.18989e-17     
3800.83029166     4.18417e-17     
3806.35486911     4.06009e-17     
3811.87944657     4.24999e-17     
3817.40402402     3.37368e-17     
3822.92860148     3.8839e-17      
3828.45317893     4.55582e-17     
3833.97775639     4.55268e-17     
3839.50233384     4.77763e-17     
3845.0269113      3.62506e-17     
3850.55148875     4.38318e-17     
3856.07606621     3.95749e-17     
3861.60064366     4.25958e-17     
3867.12522112     4.20754e-17     
3872.64979857     4.29052e-17     
3878.17437603     4.68509e-17     
3883.69895348     4.34819e-17     
3889.22353094     4.90943e-17     
3894.74810839     4.80189e-17     
3900.27268585     3.81514e-17     
3905.7972633      4.05711e-17     
3911.32184076     4.25749e-17     
3916.84641821     3.91112e-17     
3922.37099567     3.98038e-17     
3927.89557312     3.98337e-17     
3933.42015058     4.13972e-17     
3938.94472803     4.53129e-17     
3944.46930549     4.35647e-17     
3949.99388294     4.68475e-17     
3955.5184604      3.8512e-17      
3961.04303785     4.11737e-17     
3966.56761531     4.76649e-17     
3972.09219276     3.85626e-17     
3977.61677022     3.95134e-17     
3983.14134767     3.97049e-17     
3988.66592513     4.42027e-17     
3994.19050258     4.03213e-17     
3999.71508004     3.96605e-17     
4005.23965749     4.22699e-17     
4010.76423495     3.20041e-17     
4016.2888124      3.99632e-17     
4021.81338986     4.36645e-17     
4027.33796731     4.39498e-17     
4032.86254477     4.6065e-17      
4038.38712222     4.82391e-17     
4043.91169968     4.60509e-17     
4049.43627713     3.95476e-17     
4054.96085459     4.20909e-17     
4060.48543204     4.02376e-17     
4066.0100095      4.41859e-17     
4071.53458695     3.52046e-17     
4077.05916441     4.19558e-17     
4082.58374186     3.63519e-17     
4088.10831932     4.05123e-17     
4093.63289677     4.38638e-17     
4099.15747423     4.16746e-17     
4104.68205168     3.89095e-17     
4110.20662914     3.83559e-17     
4115.73120659     4.38801e-17     
4121.25578405     4.43924e-17     
4126.7803615      4.69931e-17     
4132.30493896     3.86157e-17     
4137.82951641     3.77546e-17     
4143.35409386     3.91075e-17     
4148.87867132     4.27196e-17     
4154.40324877     3.91564e-17     
4159.92782623     4.23796e-17     
4165.45240368     4.7329e-17      
4170.97698114     4.0241e-17      
4176.50155859     4.041e-17       
4182.02613605     4.27838e-17     
4187.5507135      4.27283e-17     
4193.07529096     4.6692e-17      
4198.59986841     3.43256e-17     
4204.12444587     4.40179e-17     
4209.64902332     3.72288e-17     
4215.17360078     4.36226e-17     
4220.69817823     5.5357e-17      
4226.22275569     6.13576e-17     
4231.74733314     6.85967e-17     
4237.2719106      6.27872e-17     
4242.79648805     4.47768e-17     
4248.32106551     3.68358e-17     
4253.84564296     3.30549e-17     
4259.37022042     3.94216e-17     
4264.89479787     4.6661e-17      
4270.41937533     4.44872e-17     
4275.94395278     4.1389e-17      
4281.46853024     4.58937e-17     
4286.99310769     4.4407e-17      
4292.51768515     4.81191e-17     
4298.0422626      4.14557e-17     
4303.56684006     3.9425e-17      
4309.09141751     3.71864e-17     
4314.61599497     4.2081e-17      
4320.14057242     4.17165e-17     
4325.66514988     4.67793e-17     
4331.18972733     5.0672e-17      
4336.71430479     4.00481e-17     
4342.23888224     3.93352e-17     
4347.7634597      3.92113e-17     
4353.28803715     3.58423e-17     
4358.81261461     3.80233e-17     
4364.33719206     3.86957e-17     
4369.86176952     4.48302e-17     
4375.38634697     4.67967e-17     
4380.91092443     4.1838e-17      
4386.43550188     4.66852e-17     
4391.96007934     4.31326e-17     
4397.48465679     4.05366e-17     
4403.00923425     4.02444e-17     
4408.5338117      3.73005e-17     
4414.05838916     3.69667e-17     
4419.58296661     4.13211e-17     
4425.10754407     3.96035e-17     
4430.63212152     3.98247e-17     
4436.15669898     4.68831e-17     
4441.68127643     4.73342e-17     
4447.20585389     4.37418e-17     
4452.73043134     4.24261e-17     
4458.2550088      4.41597e-17     
4463.77958625     4.06182e-17     
4469.30416371     3.96561e-17     
4474.82874116     4.39322e-17     
4480.35331862     4.14054e-17     
4485.87789607     4.45443e-17     
4491.40247353     3.60623e-17     
4496.92705098     4.13248e-17     
4502.45162844     4.0458e-17      
4507.97620589     3.39559e-17     
4513.50078335     4.20258e-17     
4519.0253608      4.17114e-17     
4524.54993826     4.29977e-17     
4530.07451571     4.29543e-17     
4535.59909317     4.479e-17       
4541.12367062     4.47636e-17     
4546.64824808     4.53315e-17     
4552.17282553     4.37666e-17     
4557.69740299     4.24739e-17     
4563.22198044     4.64921e-17     
4568.7465579      4.14261e-17     
4574.27113535     5.15659e-17     
4579.79571281     4.96682e-17     
4585.32029026     4.65189e-17     
4590.84486772     4.1589e-17      
4596.36944517     4.20529e-17     
4601.89402262     4.39993e-17     
4607.41860008     4.3842e-17      
4612.94317753     4.53619e-17     
4618.46775499     4.35124e-17     
4623.99233244     4.60391e-17     
4629.5169099      4.18299e-17     
4635.04148735     4.23803e-17     
4640.56606481     3.99812e-17     
4646.09064226     3.97605e-17     
4651.61521972     3.65963e-17     
4657.13979717     3.50545e-17     
4662.66437463     3.8457e-17      
4668.18895208     4.09019e-17     
4673.71352954     4.34278e-17     
4679.23810699     4.19114e-17     
4684.76268445     3.72015e-17     
4690.2872619      4.24243e-17     
4695.81183936     3.99716e-17     
4701.33641681     4.3271e-17      
4706.86099427     4.11746e-17     
4712.38557172     4.04832e-17     
4717.91014918     3.9805e-17      
4723.43472663     3.92406e-17     
4728.95930409     4.43224e-17     
4734.48388154     4.05232e-17     
4740.008459       4.16011e-17     
4745.53303645     3.96458e-17     
4751.05761391     3.66514e-17     
4756.58219136     3.84925e-17     
4762.10676882     3.88903e-17     
4767.63134627     3.95049e-17     
4773.15592373     4.1513e-17      
4778.68050118     3.81764e-17     
4784.20507864     3.96576e-17     
4789.72965609     3.87517e-17     
4795.25423355     3.7795e-17      
4800.778811       4.01959e-17     
4806.30338846     4.37949e-17     
4811.82796591     3.71752e-17     
4817.35254337     4.09306e-17     
4822.87712082     3.59733e-17     
4828.40169828     4.21443e-17     
4833.92627573     4.10025e-17     
4839.45085319     4.21408e-17     
4844.97543064     3.60803e-17     
4850.5000081      3.83946e-17     
4856.02458555     3.76421e-17     
4861.54916301     3.83338e-17     
4867.07374046     3.74193e-17     
4872.59831792     3.93265e-17     
4878.12289537     3.86722e-17     
4883.64747283     3.7213e-17      
4889.17205028     3.60791e-17     
4894.69662774     3.78274e-17     
4900.22120519     4.12921e-17     
4905.74578265     4.09179e-17     
4911.2703601      3.6643e-17      
4916.79493756     3.72471e-17     
4922.31951501     3.61147e-17     
4927.84409247     3.53638e-17     
4933.36866992     3.6412e-17      
4938.89324738     3.62047e-17     
4944.41782483     4.13873e-17     
4949.94240229     3.72381e-17     
4955.46697974     3.8466e-17      
4960.9915572      3.64151e-17     
4966.51613465     3.643e-17       
4972.04071211     4.08475e-17     
4977.56528956     3.69211e-17     
4983.08986702     3.39244e-17     
4988.61444447     3.58187e-17     
4994.13902193     3.51979e-17     
4999.66359938     3.97274e-17     
5005.18817684     3.92977e-17     
5010.71275429     3.86698e-17     
5016.23733175     3.7205e-17      
5021.7619092      3.36434e-17     
5027.28648666     3.65138e-17     
5032.81106411     3.51545e-17     
5038.33564157     3.67154e-17     
5043.86021902     3.74104e-17     
5049.38479648     3.76047e-17     
5054.90937393     3.4535e-17      
5060.43395139     3.28889e-17     
5065.95852884     3.32747e-17     
5071.48310629     3.89423e-17     
5077.00768375     3.62472e-17     
5082.5322612      3.79732e-17     
5088.05683866     3.80475e-17     
5093.58141611     3.54221e-17     
5099.10599357     4.00393e-17     
5104.63057102     3.91587e-17     
5110.15514848     4.2182e-17      
5115.67972593     4.19839e-17     
5121.20430339     3.93166e-17     
5126.72888084     3.58927e-17     
5132.2534583      3.22393e-17     
5137.77803575     3.48905e-17     
5143.30261321     3.06716e-17     
5148.82719066     3.6216e-17      
5154.35176812     3.8992e-17      
5159.87634557     3.54736e-17     
5165.40092303     3.55592e-17     
5170.92550048     3.55019e-17     
5176.45007794     3.05376e-17     
5181.97465539     3.96074e-17     
5187.49923285     3.69035e-17     
5193.0238103      3.86987e-17     
5198.54838776     3.52773e-17     
5204.07296521     3.71285e-17     
5209.59754267     3.38748e-17     
5215.12212012     3.99034e-17     
5220.64669758     3.54853e-17     
5226.17127503     3.67434e-17     
5231.69585249     3.54279e-17     
5237.22042994     3.92812e-17     
5242.7450074      3.80402e-17     
5248.26958485     3.1592e-17      
5253.79416231     3.22928e-17     
5259.31873976     3.51549e-17     
5264.84331722     3.28799e-17     
5270.36789467     3.7104e-17      
5275.89247213     3.38484e-17     
5281.41704958     4.09882e-17     
5286.94162704     3.21853e-17     
5292.46620449     3.50498e-17     
5297.99078195     3.49697e-17     
5303.5153594      3.21993e-17     
5309.03993686     3.46403e-17     
5314.56451431     3.6046e-17      
5320.08909177     3.34532e-17     
5325.61366922     3.48754e-17     
5331.13824668     3.64527e-17     
5336.66282413     3.60047e-17     
5342.18740159     3.32955e-17     
5347.71197904     3.58567e-17     
5353.2365565      3.28099e-17     
5358.76113395     2.89712e-17     
5364.28571141     3.37224e-17     
5369.81028886     3.36483e-17     
5375.33486632     3.55293e-17     
5380.85944377     3.55147e-17     
5386.38402123     3.40187e-17     
5391.90859868     3.39472e-17     
5397.43317614     3.5503e-17      
5402.95775359     3.36154e-17     
5408.48233105     3.32995e-17     
5414.0069085      3.64365e-17     
5419.53148596     3.36304e-17     
5425.05606341     3.80703e-17     
5430.58064087     3.19495e-17     
5436.10521832     3.65971e-17     
5441.62979578     3.8593e-17      
5447.15437323     3.79415e-17     
5452.67895069     3.58897e-17     
5458.20352814     3.79179e-17     
5463.7281056      3.28232e-17     
5469.25268305     3.41908e-17     
5474.77726051     3.09736e-17     
5480.30183796     3.48581e-17     
5485.82641542     3.43882e-17     
5491.35099287     3.38191e-17     
5496.87557033     3.28497e-17     
5502.40014778     3.31265e-17     
5507.92472524     3.75785e-17     
5513.44930269     3.76869e-17     
5518.97388015     3.87734e-17     
5524.4984576      3.34352e-17     
5530.02303506     3.27286e-17     
5535.54761251     3.18318e-17     
5541.07218996     3.39898e-17     
5546.59676742     3.61124e-17     
5552.12134487     3.13595e-17     
5557.64592233     4.02044e-17     
5563.17049978     3.49227e-17     
5568.69507724     2.77786e-17     
5574.21965469     3.35611e-17     
5579.74423215     2.62984e-17     
5585.2688096      3.83256e-17     
5590.79338706     3.66109e-17     
5596.31796451     3.30535e-17     
5601.84254197     3.19072e-17     
5607.36711942     3.45023e-17     
5612.89169688     3.76036e-17     
5618.41627433     4.04747e-17     
5623.94085179     4.08352e-17     
5629.46542924     3.92788e-17     
5634.9900067      3.64592e-17     
5640.51458415     3.39827e-17     
5646.03916161     3.01486e-17     
5651.56373906     3.41001e-17     
5657.08831652     3.08783e-17     
5662.61289397     3.47368e-17     
5668.13747143     4.56106e-17     
5673.66204888     4.89997e-17     
5679.18662634     5.23885e-17     
5684.71120379     4.70988e-17     
5690.23578125     3.62825e-17     
5695.7603587      3.1482e-17      
5701.28493616     2.79649e-17     
5706.80951361     3.28509e-17     
5712.33409107     2.57605e-17     
5717.85866852     3.0039e-17      
5723.38324598     3.00033e-17     
5728.90782343     3.03024e-17     
5734.43240089     2.88001e-17     
5739.95697834     3.17387e-17     
5745.4815558      3.08514e-17     
5751.00613325     3.55468e-17     
5756.53071071     3.64076e-17     
5762.05528816     3.21747e-17     
5767.57986562     2.99631e-17     
5773.10444307     3.11342e-17     
5778.62902053     3.17897e-17     
5784.15359798     3.04089e-17     
5789.67817544     2.69504e-17     
5795.20275289     3.37466e-17     
5800.72733035     3.02929e-17     
5806.2519078      3.40899e-17     
5811.77648526     2.98933e-17     
5817.30106271     3.07235e-17     
5822.82564017     3.25105e-17     
5828.35021762     2.90575e-17     
5833.87479508     3.25755e-17     
5839.39937253     3.15785e-17     
5844.92394999     3.28679e-17     
5850.44852744     2.5919e-17      
5855.9731049      3.00009e-17     
5861.49768235     2.91097e-17     
5867.02225981     2.68406e-17     
5872.54683726     2.58855e-17     
5878.07141472     2.41333e-17     
5883.59599217     3.14651e-17     
5889.12056963     2.7604e-17      
5894.64514708     2.62954e-17     
5900.16972454     2.99473e-17     
5905.69430199     2.46851e-17     
5911.21887945     2.93583e-17     
5916.7434569      2.68299e-17     
5922.26803436     2.88333e-17     
5927.79261181     2.99154e-17     
5933.31718927     3.29922e-17     
5938.84176672     2.9924e-17      
5944.36634418     2.99042e-17     
5949.89092163     3.03963e-17     
5955.41549909     2.98316e-17     
5960.94007654     3.00095e-17     
5966.464654       2.84993e-17     
5971.98923145     2.90502e-17     
5977.51380891     3.60635e-17     
5983.03838636     2.90568e-17     
5988.56296382     3.24486e-17     
5994.08754127     2.76771e-17     
5999.61211873     2.84207e-17     
6005.13669618     2.97159e-17     
6010.66127363     2.91687e-17     
6016.18585109     3.1544e-17      
6021.71042854     3.06613e-17     
6027.235006       2.95735e-17     
6032.75958345     3.03888e-17     
6038.28416091     2.94898e-17     
6043.80873836     2.67747e-17     
6049.33331582     2.66189e-17     
6054.85789327     3.0158e-17      
6060.38247073     2.92082e-17     
6065.90704818     3.00967e-17     
6071.43162564     3.27072e-17     
6076.95620309     2.99768e-17     
6082.48078055     2.98077e-17     
6088.005358       3.04053e-17     
6093.52993546     2.862e-17       
6099.05451291     2.95997e-17     
6104.57909037     2.53644e-17     
6110.10366782     2.86571e-17     
6115.62824528     2.88497e-17     
6121.15282273     2.60888e-17     
6126.67740019     3.04385e-17     
6132.20197764     2.91958e-17     
6137.7265551      2.79861e-17     
6143.25113255     2.65724e-17     
6148.77571001     2.53772e-17     
6154.30028746     2.62872e-17     
6159.82486492     2.62048e-17     
6165.34944237     2.92665e-17     
6170.87401983     3.10712e-17     
6176.39859728     2.50466e-17     
6181.92317474     2.36512e-17     
6187.44775219     3.01277e-17     
6192.97232965     2.66089e-17     
6198.4969071      2.87685e-17     
6204.02148456     2.69414e-17     
6209.54606201     2.51234e-17     
6215.07063947     2.66952e-17     
6220.59521692     2.80267e-17     
6226.11979438     2.87056e-17     
6231.64437183     2.94174e-17     
6237.16894929     2.70503e-17     
6242.69352674     2.77643e-17     
6248.2181042      2.67725e-17     
6253.74268165     3.074e-17       
6259.26725911     3.13909e-17     
6264.79183656     2.65708e-17     
6270.31641402     2.83659e-17     
6275.84099147     2.60266e-17     
6281.36556893     2.83044e-17     
6286.89014638     2.38209e-17     
6292.41472384     1.91226e-17     
6297.93930129     3.11542e-17     
6303.46387875     3.19063e-17     
6308.9884562      2.20255e-17     
6314.51303366     2.36718e-17     
6320.03761111     2.89001e-17     
6325.56218857     2.97715e-17     
6331.08676602     2.74817e-17     
6336.61134348     2.37421e-17     
6342.13592093     2.246e-17       
6347.66049839     2.96505e-17     
6353.18507584     2.69459e-17     
6358.7096533      2.54706e-17     
6364.23423075     2.57981e-17     
6369.75880821     2.19978e-17     
6375.28338566     2.65345e-17     
6380.80796312     2.39776e-17     
6386.33254057     2.93786e-17     
6391.85711803     2.94518e-17     
6397.38169548     2.80929e-17     
6402.90627294     2.53298e-17     
6408.43085039     2.82964e-17     
6413.95542785     2.7839e-17      
6419.4800053      2.69859e-17     
6425.00458276     2.78925e-17     
6430.52916021     2.8683e-17      
6436.05373767     2.97608e-17     
6441.57831512     2.57588e-17     
6447.10289258     2.36197e-17     
6452.62747003     2.98217e-17     
6458.15204749     2.70177e-17     
6463.67662494     2.43543e-17     
6469.2012024      2.5454e-17      
6474.72577985     2.90345e-17     
6480.2503573      2.80373e-17     
6485.77493476     2.57871e-17     
6491.29951221     2.49671e-17     
6496.82408967     2.73813e-17     
6502.34866712     2.64418e-17     
6507.87324458     2.25496e-17     
6513.39782203     2.45903e-17     
6518.92239949     3.04388e-17     
6524.44697694     2.50018e-17     
6529.9715544      2.64446e-17     
6535.49613185     2.34126e-17     
6541.02070931     2.17492e-17     
6546.54528676     2.45376e-17     
6552.06986422     2.63908e-17     
6557.59444167     2.4769e-17      
6563.11901913     2.81028e-17     
6568.64359658     2.89992e-17     
6574.16817404     2.74424e-17     
6579.69275149     2.44968e-17     
6585.21732895     2.21374e-17     
6590.7419064      2.35522e-17     
6596.26648386     2.57152e-17     
6601.79106131     2.73173e-17     
6607.31563877     2.83204e-17     
6612.84021622     2.3908e-17      
6618.36479368     2.89939e-17     
6623.88937113     2.96695e-17     
6629.41394859     2.24839e-17     
6634.93852604     2.91019e-17     
6640.4631035      2.68388e-17     
6645.98768095     2.39344e-17     
6651.51225841     2.62785e-17     
6657.03683586     2.94357e-17     
6662.56141332     2.5278e-17      
6668.08599077     3.03299e-17     
6673.61056823     2.84341e-17     
6679.13514568     2.46223e-17     
6684.65972314     2.61497e-17     
6690.18430059     2.26178e-17     
6695.70887805     2.90559e-17     
6701.2334555      2.50602e-17     
6706.75803296     2.67549e-17     
6712.28261041     2.57111e-17     
6717.80718787     2.50284e-17     
6723.33176532     2.91167e-17     
6728.85634278     2.80659e-17     
6734.38092023     2.69765e-17     
6739.90549769     2.64564e-17     
6745.43007514     2.7744e-17      
6750.9546526      2.7671e-17      
6756.47923005     2.69796e-17     
6762.00380751     2.81208e-17     
6767.52838496     2.67751e-17     
6773.05296242     2.51596e-17     
6778.57753987     2.67093e-17     
6784.10211733     2.42476e-17     
6789.62669478     2.37481e-17     
6795.15127224     2.34487e-17     
6800.67584969     2.13546e-17     
6806.20042715     2.50496e-17     
6811.7250046      2.25214e-17     
6817.24958206     2.47904e-17     
6822.77415951     2.76001e-17     
6828.29873697     2.83624e-17     
6833.82331442     1.46904e-17     
6839.34789188     2.33942e-17     
6844.87246933     2.25521e-17     
6850.39704679     2.39016e-17     
6855.92162424     2.46941e-17     
6861.4462017      2.60643e-17     
6866.97077915     2.04927e-17     
6872.49535661     2.18295e-17     
6878.01993406     2.29507e-17     
6883.54451152     2.57819e-17     
6889.06908897     2.47499e-17     
6894.59366643     2.34366e-17     
6900.11824388     2.14954e-17     
6905.64282134     2.26517e-17     
6911.16739879     2.47131e-17     
6916.69197625     2.45866e-17     
6922.2165537      2.42568e-17     
6927.74113116     2.36868e-17     
6933.26570861     2.91529e-17     
6938.79028606     2.53353e-17     
6944.31486352     2.17474e-17     
6949.83944097     2.33996e-17     
6955.36401843     2.31563e-17     
6960.88859588     2.33898e-17     
6966.41317334     2.51831e-17     
6971.93775079     2.56844e-17     
6977.46232825     2.18831e-17     
6982.9869057      2.70981e-17     
6988.51148316     2.4328e-17      
6994.03606061     2.29309e-17     
6999.56063807     2.1246e-17      
7005.08521552     2.24561e-17     
7010.60979298     2.4373e-17      
7016.13437043     2.34589e-17     
7021.65894789     2.15674e-17     
7027.18352534     2.28957e-17     
7032.7081028      2.35256e-17     
7038.23268025     2.10645e-17     
7043.75725771     2.31905e-17     
7049.28183516     2.03394e-17     
7054.80641262     1.99193e-17     
7060.33099007     2.4145e-17      
7065.85556753     2.32247e-17     
7071.38014498     2.02368e-17     
7076.90472244     2.38809e-17     
7082.42929989     2.58678e-17     
7087.95387735     2.27858e-17     
7093.4784548      2.20339e-17     
7099.00303226     2.18104e-17     
7104.52760971     2.04238e-17     
7110.05218717     2.23844e-17     
7115.57676462     2.22773e-17     
7121.10134208     2.39937e-17     
7126.62591953     1.82058e-17     
7132.15049699     2.41031e-17     
7137.67507444     2.49293e-17     
7143.1996519      2.27905e-17     
7148.72422935     2.73715e-17     
7154.24880681     2.55286e-17     
7159.77338426     2.27226e-17     
7165.29796172     2.68668e-17     
7170.82253917     2.34268e-17     
7176.34711663     1.96476e-17     
7181.87169408     2.0483e-17      
7187.39627154     2.2879e-17      
7192.92084899     2.08624e-17     
7198.44542645     2.25733e-17     
7203.9700039      2.50085e-17     
7209.49458136     1.95454e-17     
7215.01915881     1.97716e-17     
7220.54373627     2.24487e-17     
7226.06831372     2.08621e-17     
7231.59289118     2.01516e-17     
7237.11746863     1.80923e-17     
7242.64204609     1.9498e-17      
7248.16662354     2.39919e-17     
7253.691201       2.41871e-17     
7259.21577845     2.14805e-17     
7264.74035591     2.00511e-17     
7270.26493336     2.94218e-17     
7275.78951082     2.57584e-17     
7281.31408827     2.53032e-17     
7286.83866573     2.46055e-17     
7292.36324318     1.8235e-17      
7297.88782064     2.2003e-17      
7303.41239809     2.68729e-17     
7308.93697555     2.0098e-17      
7314.461553       2.06541e-17     
7319.98613046     2.00029e-17     
7325.51070791     2.25634e-17     
7331.03528537     2.64119e-17     
7336.55986282     2.51998e-17     
7342.08444028     2.06172e-17     
7347.60901773     2.12813e-17     
7353.13359519     1.93599e-17     
7358.65817264     2.12048e-17     
7364.1827501      2.04613e-17     
7369.70732755     1.80665e-17     
7375.23190501     2.12978e-17     
7380.75648246     2.56969e-17     
7386.28105992     2.57811e-17     
7391.80563737     2.34721e-17     
7397.33021483     2.27394e-17     
7402.85479228     2.39354e-17     
7408.37936973     1.77592e-17     
7413.90394719     2.0925e-17      
7419.42852464     2.45003e-17     
7424.9531021      2.15988e-17     
7430.47767955     3.44119e-17     
7436.00225701     3.96191e-17     
7441.52683446     4.77115e-17     
7447.05141192     5.09992e-17     
7452.57598937     4.58204e-17     
7458.10056683     2.61352e-17     
7463.62514428     3.05191e-17     
7469.14972174     2.64122e-17     
7474.67429919     3.16381e-17     
7480.19887665     2.64039e-17     
7485.7234541      2.26193e-17     
7491.24803156     2.41577e-17     
7496.77260901     2.26439e-17     
7502.29718647     1.97651e-17     
7507.82176392     1.80405e-17     
7513.34634138     2.30985e-17     
7518.87091883     2.59012e-17     
7524.39549629     2.23091e-17     
7529.92007374     2.1144e-17      
7535.4446512      1.87743e-17     
7540.96922865     1.93435e-17     
7546.49380611     2.3712e-17      
7552.01838356     2.40527e-17     
7557.54296102     2.15014e-17     
7563.06753847     2.11702e-17     
7568.59211593     1.9765e-17      
7574.11669338     2.23678e-17     
7579.64127084     2.21352e-17     
7585.16584829     2.03905e-17     
7590.69042575     2.23175e-17     
7596.2150032      2.81673e-17     
7601.73958066     1.69996e-17     
7607.26415811     1.37462e-17     
7612.78873557     2.9669e-17      
7618.31331302     2.5726e-17      
7623.83789048     2.66463e-17     
7629.36246793     2.60066e-17     
7634.88704539     1.9448e-17      
7640.41162284     1.92399e-17     
7645.9362003      2.21217e-17     
7651.46077775     2.429e-17       
7656.98535521     2.10824e-17     
7662.50993266     1.62123e-17     
7668.03451012     1.75194e-17     
7673.55908757     1.78801e-17     
7679.08366503     1.62775e-17     
7684.60824248     2.11703e-17     
7690.13281994     2.4105e-17      
7695.65739739     2.34872e-17     
7701.18197485     2.09861e-17     
7706.7065523      1.6812e-17      
7712.23112976     1.86066e-17     
7717.75570721     2.67995e-17     
7723.28028467     2.97089e-17     
7728.80486212     1.99854e-17     
7734.32943958     1.91467e-17     
7739.85401703     1.65909e-17     
7745.37859449     1.31081e-17     
7750.90317194     2.08972e-17     
7756.4277494      2.7084e-17      
7761.95232685     2.16067e-17     
7767.47690431     1.58365e-17     
7773.00148176     1.21299e-17     
7778.52605922     1.54045e-17     
7784.05063667     2.28907e-17     
7789.57521413     2.02649e-17     
7795.09979158     1.75486e-17     
7800.62436904     2.38136e-17     
7806.14894649     2.186e-17       
7811.67352395     1.49982e-17     
7817.1981014      1.97615e-17     
7822.72267886     2.13583e-17     
7828.24725631     2.53363e-17     
7833.77183377     2.47728e-17     
7839.29641122     1.73944e-17     
7844.82098868     1.78804e-17     
7850.34556613     1.23764e-17     
7855.87014359     2.65347e-17     
7861.39472104     2.07809e-17     
7866.9192985      1.71354e-17     
7872.44387595     2.02668e-17     
7877.9684534      1.88014e-17     
7883.49303086     1.39657e-17     
7889.01760831     1.7665e-17      
7894.54218577     2.24133e-17     
7900.06676322     1.97159e-17     
7905.59134068     2.18958e-17     
7911.11591813     1.30778e-17     
7916.64049559     1.1249e-17      
7922.16507304     1.65299e-17     
7927.6896505      2.28717e-17     
7933.21422795     2.35357e-17     
7938.73880541     1.73802e-17     
7944.26338286     1.69207e-17     
7949.78796032     1.90432e-17     
7955.31253777     2.26109e-17     
7960.83711523     2.25519e-17     
7966.36169268     2.44923e-17     
7971.88627014     3.09735e-17     
7977.41084759     2.24664e-17     
7982.93542505     2.17758e-17     
7988.4600025      1.81762e-17     
7993.98457996     2.19175e-17     
7999.50915741     1.60549e-17     
8005.03373487     1.77368e-17     
8010.55831232     2.10866e-17     
8016.08288978     1.74114e-17     
8021.60746723     1.93412e-17     
8027.13204469     1.57755e-17     
8032.65662214     1.75605e-17     
8038.1811996      1.86787e-17     
8043.70577705     1.85022e-17     
8049.23035451     1.99182e-17     
8054.75493196     1.68219e-17     
8060.27950942     1.96195e-17     
8065.80408687     2.14561e-17     
8071.32866433     1.92067e-17     
8076.85324178     2.03102e-17     
8082.37781924     1.70237e-17     
8087.90239669     1.42051e-17     
8093.42697415     1.58305e-17     
8098.9515516      1.31374e-17     
8104.47612906     1.89392e-17     
8110.00070651     1.55787e-17     
8115.52528397     1.81944e-17     
8121.04986142     1.6502e-17      
8126.57443888     1.49607e-17     
8132.09901633     1.45269e-17     
8137.62359379     1.91323e-17     
8143.14817124     2.35907e-17     
8148.6727487      1.72086e-17     
8154.19732615     1.57057e-17     
8159.72190361     1.38161e-17     
8165.24648106     1.48409e-17     
8170.77105852     1.45935e-17     
8176.29563597     1.68739e-17     
8181.82021343     2.1828e-17      
8187.34479088     2.05462e-17     
8192.86936834     1.47418e-17     
8198.39394579     1.55734e-17     
8203.91852325     1.53876e-17     
8209.4431007      2.03865e-17     
8214.96767816     1.80611e-17     
8220.49225561     2.05476e-17     
8226.01683307     2.36056e-17     
8231.54141052     1.55836e-17     
8237.06598798     1.98822e-17     
8242.59056543     1.82788e-17     
8248.11514289     1.91284e-17     
8253.63972034     1.66776e-17     
8259.1642978      1.9219e-17      
8264.68887525     1.73545e-17     
8270.21345271     1.67968e-17     
8275.73803016     2.03252e-17     
8281.26260762     1.32671e-17     
8286.78718507     1.42069e-17     
8292.31176253     1.71335e-17     
8297.83633998     1.73006e-17     
8303.36091744     2.59478e-17     
8308.88549489     1.6768e-17      
8314.41007235     1.29663e-17     
8319.9346498      1.66793e-17     
8325.45922726     2.18494e-17     
8330.98380471     2.37806e-17     
8336.50838217     1.72673e-17     
8342.03295962     1.28733e-17     
8347.55753707     8.75687e-18     
8353.08211453     1.04071e-17     
8358.60669198     1.62338e-17     
8364.13126944     1.68373e-17     
8369.65584689     2.46913e-17     
8375.18042435     1.98275e-17     
8380.7050018      2.09202e-17     
8386.22957926     1.70211e-17     
8391.75415671     1.88203e-17     
8397.27873417     1.28762e-17     
8402.80331162     2.55189e-17     
8408.32788908     2.58404e-17     
8413.85246653     2.25689e-17     
8419.37704399     1.65548e-17     
8424.90162144     1.71036e-17     
8430.4261989      1.21332e-17     
8435.95077635     1.13159e-17     
8441.47535381     2.7196e-17      
8446.99993126     2.09304e-17     
8452.52450872     1.55268e-17     
8458.04908617     1.96798e-17     
8463.57366363     9.8077e-18      
8469.09824108     9.8051e-18      
8474.62281854     1.48853e-17     
8480.14739599     1.98014e-17     
8485.67197345     2.32863e-17     
8491.1965509      2.08178e-17     
8496.72112836     1.3361e-17      
8502.24570581     1.06714e-17     
8507.77028327     8.93027e-18     
8513.29486072     8.15309e-18     
8518.81943818     1.06746e-17     
8524.34401563     1.75137e-17     
8529.86859309     2.15834e-17     
8535.39317054     1.42273e-17     
8540.917748       1.13214e-17     
8546.44232545     2.68255e-17     
8551.96690291     1.50358e-17     
8557.49148036     2.27486e-17     
8563.01605782     2.05967e-17     
8568.54063527     2.44826e-17     
8574.06521273     1.77657e-17     
8579.58979018     1.67959e-17     
8585.11436764     1.98388e-17     
8590.63894509     1.23651e-17     
8596.16352255     2.30383e-17     
8601.6881         2.21127e-17     
8607.21267746     2.41271e-17     
8612.73725491     1.85563e-17     
8618.26183237     1.58706e-17     
8623.78640982     1.49198e-17     
8629.31098728     1.46232e-17     
8634.83556473     1.903e-17       
8640.36014219     1.93018e-17     
8645.88471964     1.93571e-17     
8651.4092971      1.61815e-17     
8656.93387455     1.0158e-17      
8662.45845201     1.04934e-17     
8667.98302946     2.15913e-17     
8673.50760692     2.20358e-17     
8679.03218437     1.99704e-17     
8684.55676183     2.14511e-17     
8690.08133928     1.83706e-17     
8695.60591674     1.30706e-17     
8701.13049419     1.05952e-17     
8706.65507165     2.08276e-17     
8712.1796491      1.89577e-17     
8717.70422656     1.98463e-17     
8723.22880401     1.23691e-17     
8728.75338147     1.35537e-17     
8734.27795892     1.32642e-17     
8739.80253638     8.65738e-18     
8745.32711383     1.34772e-17     
8750.85169129     1.82747e-17     
8756.37626874     1.92593e-17     
8761.9008462      1.91879e-17     
8767.42542365     1.41749e-17     
8772.95000111     9.39631e-18     
8778.47457856     1.46233e-17     
8783.99915602     1.61771e-17     
8789.52373347     1.55821e-17     
8795.04831093     2.49114e-17     
8800.57288838     2.1287e-17      
8806.09746583     1.14812e-17     
8811.62204329     1.31703e-17     
8817.14662074     1.04702e-17     
8822.6711982      2.57056e-17     
8828.19577565     2.34423e-17     
8833.72035311     1.15678e-17     
8839.24493056     2.83304e-17     
8844.76950802     5.15176e-18     
8850.29408547     6.86173e-18     
8855.81866293     1.46047e-17     
8861.34324038     2.54823e-17     
8866.86781784     1.95211e-17     
8872.39239529     2.03301e-17     
8877.91697275     3.40375e-17     
8883.4415502      1.09496e-17     
8888.96612766     5.0836e-18      
8894.49070511     1.12804e-17     
8900.01528257     3.17055e-17     
8905.53986002     1.9875e-17      
8911.06443748     1.39019e-17     
8916.58901493     1.4562e-17      
8922.11359239     9.67889e-18     
8927.63816984     1.03967e-17     
8933.1627473      1.56545e-17     
8938.68732475     2.72782e-17     
8944.21190221     2.35525e-17     
8949.73647966     9.39657e-18     
8955.26105712     4.69533e-18     
8960.78563457     6.00506e-18     
8966.31021203     8.89348e-18     
8971.83478948     1.01385e-17     
8977.35936694     1.46059e-17     
8982.88394439     1.43447e-17     
8988.40852185     1.16869e-17     
8993.9330993      3.77774e-18     
8999.45767676     1.49555e-18     
9004.98225421     1.14989e-18     
9010.50683167     5.81135e-18     
9016.03140912     1.67123e-17     
9021.55598658     1.18185e-17     
9027.08056403     1.51709e-17     
9032.60514149     1.87038e-17     
9038.12971894     1.09339e-17     
9043.6542964      1.80809e-17     
9049.17887385     9.48746e-18     
9054.70345131     8.62332e-18     
9060.22802876     1.66278e-17     
9065.75260622     6.764e-18       
9071.27718367     1.97955e-17     
9076.80176113     2.44832e-17     
9082.32633858     1.52509e-17     
9087.85091604     1.29241e-17     
9093.37549349     1.55987e-17     
9098.90007095     1.95437e-18     
9104.4246484      1.68014e-17     
9109.94922586     8.41967e-18     
9115.47380331     6.97122e-18     
9120.99838077     9.90788e-18     
9126.52295822     1.79494e-17     
9132.04753568     1.43391e-17     
9137.57211313     1.50315e-17     
9143.09669059     1.64675e-17     
9148.62126804     1.86516e-17     
9154.1458455      6.42548e-18     
9159.67042295     1.45185e-17     
9165.19500041     2.03766e-17     
9170.71957786     1.28338e-17     
9176.24415532     1.59171e-17     
9181.76873277     1.13899e-17     
9187.29331023     8.45782e-18     
9192.81788768     1.65735e-17     
9198.34246514     2.08283e-17     
9203.86704259     2.2043e-17      
9209.39162005     2.21115e-17     
9214.9161975      2.56415e-17     
9220.44077496     2.47106e-17     
9225.96535241     1.16271e-17     
9231.48992987     1.70991e-17     
9237.01450732     2.63154e-17     
9242.53908478     1.49345e-17     
9248.06366223     1.41657e-17     
9253.58823969     9.41228e-18     
9259.11281714     3.15791e-18     
9264.6373946      1.89251e-17     
9270.16197205     1.14772e-17     
