3668.92721391     2.05662e-16     
3674.45078663     1.9052e-16      
3679.97435936     1.99374e-16     
3685.49793208     2.05297e-16     
3691.0215048      2.12912e-16     
3696.54507752     2.03609e-16     
3702.06865025     2.09044e-16     
3707.59222297     2.0415e-16      
3713.11579569     1.95033e-16     
3718.63936842     1.9681e-16      
3724.16294114     1.92393e-16     
3729.68651386     2.0316e-16      
3735.21008658     1.95827e-16     
3740.73365931     1.94451e-16     
3746.25723203     2.15488e-16     
3751.78080475     2.0139e-16      
3757.30437748     2.05764e-16     
3762.8279502      2.0022e-16      
3768.35152292     1.97338e-16     
3773.87509564     1.91302e-16     
3779.39866837     1.90672e-16     
3784.92224109     1.89861e-16     
3790.44581381     1.82105e-16     
3795.96938654     1.9462e-16      
3801.49295926     1.92971e-16     
3807.01653198     1.95836e-16     
3812.5401047      1.8387e-16      
3818.06367743     1.95415e-16     
3823.58725015     1.92811e-16     
3829.11082287     1.80302e-16     
3834.63439559     1.89485e-16     
3840.15796832     1.82812e-16     
3845.68154104     1.86528e-16     
3851.20511376     1.87449e-16     
3856.72868649     1.89236e-16     
3862.25225921     1.85571e-16     
3867.77583193     1.94004e-16     
3873.29940465     1.98471e-16     
3878.82297738     1.81442e-16     
3884.3465501      1.97144e-16     
3889.87012282     1.86316e-16     
3895.39369555     1.93331e-16     
3900.91726827     1.83785e-16     
3906.44084099     1.78079e-16     
3911.96441371     1.84438e-16     
3917.48798644     1.90711e-16     
3923.01155916     1.87273e-16     
3928.53513188     1.82848e-16     
3934.05870461     1.75692e-16     
3939.58227733     1.71638e-16     
3945.10585005     1.77305e-16     
3950.62942277     1.72415e-16     
3956.1529955      1.78948e-16     
3961.67656822     1.83483e-16     
3967.20014094     1.87299e-16     
3972.72371367     1.75152e-16     
3978.24728639     1.72763e-16     
3983.77085911     1.71096e-16     
3989.29443183     1.733e-16       
3994.81800456     1.79647e-16     
4000.34157728     1.64173e-16     
4005.86515        1.83724e-16     
4011.38872273     1.72627e-16     
4016.91229545     1.81676e-16     
4022.43586817     1.74979e-16     
4027.95944089     1.77482e-16     
4033.48301362     1.77155e-16     
4039.00658634     1.66621e-16     
4044.53015906     1.72204e-16     
4050.05373179     1.67097e-16     
4055.57730451     1.73658e-16     
4061.10087723     1.71336e-16     
4066.62444995     1.61536e-16     
4072.14802268     1.76594e-16     
4077.6715954      1.73579e-16     
4083.19516812     1.63972e-16     
4088.71874085     1.66087e-16     
4094.24231357     1.64424e-16     
4099.76588629     1.62884e-16     
4105.28945901     1.69635e-16     
4110.81303174     1.63813e-16     
4116.33660446     1.65032e-16     
4121.86017718     1.65501e-16     
4127.3837499      1.64071e-16     
4132.90732263     1.61781e-16     
4138.43089535     1.62788e-16     
4143.95446807     1.65579e-16     
4149.4780408      1.62384e-16     
4155.00161352     1.63375e-16     
4160.52518624     1.67456e-16     
4166.04875896     1.59219e-16     
4171.57233169     1.65534e-16     
4177.09590441     1.57775e-16     
4182.61947713     1.52063e-16     
4188.14304986     1.60739e-16     
4193.66662258     1.56911e-16     
4199.1901953      1.53346e-16     
4204.71376802     1.52006e-16     
4210.23734075     1.53157e-16     
4215.76091347     1.52939e-16     
4221.28448619     1.46754e-16     
4226.80805892     1.56242e-16     
4232.33163164     1.55968e-16     
4237.85520436     1.53055e-16     
4243.37877708     1.47997e-16     
4248.90234981     1.47202e-16     
4254.42592253     1.43549e-16     
4259.94949525     1.46711e-16     
4265.47306798     1.44437e-16     
4270.9966407      1.47375e-16     
4276.52021342     1.49037e-16     
4282.04378614     1.52046e-16     
4287.56735887     1.4456e-16      
4293.09093159     1.45611e-16     
4298.61450431     1.46822e-16     
4304.13807704     1.52006e-16     
4309.66164976     1.56388e-16     
4315.18522248     1.51646e-16     
4320.7087952      1.44582e-16     
4326.23236793     1.43954e-16     
4331.75594065     1.46855e-16     
4337.27951337     1.44786e-16     
4342.8030861      1.45915e-16     
4348.32665882     1.45235e-16     
4353.85023154     1.56862e-16     
4359.37380426     1.49437e-16     
4364.89737699     1.59862e-16     
4370.42094971     1.53203e-16     
4375.94452243     1.51779e-16     
4381.46809516     1.50943e-16     
4386.99166788     1.51111e-16     
4392.5152406      1.51817e-16     
4398.03881332     1.49172e-16     
4403.56238605     1.49384e-16     
4409.08595877     1.49754e-16     
4414.60953149     1.51882e-16     
4420.13310421     1.48344e-16     
4425.65667694     1.48447e-16     
4431.18024966     1.49382e-16     
4436.70382238     1.48275e-16     
4442.22739511     1.43061e-16     
4447.75096783     1.42351e-16     
4453.27454055     1.45871e-16     
4458.79811327     1.51781e-16     
4464.321686       1.432e-16       
4469.84525872     1.41315e-16     
4475.36883144     1.47784e-16     
4480.89240417     1.37234e-16     
4486.41597689     1.45532e-16     
4491.93954961     1.41702e-16     
4497.46312233     1.35243e-16     
4502.98669506     1.44152e-16     
4508.51026778     1.42677e-16     
4514.0338405      1.42792e-16     
4519.55741323     1.43263e-16     
4525.08098595     1.39953e-16     
4530.60455867     1.41855e-16     
4536.12813139     1.3974e-16      
4541.65170412     1.42822e-16     
4547.17527684     1.34345e-16     
4552.69884956     1.35037e-16     
4558.22242229     1.32795e-16     
4563.74599501     1.40245e-16     
4569.26956773     1.36114e-16     
4574.79314045     1.39259e-16     
4580.31671318     1.3811e-16      
4585.8402859      1.35577e-16     
4591.36385862     1.34525e-16     
4596.88743135     1.35036e-16     
4602.41100407     1.37652e-16     
4607.93457679     1.32661e-16     
4613.45814951     1.3597e-16      
4618.98172224     1.35094e-16     
4624.50529496     1.3373e-16      
4630.02886768     1.30683e-16     
4635.55244041     1.33517e-16     
4641.07601313     1.33653e-16     
4646.59958585     1.23688e-16     
4652.12315857     1.36984e-16     
4657.6467313      1.21728e-16     
4663.17030402     1.26774e-16     
4668.69387674     1.24997e-16     
4674.21744947     1.24834e-16     
4679.74102219     1.23781e-16     
4685.26459491     1.29773e-16     
4690.78816763     1.27056e-16     
4696.31174036     1.23433e-16     
4701.83531308     1.25101e-16     
4707.3588858      1.27009e-16     
4712.88245852     1.22374e-16     
4718.40603125     1.21637e-16     
4723.92960397     1.26436e-16     
4729.45317669     1.26568e-16     
4734.97674942     1.25549e-16     
4740.50032214     1.17443e-16     
4746.02389486     1.21736e-16     
4751.54746758     1.22818e-16     
4757.07104031     1.18904e-16     
4762.59461303     1.20743e-16     
4768.11818575     1.24461e-16     
4773.64175848     1.20234e-16     
4779.1653312      1.17839e-16     
4784.68890392     1.24772e-16     
4790.21247664     1.24283e-16     
4795.73604937     1.2199e-16      
4801.25962209     1.25561e-16     
4806.78319481     1.18357e-16     
4812.30676754     1.18457e-16     
4817.83034026     1.11021e-16     
4823.35391298     1.19673e-16     
4828.8774857      1.18104e-16     
4834.40105843     1.1162e-16      
4839.92463115     1.19276e-16     
4845.44820387     1.20524e-16     
4850.9717766      1.11133e-16     
4856.49534932     1.1659e-16      
4862.01892204     1.16426e-16     
4867.54249476     1.16178e-16     
4873.06606749     1.13935e-16     
4878.58964021     1.10473e-16     
4884.11321293     1.19292e-16     
4889.63678566     1.12099e-16     
4895.16035838     1.08273e-16     
4900.6839311      1.14242e-16     
4906.20750382     1.14943e-16     
4911.73107655     1.15906e-16     
4917.25464927     1.16404e-16     
4922.77822199     1.15609e-16     
4928.30179472     1.11489e-16     
4933.82536744     1.11429e-16     
4939.34894016     1.16894e-16     
4944.87251288     1.13146e-16     
4950.39608561     1.13554e-16     
4955.91965833     1.04823e-16     
4961.44323105     1.10356e-16     
4966.96680378     1.02809e-16     
4972.4903765      1.08405e-16     
4978.01394922     1.01394e-16     
4983.53752194     1.05297e-16     
4989.06109467     9.83272e-17     
4994.58466739     1.0514e-16      
5000.10824011     1.08044e-16     
5005.63181283     1.05912e-16     
5011.15538556     1.04954e-16     
5016.67895828     1.10544e-16     
5022.202531       1.06258e-16     
5027.72610373     1.09102e-16     
5033.24967645     1.09058e-16     
5038.77324917     1.01952e-16     
5044.29682189     1.0585e-16      
5049.82039462     1.03074e-16     
5055.34396734     1.01845e-16     
5060.86754006     1.06473e-16     
5066.39111279     9.95736e-17     
5071.91468551     1.02612e-16     
5077.43825823     1.0573e-16      
5082.96183095     1.04159e-16     
5088.48540368     1.09462e-16     
5094.0089764      1.05452e-16     
5099.53254912     1.03493e-16     
5105.05612185     1.02771e-16     
5110.57969457     9.95804e-17     
5116.10326729     9.99241e-17     
5121.62684001     9.46901e-17     
5127.15041274     9.75675e-17     
5132.67398546     1.02789e-16     
5138.19755818     9.93643e-17     
5143.72113091     9.92909e-17     
5149.24470363     1.02363e-16     
5154.76827635     1.02486e-16     
5160.29184907     1.03225e-16     
5165.8154218      9.87147e-17     
5171.33899452     9.50726e-17     
5176.86256724     1.02915e-16     
5182.38613997     1.00767e-16     
5187.90971269     9.7336e-17      
5193.43328541     9.55063e-17     
5198.95685813     9.70276e-17     
5204.48043086     9.80271e-17     
5210.00400358     1.00964e-16     
5215.5275763      9.66371e-17     
5221.05114903     9.76517e-17     
5226.57472175     9.2322e-17      
5232.09829447     9.24896e-17     
5237.62186719     9.76042e-17     
5243.14543992     9.64948e-17     
5248.66901264     9.07814e-17     
5254.19258536     9.16576e-17     
5259.71615809     8.68185e-17     
5265.23973081     9.00701e-17     
5270.76330353     9.18235e-17     
5276.28687625     9.1988e-17      
5281.81044898     8.60437e-17     
5287.3340217      9.25318e-17     
5292.85759442     8.91096e-17     
5298.38116714     8.92926e-17     
5303.90473987     9.02228e-17     
5309.42831259     8.63159e-17     
5314.95188531     8.85533e-17     
5320.47545804     8.80775e-17     
5325.99903076     8.46256e-17     
5331.52260348     7.44867e-17     
5337.0461762      7.17628e-17     
5342.56974893     7.14925e-17     
5348.09332165     8.7536e-17      
5353.61689437     8.74979e-17     
5359.1404671      9.14463e-17     
5364.66403982     9.15624e-17     
5370.18761254     8.84366e-17     
5375.71118526     8.76585e-17     
5381.23475799     9.12942e-17     
5386.75833071     9.20891e-17     
5392.28190343     8.74373e-17     
5397.80547616     8.83403e-17     
5403.32904888     9.06041e-17     
5408.8526216      9.16976e-17     
5414.37619432     8.92093e-17     
5419.89976705     9.12654e-17     
5425.42333977     8.96483e-17     
5430.94691249     8.6523e-17      
5436.47048522     8.72053e-17     
5441.99405794     8.54594e-17     
5447.51763066     9.00853e-17     
5453.04120338     8.58221e-17     
5458.56477611     8.75642e-17     
5464.08834883     8.51945e-17     
5469.61192155     8.30067e-17     
5475.13549428     8.24303e-17     
5480.659067       8.68706e-17     
5486.18263972     8.29363e-17     
5491.70621244     7.91428e-17     
5497.22978517     8.78729e-17     
5502.75335789     8.61972e-17     
5508.27693061     8.16393e-17     
5513.80050334     8.276e-17       
5519.32407606     8.07898e-17     
5524.84764878     8.39032e-17     
5530.3712215      8.39648e-17     
5535.89479423     8.38654e-17     
5541.41836695     7.93253e-17     
5546.94193967     8.09491e-17     
5552.4655124      8.16593e-17     
5557.98908512     7.83253e-17     
5563.51265784     7.90155e-17     
5569.03623056     7.99054e-17     
5574.55980329     7.83038e-17     
5580.08337601     8.20942e-17     
5585.60694873     7.53774e-17     
5591.13052145     6.75334e-17     
5596.65409418     8.30923e-17     
5602.1776669      8.11727e-17     
5607.70123962     7.88027e-17     
5613.22481235     7.77387e-17     
5618.74838507     7.9114e-17      
5624.27195779     7.33278e-17     
5629.79553051     7.49502e-17     
5635.31910324     8.01512e-17     
5640.84267596     7.62337e-17     
5646.36624868     7.5349e-17      
5651.88982141     7.71636e-17     
5657.41339413     7.82388e-17     
5662.93696685     8.06929e-17     
5668.46053957     7.82816e-17     
5673.9841123      7.68728e-17     
5679.50768502     7.27397e-17     
5685.03125774     7.97261e-17     
5690.55483047     7.72769e-17     
5696.07840319     7.86479e-17     
5701.60197591     7.67498e-17     
5707.12554863     7.35737e-17     
5712.64912136     7.15819e-17     
5718.17269408     7.41939e-17     
5723.6962668      7.64872e-17     
5729.21983953     7.398e-17       
5734.74341225     7.19018e-17     
5740.26698497     7.50297e-17     
5745.79055769     7.29349e-17     
5751.31413042     7.38739e-17     
5756.83770314     7.39e-17        
5762.36127586     7.01201e-17     
5767.88484859     7.52194e-17     
5773.40842131     7.61156e-17     
5778.93199403     7.51987e-17     
5784.45556675     7.62735e-17     
5789.97913948     7.20903e-17     
5795.5027122      7.10019e-17     
5801.02628492     7.40881e-17     
5806.54985765     7.18606e-17     
5812.07343037     7.35318e-17     
5817.59700309     7.1498e-17      
5823.12057581     7.38179e-17     
5828.64414854     7.41659e-17     
5834.16772126     7.23094e-17     
5839.69129398     6.81088e-17     
5845.21486671     6.69549e-17     
5850.73843943     7.07177e-17     
5856.26201215     6.96339e-17     
5861.78558487     6.9952e-17      
5867.3091576      6.75663e-17     
5872.83273032     6.79249e-17     
5878.35630304     6.88182e-17     
5883.87987576     6.98345e-17     
5889.40344849     6.77068e-17     
5894.92702121     6.73404e-17     
5900.45059393     7.28755e-17     
5905.97416666     6.88035e-17     
5911.49773938     6.8594e-17      
5917.0213121      7.07773e-17     
5922.54488482     7.3318e-17      
5928.06845755     7.13492e-17     
5933.59203027     7.15468e-17     
5939.11560299     7.05611e-17     
5944.63917572     6.89961e-17     
5950.16274844     7.39417e-17     
5955.68632116     6.84977e-17     
5961.20989388     6.65421e-17     
5966.73346661     6.58114e-17     
5972.25703933     6.50024e-17     
5977.78061205     6.62907e-17     
5983.30418478     6.77172e-17     
5988.8277575      6.62625e-17     
5994.35133022     6.61938e-17     
5999.87490294     6.80286e-17     
6005.39847567     7.03227e-17     
6010.92204839     7.36191e-17     
6016.44562111     6.78194e-17     
6021.96919384     6.68788e-17     
6027.49276656     6.82853e-17     
6033.01633928     7.04788e-17     
6038.539912       6.23713e-17     
6044.06348473     6.24224e-17     
6049.58705745     6.65262e-17     
6055.11063017     6.33816e-17     
6060.6342029      6.23166e-17     
6066.15777562     6.23159e-17     
6071.68134834     6.44977e-17     
6077.20492106     6.39204e-17     
6082.72849379     6.68157e-17     
6088.25206651     6.91107e-17     
6093.77563923     6.54648e-17     
6099.29921196     6.43773e-17     
6104.82278468     6.51509e-17     
6110.3463574      6.32978e-17     
6115.86993012     6.03921e-17     
6121.39350285     6.05295e-17     
6126.91707557     6.26467e-17     
6132.44064829     6.43981e-17     
6137.96422102     6.43227e-17     
6143.48779374     6.6799e-17      
6149.01136646     6.26003e-17     
6154.53493918     5.98325e-17     
6160.05851191     6.33099e-17     
6165.58208463     5.83957e-17     
6171.10565735     5.73319e-17     
6176.62923007     6.13831e-17     
6182.1528028      6.2663e-17      
6187.67637552     6.28115e-17     
6193.19994824     5.90022e-17     
6198.72352097     5.96377e-17     
6204.24709369     5.62425e-17     
6209.77066641     6.30781e-17     
6215.29423913     6.21857e-17     
6220.81781186     6.15231e-17     
6226.34138458     6.11123e-17     
6231.8649573      6.10632e-17     
6237.38853003     5.52091e-17     
6242.91210275     5.86643e-17     
6248.43567547     6.08656e-17     
6253.95924819     5.79089e-17     
6259.48282092     6.29125e-17     
6265.00639364     5.44747e-17     
6270.52996636     5.76542e-17     
6276.05353909     5.98726e-17     
6281.57711181     6.09937e-17     
6287.10068453     5.1407e-17      
6292.62425725     6.01922e-17     
6298.14782998     6.0735e-17      
6303.6714027      5.43415e-17     
6309.19497542     4.8931e-17      
6314.71854815     4.81765e-17     
6320.24212087     5.74084e-17     
6325.76569359     5.71965e-17     
6331.28926631     5.72007e-17     
6336.81283904     5.77929e-17     
6342.33641176     5.90023e-17     
6347.85998448     6.13156e-17     
6353.38355721     5.85957e-17     
6358.90712993     5.53061e-17     
6364.43070265     5.96526e-17     
6369.95427537     5.87314e-17     
6375.4778481      5.2128e-17      
6381.00142082     5.54229e-17     
6386.52499354     5.62375e-17     
6392.04856627     5.30233e-17     
6397.57213899     5.48967e-17     
6403.09571171     5.43646e-17     
6408.61928443     5.37149e-17     
6414.14285716     5.53187e-17     
6419.66642988     5.12319e-17     
6425.1900026      5.47976e-17     
6430.71357533     5.461e-17       
6436.23714805     5.51284e-17     
6441.76072077     5.56573e-17     
6447.28429349     5.53445e-17     
6452.80786622     5.65164e-17     
6458.33143894     5.31358e-17     
6463.85501166     5.16024e-17     
6469.37858439     5.16464e-17     
6474.90215711     5.45673e-17     
6480.42572983     5.35661e-17     
6485.94930255     5.99554e-17     
6491.47287528     5.48189e-17     
6496.996448       5.32394e-17     
6502.52002072     5.46078e-17     
6508.04359344     5.3288e-17      
6513.56716617     5.16089e-17     
6519.09073889     5.27566e-17     
6524.61431161     5.2779e-17      
6530.13788434     5.28571e-17     
6535.66145706     5.59899e-17     
6541.18502978     5.36984e-17     
6546.7086025      4.97051e-17     
6552.23217523     5.23909e-17     
6557.75574795     5.5973e-17      
6563.27932067     5.22749e-17     
6568.8028934      4.91145e-17     
6574.32646612     4.89908e-17     
6579.85003884     5.49999e-17     
6585.37361156     5.61422e-17     
6590.89718429     5.23671e-17     
6596.42075701     4.94487e-17     
6601.94432973     4.79497e-17     
6607.46790246     5.56189e-17     
6612.99147518     5.26406e-17     
6618.5150479      5.09452e-17     
6624.03862062     5.19541e-17     
6629.56219335     4.76432e-17     
6635.08576607     4.94016e-17     
6640.60933879     5.153e-17       
6646.13291152     4.76392e-17     
6651.65648424     4.74708e-17     
6657.18005696     4.66388e-17     
6662.70362968     4.60546e-17     
6668.22720241     4.92692e-17     
6673.75077513     4.5756e-17      
6679.27434785     4.40203e-17     
6684.79792058     4.80349e-17     
6690.3214933      5.10861e-17     
6695.84506602     4.69889e-17     
6701.36863874     4.6501e-17      
6706.89221147     4.65713e-17     
6712.41578419     4.67844e-17     
6717.93935691     4.71158e-17     
6723.46292964     4.35485e-17     
6728.98650236     4.9093e-17      
6734.51007508     4.81732e-17     
6740.0336478      4.00684e-17     
6745.55722053     4.13706e-17     
6751.08079325     4.66589e-17     
6756.60436597     4.71322e-17     
6762.1279387      4.69504e-17     
6767.65151142     5.2584e-17      
6773.17508414     5.24693e-17     
6778.69865686     4.63943e-17     
6784.22222959     5.1104e-17      
6789.74580231     4.83308e-17     
6795.26937503     4.84836e-17     
6800.79294775     4.3426e-17      
6806.31652048     4.71714e-17     
6811.8400932      4.97866e-17     
6817.36366592     4.49575e-17     
6822.88723865     4.40941e-17     
6828.41081137     4.49221e-17     
6833.93438409     4.41356e-17     
6839.45795681     4.33642e-17     
6844.98152954     4.82253e-17     
6850.50510226     4.45917e-17     
6856.02867498     4.80198e-17     
6861.55224771     4.20674e-17     
6867.07582043     4.21587e-17     
6872.59939315     4.33091e-17     
6878.12296587     4.89851e-17     
6883.6465386      4.15579e-17     
6889.17011132     4.35135e-17     
6894.69368404     4.6809e-17      
6900.21725677     4.5433e-17      
6905.74082949     4.55322e-17     
6911.26440221     4.30359e-17     
6916.78797493     4.26321e-17     
6922.31154766     4.22585e-17     
6927.83512038     4.31351e-17     
6933.3586931      4.70284e-17     
6938.88226583     4.18236e-17     
6944.40583855     4.00505e-17     
6949.92941127     4.28035e-17     
6955.45298399     4.73736e-17     
6960.97655672     4.04479e-17     
6966.50012944     4.07719e-17     
6972.02370216     3.70609e-17     
6977.54727489     3.66704e-17     
6983.07084761     4.10857e-17     
6988.59442033     4.27187e-17     
6994.11799305     4.11847e-17     
6999.64156578     4.04024e-17     
7005.1651385      4.07075e-17     
7010.68871122     4.35728e-17     
7016.21228395     4.12977e-17     
7021.73585667     3.85629e-17     
7027.25942939     4.06845e-17     
7032.78300211     4.03273e-17     
7038.30657484     4.30559e-17     
7043.83014756     3.9779e-17      
7049.35372028     4.04384e-17     
7054.87729301     4.03916e-17     
7060.40086573     3.90128e-17     
7065.92443845     4.17205e-17     
7071.44801117     3.94919e-17     
7076.9715839      3.81164e-17     
7082.49515662     3.98046e-17     
7088.01872934     4.07602e-17     
7093.54230206     4.2468e-17      
7099.06587479     4.28505e-17     
7104.58944751     4.05764e-17     
7110.11302023     3.79687e-17     
7115.63659296     3.69577e-17     
7121.16016568     4.02013e-17     
7126.6837384      3.85019e-17     
7132.20731112     3.77507e-17     
7137.73088385     3.96408e-17     
7143.25445657     3.88811e-17     
7148.77802929     3.63859e-17     
7154.30160202     3.64713e-17     
7159.82517474     3.80953e-17     
7165.34874746     3.72089e-17     
7170.87232018     3.95926e-17     
7176.39589291     3.75672e-17     
7181.91946563     3.4323e-17      
7187.44303835     3.94742e-17     
7192.96661108     3.76256e-17     
7198.4901838      3.84492e-17     
7204.01375652     3.74749e-17     
7209.53732924     3.2232e-17      
7215.06090197     3.59073e-17     
7220.58447469     3.89163e-17     
7226.10804741     3.76338e-17     
7231.63162014     3.43206e-17     
7237.15519286     3.31194e-17     
7242.67876558     3.70092e-17     
7248.2023383      3.72594e-17     
7253.72591103     3.58004e-17     
7259.24948375     3.30686e-17     
7264.77305647     3.50816e-17     
7270.2966292      3.42297e-17     
7275.82020192     3.79101e-17     
7281.34377464     3.42581e-17     
7286.86734736     3.45965e-17     
7292.39092009     3.54113e-17     
7297.91449281     3.05649e-17     
7303.43806553     3.47693e-17     
7308.96163826     3.67202e-17     
7314.48521098     3.10378e-17     
7320.0087837      3.28516e-17     
7325.53235642     3.40149e-17     
7331.05592915     3.88865e-17     
7336.57950187     3.49979e-17     
7342.10307459     3.13754e-17     
7347.62664732     3.67478e-17     
7353.15022004     3.85131e-17     
7358.67379276     3.61944e-17     
7364.19736548     3.65555e-17     
7369.72093821     3.2733e-17      
7375.24451093     2.93972e-17     
7380.76808365     3.5719e-17      
7386.29165637     4.04279e-17     
7391.8152291      3.88577e-17     
7397.33880182     3.53086e-17     
7402.86237454     3.27068e-17     
7408.38594727     3.21202e-17     
7413.90951999     3.28096e-17     
7419.43309271     3.47088e-17     
7424.95666543     3.22841e-17     
7430.48023816     3.1402e-17      
7436.00381088     3.1665e-17      
7441.5273836      3.13666e-17     
7447.05095633     3.58963e-17     
7452.57452905     3.65952e-17     
7458.09810177     3.05888e-17     
7463.62167449     3.26587e-17     
7469.14524722     3.4242e-17      
7474.66881994     2.93239e-17     
7480.19239266     3.73757e-17     
7485.71596539     3.619e-17       
7491.23953811     3.17638e-17     
7496.76311083     3.32541e-17     
7502.28668355     3.08945e-17     
7507.81025628     3.25036e-17     
7513.333829       3.45753e-17     
7518.85740172     3.46171e-17     
7524.38097445     3.37238e-17     
7529.90454717     2.7011e-17      
7535.42811989     2.56978e-17     
7540.95169261     3.2359e-17      
7546.47526534     3.61885e-17     
7551.99883806     3.31028e-17     
7557.52241078     2.97461e-17     
7563.04598351     3.39604e-17     
7568.56955623     3.25273e-17     
7574.09312895     3.0962e-17      
7579.61670167     3.27536e-17     
7585.1402744      3.55135e-17     
7590.66384712     3.56708e-17     
7596.18741984     2.85166e-17     
7601.71099257     2.60122e-17     
7607.23456529     1.8366e-17      
7612.75813801     1.97576e-17     
7618.28171073     3.04792e-17     
7623.80528346     3.45414e-17     
7629.32885618     2.60605e-17     
7634.8524289      2.28162e-17     
7640.37600163     2.43822e-17     
7645.89957435     2.57409e-17     
7651.42314707     3.15153e-17     
7656.94671979     3.30999e-17     
7662.47029252     2.85823e-17     
7667.99386524     2.78175e-17     
7673.51743796     2.98018e-17     
7679.04101068     2.68232e-17     
7684.56458341     3.4722e-17      
7690.08815613     3.63903e-17     
7695.61172885     3.1447e-17      
7701.13530158     2.17199e-17     
7706.6588743      3.04053e-17     
7712.18244702     3.07515e-17     
7717.70601974     3.41635e-17     
7723.22959247     3.88496e-17     
7728.75316519     2.75646e-17     
7734.27673791     2.87873e-17     
7739.80031064     2.96093e-17     
7745.32388336     3.07832e-17     
7750.84745608     3.20125e-17     
7756.3710288      3.67954e-17     
7761.89460153     3.64322e-17     
7767.41817425     3.18901e-17     
7772.94174697     2.02874e-17     
7778.4653197      2.37924e-17     
7783.98889242     3.5679e-17      
7789.51246514     3.56958e-17     
7795.03603786     3.48808e-17     
7800.55961059     3.09787e-17     
7806.08318331     2.70448e-17     
7811.60675603     3.0982e-17      
7817.13032876     3.28952e-17     
7822.65390148     3.51976e-17     
7828.1774742      2.75702e-17     
7833.70104692     2.9402e-17      
7839.22461965     2.99324e-17     
7844.74819237     2.16303e-17     
7850.27176509     2.71386e-17     
7855.79533782     3.18713e-17     
7861.31891054     2.65987e-17     
7866.84248326     3.61623e-17     
7872.36605598     2.51577e-17     
7877.88962871     2.37e-17        
7883.41320143     2.39072e-17     
7888.93677415     2.49803e-17     
7894.46034688     2.42267e-17     
7899.9839196      2.96721e-17     
7905.50749232     2.82005e-17     
7911.03106504     2.24429e-17     
7916.55463777     2.00005e-17     
7922.07821049     2.21491e-17     
7927.60178321     2.48813e-17     
7933.12535594     2.933e-17       
7938.64892866     2.97414e-17     
7944.17250138     2.5726e-17      
7949.6960741      2.3089e-17      
7955.21964683     2.46782e-17     
7960.74321955     2.90268e-17     
7966.26679227     3.10591e-17     
7971.79036499     3.15344e-17     
7977.31393772     2.91439e-17     
7982.83751044     2.15354e-17     
7988.36108316     2.39972e-17     
7993.88465589     2.38802e-17     
7999.40822861     2.71667e-17     
8004.93180133     2.43666e-17     
8010.45537405     2.32068e-17     
8015.97894678     1.88493e-17     
8021.5025195      1.6871e-17      
8027.02609222     2.35831e-17     
8032.54966495     3.19446e-17     
8038.07323767     2.63313e-17     
8043.59681039     2.9635e-17      
8049.12038311     2.85926e-17     
8054.64395584     1.80635e-17     
8060.16752856     2.04125e-17     
8065.69110128     2.23198e-17     
8071.21467401     2.00373e-17     
8076.73824673     2.58744e-17     
8082.26181945     2.79451e-17     
8087.78539217     2.63171e-17     
8093.3089649      2.37228e-17     
8098.83253762     2.02351e-17     
8104.35611034     3.05646e-17     
8109.87968307     3.0281e-17      
8115.40325579     2.42797e-17     
8120.92682851     2.20512e-17     
8126.45040123     2.49565e-17     
8131.97397396     2.12398e-17     
8137.49754668     2.099e-17       
8143.0211194      2.95557e-17     
8148.54469213     2.56954e-17     
8154.06826485     2.91157e-17     
8159.59183757     2.60178e-17     
8165.11541029     2.44741e-17     
8170.63898302     2.13986e-17     
8176.16255574     2.33139e-17     
8181.68612846     2.93366e-17     
8187.20970119     2.43651e-17     
8192.73327391     2.56399e-17     
8198.25684663     2.38636e-17     
8203.78041935     1.78405e-17     
8209.30399208     2.29862e-17     
8214.8275648      2.20571e-17     
8220.35113752     2.35299e-17     
8225.87471025     2.58092e-17     
8231.39828297     2.24483e-17     
8236.92185569     2.07872e-17     
8242.44542841     1.89799e-17     
8247.96900114     2.03353e-17     
8253.49257386     3.13163e-17     
8259.01614658     2.61077e-17     
8264.5397193      2.83919e-17     
8270.06329203     2.26834e-17     
8275.58686475     1.95593e-17     
8281.11043747     2.11876e-17     
8286.6340102      2.67585e-17     
8292.15758292     2.42937e-17     
8297.68115564     3.21455e-17     
8303.20472836     2.97389e-17     
8308.72830109     2.47985e-17     
8314.25187381     2.17271e-17     
8319.77544653     2.26555e-17     
8325.29901926     2.79488e-17     
8330.82259198     2.80893e-17     
8336.3461647      2.59517e-17     
8341.86973742     2.4849e-17      
8347.39331015     1.93622e-17     
8352.91688287     1.3766e-17      
8358.44045559     1.91399e-17     
8363.96402832     2.94731e-17     
8369.48760104     2.71334e-17     
8375.01117376     2.7629e-17      
8380.53474648     2.20339e-17     
8386.05831921     2.06454e-17     
8391.58189193     1.59072e-17     
8397.10546465     2.33405e-17     
8402.62903738     2.02341e-17     
8408.1526101      3.42956e-17     
8413.67618282     2.53701e-17     
8419.19975554     1.70694e-17     
8424.72332827     1.68639e-17     
8430.24690099     1.36935e-17     
8435.77047371     2.02259e-17     
8441.29404644     2.72729e-17     
8446.81761916     2.21781e-17     
8452.34119188     2.28799e-17     
8457.8647646      1.68801e-17     
8463.38833733     7.81608e-18     
8468.91191005     1.21525e-17     
8474.43548277     1.59879e-17     
8479.9590555      2.36278e-17     
8485.48262822     2.89689e-17     
8491.00620094     2.4074e-17      
8496.52977366     1.84658e-17     
8502.05334639     1.67727e-17     
8507.57691911     1.87065e-17     
8513.10049183     2.33881e-17     
8518.62406456     2.78293e-17     
8524.14763728     2.00906e-17     
8529.67121        2.32791e-17     
8535.19478272     1.9344e-17      
8540.71835545     2.31506e-17     
8546.24192817     1.61048e-17     
8551.76550089     2.46015e-17     
8557.28907361     2.33598e-17     
8562.81264634     2.47536e-17     
8568.33621906     1.90529e-17     
8573.85979178     1.31292e-17     
8579.38336451     1.44163e-17     
8584.90693723     1.38233e-17     
8590.43050995     2.14649e-17     
8595.95408267     1.85968e-17     
8601.4776554      1.84526e-17     
8607.00122812     1.80223e-17     
8612.52480084     2.14742e-17     
8618.04837357     1.68466e-17     
8623.57194629     1.29733e-17     
8629.09551901     2.17417e-17     
8634.61909173     1.92317e-17     
8640.14266446     1.66105e-17     
8645.66623718     1.89683e-17     
8651.1898099      1.85487e-17     
8656.71338263     1.25685e-17     
8662.23695535     1.48294e-17     
8667.76052807     2.48308e-17     
8673.28410079     2.74593e-17     
8678.80767352     2.78746e-17     
8684.33124624     2.69805e-17     
8689.85481896     2.34882e-17     
8695.37839169     1.8377e-17      
8700.90196441     2.52588e-17     
8706.42553713     2.37133e-17     
8711.94910985     1.94578e-17     
8717.47268258     2.30576e-17     
8722.9962553      1.55992e-17     
8728.51982802     1.67825e-17     
8734.04340075     1.94609e-17     
8739.56697347     2.18569e-17     
8745.09054619     1.94289e-17     
8750.61411891     2.74956e-17     
8756.13769164     2.56934e-17     
8761.66126436     2.07965e-17     
8767.18483708     2.13035e-17     
8772.70840981     1.53833e-17     
8778.23198253     1.28025e-17     
8783.75555525     2.21666e-17     
8789.27912797     2.2499e-17      
8794.8027007      1.56032e-17     
8800.32627342     1.83644e-17     
8805.84984614     1.77336e-17     
8811.37341887     2.28478e-17     
8816.89699159     2.46051e-17     
8822.42056431     1.82674e-17     
8827.94413703     2.05865e-17     
8833.46770976     2.62803e-17     
8838.99128248     1.8082e-17      
8844.5148552      2.05292e-17     
8850.03842792     2.1248e-17      
8855.56200065     2.00417e-17     
8861.08557337     2.21227e-17     
8866.60914609     1.65115e-17     
8872.13271882     2.16067e-17     
8877.65629154     1.76524e-17     
8883.17986426     1.53193e-17     
8888.70343698     7.97827e-18     
8894.22700971     2.45124e-17     
8899.75058243     2.27153e-17     
8905.27415515     1.50823e-17     
8910.79772788     2.40477e-17     
8916.3213006      1.75525e-17     
8921.84487332     1.70614e-17     
8927.36844604     7.61914e-18     
8932.89201877     1.33884e-17     
8938.41559149     2.56702e-17     
8943.93916421     2.83792e-17     
8949.46273694     1.77847e-17     
8954.98630966     9.25483e-18     
8960.50988238     1.22276e-17     
8966.0334551      1.97183e-17     
8971.55702783     2.1309e-17      
8977.08060055     1.71999e-17     
8982.60417327     1.68221e-17     
8988.127746       2.11256e-17     
8993.65131872     1.76644e-17     
8999.17489144     1.39743e-17     
9004.69846416     2.43078e-17     
9010.22203689     2.32047e-17     
9015.74560961     2.03469e-17     
9021.26918233     2.10437e-17     
9026.79275506     1.83231e-17     
9032.31632778     1.83124e-17     
9037.8399005      3.03715e-17     
9043.36347322     1.87186e-17     
9048.88704595     1.83912e-17     
9054.41061867     1.98683e-17     
9059.93419139     1.66661e-17     
9065.45776412     1.62902e-17     
9070.98133684     9.50498e-18     
9076.50490956     1.92416e-17     
9082.02848228     1.61799e-17     
9087.55205501     1.38522e-17     
9093.07562773     1.82038e-17     
9098.59920045     1.56664e-17     
9104.12277318     1.50042e-17     
9109.6463459      1.58612e-17     
9115.16991862     1.14308e-17     
9120.69349134     1.02684e-17     
9126.21706407     1.56255e-17     
9131.74063679     1.73076e-17     
9137.26420951     2.27679e-17     
9142.78778223     1.8554e-17      
9148.31135496     1.45167e-17     
9153.83492768     1.34999e-17     
9159.3585004      1.01138e-17     
9164.88207313     1.80995e-17     
9170.40564585     1.36849e-17     
9175.92921857     9.58894e-18     
9181.45279129     1.5498e-17      
9186.97636402     1.71254e-17     
9192.49993674     1.82423e-17     
9198.02350946     1.84315e-17     
9203.54708219     2.10426e-17     
9209.07065491     2.21282e-17     
9214.59422763     2.41414e-17     
9220.11780035     1.04296e-17     
9225.64137308     1.89749e-17     
9231.1649458      2.43006e-17     
9236.68851852     1.28358e-17     
9242.21209125     1.53121e-17     
9247.73566397     2.0253e-17      
9253.25923669     1.22207e-17     
9258.78280941     1.94799e-17     
9264.30638214     2.82415e-17     
9269.82995486     9.59706e-18     
