3669.05593944     8.5397e-17      
3674.58036272     8.84875e-17     
3680.10478601     9.1235e-17      
3685.62920929     8.68493e-17     
3691.15363258     9.04434e-17     
3696.67805586     9.02499e-17     
3702.20247915     8.47668e-17     
3707.72690243     9.23411e-17     
3713.25132572     9.03093e-17     
3718.775749       9.02818e-17     
3724.30017229     8.80405e-17     
3729.82459557     9.20597e-17     
3735.34901886     9.03117e-17     
3740.87344214     9.05962e-17     
3746.39786542     8.61727e-17     
3751.92228871     9.00922e-17     
3757.44671199     8.93192e-17     
3762.97113528     8.86284e-17     
3768.49555856     8.65448e-17     
3774.01998185     9.10178e-17     
3779.54440513     9.2953e-17      
3785.06882842     8.89831e-17     
3790.5932517      9.59684e-17     
3796.11767499     9.08401e-17     
3801.64209827     9.10327e-17     
3807.16652156     9.45844e-17     
3812.69094484     8.54226e-17     
3818.21536813     9.37172e-17     
3823.73979141     9.73265e-17     
3829.26421469     9.41847e-17     
3834.78863798     9.44942e-17     
3840.31306126     8.95979e-17     
3845.83748455     9.5149e-17      
3851.36190783     9.75639e-17     
3856.88633112     9.62433e-17     
3862.4107544      9.72613e-17     
3867.93517769     9.2754e-17      
3873.45960097     1.01563e-16     
3878.98402426     1.01854e-16     
3884.50844754     9.78292e-17     
3890.03287083     9.34465e-17     
3895.55729411     9.69378e-17     
3901.08171739     9.06851e-17     
3906.60614068     9.62272e-17     
3912.13056396     9.49277e-17     
3917.65498725     9.05635e-17     
3923.17941053     9.34212e-17     
3928.70383382     8.72763e-17     
3934.2282571      8.60914e-17     
3939.75268039     9.25715e-17     
3945.27710367     8.64851e-17     
3950.80152696     8.98378e-17     
3956.32595024     9.03871e-17     
3961.85037353     9.13861e-17     
3967.37479681     8.74659e-17     
3972.89922009     8.62902e-17     
3978.42364338     9.32072e-17     
3983.94806666     9.40896e-17     
3989.47248995     9.47509e-17     
3994.99691323     9.05821e-17     
4000.52133652     9.21991e-17     
4006.0457598      9.54201e-17     
4011.57018309     8.38771e-17     
4017.09460637     9.07066e-17     
4022.61902966     8.89975e-17     
4028.14345294     8.9513e-17      
4033.66787623     9.39395e-17     
4039.19229951     9.70784e-17     
4044.7167228      9.08196e-17     
4050.24114608     8.73723e-17     
4055.76556936     9.40151e-17     
4061.28999265     8.51506e-17     
4066.81441593     8.97274e-17     
4072.33883922     8.44409e-17     
4077.8632625      8.39202e-17     
4083.38768579     8.40358e-17     
4088.91210907     8.36551e-17     
4094.43653236     8.77473e-17     
4099.96095564     8.81703e-17     
4105.48537893     8.90333e-17     
4111.00980221     8.93157e-17     
4116.5342255      8.61832e-17     
4122.05864878     8.54256e-17     
4127.58307206     8.01041e-17     
4133.10749535     8.7937e-17      
4138.63191863     9.01881e-17     
4144.15634192     8.64547e-17     
4149.6807652      8.79963e-17     
4155.20518849     8.55246e-17     
4160.72961177     8.81395e-17     
4166.25403506     8.5047e-17      
4171.77845834     8.70706e-17     
4177.30288163     9.0917e-17      
4182.82730491     8.92924e-17     
4188.3517282      8.12769e-17     
4193.87615148     8.56654e-17     
4199.40057476     8.80619e-17     
4204.92499805     8.61135e-17     
4210.44942133     8.32258e-17     
4215.97384462     8.70236e-17     
4221.4982679      8.05028e-17     
4227.02269119     8.64122e-17     
4232.54711447     8.78965e-17     
4238.07153776     8.81872e-17     
4243.59596104     8.38214e-17     
4249.12038433     8.26397e-17     
4254.64480761     8.65893e-17     
4260.1692309      8.35946e-17     
4265.69365418     8.18466e-17     
4271.21807747     9.07193e-17     
4276.74250075     9.28044e-17     
4282.26692403     8.0997e-17      
4287.79134732     8.80913e-17     
4293.3157706      8.40231e-17     
4298.84019389     8.45566e-17     
4304.36461717     8.51883e-17     
4309.88904046     8.36505e-17     
4315.41346374     8.06045e-17     
4320.93788703     8.19947e-17     
4326.46231031     8.39388e-17     
4331.9867336      8.32782e-17     
4337.51115688     7.91539e-17     
4343.03558017     7.81531e-17     
4348.56000345     8.09875e-17     
4354.08442673     8.10585e-17     
4359.60885002     7.90516e-17     
4365.1332733      8.47329e-17     
4370.65769659     8.64024e-17     
4376.18211987     8.19829e-17     
4381.70654316     8.0053e-17      
4387.23096644     8.19923e-17     
4392.75538973     7.95859e-17     
4398.27981301     8.03662e-17     
4403.8042363      8.05347e-17     
4409.32865958     7.39231e-17     
4414.85308287     7.94073e-17     
4420.37750615     7.88261e-17     
4425.90192944     7.88889e-17     
4431.42635272     7.4837e-17      
4436.950776       7.69416e-17     
4442.47519929     7.83522e-17     
4447.99962257     7.45844e-17     
4453.52404586     7.93654e-17     
4459.04846914     7.58689e-17     
4464.57289243     7.66473e-17     
4470.09731571     7.37909e-17     
4475.621739       7.8389e-17      
4481.14616228     7.94769e-17     
4486.67058557     7.53188e-17     
4492.19500885     7.52179e-17     
4497.71943214     8.0246e-17      
4503.24385542     7.72266e-17     
4508.7682787      7.41261e-17     
4514.29270199     7.37256e-17     
4519.81712527     7.63268e-17     
4525.34154856     7.86449e-17     
4530.86597184     8.19063e-17     
4536.39039513     7.31082e-17     
4541.91481841     7.85181e-17     
4547.4392417      7.42665e-17     
4552.96366498     7.95283e-17     
4558.48808827     7.37563e-17     
4564.01251155     7.63605e-17     
4569.53693484     7.32971e-17     
4575.06135812     7.54214e-17     
4580.5857814      7.79438e-17     
4586.11020469     7.86804e-17     
4591.63462797     7.77699e-17     
4597.15905126     7.8018e-17      
4602.68347454     7.95758e-17     
4608.20789783     8.2631e-17      
4613.73232111     7.59572e-17     
4619.2567444      7.93771e-17     
4624.78116768     7.98723e-17     
4630.30559097     8.05843e-17     
4635.83001425     7.72956e-17     
4641.35443754     8.01517e-17     
4646.87886082     8.17357e-17     
4652.40328411     8.75795e-17     
4657.92770739     8.92035e-17     
4663.45213067     8.94389e-17     
4668.97655396     9.39513e-17     
4674.50097724     9.0085e-17      
4680.02540053     8.66658e-17     
4685.54982381     7.948e-17       
4691.0742471      7.89974e-17     
4696.59867038     7.85604e-17     
4702.12309367     7.23118e-17     
4707.64751695     7.54059e-17     
4713.17194024     7.61403e-17     
4718.69636352     7.85956e-17     
4724.22078681     7.71801e-17     
4729.74521009     7.64888e-17     
4735.26963337     7.66312e-17     
4740.79405666     7.79071e-17     
4746.31847994     7.78882e-17     
4751.84290323     7.72467e-17     
4757.36732651     7.67837e-17     
4762.8917498      7.32534e-17     
4768.41617308     7.32943e-17     
4773.94059637     6.92587e-17     
4779.46501965     6.87521e-17     
4784.98944294     6.95489e-17     
4790.51386622     7.43273e-17     
4796.03828951     7.61453e-17     
4801.56271279     7.55865e-17     
4807.08713607     7.3002e-17      
4812.61155936     6.98564e-17     
4818.13598264     7.3213e-17      
4823.66040593     7.1805e-17      
4829.18482921     6.88163e-17     
4834.7092525      7.0519e-17      
4840.23367578     6.88085e-17     
4845.75809907     7.11066e-17     
4851.28252235     7.30436e-17     
4856.80694564     6.87267e-17     
4862.33136892     7.05556e-17     
4867.85579221     7.04694e-17     
4873.38021549     7.12432e-17     
4878.90463878     7.33252e-17     
4884.42906206     7.48345e-17     
4889.95348534     7.62286e-17     
4895.47790863     7.46696e-17     
4901.00233191     7.34844e-17     
4906.5267552      7.08057e-17     
4912.05117848     6.97701e-17     
4917.57560177     7.17231e-17     
4923.10002505     7.24587e-17     
4928.62444834     6.97515e-17     
4934.14887162     6.79819e-17     
4939.67329491     7.1913e-17      
4945.19771819     6.83958e-17     
4950.72214148     6.78895e-17     
4956.24656476     7.0212e-17      
4961.77098804     6.81816e-17     
4967.29541133     7.12658e-17     
4972.81983461     6.96067e-17     
4978.3442579      6.87434e-17     
4983.86868118     6.61053e-17     
4989.39310447     6.35428e-17     
4994.91752775     6.60937e-17     
5000.44195104     6.95318e-17     
5005.96637432     6.56077e-17     
5011.49079761     6.83153e-17     
5017.01522089     6.61564e-17     
5022.53964418     6.58322e-17     
5028.06406746     6.73386e-17     
5033.58849074     6.48564e-17     
5039.11291403     6.6061e-17      
5044.63733731     6.25639e-17     
5050.1617606      6.02837e-17     
5055.68618388     6.43941e-17     
5061.21060717     6.60697e-17     
5066.73503045     6.51184e-17     
5072.25945374     6.35646e-17     
5077.78387702     6.54574e-17     
5083.30830031     6.81762e-17     
5088.83272359     6.7426e-17      
5094.35714688     6.66078e-17     
5099.88157016     6.5534e-17      
5105.40599345     6.69598e-17     
5110.93041673     6.43922e-17     
5116.45484001     6.63333e-17     
5121.9792633      6.28566e-17     
5127.50368658     6.35231e-17     
5133.02810987     6.37439e-17     
5138.55253315     6.77159e-17     
5144.07695644     6.66635e-17     
5149.60137972     6.3118e-17      
5155.12580301     6.64307e-17     
5160.65022629     6.53375e-17     
5166.17464958     6.37081e-17     
5171.69907286     6.42474e-17     
5177.22349615     6.54457e-17     
5182.74791943     6.22635e-17     
5188.27234271     6.72587e-17     
5193.796766       6.40404e-17     
5199.32118928     6.14499e-17     
5204.84561257     6.29842e-17     
5210.37003585     6.4547e-17      
5215.89445914     6.33048e-17     
5221.41888242     6.34838e-17     
5226.94330571     6.52899e-17     
5232.46772899     6.15237e-17     
5237.99215228     6.07408e-17     
5243.51657556     6.37734e-17     
5249.04099885     6.5581e-17      
5254.56542213     6.36173e-17     
5260.08984541     6.09306e-17     
5265.6142687      6.22231e-17     
5271.13869198     6.25378e-17     
5276.66311527     6.42047e-17     
5282.18753855     6.27529e-17     
5287.71196184     6.51434e-17     
5293.23638512     6.60498e-17     
5298.76080841     6.48021e-17     
5304.28523169     6.20601e-17     
5309.80965498     6.41805e-17     
5315.33407826     6.21725e-17     
5320.85850155     6.1954e-17      
5326.38292483     6.32245e-17     
5331.90734812     6.26434e-17     
5337.4317714      6.1712e-17      
5342.95619468     6.32546e-17     
5348.48061797     5.9407e-17      
5354.00504125     6.46775e-17     
5359.52946454     6.41856e-17     
5365.05388782     6.55795e-17     
5370.57831111     6.19137e-17     
5376.10273439     6.29041e-17     
5381.62715768     6.4825e-17      
5387.15158096     6.33098e-17     
5392.67600425     6.25084e-17     
5398.20042753     6.10174e-17     
5403.72485082     6.14522e-17     
5409.2492741      6.21921e-17     
5414.77369738     6.40479e-17     
5420.29812067     6.26333e-17     
5425.82254395     6.24225e-17     
5431.34696724     6.13748e-17     
5436.87139052     6.08047e-17     
5442.39581381     6.09495e-17     
5447.92023709     6.16875e-17     
5453.44466038     6.35065e-17     
5458.96908366     6.3604e-17      
5464.49350695     5.96905e-17     
5470.01793023     6.13592e-17     
5475.54235352     6.33291e-17     
5481.0667768      6.16353e-17     
5486.59120008     5.85323e-17     
5492.11562337     6.25808e-17     
5497.64004665     6.35737e-17     
5503.16446994     6.2425e-17      
5508.68889322     6.00465e-17     
5514.21331651     5.82751e-17     
5519.73773979     5.87459e-17     
5525.26216308     5.59564e-17     
5530.78658636     5.67292e-17     
5536.31100965     5.83685e-17     
5541.83543293     5.90396e-17     
5547.35985622     5.67247e-17     
5552.8842795      5.59779e-17     
5558.40870279     6.0647e-17      
5563.93312607     6.21402e-17     
5569.45754935     6.29073e-17     
5574.98197264     6.27274e-17     
5580.50639592     5.13383e-17     
5586.03081921     4.8661e-17      
5591.55524249     5.8314e-17      
5597.07966578     5.97212e-17     
5602.60408906     5.84884e-17     
5608.12851235     5.56872e-17     
5613.65293563     5.92083e-17     
5619.17735892     5.68765e-17     
5624.7017822      5.66911e-17     
5630.22620549     5.95208e-17     
5635.75062877     5.59261e-17     
5641.27505205     5.789e-17       
5646.79947534     5.76064e-17     
5652.32389862     5.6294e-17      
5657.84832191     5.81816e-17     
5663.37274519     5.81118e-17     
5668.89716848     5.55605e-17     
5674.42159176     5.91987e-17     
5679.94601505     5.99799e-17     
5685.47043833     5.74118e-17     
5690.99486162     6.01824e-17     
5696.5192849      5.79085e-17     
5702.04370819     5.41445e-17     
5707.56813147     5.64546e-17     
5713.09255475     5.83231e-17     
5718.61697804     5.40431e-17     
5724.14140132     5.62914e-17     
5729.66582461     5.79386e-17     
5735.19024789     5.50576e-17     
5740.71467118     5.64625e-17     
5746.23909446     5.91915e-17     
5751.76351775     5.49378e-17     
5757.28794103     5.11091e-17     
5762.81236432     5.3666e-17      
5768.3367876      5.503e-17       
5773.86121089     5.55562e-17     
5779.38563417     5.40804e-17     
5784.91005746     5.71588e-17     
5790.43448074     5.70121e-17     
5795.95890402     5.66293e-17     
5801.48332731     5.38025e-17     
5807.00775059     5.5998e-17      
5812.53217388     5.47527e-17     
5818.05659716     5.54456e-17     
5823.58102045     5.90322e-17     
5829.10544373     5.57683e-17     
5834.62986702     5.45765e-17     
5840.1542903      5.48479e-17     
5845.67871359     5.63073e-17     
5851.20313687     5.58397e-17     
5856.72756016     5.48917e-17     
5862.25198344     5.27181e-17     
5867.77640672     5.43959e-17     
5873.30083001     5.64469e-17     
5878.82525329     5.2104e-17      
5884.34967658     5.45986e-17     
5889.87409986     4.87615e-17     
5895.39852315     4.99216e-17     
5900.92294643     5.42775e-17     
5906.44736972     5.34688e-17     
5911.971793       5.0037e-17      
5917.49621629     5.22367e-17     
5923.02063957     5.36636e-17     
5928.54506286     5.20524e-17     
5934.06948614     5.16528e-17     
5939.59390943     5.11005e-17     
5945.11833271     5.00556e-17     
5950.64275599     5.20654e-17     
5956.16717928     5.16564e-17     
5961.69160256     5.48421e-17     
5967.21602585     5.12795e-17     
5972.74044913     4.76873e-17     
5978.26487242     4.91519e-17     
5983.7892957      5.3378e-17      
5989.31371899     4.88739e-17     
5994.83814227     5.11027e-17     
6000.36256556     5.33648e-17     
6005.88698884     5.54594e-17     
6011.41141213     5.21402e-17     
6016.93583541     5.7572e-17      
6022.46025869     5.6977e-17      
6027.98468198     5.20603e-17     
6033.50910526     5.31864e-17     
6039.03352855     5.27538e-17     
6044.55795183     5.06124e-17     
6050.08237512     5.02596e-17     
6055.6067984      5.1688e-17      
6061.13122169     5.06637e-17     
6066.65564497     5.1131e-17      
6072.18006826     5.19061e-17     
6077.70449154     5.17815e-17     
6083.22891483     5.09953e-17     
6088.75333811     5.11902e-17     
6094.27776139     5.19091e-17     
6099.80218468     5.18474e-17     
6105.32660796     5.17822e-17     
6110.85103125     5.07886e-17     
6116.37545453     5.09888e-17     
6121.89987782     4.92911e-17     
6127.4243011      4.83453e-17     
6132.94872439     5.1417e-17      
6138.47314767     4.9989e-17      
6143.99757096     4.9264e-17      
6149.52199424     4.68634e-17     
6155.04641753     4.55211e-17     
6160.57084081     4.7021e-17      
6166.0952641      4.4003e-17      
6171.61968738     4.39882e-17     
6177.14411066     4.35123e-17     
6182.66853395     4.79405e-17     
6188.19295723     4.58089e-17     
6193.71738052     4.51626e-17     
6199.2418038      4.80867e-17     
6204.76622709     4.98405e-17     
6210.29065037     5.09566e-17     
6215.81507366     4.91289e-17     
6221.33949694     5.00854e-17     
6226.86392023     4.76685e-17     
6232.38834351     4.96219e-17     
6237.9127668      4.79426e-17     
6243.43719008     5.04395e-17     
6248.96161336     4.71834e-17     
6254.48603665     4.62879e-17     
6260.01045993     4.68908e-17     
6265.53488322     4.56375e-17     
6271.0593065      4.71796e-17     
6276.58372979     4.60999e-17     
6282.10815307     4.82471e-17     
6287.63257636     4.95264e-17     
6293.15699964     4.66685e-17     
6298.68142293     4.61671e-17     
6304.20584621     4.26782e-17     
6309.7302695      4.37671e-17     
6315.25469278     4.38513e-17     
6320.77911606     4.46784e-17     
6326.30353935     4.50756e-17     
6331.82796263     4.6537e-17      
6337.35238592     4.50313e-17     
6342.8768092      4.43544e-17     
6348.40123249     4.76895e-17     
6353.92565577     4.64053e-17     
6359.45007906     4.56406e-17     
6364.97450234     5.07666e-17     
6370.49892563     4.77102e-17     
6376.02334891     4.51874e-17     
6381.5477722      4.99805e-17     
6387.07219548     4.83618e-17     
6392.59661877     4.65107e-17     
6398.12104205     4.59986e-17     
6403.64546533     4.54934e-17     
6409.16988862     4.34268e-17     
6414.6943119      4.51969e-17     
6420.21873519     4.68718e-17     
6425.74315847     4.80355e-17     
6431.26758176     4.57555e-17     
6436.79200504     4.38972e-17     
6442.31642833     4.5535e-17      
6447.84085161     4.63006e-17     
6453.3652749      4.52552e-17     
6458.88969818     4.37529e-17     
6464.41412147     4.29561e-17     
6469.93854475     4.34188e-17     
6475.46296803     4.30185e-17     
6480.98739132     4.17667e-17     
6486.5118146      4.85756e-17     
6492.03623789     4.12602e-17     
6497.56066117     4.51234e-17     
6503.08508446     4.38196e-17     
6508.60950774     4.65793e-17     
6514.13393103     4.32839e-17     
6519.65835431     4.02563e-17     
6525.1827776      4.23963e-17     
6530.70720088     4.45014e-17     
6536.23162417     4.42378e-17     
6541.75604745     4.24239e-17     
6547.28047073     4.29471e-17     
6552.80489402     3.94746e-17     
6558.3293173      4.13404e-17     
6563.85374059     4.42243e-17     
6569.37816387     4.01257e-17     
6574.90258716     4.18831e-17     
6580.42701044     4.36641e-17     
6585.95143373     3.9692e-17      
6591.47585701     4.14278e-17     
6597.0002803      4.14055e-17     
6602.52470358     4.06288e-17     
6608.04912687     4.35816e-17     
6613.57355015     4.44086e-17     
6619.09797344     4.48556e-17     
6624.62239672     4.4368e-17      
6630.14682        4.53191e-17     
6635.67124329     4.26448e-17     
6641.19566657     4.14647e-17     
6646.72008986     4.16864e-17     
6652.24451314     4.17642e-17     
6657.76893643     4.19045e-17     
6663.29335971     4.30197e-17     
6668.817783       4.12798e-17     
6674.34220628     4.30373e-17     
6679.86662957     4.23495e-17     
6685.39105285     4.2077e-17      
6690.91547614     3.88625e-17     
6696.43989942     4.33208e-17     
6701.9643227      4.34545e-17     
6707.48874599     4.3937e-17      
6713.01316927     4.23604e-17     
6718.53759256     4.26962e-17     
6724.06201584     4.03783e-17     
6729.58643913     3.99137e-17     
6735.11086241     3.86534e-17     
6740.6352857      3.78553e-17     
6746.15970898     4.0635e-17      
6751.68413227     4.24944e-17     
6757.20855555     3.96408e-17     
6762.73297884     3.89001e-17     
6768.25740212     4.03319e-17     
6773.7818254      3.97578e-17     
6779.30624869     3.96195e-17     
6784.83067197     4.18082e-17     
6790.35509526     4.09338e-17     
6795.87951854     4.05014e-17     
6801.40394183     3.90777e-17     
6806.92836511     3.87888e-17     
6812.4527884      3.97305e-17     
6817.97721168     3.96308e-17     
6823.50163497     4.3682e-17      
6829.02605825     4.52915e-17     
6834.55048154     3.97566e-17     
6840.07490482     3.88867e-17     
6845.59932811     4.3747e-17      
6851.12375139     4.19739e-17     
6856.64817467     4.18678e-17     
6862.17259796     4.17418e-17     
6867.69702124     4.05832e-17     
6873.22144453     3.92977e-17     
6878.74586781     4.09743e-17     
6884.2702911      4.14924e-17     
6889.79471438     3.76492e-17     
6895.31913767     3.68597e-17     
6900.84356095     4.25688e-17     
6906.36798424     4.23886e-17     
6911.89240752     3.76587e-17     
6917.41683081     3.91073e-17     
6922.94125409     3.96528e-17     
6928.46567737     3.74264e-17     
6933.99010066     3.9114e-17      
6939.51452394     3.63368e-17     
6945.03894723     3.49341e-17     
6950.56337051     3.9193e-17      
6956.0877938      3.92675e-17     
6961.61221708     4.15199e-17     
6967.13664037     4.19061e-17     
6972.66106365     3.83323e-17     
6978.18548694     3.81236e-17     
6983.70991022     3.78282e-17     
6989.23433351     3.65962e-17     
6994.75875679     3.81072e-17     
7000.28318007     3.8396e-17      
7005.80760336     3.96459e-17     
7011.33202664     3.72092e-17     
7016.85644993     3.67827e-17     
7022.38087321     3.85159e-17     
7027.9052965      3.8376e-17      
7033.42971978     3.94413e-17     
7038.95414307     3.55204e-17     
7044.47856635     3.63563e-17     
7050.00298964     3.82287e-17     
7055.52741292     3.79646e-17     
7061.05183621     4.04136e-17     
7066.57625949     4.17352e-17     
7072.10068278     4.19461e-17     
7077.62510606     3.93617e-17     
7083.14952934     3.94697e-17     
7088.67395263     4.02099e-17     
7094.19837591     3.58295e-17     
7099.7227992      3.73566e-17     
7105.24722248     3.99667e-17     
7110.77164577     4.04301e-17     
7116.29606905     3.91252e-17     
7121.82049234     3.85779e-17     
7127.34491562     3.97419e-17     
7132.86933891     3.78037e-17     
7138.39376219     3.9415e-17      
7143.91818548     3.57951e-17     
7149.44260876     3.92368e-17     
7154.96703204     3.87861e-17     
7160.49145533     3.76402e-17     
7166.01587861     3.76091e-17     
7171.5403019      3.80359e-17     
7177.06472518     3.52458e-17     
7182.58914847     3.42496e-17     
7188.11357175     3.87173e-17     
7193.63799504     4.32677e-17     
7199.16241832     3.92805e-17     
7204.68684161     3.54132e-17     
7210.21126489     3.93802e-17     
7215.73568818     4.17812e-17     
7221.26011146     4.60897e-17     
7226.78453475     4.49677e-17     
7232.30895803     4.13086e-17     
7237.83338131     4.68569e-17     
7243.3578046      4.81192e-17     
7248.88222788     4.9355e-17      
7254.40665117     4.33911e-17     
7259.93107445     4.27035e-17     
7265.45549774     4.1657e-17      
7270.97992102     4.59607e-17     
7276.50434431     4.39196e-17     
7282.02876759     3.80556e-17     
7287.55319088     3.9502e-17      
7293.07761416     3.78401e-17     
7298.60203745     3.80207e-17     
7304.12646073     4.03599e-17     
7309.65088401     3.72978e-17     
7315.1753073      3.11062e-17     
7320.69973058     3.82709e-17     
7326.22415387     4.00843e-17     
7331.74857715     3.77704e-17     
7337.27300044     3.37423e-17     
7342.79742372     3.28528e-17     
7348.32184701     3.51247e-17     
7353.84627029     3.73812e-17     
7359.37069358     3.86003e-17     
7364.89511686     3.54524e-17     
7370.41954015     3.36946e-17     
7375.94396343     3.37112e-17     
7381.46838671     3.46147e-17     
7386.99281        3.97546e-17     
7392.51723328     3.92699e-17     
7398.04165657     3.44451e-17     
7403.56607985     3.24354e-17     
7409.09050314     3.38851e-17     
7414.61492642     3.63175e-17     
7420.13934971     3.87405e-17     
7425.66377299     3.6013e-17      
7431.18819628     3.45958e-17     
7436.71261956     3.44031e-17     
7442.23704285     3.49533e-17     
7447.76146613     3.54457e-17     
7453.28588942     3.79624e-17     
7458.8103127      3.26678e-17     
7464.33473598     3.28412e-17     
7469.85915927     3.40744e-17     
7475.38358255     3.75666e-17     
7480.90800584     4.11707e-17     
7486.43242912     3.75377e-17     
7491.95685241     3.66173e-17     
7497.48127569     3.56607e-17     
7503.00569898     3.61716e-17     
7508.53012226     3.65162e-17     
7514.05454555     3.89417e-17     
7519.57896883     4.05301e-17     
7525.10339212     3.546e-17       
7530.6278154      3.57303e-17     
7536.15223868     3.4851e-17      
7541.67666197     3.52269e-17     
7547.20108525     3.68996e-17     
7552.72550854     3.90914e-17     
7558.24993182     3.54494e-17     
7563.77435511     3.90885e-17     
7569.29877839     3.20384e-17     
7574.82320168     3.26272e-17     
7580.34762496     3.89352e-17     
7585.87204825     4.04377e-17     
7591.39647153     3.60076e-17     
7596.92089482     3.35477e-17     
7602.4453181      3.53392e-17     
7607.96974138     4.33048e-17     
7613.49416467     4.81848e-17     
7619.01858795     4.45491e-17     
7624.54301124     4.54554e-17     
7630.06743452     3.88218e-17     
7635.59185781     2.98857e-17     
7641.11628109     3.45688e-17     
7646.64070438     3.66732e-17     
7652.16512766     3.25055e-17     
7657.68955095     3.62895e-17     
7663.21397423     3.89415e-17     
7668.73839752     3.20159e-17     
7674.2628208      3.01588e-17     
7679.78724409     3.30878e-17     
7685.31166737     3.56968e-17     
7690.83609065     3.32761e-17     
7696.36051394     3.40955e-17     
7701.88493722     3.24598e-17     
7707.40936051     3.5388e-17      
7712.93378379     3.38863e-17     
7718.45820708     4.01249e-17     
7723.98263036     3.80614e-17     
7729.50705365     3.31447e-17     
7735.03147693     3.22893e-17     
7740.55590022     2.79071e-17     
7746.0803235      3.00158e-17     
7751.60474679     3.65689e-17     
7757.12917007     3.68568e-17     
7762.65359335     3.10464e-17     
7768.17801664     2.93741e-17     
7773.70243992     3.01036e-17     
7779.22686321     3.18254e-17     
7784.75128649     3.45373e-17     
7790.27570978     3.67587e-17     
7795.80013306     3.48962e-17     
7801.32455635     3.03893e-17     
7806.84897963     2.97051e-17     
7812.37340292     2.72141e-17     
7817.8978262      2.94157e-17     
7823.42224949     3.36098e-17     
7828.94667277     3.3117e-17      
7834.47109605     2.9342e-17      
7839.99551934     2.78639e-17     
7845.51994262     2.88985e-17     
7851.04436591     2.56057e-17     
7856.56878919     3.42374e-17     
7862.09321248     3.76278e-17     
7867.61763576     3.43035e-17     
7873.14205905     3.3934e-17      
7878.66648233     2.97412e-17     
7884.19090562     2.66582e-17     
7889.7153289      2.84807e-17     
7895.23975219     3.48376e-17     
7900.76417547     3.45071e-17     
7906.28859876     2.7615e-17      
7911.81302204     2.51655e-17     
7917.33744532     2.75037e-17     
7922.86186861     3.00434e-17     
7928.38629189     3.35246e-17     
7933.91071518     3.47329e-17     
7939.43513846     3.191e-17       
7944.95956175     2.78876e-17     
7950.48398503     2.65397e-17     
7956.00840832     3.02885e-17     
7961.5328316      3.08263e-17     
7967.05725489     3.51297e-17     
7972.58167817     3.70623e-17     
7978.10610146     3.04867e-17     
7983.63052474     2.68744e-17     
7989.15494802     2.96618e-17     
7994.67937131     2.93565e-17     
8000.20379459     3.39834e-17     
8005.72821788     3.38421e-17     
8011.25264116     3.37669e-17     
8016.77706445     2.97255e-17     
8022.30148773     2.50843e-17     
8027.82591102     3.09544e-17     
8033.3503343      3.27129e-17     
8038.87475759     3.40428e-17     
8044.39918087     3.56513e-17     
8049.92360416     3.32491e-17     
8055.44802744     3.13769e-17     
8060.97245072     3.08147e-17     
8066.49687401     3.17658e-17     
8072.02129729     3.59498e-17     
8077.54572058     4.05116e-17     
8083.07014386     3.92214e-17     
8088.59456715     3.79178e-17     
8094.11899043     4.13554e-17     
8099.64341372     4.4524e-17      
8105.167837       5.56787e-17     
8110.69226029     5.3938e-17      
8116.21668357     5.46712e-17     
8121.74110686     5.20636e-17     
8127.26553014     4.36298e-17     
8132.78995343     4.15996e-17     
8138.31437671     3.89109e-17     
8143.83879999     4.19876e-17     
8149.36322328     3.51309e-17     
8154.88764656     3.31197e-17     
8160.41206985     3.23744e-17     
8165.93649313     2.73142e-17     
8171.46091642     2.79565e-17     
8176.9853397      3.16881e-17     
8182.50976299     3.48989e-17     
8188.03418627     3.13218e-17     
8193.55860956     2.98277e-17     
8199.08303284     2.98136e-17     
8204.60745613     2.74459e-17     
8210.13187941     2.81812e-17     
8215.65630269     3.13356e-17     
8221.18072598     3.4038e-17      
8226.70514926     3.1817e-17      
8232.22957255     3.38894e-17     
8237.75399583     2.85469e-17     
8243.27841912     2.40855e-17     
8248.8028424      2.26676e-17     
8254.32726569     3.33732e-17     
8259.85168897     3.22673e-17     
8265.37611226     3.438e-17       
8270.90053554     2.98609e-17     
8276.42495883     2.79414e-17     
8281.94938211     2.24249e-17     
8287.47380539     2.52745e-17     
8292.99822868     2.81007e-17     
8298.52265196     3.54741e-17     
8304.04707525     2.84524e-17     
8309.57149853     2.17516e-17     
8315.09592182     2.59512e-17     
8320.6203451      2.52071e-17     
8326.14476839     2.67293e-17     
8331.66919167     3.57293e-17     
8337.19361496     3.23777e-17     
8342.71803824     2.69247e-17     
8348.24246153     2.996e-17       
8353.76688481     2.78716e-17     
8359.2913081      2.72549e-17     
8364.81573138     3.032e-17       
8370.34015466     2.74237e-17     
8375.86457795     3.05381e-17     
8381.38900123     2.67302e-17     
8386.91342452     2.53803e-17     
8392.4378478      2.07244e-17     
8397.96227109     2.53685e-17     
8403.48669437     3.1986e-17      
8409.01111766     2.94059e-17     
8414.53554094     2.51053e-17     
8420.05996423     2.72953e-17     
8425.58438751     2.15489e-17     
8431.1088108      2.09765e-17     
8436.63323408     2.3789e-17      
8442.15765736     2.50723e-17     
8447.68208065     3.37843e-17     
8453.20650393     2.8945e-17      
8458.73092722     2.18932e-17     
8464.2553505      1.88392e-17     
8469.77977379     2.59245e-17     
8475.30419707     3.15449e-17     
8480.82862036     2.97376e-17     
8486.35304364     2.70887e-17     
8491.87746693     2.7968e-17      
8497.40189021     2.72849e-17     
8502.9263135      2.24659e-17     
8508.45073678     2.05271e-17     
8513.97516006     2.22952e-17     
8519.49958335     2.89322e-17     
8525.02400663     2.91395e-17     
8530.54842992     2.99356e-17     
8536.0728532      1.75723e-17     
8541.59727649     2.33669e-17     
8547.12169977     2.68565e-17     
8552.64612306     2.71637e-17     
8558.17054634     2.5504e-17      
8563.69496963     2.35335e-17     
8569.21939291     2.96124e-17     
8574.7438162      3.01647e-17     
8580.26823948     3.45123e-17     
8585.79266277     2.62401e-17     
8591.31708605     2.59284e-17     
8596.84150933     2.88399e-17     
8602.36593262     2.83824e-17     
8607.8903559      2.5832e-17      
8613.41477919     2.58861e-17     
8618.93920247     2.67831e-17     
8624.46362576     2.54062e-17     
8629.98804904     2.34866e-17     
8635.51247233     2.68035e-17     
8641.03689561     2.93046e-17     
8646.5613189      2.73079e-17     
8652.08574218     2.09846e-17     
8657.61016547     1.91872e-17     
8663.13458875     1.9705e-17      
8668.65901203     2.53677e-17     
8674.18343532     3.01388e-17     
8679.7078586      3.04746e-17     
8685.23228189     3.04848e-17     
8690.75670517     3.0819e-17      
8696.28112846     2.39605e-17     
8701.80555174     2.79715e-17     
8707.32997503     2.93325e-17     
8712.85439831     2.97155e-17     
8718.3788216      2.79881e-17     
8723.90324488     2.35403e-17     
8729.42766817     2.45754e-17     
8734.95209145     1.71619e-17     
8740.47651474     2.37863e-17     
8746.00093802     3.31903e-17     
8751.5253613      3.37876e-17     
8757.04978459     3.55532e-17     
8762.57420787     3.31329e-17     
8768.09863116     1.92537e-17     
8773.62305444     1.65749e-17     
8779.14747773     2.18721e-17     
8784.67190101     2.60455e-17     
8790.1963243      3.0661e-17      
8795.72074758     3.09565e-17     
8801.24517087     3.41697e-17     
8806.76959415     3.01206e-17     
8812.29401744     3.06056e-17     
8817.81844072     3.12051e-17     
8823.342864       3.36754e-17     
8828.86728729     4.19877e-17     
8834.39171057     3.48998e-17     
8839.91613386     1.67107e-17     
8845.44055714     2.21134e-17     
8850.96498043     2.72019e-17     
8856.48940371     2.51784e-17     
8862.013827       3.7155e-17      
8867.53825028     3.5117e-17      
8873.06267357     3.58452e-17     
8878.58709685     2.38668e-17     
8884.11152014     1.99277e-17     
8889.63594342     1.8704e-17      
8895.1603667      2.63192e-17     
8900.68478999     2.21302e-17     
8906.20921327     2.92011e-17     
8911.73363656     3.08193e-17     
8917.25805984     2.1793e-17      
8922.78248313     1.49011e-17     
8928.30690641     1.63767e-17     
8933.8313297      2.44307e-17     
8939.35575298     2.50899e-17     
8944.88017627     2.69322e-17     
8950.40459955     2.88677e-17     
8955.92902284     1.89562e-17     
8961.45344612     6.73959e-18     
8966.97786941     1.49055e-17     
8972.50229269     2.74069e-17     
8978.02671597     2.72869e-17     
8983.55113926     2.54861e-17     
8989.07556254     1.76143e-17     
8994.59998583     2.39195e-17     
9000.12440911     3.00369e-17     
9005.6488324      2.79816e-17     
9011.17325568     1.86109e-17     
9016.69767897     2.13172e-17     
9022.22210225     2.51314e-17     
9027.74652554     2.46179e-17     
9033.27094882     2.64857e-17     
9038.79537211     3.84945e-17     
9044.31979539     3.29799e-17     
9049.84421867     3.12247e-17     
9055.36864196     1.95277e-17     
9060.89306524     1.97686e-17     
9066.41748853     2.60371e-17     
9071.94191181     2.48363e-17     
9077.4663351      3.41377e-17     
9082.99075838     2.75202e-17     
9088.51518167     2.38016e-17     
9094.03960495     2.01095e-17     
9099.56402824     2.2504e-17      
9105.08845152     2.45113e-17     
9110.61287481     2.88544e-17     
9116.13729809     2.4475e-17      
9121.66172137     2.78764e-17     
9127.18614466     2.59479e-17     
9132.71056794     2.5963e-17      
9138.23499123     2.82443e-17     
9143.75941451     2.76657e-17     
9149.2838378      2.19622e-17     
9154.80826108     1.40804e-17     
9160.33268437     1.71236e-17     
9165.85710765     2.21807e-17     
9171.38153094     2.03083e-17     
9176.90595422     1.75898e-17     
9182.43037751     1.61571e-17     
9187.95480079     1.49513e-17     
9193.47922408     2.90684e-17     
9199.00364736     3.21061e-17     
9204.52807064     2.80888e-17     
9210.05249393     2.67987e-17     
9215.57691721     2.14982e-17     
9221.1013405      2.09742e-17     
9226.62576378     3.02235e-17     
9232.15018707     2.66876e-17     
9237.67461035     1.3068e-17      
9243.19903364     2.1382e-17      
9248.72345692     1.0005e-17      
9254.24788021     1.64972e-17     
9259.77230349     1.91885e-17     
9265.29672678     1.75838e-17     
9270.82115006     2.38764e-17     
