3669.07033706     9.13283e-17     
3674.59477371     1.00369e-16     
3680.11921036     9.18006e-17     
3685.64364701     8.19564e-17     
3691.16808366     8.93176e-17     
3696.69252031     9.05267e-17     
3702.21695696     9.83404e-17     
3707.7413936      7.65537e-17     
3713.26583025     9.1559e-17      
3718.7902669      8.11167e-17     
3724.31470355     8.93939e-17     
3729.8391402      8.38909e-17     
3735.36357685     8.83743e-17     
3740.8880135      8.05187e-17     
3746.41245015     8.53179e-17     
3751.9368868      8.93261e-17     
3757.46132345     8.05302e-17     
3762.9857601      9.46996e-17     
3768.51019675     7.63727e-17     
3774.0346334      7.47638e-17     
3779.55907005     8.01074e-17     
3785.08350669     7.34076e-17     
3790.60794334     7.33895e-17     
3796.13237999     9.42401e-17     
3801.65681664     7.68792e-17     
3807.18125329     9.45666e-17     
3812.70568994     8.64689e-17     
3818.23012659     8.1675e-17      
3823.75456324     7.55446e-17     
3829.27899989     8.59532e-17     
3834.80343654     9.26339e-17     
3840.32787319     8.65598e-17     
3845.85230984     8.32491e-17     
3851.37674649     8.58148e-17     
3856.90118313     8.0714e-17      
3862.42561978     8.16809e-17     
3867.95005643     8.64457e-17     
3873.47449308     8.23154e-17     
3878.99892973     7.65725e-17     
3884.52336638     8.018e-17       
3890.04780303     7.76146e-17     
3895.57223968     7.6597e-17      
3901.09667633     8.68189e-17     
3906.62111298     8.47399e-17     
3912.14554963     7.95179e-17     
3917.66998628     8.07556e-17     
3923.19442293     8.44855e-17     
3928.71885957     7.94476e-17     
3934.24329622     7.43156e-17     
3939.76773287     8.75277e-17     
3945.29216952     9.06922e-17     
3950.81660617     8.61871e-17     
3956.34104282     8.7316e-17      
3961.86547947     7.70792e-17     
3967.38991612     8.76425e-17     
3972.91435277     8.7566e-17      
3978.43878942     8.15739e-17     
3983.96322607     7.02031e-17     
3989.48766272     7.67743e-17     
3995.01209937     8.43438e-17     
4000.53653602     8.41956e-17     
4006.06097266     8.03556e-17     
4011.58540931     8.41455e-17     
4017.10984596     6.40322e-17     
4022.63428261     7.91641e-17     
4028.15871926     7.11028e-17     
4033.68315591     7.26193e-17     
4039.20759256     8.41594e-17     
4044.73202921     7.61676e-17     
4050.25646586     8.02963e-17     
4055.78090251     8.4368e-17      
4061.30533916     7.52183e-17     
4066.82977581     7.33524e-17     
4072.35421246     8.27861e-17     
4077.8786491      8.29302e-17     
4083.40308575     7.29511e-17     
4088.9275224      6.99125e-17     
4094.45195905     7.30797e-17     
4099.9763957      7.41283e-17     
4105.50083235     6.81948e-17     
4111.025269       7.17153e-17     
4116.54970565     7.03243e-17     
4122.0741423      7.09961e-17     
4127.59857895     7.47293e-17     
4133.1230156      6.84724e-17     
4138.64745225     7.96303e-17     
4144.1718889      6.21724e-17     
4149.69632554     7.70531e-17     
4155.22076219     7.41372e-17     
4160.74519884     7.39717e-17     
4166.26963549     7.70908e-17     
4171.79407214     6.9142e-17      
4177.31850879     6.51613e-17     
4182.84294544     6.71514e-17     
4188.36738209     8.34655e-17     
4193.89181874     6.55144e-17     
4199.41625539     6.98205e-17     
4204.94069204     7.084e-17       
4210.46512869     7.64737e-17     
4215.98956534     7.4675e-17      
4221.51400199     6.9188e-17      
4227.03843863     6.89609e-17     
4232.56287528     6.8065e-17      
4238.08731193     7.00874e-17     
4243.61174858     7.19628e-17     
4249.13618523     6.79467e-17     
4254.66062188     7.08367e-17     
4260.18505853     7.3443e-17      
4265.70949518     6.52399e-17     
4271.23393183     7.00309e-17     
4276.75836848     6.54732e-17     
4282.28280513     7.88163e-17     
4287.80724178     5.92776e-17     
4293.33167843     7.15204e-17     
4298.85611507     7.00957e-17     
4304.38055172     6.11244e-17     
4309.90498837     6.09972e-17     
4315.42942502     6.71062e-17     
4320.95386167     6.75733e-17     
4326.47829832     6.59717e-17     
4332.00273497     6.81969e-17     
4337.52717162     5.76717e-17     
4343.05160827     6.05833e-17     
4348.57604492     6.55248e-17     
4354.10048157     7.04942e-17     
4359.62491822     6.6097e-17      
4365.14935487     6.83358e-17     
4370.67379151     6.55862e-17     
4376.19822816     6.53289e-17     
4381.72266481     5.80662e-17     
4387.24710146     6.50582e-17     
4392.77153811     6.41806e-17     
4398.29597476     6.47936e-17     
4403.82041141     6.5988e-17      
4409.34484806     5.90177e-17     
4414.86928471     6.71386e-17     
4420.39372136     6.07395e-17     
4425.91815801     5.95373e-17     
4431.44259466     6.13488e-17     
4436.96703131     5.51103e-17     
4442.49146796     6.66214e-17     
4448.0159046      6.70765e-17     
4453.54034125     6.32618e-17     
4459.0647779      6.56687e-17     
4464.58921455     6.23128e-17     
4470.1136512      6.26431e-17     
4475.63808785     6.60584e-17     
4481.1625245      5.37245e-17     
4486.68696115     6.08823e-17     
4492.2113978      6.51178e-17     
4497.73583445     5.99794e-17     
4503.2602711      6.64916e-17     
4508.78470775     6.71691e-17     
4514.3091444      6.56613e-17     
4519.83358104     6.46062e-17     
4525.35801769     5.60143e-17     
4530.88245434     6.06363e-17     
4536.40689099     6.60647e-17     
4541.93132764     6.09287e-17     
4547.45576429     6.52474e-17     
4552.98020094     5.94209e-17     
4558.50463759     5.13256e-17     
4564.02907424     6.21855e-17     
4569.55351089     5.60882e-17     
4575.07794754     5.51488e-17     
4580.60238419     5.80631e-17     
4586.12682084     5.53375e-17     
4591.65125748     6.05854e-17     
4597.17569413     6.25529e-17     
4602.70013078     6.44502e-17     
4608.22456743     6.85334e-17     
4613.74900408     5.38554e-17     
4619.27344073     5.78393e-17     
4624.79787738     6.20554e-17     
4630.32231403     6.3755e-17      
4635.84675068     5.30707e-17     
4641.37118733     4.98278e-17     
4646.89562398     5.62289e-17     
4652.42006063     6.7661e-17      
4657.94449728     6.08068e-17     
4663.46893393     6.37722e-17     
4668.99337057     7.11033e-17     
4674.51780722     6.58309e-17     
4680.04224387     6.36164e-17     
4685.56668052     7.05676e-17     
4691.09111717     5.7519e-17      
4696.61555382     6.21415e-17     
4702.13999047     5.85593e-17     
4707.66442712     6.03319e-17     
4713.18886377     5.67417e-17     
4718.71330042     5.8293e-17      
4724.23773707     6.51361e-17     
4729.76217372     6.1596e-17      
4735.28661037     6.08067e-17     
4740.81104701     6.12464e-17     
4746.33548366     5.9436e-17      
4751.85992031     5.34549e-17     
4757.38435696     5.7748e-17      
4762.90879361     5.66766e-17     
4768.43323026     5.65145e-17     
4773.95766691     5.9678e-17      
4779.48210356     5.92745e-17     
4785.00654021     5.58047e-17     
4790.53097686     4.93613e-17     
4796.05541351     4.80518e-17     
4801.57985016     5.6921e-17      
4807.10428681     5.37982e-17     
4812.62872345     5.68407e-17     
4818.1531601      5.18551e-17     
4823.67759675     5.88529e-17     
4829.2020334      5.60131e-17     
4834.72647005     5.69881e-17     
4840.2509067      5.33572e-17     
4845.77534335     4.97119e-17     
4851.29978        5.15041e-17     
4856.82421665     4.42559e-17     
4862.3486533      6.02949e-17     
4867.87308995     5.67004e-17     
4873.3975266      6.34246e-17     
4878.92196325     5.84617e-17     
4884.4463999      5.28983e-17     
4889.97083654     5.59417e-17     
4895.49527319     4.90627e-17     
4901.01970984     5.01174e-17     
4906.54414649     5.25298e-17     
4912.06858314     5.58108e-17     
4917.59301979     5.75487e-17     
4923.11745644     5.36582e-17     
4928.64189309     5.34272e-17     
4934.16632974     6.13292e-17     
4939.69076639     5.3453e-17      
4945.21520304     5.15556e-17     
4950.73963969     5.25699e-17     
4956.26407634     4.99246e-17     
4961.78851298     4.94699e-17     
4967.31294963     5.57202e-17     
4972.83738628     4.58749e-17     
4978.36182293     5.93513e-17     
4983.88625958     5.82834e-17     
4989.41069623     4.75652e-17     
4994.93513288     4.93026e-17     
5000.45956953     4.97849e-17     
5005.98400618     5.05836e-17     
5011.50844283     5.94943e-17     
5017.03287948     5.55452e-17     
5022.55731613     5.07376e-17     
5028.08175278     5.12928e-17     
5033.60618942     5.54274e-17     
5039.13062607     5.99852e-17     
5044.65506272     5.09907e-17     
5050.17949937     5.09051e-17     
5055.70393602     5.72305e-17     
5061.22837267     5.07037e-17     
5066.75280932     4.87598e-17     
5072.27724597     5.61978e-17     
5077.80168262     5.14917e-17     
5083.32611927     5.53473e-17     
5088.85055592     5.30535e-17     
5094.37499257     5.97216e-17     
5099.89942922     5.90022e-17     
5105.42386587     5.35044e-17     
5110.94830251     4.82385e-17     
5116.47273916     5.2615e-17      
5121.99717581     5.85246e-17     
5127.52161246     6.19858e-17     
5133.04604911     5.72074e-17     
5138.57048576     5.28587e-17     
5144.09492241     5.06993e-17     
5149.61935906     5.81385e-17     
5155.14379571     5.00829e-17     
5160.66823236     5.21128e-17     
5166.19266901     5.21337e-17     
5171.71710566     5.37116e-17     
5177.24154231     4.9701e-17      
5182.76597895     5.32344e-17     
5188.2904156      5.08984e-17     
5193.81485225     5.92881e-17     
5199.3392889      5.82443e-17     
5204.86372555     5.76945e-17     
5210.3881622      4.4751e-17      
5215.91259885     5.06585e-17     
5221.4370355      5.57004e-17     
5226.96147215     5.29881e-17     
5232.4859088      4.93524e-17     
5238.01034545     5.37628e-17     
5243.5347821      5.66137e-17     
5249.05921875     5.56227e-17     
5254.58365539     5.11367e-17     
5260.10809204     5.81499e-17     
5265.63252869     4.86956e-17     
5271.15696534     5.46019e-17     
5276.68140199     5.06031e-17     
5282.20583864     5.55818e-17     
5287.73027529     5.1863e-17      
5293.25471194     5.58082e-17     
5298.77914859     5.23723e-17     
5304.30358524     5.31348e-17     
5309.82802189     4.82052e-17     
5315.35245854     4.67275e-17     
5320.87689519     5.27189e-17     
5326.40133184     4.94341e-17     
5331.92576848     3.76288e-17     
5337.45020513     5.20934e-17     
5342.97464178     5.34018e-17     
5348.49907843     5.33174e-17     
5354.02351508     4.65322e-17     
5359.54795173     4.63715e-17     
5365.07238838     5.32863e-17     
5370.59682503     5.05898e-17     
5376.12126168     4.94494e-17     
5381.64569833     5.65414e-17     
5387.17013498     5.08751e-17     
5392.69457163     4.52605e-17     
5398.21900828     5.08133e-17     
5403.74344492     5.08712e-17     
5409.26788157     4.72507e-17     
5414.79231822     4.7704e-17      
5420.31675487     5.23322e-17     
5425.84119152     5.12443e-17     
5431.36562817     4.65712e-17     
5436.89006482     4.21096e-17     
5442.41450147     5.35124e-17     
5447.93893812     5.22783e-17     
5453.46337477     4.28362e-17     
5458.98781142     5.65887e-17     
5464.51224807     5.05333e-17     
5470.03668472     4.733e-17       
5475.56112136     4.89147e-17     
5481.08555801     4.63298e-17     
5486.60999466     5.41677e-17     
5492.13443131     5.79608e-17     
5497.65886796     4.39101e-17     
5503.18330461     4.76309e-17     
5508.70774126     5.05848e-17     
5514.23217791     3.94046e-17     
5519.75661456     5.17663e-17     
5525.28105121     5.34603e-17     
5530.80548786     4.4912e-17      
5536.32992451     5.58451e-17     
5541.85436116     4.17335e-17     
5547.37879781     5.02077e-17     
5552.90323445     4.7152e-17      
5558.4276711      3.68244e-17     
5563.95210775     4.06416e-17     
5569.4765444      3.65702e-17     
5575.00098105     4.34022e-17     
5580.5254177      3.89795e-17     
5586.04985435     4.23871e-17     
5591.574291       4.28966e-17     
5597.09872765     4.82171e-17     
5602.6231643      4.17752e-17     
5608.14760095     4.83369e-17     
5613.6720376      4.72944e-17     
5619.19647425     4.79326e-17     
5624.72091089     4.3825e-17      
5630.24534754     4.2003e-17      
5635.76978419     4.51044e-17     
5641.29422084     4.08242e-17     
5646.81865749     3.97059e-17     
5652.34309414     4.38791e-17     
5657.86753079     4.87413e-17     
5663.39196744     4.03929e-17     
5668.91640409     3.80242e-17     
5674.44084074     3.74736e-17     
5679.96527739     4.22972e-17     
5685.48971404     4.39343e-17     
5691.01415069     4.65906e-17     
5696.53858733     4.92838e-17     
5702.06302398     3.68237e-17     
5707.58746063     4.49649e-17     
5713.11189728     5.05224e-17     
5718.63633393     5.10361e-17     
5724.16077058     4.34759e-17     
5729.68520723     4.65845e-17     
5735.20964388     3.43248e-17     
5740.73408053     3.91449e-17     
5746.25851718     4.50258e-17     
5751.78295383     3.68532e-17     
5757.30739048     3.14669e-17     
5762.83182713     3.87837e-17     
5768.35626378     4.83558e-17     
5773.88070042     3.63668e-17     
5779.40513707     3.73845e-17     
5784.92957372     3.74347e-17     
5790.45401037     3.54245e-17     
5795.97844702     4.27672e-17     
5801.50288367     3.89411e-17     
5807.02732032     3.74526e-17     
5812.55175697     4.65384e-17     
5818.07619362     4.10926e-17     
5823.60063027     3.12332e-17     
5829.12506692     3.73517e-17     
5834.64950357     4.22869e-17     
5840.17394022     3.55385e-17     
5845.69837686     3.89587e-17     
5851.22281351     4.31998e-17     
5856.74725016     4.62107e-17     
5862.27168681     4.13338e-17     
5867.79612346     4.40343e-17     
5873.32056011     4.48488e-17     
5878.84499676     3.78908e-17     
5884.36943341     3.95492e-17     
5889.89387006     3.03676e-17     
5895.41830671     3.46879e-17     
5900.94274336     3.45852e-17     
5906.46718001     3.97818e-17     
5911.99161666     4.05183e-17     
5917.5160533      4.0123e-17      
5923.04048995     3.11323e-17     
5928.5649266      4.08199e-17     
5934.08936325     4.00436e-17     
5939.6137999      4.09252e-17     
5945.13823655     4.18486e-17     
5950.6626732      3.87867e-17     
5956.18710985     3.80887e-17     
5961.7115465      4.24746e-17     
5967.23598315     3.46318e-17     
5972.7604198      3.59412e-17     
5978.28485645     4.00677e-17     
5983.8092931      4.03926e-17     
5989.33372975     3.74706e-17     
5994.85816639     3.45201e-17     
6000.38260304     3.57846e-17     
6005.90703969     4.03579e-17     
6011.43147634     4.40115e-17     
6016.95591299     4.29453e-17     
6022.48034964     4.46652e-17     
6028.00478629     4.33119e-17     
6033.52922294     3.75815e-17     
6039.05365959     3.94418e-17     
6044.57809624     3.8044e-17      
6050.10253289     3.72467e-17     
6055.62696954     4.11189e-17     
6061.15140619     4.10783e-17     
6066.67584283     3.57263e-17     
6072.20027948     3.23166e-17     
6077.72471613     2.85215e-17     
6083.24915278     3.55572e-17     
6088.77358943     3.73889e-17     
6094.29802608     4.07142e-17     
6099.82246273     4.30294e-17     
6105.34689938     4.19743e-17     
6110.87133603     3.44123e-17     
6116.39577268     3.54585e-17     
6121.92020933     4.35569e-17     
6127.44464598     4.11754e-17     
6132.96908263     3.73954e-17     
6138.49351927     3.73634e-17     
6144.01795592     3.83546e-17     
6149.54239257     3.8344e-17      
6155.06682922     3.89507e-17     
6160.59126587     3.73687e-17     
6166.11570252     3.88561e-17     
6171.64013917     4.22458e-17     
6177.16457582     4.02678e-17     
6182.68901247     3.48607e-17     
6188.21344912     3.53234e-17     
6193.73788577     4.07757e-17     
6199.26232242     3.08331e-17     
6204.78675907     3.47504e-17     
6210.31119572     3.47475e-17     
6215.83563236     3.26793e-17     
6221.36006901     3.85549e-17     
6226.88450566     3.61106e-17     
6232.40894231     4.18205e-17     
6237.93337896     3.69934e-17     
6243.45781561     3.84293e-17     
6248.98225226     4.59015e-17     
6254.50668891     3.78035e-17     
6260.03112556     2.92565e-17     
6265.55556221     2.87608e-17     
6271.07999886     3.32397e-17     
6276.60443551     3.32554e-17     
6282.12887216     3.27228e-17     
6287.6533088      4.49167e-17     
6293.17774545     3.41985e-17     
6298.7021821      3.78979e-17     
6304.22661875     4.6798e-17      
6309.7510554      3.86364e-17     
6315.27549205     3.54483e-17     
6320.7999287      4.18327e-17     
6326.32436535     3.31526e-17     
6331.848802       3.16209e-17     
6337.37323865     3.66464e-17     
6342.8976753      3.59149e-17     
6348.42211195     4.07456e-17     
6353.9465486      3.69921e-17     
6359.47098524     3.51291e-17     
6364.99542189     3.70763e-17     
6370.51985854     4.3808e-17      
6376.04429519     3.96926e-17     
6381.56873184     3.51836e-17     
6387.09316849     3.59133e-17     
6392.61760514     3.80938e-17     
6398.14204179     3.86895e-17     
6403.66647844     3.665e-17       
6409.19091509     3.17338e-17     
6414.71535174     3.56766e-17     
6420.23978839     3.97417e-17     
6425.76422504     4.01528e-17     
6431.28866169     3.2741e-17      
6436.81309833     3.81624e-17     
6442.33753498     3.49401e-17     
6447.86197163     3.03442e-17     
6453.38640828     3.57512e-17     
6458.91084493     3.36548e-17     
6464.43528158     3.87496e-17     
6469.95971823     3.57653e-17     
6475.48415488     4.28172e-17     
6481.00859153     4.38155e-17     
6486.53302818     3.24198e-17     
6492.05746483     3.68049e-17     
6497.58190148     4.13017e-17     
6503.10633813     3.6304e-17      
6508.63077477     3.42105e-17     
6514.15521142     3.87426e-17     
6519.67964807     4.15114e-17     
6525.20408472     3.33441e-17     
6530.72852137     3.13236e-17     
6536.25295802     4.34946e-17     
6541.77739467     3.72463e-17     
6547.30183132     3.70658e-17     
6552.82626797     4.30672e-17     
6558.35070462     3.59303e-17     
6563.87514127     2.91207e-17     
6569.39957792     3.79672e-17     
6574.92401457     3.50475e-17     
6580.44845122     3.56566e-17     
6585.97288786     3.49567e-17     
6591.49732451     3.56231e-17     
6597.02176116     3.21712e-17     
6602.54619781     3.13779e-17     
6608.07063446     3.37154e-17     
6613.59507111     2.98039e-17     
6619.11950776     3.32145e-17     
6624.64394441     3.23021e-17     
6630.16838106     3.78465e-17     
6635.69281771     3.42114e-17     
6641.21725436     3.27605e-17     
6646.74169101     3.51991e-17     
6652.26612766     2.815e-17       
6657.7905643      3.09701e-17     
6663.31500095     3.00789e-17     
6668.8394376      2.90714e-17     
6674.36387425     3.49883e-17     
6679.8883109      3.65936e-17     
6685.41274755     2.85895e-17     
6690.9371842      3.85959e-17     
6696.46162085     3.81159e-17     
6701.9860575      3.40548e-17     
6707.51049415     3.7771e-17      
6713.0349308      3.34896e-17     
6718.55936745     3.13331e-17     
6724.0838041      3.37632e-17     
6729.60824074     3.36421e-17     
6735.13267739     3.4863e-17      
6740.65711404     3.8314e-17      
6746.18155069     3.14013e-17     
6751.70598734     3.04241e-17     
6757.23042399     3.76659e-17     
6762.75486064     3.30631e-17     
6768.27929729     3.45636e-17     
6773.80373394     3.81358e-17     
6779.32817059     2.79306e-17     
6784.85260724     2.68784e-17     
6790.37704389     3.94664e-17     
6795.90148054     3.83134e-17     
6801.42591719     2.98929e-17     
6806.95035383     3.06376e-17     
6812.47479048     3.66973e-17     
6817.99922713     3.33918e-17     
6823.52366378     3.42078e-17     
6829.04810043     3.62684e-17     
6834.57253708     2.9065e-17      
6840.09697373     3.00134e-17     
6845.62141038     3.10969e-17     
6851.14584703     2.78575e-17     
6856.67028368     3.18425e-17     
6862.19472033     3.93224e-17     
6867.71915698     3.63223e-17     
6873.24359363     3.68645e-17     
6878.76803027     3.04363e-17     
6884.29246692     3.28769e-17     
6889.81690357     3.41666e-17     
6895.34134022     2.45625e-17     
6900.86577687     3.26398e-17     
6906.39021352     3.48718e-17     
6911.91465017     3.42094e-17     
6917.43908682     3.48401e-17     
6922.96352347     3.0949e-17      
6928.48796012     3.45731e-17     
6934.01239677     2.9956e-17      
6939.53683342     2.83751e-17     
6945.06127007     3.24478e-17     
6950.58570671     3.42947e-17     
6956.11014336     3.13209e-17     
6961.63458001     3.38938e-17     
6967.15901666     2.66461e-17     
6972.68345331     3.58474e-17     
6978.20788996     3.23487e-17     
6983.73232661     2.97441e-17     
6989.25676326     3.64128e-17     
6994.78119991     3.12335e-17     
7000.30563656     3.07557e-17     
7005.83007321     3.28954e-17     
7011.35450986     3.20159e-17     
7016.87894651     3.01165e-17     
7022.40338316     2.54432e-17     
7027.9278198      2.39971e-17     
7033.45225645     2.97203e-17     
7038.9766931      3.32721e-17     
7044.50112975     3.11881e-17     
7050.0255664      3.10031e-17     
7055.55000305     3.08453e-17     
7061.0744397      3.02484e-17     
7066.59887635     3.39856e-17     
7072.123313       2.8617e-17      
7077.64774965     2.53086e-17     
7083.1721863      3.38726e-17     
7088.69662295     3.14416e-17     
7094.2210596      3.25473e-17     
7099.74549624     2.19926e-17     
7105.26993289     2.20426e-17     
7110.79436954     2.63811e-17     
7116.31880619     3.38176e-17     
7121.84324284     2.84651e-17     
7127.36767949     2.97841e-17     
7132.89211614     2.6212e-17      
7138.41655279     2.30575e-17     
7143.94098944     2.24322e-17     
7149.46542609     2.17903e-17     
7154.98986274     1.93253e-17     
7160.51429939     2.36827e-17     
7166.03873604     3.10949e-17     
7171.56317268     3.50726e-17     
7177.08760933     3.09357e-17     
7182.61204598     2.72411e-17     
7188.13648263     2.60907e-17     
7193.66091928     2.78144e-17     
7199.18535593     3.14461e-17     
7204.70979258     2.70829e-17     
7210.23422923     2.4588e-17      
7215.75866588     3.0908e-17      
7221.28310253     3.47082e-17     
7226.80753918     3.03563e-17     
7232.33197583     2.07708e-17     
7237.85641248     2.2794e-17      
7243.38084913     2.81779e-17     
7248.90528577     2.91106e-17     
7254.42972242     3.85739e-17     
7259.95415907     2.8007e-17      
7265.47859572     2.1065e-17      
7271.00303237     4.06068e-17     
7276.52746902     3.24334e-17     
7282.05190567     3.5611e-17      
7287.57634232     3.22412e-17     
7293.10077897     2.13922e-17     
7298.62521562     2.99966e-17     
7304.14965227     3.27497e-17     
7309.67408892     2.69986e-17     
7315.19852557     1.87081e-17     
7320.72296221     2.80076e-17     
7326.24739886     2.83269e-17     
7331.77183551     3.13361e-17     
7337.29627216     2.48783e-17     
7342.82070881     2.22551e-17     
7348.34514546     2.13438e-17     
7353.86958211     2.48306e-17     
7359.39401876     3.68371e-17     
7364.91845541     3.79089e-17     
7370.44289206     2.21e-17        
7375.96732871     1.37799e-17     
7381.49176536     2.79144e-17     
7387.01620201     3.53075e-17     
7392.54063865     3.55668e-17     
7398.0650753      2.31201e-17     
7403.58951195     2.05072e-17     
7409.1139486      2.24491e-17     
7414.63838525     2.96146e-17     
7420.1628219      3.11947e-17     
7425.68725855     3.08357e-17     
7431.2116952      2.48958e-17     
7436.73613185     2.46429e-17     
7442.2605685      2.87555e-17     
7447.78500515     3.40102e-17     
7453.3094418      3.80509e-17     
7458.83387845     2.9052e-17      
7464.3583151      1.81902e-17     
7469.88275174     1.79017e-17     
7475.40718839     3.34583e-17     
7480.93162504     4.26943e-17     
7486.45606169     3.86434e-17     
7491.98049834     3.2892e-17      
7497.50493499     2.51408e-17     
7503.02937164     2.40194e-17     
7508.55380829     3.35993e-17     
7514.07824494     3.86341e-17     
7519.60268159     3.63677e-17     
7525.12711824     2.4473e-17      
7530.65155489     2.02043e-17     
7536.17599154     2.63924e-17     
7541.70042818     3.0032e-17      
7547.22486483     3.66092e-17     
7552.74930148     3.6037e-17      
7558.27373813     2.61833e-17     
7563.79817478     2.19718e-17     
7569.32261143     2.40507e-17     
7574.84704808     2.43104e-17     
7580.37148473     2.54267e-17     
7585.89592138     4.46951e-17     
7591.42035803     4.63429e-17     
7596.94479468     3.74541e-17     
7602.46923133     3.43134e-17     
7607.99366798     7.8543e-18      
7613.51810462     2.57547e-17     
7619.04254127     4.06932e-17     
7624.56697792     3.77073e-17     
7630.09141457     2.56243e-17     
7635.61585122     1.94236e-17     
7641.14028787     1.74087e-17     
7646.66472452     2.28944e-17     
7652.18916117     3.55119e-17     
7657.71359782     3.69354e-17     
7663.23803447     3.13444e-17     
7668.76247112     2.05478e-17     
7674.28690777     1.6406e-17      
7679.81134442     2.74904e-17     
7685.33578107     3.76714e-17     
7690.86021771     3.32849e-17     
7696.38465436     2.93941e-17     
7701.90909101     2.78799e-17     
7707.43352766     2.35302e-17     
7712.95796431     1.97206e-17     
7718.48240096     3.27135e-17     
7724.00683761     3.96997e-17     
7729.53127426     3.50289e-17     
7735.05571091     1.11679e-17     
7740.58014756     1.89567e-17     
7746.10458421     2.11668e-17     
7751.62902086     4.39955e-17     
7757.15345751     3.8343e-17      
7762.67789415     2.48901e-17     
7768.2023308      2.53508e-17     
7773.72676745     1.231e-17       
7779.2512041      1.86797e-17     
7784.77564075     2.76008e-17     
7790.3000774      3.30251e-17     
7795.82451405     3.70483e-17     
7801.3489507      2.77435e-17     
7806.87338735     2.65418e-17     
7812.397824       1.33079e-17     
7817.92226065     3.64172e-17     
7823.4466973      3.53058e-17     
7828.97113395     2.94345e-17     
7834.49557059     3.10578e-17     
7840.02000724     2.73882e-17     
7845.54444389     1.79291e-17     
7851.06888054     2.02156e-17     
7856.59331719     3.62149e-17     
7862.11775384     3.35519e-17     
7867.64219049     3.36584e-17     
7873.16662714     2.61696e-17     
7878.69106379     2.08467e-17     
7884.21550044     1.86366e-17     
7889.73993709     1.49238e-17     
7895.26437374     2.06609e-17     
7900.78881039     2.9326e-17      
7906.31324704     2.81375e-17     
7911.83768368     2.20396e-17     
7917.36212033     1.1092e-17      
7922.88655698     1.12604e-17     
7928.41099363     2.54538e-17     
7933.93543028     3.76072e-17     
7939.45986693     3.27569e-17     
7944.98430358     2.06594e-17     
7950.50874023     3.19858e-17     
7956.03317688     2.05984e-17     
7961.55761353     2.00672e-17     
7967.08205018     3.63007e-17     
7972.60648683     4.29345e-17     
7978.13092348     1.99261e-17     
7983.65536012     1.79062e-17     
7989.17979677     2.1252e-17      
7994.70423342     2.61947e-17     
8000.22867007     2.57639e-17     
8005.75310672     3.87368e-17     
8011.27754337     3.09799e-17     
8016.80198002     2.35076e-17     
8022.32641667     2.42742e-17     
8027.85085332     2.03149e-17     
8033.37528997     2.26662e-17     
8038.89972662     2.9478e-17      
8044.42416327     3.19229e-17     
8049.94859992     3.4856e-17      
8055.47303656     3.15037e-17     
8060.99747321     1.87771e-17     
8066.52190986     1.44663e-17     
8072.04634651     2.7722e-17      
8077.57078316     3.57181e-17     
8083.09521981     2.29706e-17     
8088.61965646     2.33606e-17     
8094.14409311     1.97131e-17     
8099.66852976     1.54636e-17     
8105.19296641     2.93699e-17     
8110.71740306     3.17762e-17     
8116.24183971     2.78712e-17     
8121.76627636     2.47496e-17     
8127.29071301     2.7269e-17      
8132.81514965     2.04226e-17     
8138.3395863      2.09409e-17     
8143.86402295     2.25391e-17     
8149.3884596      3.39021e-17     
8154.91289625     4.15643e-17     
8160.4373329      1.49068e-17     
8165.96176955     1.17204e-17     
8171.4862062      1.66285e-17     
8177.01064285     2.02132e-17     
8182.5350795      2.53202e-17     
8188.05951615     2.514e-17       
8193.5839528      2.50357e-17     
8199.10838945     2.05585e-17     
8204.63282609     2.11169e-17     
8210.15726274     2.87241e-17     
8215.68169939     1.65271e-17     
8221.20613604     2.12312e-17     
8226.73057269     2.76747e-17     
8232.25500934     2.84932e-17     
8237.77944599     1.59546e-17     
8243.30388264     1.78653e-17     
8248.82831929     1.80949e-17     
8254.35275594     3.05308e-17     
8259.87719259     2.98914e-17     
8265.40162924     3.40591e-17     
8270.92606589     2.31148e-17     
8276.45050253     2.11319e-17     
8281.97493918     3.08955e-17     
8287.49937583     1.96156e-17     
8293.02381248     2.68719e-17     
8298.54824913     3.45943e-17     
8304.07268578     2.95311e-17     
8309.59712243     2.37089e-17     
8315.12155908     1.87018e-17     
8320.64599573     2.07694e-17     
8326.17043238     3.03734e-17     
8331.69486903     3.16518e-17     
8337.21930568     3.12785e-17     
8342.74374233     1.96172e-17     
8348.26817898     1.53517e-17     
8353.79261562     1.70421e-17     
8359.31705227     2.18732e-17     
8364.84148892     2.34495e-17     
8370.36592557     1.6375e-17      
8375.89036222     2.6593e-17      
8381.41479887     1.98462e-17     
8386.93923552     1.99822e-17     
8392.46367217     1.49987e-17     
8397.98810882     1.4807e-17      
8403.51254547     3.09704e-17     
8409.03698212     3.38554e-17     
8414.56141877     2.89336e-17     
8420.08585542     2.13914e-17     
8425.61029206     2.32203e-17     
8431.13472871     1.99063e-17     
8436.65916536     2.39861e-17     
8442.18360201     2.56582e-17     
8447.70803866     2.63748e-17     
8453.23247531     2.94435e-17     
8458.75691196     1.91924e-17     
8464.28134861     1.92869e-17     
8469.80578526     1.84975e-17     
8475.33022191     1.18065e-17     
8480.85465856     2.54811e-17     
8486.37909521     2.97844e-17     
8491.90353186     1.99793e-17     
8497.4279685      2.75078e-17     
8502.95240515     2.73409e-17     
8508.4768418      2.09254e-17     
8514.00127845     2.7612e-17      
8519.5257151      2.03734e-17     
8525.05015175     1.92506e-17     
8530.5745884      3.08197e-17     
8536.09902505     1.7036e-17      
8541.6234617      1.91539e-17     
8547.14789835     2.53829e-17     
8552.672335       2.65355e-17     
8558.19677165     2.34783e-17     
8563.7212083      2.57687e-17     
8569.24564495     1.95995e-17     
8574.77008159     2.94614e-17     
8580.29451824     2.16563e-17     
8585.81895489     2.86221e-17     
8591.34339154     2.1661e-17      
8596.86782819     2.03611e-17     
8602.39226484     2.53288e-17     
8607.91670149     2.966e-17       
8613.44113814     2.81667e-17     
8618.96557479     2.74283e-17     
8624.49001144     2.2394e-17      
8630.01444809     1.9119e-17      
8635.53888474     2.20844e-17     
8641.06332139     2.18126e-17     
8646.58775803     1.67934e-17     
8652.11219468     1.50039e-17     
8657.63663133     2.03258e-17     
8663.16106798     2.34458e-17     
8668.68550463     2.87376e-17     
8674.20994128     2.77651e-17     
8679.73437793     2.39097e-17     
8685.25881458     3.07192e-17     
8690.78325123     2.58487e-17     
8696.30768788     1.26917e-17     
8701.83212453     2.09433e-17     
8707.35656118     1.54061e-17     
8712.88099783     1.48799e-17     
8718.40543447     1.42633e-17     
8723.92987112     2.91922e-17     
8729.45430777     1.93341e-17     
8734.97874442     2.40004e-17     
8740.50318107     1.85222e-17     
8746.02761772     2.06543e-17     
8751.55205437     2.30298e-17     
8757.07649102     2.19796e-17     
8762.60092767     2.09502e-17     
8768.12536432     9.51783e-18     
8773.64980097     1.28018e-17     
8779.17423762     7.73256e-18     
8784.69867427     2.67774e-18     
8790.22311092     2.18044e-17     
8795.74754756     2.18398e-17     
8801.27198421     1.2021e-17      
8806.79642086     1.78164e-17     
8812.32085751     1.69438e-17     
8817.84529416     1.0754e-17      
8823.36973081     2.2685e-17      
8828.89416746     4.09956e-17     
8834.41860411     2.96528e-17     
8839.94304076     2.69925e-17     
8845.46747741     2.41499e-17     
8850.99191406     1.87152e-17     
8856.51635071     1.7275e-17      
8862.04078736     2.32652e-17     
8867.565224       3.38658e-17     
8873.08966065     2.64689e-17     
8878.6140973      1.8789e-17      
8884.13853395     1.44012e-18     
8889.6629706      1.16182e-17     
8895.18740725     2.09956e-17     
8900.7118439      2.99403e-17     
8906.23628055     4.61388e-17     
8911.7607172      2.33017e-17     
8917.28515385     2.5309e-17      
8922.8095905      1.52395e-17     
8928.33402715     6.40006e-18     
8933.8584638      2.5358e-17      
8939.38290044     2.70584e-17     
8944.90733709     2.86375e-17     
8950.43177374     2.66435e-17     
8955.95621039     6.56672e-18     
8961.48064704     1.3361e-17      
8967.00508369     2.79389e-17     
8972.52952034     3.66039e-17     
8978.05395699     3.73901e-17     
8983.57839364     2.22642e-17     
8989.10283029     1.57958e-17     
8994.62726694     7.44024e-18     
9000.15170359     1.7124e-17      
9005.67614024     3.36813e-17     
9011.20057689     3.03704e-17     
9016.72501353     3.57508e-17     
9022.24945018     2.41472e-17     
9027.77388683     1.58984e-17     
9033.29832348     2.04882e-17     
9038.82276013     1.69461e-17     
9044.34719678     2.90632e-17     
9049.87163343     2.85093e-17     
9055.39607008     2.99012e-17     
9060.92050673     2.34946e-17     
9066.44494338     3.64358e-17     
9071.96938003     2.88386e-17     
9077.49381668     2.99823e-17     
9083.01825333     2.26752e-17     
9088.54268997     2.21817e-17     
9094.06712662     1.11476e-17     
9099.59156327     1.78325e-17     
9105.11599992     2.55189e-17     
9110.64043657     2.6622e-17      
9116.16487322     1.87605e-17     
9121.68930987     2.27694e-17     
9127.21374652     1.5508e-17      
9132.73818317     3.53328e-17     
9138.26261982     2.39031e-17     
9143.78705647     2.32738e-17     
9149.31149312     2.62105e-17     
9154.83592977     1.2509e-17      
9160.36036641     2.63367e-17     
9165.88480306     2.67044e-17     
9171.40923971     3.08212e-17     
9176.93367636     2.70354e-17     
9182.45811301     9.17054e-18     
9187.98254966     7.33756e-18     
9193.50698631     2.02399e-17     
9199.03142296     2.15862e-17     
9204.55585961     1.64535e-17     
9210.08029626     1.69263e-17     
9215.60473291     1.42593e-17     
9221.12916956     1.54846e-17     
9226.65360621     2.39948e-17     
9232.17804286     3.01158e-17     
9237.7024795      3.53246e-17     
9243.22691615     2.24414e-17     
9248.7513528      4.74446e-18     
9254.27578945     8.64564e-18     
9259.8002261      1.39491e-17     
9265.32466275     2.23353e-17     
9270.8490994      2.37421e-17     
