3669.92721391     5.23918e-17     
3675.45078663     4.71285e-17     
3680.97435936     5.31242e-17     
3686.49793208     5.26674e-17     
3692.0215048      5.64473e-17     
3697.54507752     3.91121e-17     
3703.06865025     4.62005e-17     
3708.59222297     7.07671e-17     
3714.11579569     4.86401e-17     
3719.63936842     4.13802e-17     
3725.16294114     5.49186e-17     
3730.68651386     6.54712e-17     
3736.21008658     5.98399e-17     
3741.73365931     6.10636e-17     
3747.25723203     5.62919e-17     
3752.78080475     5.15085e-17     
3758.30437748     6.09716e-17     
3763.8279502      5.55834e-17     
3769.35152292     5.9701e-17      
3774.87509564     5.39748e-17     
3780.39866837     5.76662e-17     
3785.92224109     5.89384e-17     
3791.44581381     5.6912e-17      
3796.96938654     4.42117e-17     
3802.49295926     6.41773e-17     
3808.01653198     5.34241e-17     
3813.5401047      5.1083e-17      
3819.06367743     6.02617e-17     
3824.58725015     6.1874e-17      
3830.11082287     5.95579e-17     
3835.63439559     5.3551e-17      
3841.15796832     5.40096e-17     
3846.68154104     5.63599e-17     
3852.20511376     6.19026e-17     
3857.72868649     5.93193e-17     
3863.25225921     6.36778e-17     
3868.77583193     5.45302e-17     
3874.29940465     5.61175e-17     
3879.82297738     5.76225e-17     
3885.3465501      6.0546e-17      
3890.87012282     4.70327e-17     
3896.39369555     6.13894e-17     
3901.91726827     4.82116e-17     
3907.44084099     5.73614e-17     
3912.96441371     5.31941e-17     
3918.48798644     5.66586e-17     
3924.01155916     5.38212e-17     
3929.53513188     5.68788e-17     
3935.05870461     5.05891e-17     
3940.58227733     5.48935e-17     
3946.10585005     6.20795e-17     
3951.62942277     5.48303e-17     
3957.1529955      5.22331e-17     
3962.67656822     5.9824e-17      
3968.20014094     5.98274e-17     
3973.72371367     5.71383e-17     
3979.24728639     5.41404e-17     
3984.77085911     5.60652e-17     
3990.29443183     5.43578e-17     
3995.81800456     5.72642e-17     
4001.34157728     5.54748e-17     
4006.86515        5.90264e-17     
4012.38872273     6.02397e-17     
4017.91229545     6.36905e-17     
4023.43586817     6.09456e-17     
4028.95944089     5.74802e-17     
4034.48301362     5.14732e-17     
4040.00658634     5.77209e-17     
4045.53015906     5.69556e-17     
4051.05373179     6.44646e-17     
4056.57730451     5.88306e-17     
4062.10087723     5.6397e-17      
4067.62444995     5.93647e-17     
4073.14802268     5.79474e-17     
4078.6715954      5.62418e-17     
4084.19516812     5.23529e-17     
4089.71874085     6.08539e-17     
4095.24231357     5.81817e-17     
4100.76588629     6.00055e-17     
4106.28945901     6.43854e-17     
4111.81303174     5.99712e-17     
4117.33660446     5.57722e-17     
4122.86017718     5.80294e-17     
4128.3837499      5.47338e-17     
4133.90732263     6.12993e-17     
4139.43089535     5.97577e-17     
4144.95446807     6.17055e-17     
4150.4780408      5.57149e-17     
4156.00161352     5.81504e-17     
4161.52518624     6.45312e-17     
4167.04875896     5.71984e-17     
4172.57233169     6.10698e-17     
4178.09590441     5.66373e-17     
4183.61947713     5.59126e-17     
4189.14304986     5.22261e-17     
4194.66662258     5.50182e-17     
4200.1901953      5.87517e-17     
4205.71376802     5.59801e-17     
4211.23734075     5.68276e-17     
4216.76091347     5.61712e-17     
4222.28448619     5.91247e-17     
4227.80805892     5.608e-17       
4233.33163164     5.48435e-17     
4238.85520436     6.46104e-17     
4244.37877708     5.3583e-17      
4249.90234981     6.06705e-17     
4255.42592253     5.95987e-17     
4260.94949525     5.84489e-17     
4266.47306798     5.66909e-17     
4271.9966407      5.82258e-17     
4277.52021342     5.95849e-17     
4283.04378614     5.62741e-17     
4288.56735887     6.40271e-17     
4294.09093159     6.24536e-17     
4299.61450431     6.15595e-17     
4305.13807704     6.06095e-17     
4310.66164976     5.83077e-17     
4316.18522248     5.91687e-17     
4321.7087952      5.83235e-17     
4327.23236793     5.82957e-17     
4332.75594065     6.06372e-17     
4338.27951337     5.99477e-17     
4343.8030861      5.87772e-17     
4349.32665882     5.58823e-17     
4354.85023154     6.0985e-17      
4360.37380426     5.90174e-17     
4365.89737699     5.40767e-17     
4371.42094971     5.75593e-17     
4376.94452243     6.08851e-17     
4382.46809516     6.30018e-17     
4387.99166788     6.00108e-17     
4393.5152406      5.84147e-17     
4399.03881332     5.55317e-17     
4404.56238605     5.72206e-17     
4410.08595877     5.50861e-17     
4415.60953149     5.71558e-17     
4421.13310421     6.1668e-17      
4426.65667694     5.61231e-17     
4432.18024966     5.61411e-17     
4437.70382238     5.23551e-17     
4443.22739511     5.49288e-17     
4448.75096783     5.54001e-17     
4454.27454055     5.71362e-17     
4459.79811327     5.45097e-17     
4465.321686       5.61784e-17     
4470.84525872     5.86182e-17     
4476.36883144     5.87284e-17     
4481.89240417     5.83208e-17     
4487.41597689     5.81741e-17     
4492.93954961     5.86344e-17     
4498.46312233     5.83751e-17     
4503.98669506     5.61034e-17     
4509.51026778     5.91968e-17     
4515.0338405      5.6802e-17      
4520.55741323     5.79531e-17     
4526.08098595     5.69201e-17     
4531.60455867     5.88402e-17     
4537.12813139     5.56621e-17     
4542.65170412     5.5318e-17      
4548.17527684     5.77436e-17     
4553.69884956     5.4145e-17      
4559.22242229     5.31516e-17     
4564.74599501     5.35838e-17     
4570.26956773     5.08049e-17     
4575.79314045     5.80921e-17     
4581.31671318     5.76074e-17     
4586.8402859      5.53188e-17     
4592.36385862     5.70361e-17     
4597.88743135     5.42679e-17     
4603.41100407     5.97763e-17     
4608.93457679     6.08836e-17     
4614.45814951     5.65467e-17     
4619.98172224     6.18203e-17     
4625.50529496     5.38386e-17     
4631.02886768     5.40778e-17     
4636.55244041     5.84508e-17     
4642.07601313     5.17185e-17     
4647.59958585     5.61873e-17     
4653.12315857     5.41882e-17     
4658.6467313      5.25837e-17     
4664.17030402     5.29933e-17     
4669.69387674     4.67764e-17     
4675.21744947     5.40187e-17     
4680.74102219     5.30891e-17     
4686.26459491     5.71429e-17     
4691.78816763     4.85203e-17     
4697.31174036     5.19844e-17     
4702.83531308     5.24628e-17     
4708.3588858      5.19728e-17     
4713.88245852     5.6404e-17      
4719.40603125     5.27284e-17     
4724.92960397     4.80761e-17     
4730.45317669     5.13601e-17     
4735.97674942     5.3481e-17      
4741.50032214     5.34582e-17     
4747.02389486     6.13639e-17     
4752.54746758     5.48991e-17     
4758.07104031     5.65049e-17     
4763.59461303     4.99008e-17     
4769.11818575     5.17237e-17     
4774.64175848     5.17625e-17     
4780.1653312      5.08295e-17     
4785.68890392     5.3101e-17      
4791.21247664     5.50636e-17     
4796.73604937     5.10676e-17     
4802.25962209     5.53164e-17     
4807.78319481     4.82679e-17     
4813.30676754     4.70699e-17     
4818.83034026     4.8818e-17      
4824.35391298     5.12374e-17     
4829.8774857      4.94369e-17     
4835.40105843     5.38088e-17     
4840.92463115     5.01479e-17     
4846.44820387     5.28243e-17     
4851.9717766      4.37326e-17     
4857.49534932     5.06424e-17     
4863.01892204     5.37862e-17     
4868.54249476     4.85359e-17     
4874.06606749     5.08824e-17     
4879.58964021     4.79533e-17     
4885.11321293     4.81631e-17     
4890.63678566     5.25025e-17     
4896.16035838     5.10062e-17     
4901.6839311      5.27547e-17     
4907.20750382     4.97796e-17     
4912.73107655     5.50637e-17     
4918.25464927     5.28509e-17     
4923.77822199     5.29669e-17     
4929.30179472     5.05095e-17     
4934.82536744     4.95376e-17     
4940.34894016     5.2772e-17      
4945.87251288     5.21169e-17     
4951.39608561     5.13343e-17     
4956.91965833     5.17576e-17     
4962.44323105     5.87726e-17     
4967.96680378     5.07514e-17     
4973.4903765      5.25595e-17     
4979.01394922     5.15527e-17     
4984.53752194     4.9585e-17      
4990.06109467     5.6035e-17      
4995.58466739     4.75613e-17     
5001.10824011     4.93273e-17     
5006.63181283     4.56202e-17     
5012.15538556     4.7015e-17      
5017.67895828     4.80862e-17     
5023.202531       4.73594e-17     
5028.72610373     4.77899e-17     
5034.24967645     5.49722e-17     
5039.77324917     4.9429e-17      
5045.29682189     5.19882e-17     
5050.82039462     4.92733e-17     
5056.34396734     4.81036e-17     
5061.86754006     4.68287e-17     
5067.39111279     4.73186e-17     
5072.91468551     4.85913e-17     
5078.43825823     5.0102e-17      
5083.96183095     4.97826e-17     
5089.48540368     5.11431e-17     
5095.0089764      4.61544e-17     
5100.53254912     4.31743e-17     
5106.05612185     5.02204e-17     
5111.57969457     4.92901e-17     
5117.10326729     4.89884e-17     
5122.62684001     4.80203e-17     
5128.15041274     4.86508e-17     
5133.67398546     4.7835e-17      
5139.19755818     4.71984e-17     
5144.72113091     5.19884e-17     
5150.24470363     4.95661e-17     
5155.76827635     4.65926e-17     
5161.29184907     4.68906e-17     
5166.8154218      4.36958e-17     
5172.33899452     4.65426e-17     
5177.86256724     4.57028e-17     
5183.38613997     4.82448e-17     
5188.90971269     4.38721e-17     
5194.43328541     4.4004e-17      
5199.95685813     5.22264e-17     
5205.48043086     4.75788e-17     
5211.00400358     4.77794e-17     
5216.5275763      4.32745e-17     
5222.05114903     4.22805e-17     
5227.57472175     4.25545e-17     
5233.09829447     4.35442e-17     
5238.62186719     4.41149e-17     
5244.14543992     4.29843e-17     
5249.66901264     4.31292e-17     
5255.19258536     4.43482e-17     
5260.71615809     4.81264e-17     
5266.23973081     4.72384e-17     
5271.76330353     4.71446e-17     
5277.28687625     4.66218e-17     
5282.81044898     4.40388e-17     
5288.3340217      4.7193e-17      
5293.85759442     4.5228e-17      
5299.38116714     4.27059e-17     
5304.90473987     4.6148e-17      
5310.42831259     4.47173e-17     
5315.95188531     4.86293e-17     
5321.47545804     4.66951e-17     
5326.99903076     4.33541e-17     
5332.52260348     4.64548e-17     
5338.0461762      4.20313e-17     
5343.56974893     4.45099e-17     
5349.09332165     4.5082e-17      
5354.61689437     4.22556e-17     
5360.1404671      4.26696e-17     
5365.66403982     4.19056e-17     
5371.18761254     4.1757e-17      
5376.71118526     4.41141e-17     
5382.23475799     4.33892e-17     
5387.75833071     4.86652e-17     
5393.28190343     4.75464e-17     
5398.80547616     3.98125e-17     
5404.32904888     4.29875e-17     
5409.8526216      3.88948e-17     
5415.37619432     4.4162e-17      
5420.89976705     4.58722e-17     
5426.42333977     4.5846e-17      
5431.94691249     4.363e-17       
5437.47048522     4.50128e-17     
5442.99405794     4.54309e-17     
5448.51763066     4.45878e-17     
5454.04120338     4.48618e-17     
5459.56477611     4.35162e-17     
5465.08834883     4.36607e-17     
5470.61192155     4.57453e-17     
5476.13549428     4.27843e-17     
5481.659067       4.64025e-17     
5487.18263972     4.4696e-17      
5492.70621244     3.84302e-17     
5498.22978517     3.82331e-17     
5503.75335789     4.11439e-17     
5509.27693061     3.99363e-17     
5514.80050334     4.20147e-17     
5520.32407606     4.17388e-17     
5525.84764878     3.72134e-17     
5531.3712215      4.2932e-17      
5536.89479423     3.89745e-17     
5542.41836695     4.14543e-17     
5547.94193967     3.97205e-17     
5553.4655124      4.156e-17       
5558.98908512     4.08835e-17     
5564.51265784     4.33313e-17     
5570.03623056     4.40521e-17     
5575.55980329     3.91769e-17     
5581.08337601     4.2784e-17      
5586.60694873     4.11247e-17     
5592.13052145     3.68087e-17     
5597.65409418     4.49897e-17     
5603.1776669      4.16249e-17     
5608.70123962     4.19535e-17     
5614.22481235     4.26527e-17     
5619.74838507     4.1364e-17      
5625.27195779     4.18387e-17     
5630.79553051     4.02027e-17     
5636.31910324     3.49354e-17     
5641.84267596     4.03251e-17     
5647.36624868     4.24601e-17     
5652.88982141     4.18501e-17     
5658.41339413     4.20628e-17     
5663.93696685     4.27862e-17     
5669.46053957     4.22383e-17     
5674.9841123      4.363e-17       
5680.50768502     3.99343e-17     
5686.03125774     4.06966e-17     
5691.55483047     4.32907e-17     
5697.07840319     4.09716e-17     
5702.60197591     3.81686e-17     
5708.12554863     4.00931e-17     
5713.64912136     3.8763e-17      
5719.17269408     4.01511e-17     
5724.6962668      3.9999e-17      
5730.21983953     3.96496e-17     
5735.74341225     3.96394e-17     
5741.26698497     4.15365e-17     
5746.79055769     3.7549e-17      
5752.31413042     3.94255e-17     
5757.83770314     4.30339e-17     
5763.36127586     3.83064e-17     
5768.88484859     3.86127e-17     
5774.40842131     3.62655e-17     
5779.93199403     3.96124e-17     
5785.45556675     4.28032e-17     
5790.97913948     3.85153e-17     
5796.5027122      3.43774e-17     
5802.02628492     4.37355e-17     
5807.54985765     4.03299e-17     
5813.07343037     4.08691e-17     
5818.59700309     3.72482e-17     
5824.12057581     4.02441e-17     
5829.64414854     3.86692e-17     
5835.16772126     3.59796e-17     
5840.69129398     4.18574e-17     
5846.21486671     4.17735e-17     
5851.73843943     3.81595e-17     
5857.26201215     4.00609e-17     
5862.78558487     3.76811e-17     
5868.3091576      3.81057e-17     
5873.83273032     4.18834e-17     
5879.35630304     3.86406e-17     
5884.87987576     3.75535e-17     
5890.40344849     4.15544e-17     
5895.92702121     3.66878e-17     
5901.45059393     4.16715e-17     
5906.97416666     3.94794e-17     
5912.49773938     4.04015e-17     
5918.0213121      4.20504e-17     
5923.54488482     4.12928e-17     
5929.06845755     3.97576e-17     
5934.59203027     3.97419e-17     
5940.11560299     4.10983e-17     
5945.63917572     3.67476e-17     
5951.16274844     4.01467e-17     
5956.68632116     3.96706e-17     
5962.20989388     3.64327e-17     
5967.73346661     3.8092e-17      
5973.25703933     3.80128e-17     
5978.78061205     3.325e-17       
5984.30418478     3.30023e-17     
5989.8277575      3.84363e-17     
5995.35133022     3.89155e-17     
6000.87490294     3.55706e-17     
6006.39847567     3.75806e-17     
6011.92204839     3.6176e-17      
6017.44562111     3.87649e-17     
6022.96919384     3.37162e-17     
6028.49276656     2.86956e-17     
6034.01633928     3.55492e-17     
6039.539912       3.43067e-17     
6045.06348473     3.84619e-17     
6050.58705745     4.03661e-17     
6056.11063017     3.68992e-17     
6061.6342029      3.53713e-17     
6067.15777562     3.43454e-17     
6072.68134834     3.82661e-17     
6078.20492106     3.88119e-17     
6083.72849379     3.55424e-17     
6089.25206651     3.41807e-17     
6094.77563923     3.61387e-17     
6100.29921196     3.67895e-17     
6105.82278468     3.87524e-17     
6111.3463574      3.62431e-17     
6116.86993012     3.75995e-17     
6122.39350285     3.88634e-17     
6127.91707557     3.43768e-17     
6133.44064829     3.50387e-17     
6138.96422102     3.39984e-17     
6144.48779374     3.65734e-17     
6150.01136646     3.53961e-17     
6155.53493918     3.75963e-17     
6161.05851191     3.53296e-17     
6166.58208463     3.46542e-17     
6172.10565735     3.43222e-17     
6177.62923007     2.9916e-17      
6183.1528028      3.42297e-17     
6188.67637552     3.36166e-17     
6194.19994824     3.69421e-17     
6199.72352097     3.79451e-17     
6205.24709369     3.3362e-17      
6210.77066641     3.6052e-17      
6216.29423913     3.07529e-17     
6221.81781186     3.03259e-17     
6227.34138458     3.70549e-17     
6232.8649573      3.41596e-17     
6238.38853003     3.39229e-17     
6243.91210275     3.33805e-17     
6249.43567547     3.60384e-17     
6254.95924819     3.4399e-17      
6260.48282092     3.41125e-17     
6266.00639364     3.2694e-17      
6271.52996636     3.31604e-17     
6277.05353909     2.91598e-17     
6282.57711181     3.49203e-17     
6288.10068453     3.14556e-17     
6293.62425725     3.11677e-17     
6299.14782998     3.51959e-17     
6304.6714027      3.108e-17       
6310.19497542     2.88312e-17     
6315.71854815     3.27542e-17     
6321.24212087     3.63061e-17     
6326.76569359     3.33332e-17     
6332.28926631     3.07506e-17     
6337.81283904     3.21128e-17     
6343.33641176     3.65532e-17     
6348.85998448     3.33918e-17     
6354.38355721     3.27144e-17     
6359.90712993     3.35575e-17     
6365.43070265     3.30082e-17     
6370.95427537     3.28559e-17     
6376.4778481      3.20686e-17     
6382.00142082     3.67991e-17     
6387.52499354     3.45101e-17     
6393.04856627     3.55309e-17     
6398.57213899     3.68735e-17     
6404.09571171     3.48335e-17     
6409.61928443     4.25945e-17     
6415.14285716     3.47599e-17     
6420.66642988     3.18877e-17     
6426.1900026      3.42097e-17     
6431.71357533     3.61627e-17     
6437.23714805     3.37713e-17     
6442.76072077     3.86169e-17     
6448.28429349     2.82763e-17     
6453.80786622     3.17473e-17     
6459.33143894     3.26847e-17     
6464.85501166     3.24896e-17     
6470.37858439     3.61035e-17     
6475.90215711     3.13608e-17     
6481.42572983     3.2677e-17      
6486.94930255     3.63172e-17     
6492.47287528     3.34242e-17     
6497.996448       3.22804e-17     
6503.52002072     2.94708e-17     
6509.04359344     3.20049e-17     
6514.56716617     3.3531e-17      
6520.09073889     3.08916e-17     
6525.61431161     2.94668e-17     
6531.13788434     2.52143e-17     
6536.66145706     3.22424e-17     
6542.18502978     3.27691e-17     
6547.7086025      2.76529e-17     
6553.23217523     3.43188e-17     
6558.75574795     3.82957e-17     
6564.27932067     3.26755e-17     
6569.8028934      2.86299e-17     
6575.32646612     3.03734e-17     
6580.85003884     3.07319e-17     
6586.37361156     3.10993e-17     
6591.89718429     2.84935e-17     
6597.42075701     3.1659e-17      
6602.94432973     2.81987e-17     
6608.46790246     3.0187e-17      
6613.99147518     3.2573e-17      
6619.5150479      2.9648e-17      
6625.03862062     3.28849e-17     
6630.56219335     3.01101e-17     
6636.08576607     3.46445e-17     
6641.60933879     2.86218e-17     
6647.13291152     3.19658e-17     
6652.65648424     3.29633e-17     
6658.18005696     3.35514e-17     
6663.70362968     2.82221e-17     
6669.22720241     2.80797e-17     
6674.75077513     3.21251e-17     
6680.27434785     3.29658e-17     
6685.79792058     3.1028e-17      
6691.3214933      3.21942e-17     
6696.84506602     2.85723e-17     
6702.36863874     3.03358e-17     
6707.89221147     2.66798e-17     
6713.41578419     2.90726e-17     
6718.93935691     2.95739e-17     
6724.46292964     3.02245e-17     
6729.98650236     2.96682e-17     
6735.51007508     3.10778e-17     
6741.0336478      3.00241e-17     
6746.55722053     3.06871e-17     
6752.08079325     3.18283e-17     
6757.60436597     2.76886e-17     
6763.1279387      2.99647e-17     
6768.65151142     2.99001e-17     
6774.17508414     3.12749e-17     
6779.69865686     2.80243e-17     
6785.22222959     3.08548e-17     
6790.74580231     3.07038e-17     
6796.26937503     2.98182e-17     
6801.79294775     2.95858e-17     
6807.31652048     2.62134e-17     
6812.8400932      2.69236e-17     
6818.36366592     2.92975e-17     
6823.88723865     3.02433e-17     
6829.41081137     3.19679e-17     
6834.93438409     2.50284e-17     
6840.45795681     3.04649e-17     
6845.98152954     2.88413e-17     
6851.50510226     3.06745e-17     
6857.02867498     2.55927e-17     
6862.55224771     2.69753e-17     
6868.07582043     2.09712e-17     
6873.59939315     2.50805e-17     
6879.12296587     3.29194e-17     
6884.6465386      2.86257e-17     
6890.17011132     3.0085e-17      
6895.69368404     3.4212e-17      
6901.21725677     3.18002e-17     
6906.74082949     2.83534e-17     
6912.26440221     3.09172e-17     
6917.78797493     2.99536e-17     
6923.31154766     2.72652e-17     
6928.83512038     3.10112e-17     
6934.3586931      2.90136e-17     
6939.88226583     2.5942e-17      
6945.40583855     2.50842e-17     
6950.92941127     2.57041e-17     
6956.45298399     2.66517e-17     
6961.97655672     3.30534e-17     
6967.50012944     2.48273e-17     
6973.02370216     2.48956e-17     
6978.54727489     2.95547e-17     
6984.07084761     2.76586e-17     
6989.59442033     2.72302e-17     
6995.11799305     2.81547e-17     
7000.64156578     2.90801e-17     
7006.1651385      2.60879e-17     
7011.68871122     2.34675e-17     
7017.21228395     2.65422e-17     
7022.73585667     2.7654e-17      
7028.25942939     2.35643e-17     
7033.78300211     2.65881e-17     
7039.30657484     2.57438e-17     
7044.83014756     2.73224e-17     
7050.35372028     3.16427e-17     
7055.87729301     2.81047e-17     
7061.40086573     2.81303e-17     
7066.92443845     2.60643e-17     
7072.44801117     2.6277e-17      
7077.9715839      2.64695e-17     
7083.49515662     2.80849e-17     
7089.01872934     2.91488e-17     
7094.54230206     2.29087e-17     
7100.06587479     2.31269e-17     
7105.58944751     2.23807e-17     
7111.11302023     2.36002e-17     
7116.63659296     2.88079e-17     
7122.16016568     2.24195e-17     
7127.6837384      2.06789e-17     
7133.20731112     2.47071e-17     
7138.73088385     2.68823e-17     
7144.25445657     2.29434e-17     
7149.77802929     2.83728e-17     
7155.30160202     2.57325e-17     
7160.82517474     2.90202e-17     
7166.34874746     3.09862e-17     
7171.87232018     2.40641e-17     
7177.39589291     2.85056e-17     
7182.91946563     2.66963e-17     
7188.44303835     2.60503e-17     
7193.96661108     2.94795e-17     
7199.4901838      2.8488e-17      
7205.01375652     2.25211e-17     
7210.53732924     2.11556e-17     
7216.06090197     2.74362e-17     
7221.58447469     3.00946e-17     
7227.10804741     2.73938e-17     
7232.63162014     2.72493e-17     
7238.15519286     2.57979e-17     
7243.67876558     2.46648e-17     
7249.2023383      3.01153e-17     
7254.72591103     2.43052e-17     
7260.24948375     2.35342e-17     
7265.77305647     2.77458e-17     
7271.2966292      2.85583e-17     
7276.82020192     3.01055e-17     
7282.34377464     3.00165e-17     
7287.86734736     2.59323e-17     
7293.39092009     2.43708e-17     
7298.91449281     2.78944e-17     
7304.43806553     3.08256e-17     
7309.96163826     2.31146e-17     
7315.48521098     1.964e-17       
7321.0087837      2.34175e-17     
7326.53235642     2.90525e-17     
7332.05592915     2.89269e-17     
7337.57950187     2.4588e-17      
7343.10307459     1.9282e-17      
7348.62664732     1.94381e-17     
7354.15022004     2.61877e-17     
7359.67379276     3.18771e-17     
7365.19736548     2.47831e-17     
7370.72093821     2.05694e-17     
7376.24451093     2.29016e-17     
7381.76808365     2.43906e-17     
7387.29165637     3.04566e-17     
7392.8152291      3.02817e-17     
7398.33880182     2.51046e-17     
7403.86237454     1.95448e-17     
7409.38594727     2.5138e-17      
7414.90951999     2.6157e-17      
7420.43309271     2.56276e-17     
7425.95666543     2.42036e-17     
7431.48023816     2.35247e-17     
7437.00381088     2.1918e-17      
7442.5273836      2.6255e-17      
7448.05095633     2.40815e-17     
7453.57452905     2.22155e-17     
7459.09810177     2.07612e-17     
7464.62167449     2.41122e-17     
7470.14524722     1.95553e-17     
7475.66881994     2.58185e-17     
7481.19239266     3.30664e-17     
7486.71596539     2.76709e-17     
7492.23953811     2.1783e-17      
7497.76311083     2.10228e-17     
7503.28668355     2.28654e-17     
7508.81025628     2.35892e-17     
7514.333829       2.67834e-17     
7519.85740172     2.73836e-17     
7525.38097445     2.33237e-17     
7530.90454717     2.01053e-17     
7536.42811989     1.98557e-17     
7541.95169261     2.35054e-17     
7547.47526534     2.6522e-17      
7552.99883806     2.63412e-17     
7558.52241078     2.05012e-17     
7564.04598351     1.71545e-17     
7569.56955623     1.9794e-17      
7575.09312895     2.03087e-17     
7580.61670167     2.73942e-17     
7586.1402744      2.7649e-17      
7591.66384712     1.90082e-17     
7597.18741984     1.5768e-17      
7602.71099257     1.87036e-17     
7608.23456529     2.03407e-17     
7613.75813801     3.02266e-17     
7619.28171073     3.63487e-17     
7624.80528346     2.75873e-17     
7630.32885618     2.13423e-17     
7635.8524289      1.81498e-17     
7641.37600163     2.07717e-17     
7646.89957435     2.63911e-17     
7652.42314707     2.51878e-17     
7657.94671979     2.60749e-17     
7663.47029252     2.56752e-17     
7668.99386524     2.10731e-17     
7674.51743796     2.04946e-17     
7680.04101068     2.19144e-17     
7685.56458341     3.08722e-17     
7691.08815613     2.56183e-17     
7696.61172885     2.15123e-17     
7702.13530158     2.31049e-17     
7707.6588743      1.85475e-17     
7713.18244702     2.02301e-17     
7718.70601974     2.6001e-17      
7724.22959247     2.57647e-17     
7729.75316519     2.69424e-17     
7735.27673791     2.02844e-17     
7740.80031064     2.48745e-17     
7746.32388336     2.32689e-17     
7751.84745608     2.28749e-17     
7757.3710288      3.26777e-17     
7762.89460153     2.81157e-17     
7768.41817425     2.10535e-17     
7773.94174697     2.30381e-17     
7779.4653197      1.80431e-17     
7784.98889242     1.99266e-17     
7790.51246514     2.64569e-17     
7796.03603786     2.51747e-17     
7801.55961059     2.41379e-17     
7807.08318331     1.97235e-17     
7812.60675603     1.75241e-17     
7818.13032876     2.28239e-17     
7823.65390148     3.02217e-17     
7829.1774742      2.64412e-17     
7834.70104692     2.02472e-17     
7840.22461965     2.09803e-17     
7845.74819237     1.62392e-17     
7851.27176509     1.37879e-17     
7856.79533782     1.79921e-17     
7862.31891054     2.79446e-17     
7867.84248326     2.19473e-17     
7873.36605598     1.93362e-17     
7878.88962871     2.00461e-17     
7884.41320143     1.75487e-17     
7889.93677415     1.94944e-17     
7895.46034688     2.11141e-17     
7900.9839196      2.21428e-17     
7906.50749232     2.32131e-17     
7912.03106504     1.51455e-17     
7917.55463777     1.18272e-17     
7923.07821049     2.18752e-17     
7928.60178321     2.63537e-17     
7934.12535594     2.3237e-17      
7939.64892866     2.19336e-17     
7945.17250138     1.8625e-17      
7950.6960741      1.69952e-17     
7956.21964683     2.28868e-17     
7961.74321955     2.35302e-17     
7967.26679227     2.97695e-17     
7972.79036499     2.44497e-17     
7978.31393772     2.03584e-17     
7983.83751044     1.82424e-17     
7989.36108316     2.36998e-17     
7994.88465589     1.80864e-17     
8000.40822861     2.48446e-17     
8005.93180133     2.31013e-17     
8011.45537405     1.90003e-17     
8016.97894678     1.63668e-17     
8022.5025195      1.36822e-17     
8028.02609222     1.38787e-17     
8033.54966495     2.11747e-17     
8039.07323767     2.56162e-17     
8044.59681039     2.3174e-17      
8050.12038311     1.90327e-17     
8055.64395584     1.45337e-17     
8061.16752856     1.74254e-17     
8066.69110128     2.17392e-17     
8072.21467401     2.28851e-17     
8077.73824673     2.04511e-17     
8083.26181945     2.19394e-17     
8088.78539217     1.79637e-17     
8094.3089649      1.22809e-17     
8099.83253762     1.49553e-17     
8105.35611034     2.07032e-17     
8110.87968307     1.81767e-17     
8116.40325579     2.32987e-17     
8121.92682851     1.80534e-17     
8127.45040123     1.81116e-17     
8132.97397396     1.38807e-17     
8138.49754668     1.7287e-17      
8144.0211194      1.97418e-17     
8149.54469213     2.40663e-17     
8155.06826485     2.52649e-17     
8160.59183757     1.90333e-17     
8166.11541029     1.90432e-17     
8171.63898302     2.24557e-17     
8177.16255574     1.81253e-17     
8182.68612846     2.58537e-17     
8188.20970119     1.7948e-17      
8193.73327391     1.60527e-17     
8199.25684663     1.73319e-17     
8204.78041935     1.87095e-17     
8210.30399208     2.3402e-17      
8215.8275648      1.55979e-17     
8221.35113752     1.76615e-17     
8226.87471025     2.37002e-17     
8232.39828297     2.17424e-17     
8237.92185569     1.44513e-17     
8243.44542841     1.55267e-17     
8248.96900114     1.94815e-17     
8254.49257386     2.20834e-17     
8260.01614658     1.7214e-17      
8265.5397193      2.23075e-17     
8271.06329203     1.73513e-17     
8276.58686475     1.1022e-17      
8282.11043747     8.86648e-18     
8287.6340102      1.78229e-17     
8293.15758292     2.38846e-17     
8298.68115564     3.0427e-17      
8304.20472836     1.76654e-17     
8309.72830109     1.73874e-17     
8315.25187381     1.46745e-17     
8320.77544653     1.47836e-17     
8326.29901926     2.01055e-17     
8331.82259198     2.19423e-17     
8337.3461647      2.12947e-17     
8342.86973742     1.57795e-17     
8348.39331015     1.35163e-17     
8353.91688287     1.23846e-17     
8359.44045559     1.08332e-17     
8364.96402832     1.62129e-17     
8370.48760104     1.69419e-17     
8376.01117376     1.71846e-17     
8381.53474648     1.07179e-17     
8387.05831921     7.77117e-18     
8392.58189193     8.19142e-18     
8398.10546465     9.306e-18       
8403.62903738     1.37334e-17     
8409.1526101      2.54208e-17     
8414.67618282     1.69674e-17     
8420.19975554     1.5564e-17      
8425.72332827     1.1264e-17      
8431.24690099     1.3204e-17      
8436.77047371     2.05765e-17     
8442.29404644     2.23818e-17     
8447.81761916     1.99099e-17     
8453.34119188     1.48863e-17     
8458.8647646      1.15688e-17     
8464.38833733     6.09433e-18     
8469.91191005     1.35334e-17     
8475.43548277     1.60302e-17     
8480.9590555      2.15274e-17     
8486.48262822     2.3421e-17      
8492.00620094     1.61428e-17     
8497.52977366     1.49518e-17     
8503.05334639     1.50644e-17     
8508.57691911     1.36216e-17     
8514.10049183     2.03344e-17     
8519.62406456     2.99954e-17     
8525.14763728     2.25244e-17     
8530.67121        1.69081e-17     
8536.19478272     1.68802e-17     
8541.71835545     1.7962e-17      
8547.24192817     2.09932e-17     
8552.76550089     1.5775e-17      
8558.28907361     1.6626e-17      
8563.81264634     1.89191e-17     
8569.33621906     1.6859e-17      
8574.85979178     1.84938e-17     
8580.38336451     1.23477e-17     
8585.90693723     1.51291e-17     
8591.43050995     1.86812e-17     
8596.95408267     2.31231e-17     
8602.4776554      1.9713e-17      
8608.00122812     1.68977e-17     
8613.52480084     1.46054e-17     
8619.04837357     1.28298e-17     
8624.57194629     1.24568e-17     
8630.09551901     2.04103e-17     
8635.61909173     1.79754e-17     
8641.14266446     1.4453e-17      
8646.66623718     1.57159e-17     
8652.1898099      1.37422e-17     
8657.71338263     1.5428e-17      
8663.23695535     1.77499e-17     
8668.76052807     1.34204e-17     
8674.28410079     1.47468e-17     
8679.80767352     2.14887e-17     
8685.33124624     2.26677e-17     
8690.85481896     1.30457e-17     
8696.37839169     1.72914e-17     
8701.90196441     1.5394e-17      
8707.42553713     2.17127e-17     
8712.94910985     2.15455e-17     
8718.47268258     1.31552e-17     
8723.9962553      1.69931e-17     
8729.51982802     1.12737e-17     
8735.04340075     1.28035e-17     
8740.56697347     1.46832e-17     
8746.09054619     1.55915e-17     
8751.61411891     2.35271e-17     
8757.13769164     3.24523e-17     
8762.66126436     1.63318e-17     
8768.18483708     1.49875e-17     
8773.70840981     1.65496e-17     
8779.23198253     1.68778e-17     
8784.75555525     1.0912e-17      
8790.27912797     1.73282e-17     
8795.8027007      2.22841e-17     
8801.32627342     1.96368e-17     
8806.84984614     1.0384e-17      
8812.37341887     1.11088e-17     
8817.89699159     2.08265e-17     
8823.42056431     1.98044e-17     
8828.94413703     2.83324e-17     
8834.46770976     2.64162e-17     
8839.99128248     1.31093e-17     
8845.5148552      1.29873e-17     
8851.03842792     1.32422e-17     
8856.56200065     1.24975e-17     
8862.08557337     1.77238e-17     
8867.60914609     1.39977e-17     
8873.13271882     1.60264e-17     
8878.65629154     1.7209e-17      
8884.17986426     3.87539e-18     
8889.70343698     1.30803e-17     
8895.22700971     8.08576e-18     
8900.75058243     2.09777e-17     
8906.27415515     9.45113e-18     
8911.79772788     1.70461e-17     
8917.3213006      1.63948e-17     
8922.84487332     1.85481e-17     
8928.36844604     1.13696e-17     
8933.89201877     1.58174e-17     
8939.41559149     2.41082e-17     
8944.93916421     2.49693e-17     
8950.46273694     1.5757e-17      
8955.98630966     8.18281e-18     
8961.50988238     1.60436e-17     
8967.0334551      1.83167e-17     
8972.55702783     1.63453e-17     
8978.08060055     1.57504e-17     
8983.60417327     1.42602e-17     
8989.127746       1.6161e-17      
8994.65131872     1.47423e-17     
9000.17489144     1.64777e-17     
9005.69846416     2.39625e-17     
9011.22203689     1.67426e-17     
9016.74560961     1.32737e-17     
9022.26918233     1.32012e-17     
9027.79275506     1.41675e-17     
9033.31632778     1.75724e-17     
9038.8399005      2.10935e-17     
9044.36347322     1.91274e-17     
9049.88704595     2.29255e-17     
9055.41061867     1.7491e-17      
9060.93419139     1.11885e-17     
9066.45776412     1.68087e-17     
9071.98133684     7.8452e-18      
9077.50490956     1.812e-17       
9083.02848228     1.24402e-17     
9088.55205501     9.41322e-18     
9094.07562773     1.17122e-17     
9099.59920045     1.13008e-17     
9105.12277318     2.33049e-17     
9110.6463459      1.55801e-17     
9116.16991862     2.15349e-17     
9121.69349134     1.55284e-17     
9127.21706407     1.24769e-17     
9132.74063679     1.4812e-17      
9138.26420951     2.27416e-17     
9143.78778223     1.97316e-17     
9149.31135496     1.65473e-17     
9154.83492768     1.60544e-17     
9160.3585004      1.75187e-17     
9165.88207313     8.70278e-18     
9171.40564585     6.21177e-18     
9176.92921857     1.20703e-17     
9182.45279129     1.99355e-17     
9187.97636402     1.56123e-17     
9193.49993674     1.22567e-17     
9199.02350946     1.45692e-17     
9204.54708219     1.81312e-17     
9210.07065491     1.4119e-17      
9215.59422763     6.26848e-18     
9221.11780035     2.15868e-17     
9226.64137308     1.79711e-17     
9232.1649458      8.30728e-18     
9237.68851852     1.34134e-17     
9243.21209125     1.0207e-17      
9248.73566397     1.04612e-17     
9254.25923669     1.65994e-17     
9259.78280941     1.03094e-17     
9265.30638214     9.78299e-18     
9270.82995486     1.79682e-17     
