3669.99421835     1.02482e-16     
3675.5180598      8.58125e-17     
3681.04190124     1.03448e-16     
3686.56574269     8.99542e-17     
3692.08958414     1.00889e-16     
3697.61342558     8.67922e-17     
3703.13726703     8.36291e-17     
3708.66110848     7.49612e-17     
3714.18494993     8.31171e-17     
3719.70879137     9.67842e-17     
3725.23263282     8.95199e-17     
3730.75647427     8.46891e-17     
3736.28031571     8.55771e-17     
3741.80415716     8.54207e-17     
3747.32799861     7.75878e-17     
3752.85184005     8.6103e-17      
3758.3756815      1.01489e-16     
3763.89952295     7.85459e-17     
3769.42336439     6.90736e-17     
3774.94720584     8.28721e-17     
3780.47104729     8.63312e-17     
3785.99488873     8.22741e-17     
3791.51873018     8.93974e-17     
3797.04257163     9.21532e-17     
3802.56641308     8.52389e-17     
3808.09025452     9.89463e-17     
3813.61409597     9.42071e-17     
3819.13793742     9.09363e-17     
3824.66177886     8.14862e-17     
3830.18562031     9.11472e-17     
3835.70946176     9.02455e-17     
3841.2333032      9.17412e-17     
3846.75714465     8.91658e-17     
3852.2809861      8.80668e-17     
3857.80482754     9.45078e-17     
3863.32866899     9.40739e-17     
3868.85251044     8.99979e-17     
3874.37635189     1.02234e-16     
3879.90019333     1.04133e-16     
3885.42403478     9.57974e-17     
3890.94787623     9.72631e-17     
3896.47171767     9.77848e-17     
3901.99555912     9.18182e-17     
3907.51940057     8.46067e-17     
3913.04324201     8.53409e-17     
3918.56708346     9.71767e-17     
3924.09092491     8.76937e-17     
3929.61476635     8.41412e-17     
3935.1386078      8.59512e-17     
3940.66244925     9.75077e-17     
3946.1862907      9.11572e-17     
3951.71013214     8.75581e-17     
3957.23397359     9.61364e-17     
3962.75781504     8.95303e-17     
3968.28165648     8.35328e-17     
3973.80549793     8.74052e-17     
3979.32933938     8.91347e-17     
3984.85318082     9.19192e-17     
3990.37702227     8.18858e-17     
3995.90086372     7.79523e-17     
4001.42470516     9.09944e-17     
4006.94854661     9.52597e-17     
4012.47238806     7.93629e-17     
4017.9962295      9.03656e-17     
4023.52007095     9.10529e-17     
4029.0439124      8.70615e-17     
4034.56775385     9.37489e-17     
4040.09159529     9.07225e-17     
4045.61543674     8.27943e-17     
4051.13927819     8.89165e-17     
4056.66311963     9.09284e-17     
4062.18696108     9.61202e-17     
4067.71080253     9.16834e-17     
4073.23464397     8.89271e-17     
4078.75848542     9.02316e-17     
4084.28232687     8.42033e-17     
4089.80616831     7.653e-17       
4095.33000976     8.18848e-17     
4100.85385121     8.43249e-17     
4106.37769266     8.78766e-17     
4111.9015341      8.75074e-17     
4117.42537555     8.78672e-17     
4122.949217       8.6523e-17      
4128.47305844     8.53767e-17     
4133.99689989     8.93315e-17     
4139.52074134     9.31783e-17     
4145.04458278     8.54722e-17     
4150.56842423     9.2284e-17      
4156.09226568     8.62645e-17     
4161.61610712     8.31527e-17     
4167.13994857     8.31062e-17     
4172.66379002     8.14102e-17     
4178.18763147     8.30039e-17     
4183.71147291     8.22045e-17     
4189.23531436     8.68408e-17     
4194.75915581     8.19859e-17     
4200.28299725     7.81774e-17     
4205.8068387      8.43428e-17     
4211.33068015     7.77033e-17     
4216.85452159     7.62601e-17     
4222.37836304     8.97613e-17     
4227.90220449     8.16177e-17     
4233.42604593     7.87158e-17     
4238.94988738     8.06262e-17     
4244.47372883     8.58584e-17     
4249.99757027     8.27369e-17     
4255.52141172     7.9181e-17      
4261.04525317     8.01374e-17     
4266.56909462     8.37324e-17     
4272.09293606     8.02524e-17     
4277.61677751     8.14711e-17     
4283.14061896     8.27499e-17     
4288.6644604      8.60327e-17     
4294.18830185     8.46585e-17     
4299.7121433      8.13121e-17     
4305.23598474     8.69912e-17     
4310.75982619     7.94048e-17     
4316.28366764     8.52993e-17     
4321.80750908     7.276e-17       
4327.33135053     7.77077e-17     
4332.85519198     7.65428e-17     
4338.37903343     7.60783e-17     
4343.90287487     7.43328e-17     
4349.42671632     7.85214e-17     
4354.95055777     7.50658e-17     
4360.47439921     8.39761e-17     
4365.99824066     8.20139e-17     
4371.52208211     7.50153e-17     
4377.04592355     7.93948e-17     
4382.569765       7.52538e-17     
4388.09360645     7.16056e-17     
4393.61744789     7.80535e-17     
4399.14128934     7.89061e-17     
4404.66513079     7.74349e-17     
4410.18897224     7.64864e-17     
4415.71281368     7.70851e-17     
4421.23665513     7.9013e-17      
4426.76049658     7.31892e-17     
4432.28433802     7.12549e-17     
4437.80817947     7.43194e-17     
4443.33202092     7.42522e-17     
4448.85586236     7.57639e-17     
4454.37970381     8.13157e-17     
4459.90354526     7.93425e-17     
4465.4273867      6.77221e-17     
4470.95122815     7.11386e-17     
4476.4750696      7.54853e-17     
4481.99891104     7.28838e-17     
4487.52275249     7.63565e-17     
4493.04659394     7.60569e-17     
4498.57043539     6.74348e-17     
4504.09427683     7.3432e-17      
4509.61811828     7.8081e-17      
4515.14195973     7.19432e-17     
4520.66580117     7.01235e-17     
4526.18964262     7.44431e-17     
4531.71348407     7.63726e-17     
4537.23732551     7.18693e-17     
4542.76116696     7.27331e-17     
4548.28500841     7.67967e-17     
4553.80884985     7.609e-17       
4559.3326913      7.57474e-17     
4564.85653275     7.53156e-17     
4570.3803742      6.90503e-17     
4575.90421564     7.7606e-17      
4581.42805709     7.07286e-17     
4586.95189854     7.61803e-17     
4592.47573998     8.23072e-17     
4597.99958143     7.49903e-17     
4603.52342288     7.88586e-17     
4609.04726432     7.65644e-17     
4614.57110577     7.39661e-17     
4620.09494722     7.44591e-17     
4625.61878866     7.71515e-17     
4631.14263011     7.21529e-17     
4636.66647156     7.94768e-17     
4642.190313       7.69118e-17     
4647.71415445     8.28551e-17     
4653.2379959      7.52188e-17     
4658.76183735     8.03127e-17     
4664.28567879     8.6562e-17      
4669.80952024     8.52807e-17     
4675.33336169     7.81555e-17     
4680.85720313     8.62926e-17     
4686.38104458     9.09768e-17     
4691.90488603     7.86763e-17     
4697.42872747     7.16638e-17     
4702.95256892     6.36882e-17     
4708.47641037     7.70823e-17     
4714.00025181     7.19153e-17     
4719.52409326     7.06222e-17     
4725.04793471     7.24993e-17     
4730.57177616     7.50527e-17     
4736.0956176      7.11919e-17     
4741.61945905     7.84102e-17     
4747.1433005      7.51814e-17     
4752.66714194     7.4845e-17      
4758.19098339     6.90726e-17     
4763.71482484     7.14757e-17     
4769.23866628     7.77447e-17     
4774.76250773     7.24198e-17     
4780.28634918     6.66726e-17     
4785.81019062     7.21053e-17     
4791.33403207     7.30981e-17     
4796.85787352     6.99336e-17     
4802.38171497     6.95595e-17     
4807.90555641     6.5915e-17      
4813.42939786     6.89409e-17     
4818.95323931     7.41467e-17     
4824.47708075     7.07426e-17     
4830.0009222      7.54839e-17     
4835.52476365     6.21501e-17     
4841.04860509     6.89336e-17     
4846.57244654     7.46928e-17     
4852.09628799     7.16309e-17     
4857.62012943     6.76412e-17     
4863.14397088     6.73901e-17     
4868.66781233     7.42725e-17     
4874.19165377     7.13597e-17     
4879.71549522     6.89868e-17     
4885.23933667     6.89202e-17     
4890.76317812     6.8834e-17      
4896.28701956     6.6304e-17      
4901.81086101     6.22304e-17     
4907.33470246     6.60498e-17     
4912.8585439      6.78445e-17     
4918.38238535     6.7937e-17      
4923.9062268      7.35056e-17     
4929.43006824     7.92286e-17     
4934.95390969     6.58918e-17     
4940.47775114     7.08618e-17     
4946.00159258     7.20083e-17     
4951.52543403     6.97376e-17     
4957.04927548     7.22498e-17     
4962.57311693     7.10588e-17     
4968.09695837     7.31662e-17     
4973.62079982     7.09754e-17     
4979.14464127     6.51299e-17     
4984.66848271     7.1958e-17      
4990.19232416     6.18371e-17     
4995.71616561     6.6025e-17      
5001.24000705     6.6256e-17      
5006.7638485      6.98944e-17     
5012.28768995     6.90077e-17     
5017.81153139     6.48168e-17     
5023.33537284     6.2905e-17      
5028.85921429     5.8345e-17      
5034.38305574     6.30261e-17     
5039.90689718     6.61974e-17     
5045.43073863     6.1798e-17      
5050.95458008     6.72896e-17     
5056.47842152     6.03712e-17     
5062.00226297     5.94129e-17     
5067.52610442     6.21274e-17     
5073.04994586     6.4491e-17      
5078.57378731     6.28487e-17     
5084.09762876     6.49572e-17     
5089.6214702      6.56189e-17     
5095.14531165     6.00468e-17     
5100.6691531      6.75088e-17     
5106.19299454     6.25594e-17     
5111.71683599     6.8186e-17      
5117.24067744     6.48022e-17     
5122.76451889     6.73075e-17     
5128.28836033     6.42803e-17     
5133.81220178     5.97793e-17     
5139.33604323     6.18627e-17     
5144.85988467     6.44692e-17     
5150.38372612     5.83331e-17     
5155.90756757     5.46243e-17     
5161.43140901     6.19533e-17     
5166.95525046     6.00844e-17     
5172.47909191     6.12737e-17     
5178.00293335     6.75651e-17     
5183.5267748      6.28623e-17     
5189.05061625     5.6207e-17      
5194.5744577      6.24186e-17     
5200.09829914     6.6537e-17      
5205.62214059     6.2921e-17      
5211.14598204     5.96785e-17     
5216.66982348     6.02449e-17     
5222.19366493     6.63777e-17     
5227.71750638     7.01862e-17     
5233.24134782     5.87893e-17     
5238.76518927     5.99109e-17     
5244.28903072     6.49403e-17     
5249.81287216     6.13221e-17     
5255.33671361     6.13821e-17     
5260.86055506     6.15798e-17     
5266.38439651     5.40839e-17     
5271.90823795     6.16944e-17     
5277.4320794      6.34304e-17     
5282.95592085     6.40335e-17     
5288.47976229     6.32066e-17     
5294.00360374     6.32337e-17     
5299.52744519     5.66839e-17     
5305.05128663     6.04833e-17     
5310.57512808     6.00709e-17     
5316.09896953     6.28423e-17     
5321.62281097     6.11206e-17     
5327.14665242     6.62034e-17     
5332.67049387     5.82945e-17     
5338.19433531     6.47488e-17     
5343.71817676     6.41457e-17     
5349.24201821     6.32524e-17     
5354.76585966     5.72542e-17     
5360.2897011      5.65621e-17     
5365.81354255     6.53415e-17     
5371.337384       6.80878e-17     
5376.86122544     5.92508e-17     
5382.38506689     6.20936e-17     
5387.90890834     5.60999e-17     
5393.43274978     6.10499e-17     
5398.95659123     5.69855e-17     
5404.48043268     5.8203e-17      
5410.00427412     5.801e-17       
5415.52811557     5.59443e-17     
5421.05195702     5.9223e-17      
5426.57579847     6.01476e-17     
5432.09963991     6.34563e-17     
5437.62348136     6.13843e-17     
5443.14732281     5.61885e-17     
5448.67116425     5.74151e-17     
5454.1950057      6.01919e-17     
5459.71884715     6.70813e-17     
5465.24268859     5.82498e-17     
5470.76653004     5.92233e-17     
5476.29037149     5.36963e-17     
5481.81421293     5.93189e-17     
5487.33805438     6.11523e-17     
5492.86189583     5.99289e-17     
5498.38573728     6.1538e-17      
5503.90957872     5.94865e-17     
5509.43342017     5.69075e-17     
5514.95726162     6.08041e-17     
5520.48110306     5.21571e-17     
5526.00494451     5.88805e-17     
5531.52878596     5.83348e-17     
5537.0526274      5.69839e-17     
5542.57646885     5.27266e-17     
5548.1003103      5.3189e-17      
5553.62415174     5.74799e-17     
5559.14799319     5.08815e-17     
5564.67183464     5.65647e-17     
5570.19567608     5.09773e-17     
5575.71951753     6.15264e-17     
5581.24335898     5.86948e-17     
5586.76720043     5.02727e-17     
5592.29104187     5.66168e-17     
5597.81488332     4.95314e-17     
5603.33872477     5.02706e-17     
5608.86256621     5.15561e-17     
5614.38640766     5.58643e-17     
5619.91024911     5.33094e-17     
5625.43409055     5.7872e-17      
5630.957932       5.66365e-17     
5636.48177345     5.29085e-17     
5642.00561489     6.05943e-17     
5647.52945634     5.73301e-17     
5653.05329779     5.2755e-17      
5658.57713924     5.27609e-17     
5664.10098068     5.85585e-17     
5669.62482213     5.7063e-17      
5675.14866358     5.12911e-17     
5680.67250502     5.24425e-17     
5686.19634647     5.50036e-17     
5691.72018792     5.41972e-17     
5697.24402936     5.63002e-17     
5702.76787081     5.15305e-17     
5708.29171226     5.91629e-17     
5713.8155537      5.2955e-17      
5719.33939515     5.38041e-17     
5724.8632366      5.72088e-17     
5730.38707804     4.9608e-17      
5735.91091949     5.74904e-17     
5741.43476094     5.51548e-17     
5746.95860239     5.93261e-17     
5752.48244383     5.56381e-17     
5758.00628528     5.45275e-17     
5763.53012673     5.33334e-17     
5769.05396817     5.23775e-17     
5774.57780962     5.73304e-17     
5780.10165107     5.62874e-17     
5785.62549251     5.55236e-17     
5791.14933396     5.16442e-17     
5796.67317541     5.46057e-17     
5802.19701685     5.48429e-17     
5807.7208583      4.8079e-17      
5813.24469975     5.34459e-17     
5818.7685412      4.98185e-17     
5824.29238264     5.41679e-17     
5829.81622409     5.64415e-17     
5835.34006554     5.46574e-17     
5840.86390698     5.79731e-17     
5846.38774843     4.83487e-17     
5851.91158988     5.08853e-17     
5857.43543132     5.20885e-17     
5862.95927277     5.13047e-17     
5868.48311422     5.52223e-17     
5874.00695566     5.40577e-17     
5879.53079711     5.19523e-17     
5885.05463856     4.88521e-17     
5890.57848001     4.98541e-17     
5896.10232145     5.02042e-17     
5901.6261629      5.18688e-17     
5907.15000435     5.39402e-17     
5912.67384579     4.99012e-17     
5918.19768724     5.51493e-17     
5923.72152869     5.2489e-17      
5929.24537013     5.37609e-17     
5934.76921158     5.21899e-17     
5940.29305303     4.66454e-17     
5945.81689447     5.2389e-17      
5951.34073592     4.9286e-17      
5956.86457737     4.64631e-17     
5962.38841881     5.44337e-17     
5967.91226026     5.03867e-17     
5973.43610171     4.5734e-17      
5978.95994316     5.16852e-17     
5984.4837846      5.42168e-17     
5990.00762605     5.04721e-17     
5995.5314675      4.89471e-17     
6001.05530894     4.65333e-17     
6006.57915039     4.83973e-17     
6012.10299184     5.13925e-17     
6017.62683328     5.24111e-17     
6023.15067473     5.12452e-17     
6028.67451618     4.54144e-17     
6034.19835762     5.05222e-17     
6039.72219907     4.9708e-17      
6045.24604052     4.8825e-17      
6050.76988197     5.39352e-17     
6056.29372341     4.79019e-17     
6061.81756486     4.98504e-17     
6067.34140631     5.22759e-17     
6072.86524775     5.70205e-17     
6078.3890892      5.2046e-17      
6083.91293065     4.86123e-17     
6089.43677209     5.33482e-17     
6094.96061354     4.69515e-17     
6100.48445499     4.92064e-17     
6106.00829643     5.41186e-17     
6111.53213788     4.95269e-17     
6117.05597933     4.65438e-17     
6122.57982078     4.94453e-17     
6128.10366222     5.35615e-17     
6133.62750367     4.88061e-17     
6139.15134512     5.11937e-17     
6144.67518656     4.84724e-17     
6150.19902801     4.91084e-17     
6155.72286946     4.88449e-17     
6161.2467109      5.11837e-17     
6166.77055235     4.69234e-17     
6172.2943938      4.46313e-17     
6177.81823524     4.44979e-17     
6183.34207669     4.77403e-17     
6188.86591814     4.65296e-17     
6194.38975958     4.85283e-17     
6199.91360103     4.68212e-17     
6205.43744248     4.79763e-17     
6210.96128393     5.4614e-17      
6216.48512537     4.66569e-17     
6222.00896682     5.25965e-17     
6227.53280827     4.99243e-17     
6233.05664971     4.37455e-17     
6238.58049116     4.63725e-17     
6244.10433261     5.13677e-17     
6249.62817405     4.44297e-17     
6255.1520155      4.47278e-17     
6260.67585695     4.45871e-17     
6266.19969839     4.64269e-17     
6271.72353984     4.47579e-17     
6277.24738129     4.34686e-17     
6282.77122274     4.72468e-17     
6288.29506418     4.73534e-17     
6293.81890563     4.49827e-17     
6299.34274708     4.7608e-17      
6304.86658852     4.43025e-17     
6310.39042997     4.06435e-17     
6315.91427142     4.07702e-17     
6321.43811286     4.41242e-17     
6326.96195431     4.53265e-17     
6332.48579576     4.6284e-17      
6338.0096372      4.35867e-17     
6343.53347865     3.93978e-17     
6349.0573201      4.40735e-17     
6354.58116155     4.628e-17       
6360.10500299     4.63873e-17     
6365.62884444     4.26683e-17     
6371.15268589     3.68801e-17     
6376.67652733     4.33336e-17     
6382.20036878     4.81268e-17     
6387.72421023     4.54e-17        
6393.24805167     4.57955e-17     
6398.77189312     4.48134e-17     
6404.29573457     4.46432e-17     
6409.81957601     4.61233e-17     
6415.34341746     4.33844e-17     
6420.86725891     4.73419e-17     
6426.39110035     4.40772e-17     
6431.9149418      4.5051e-17      
6437.43878325     4.93358e-17     
6442.9626247      4.80901e-17     
6448.48646614     4.40515e-17     
6454.01030759     4.74579e-17     
6459.53414904     3.9016e-17      
6465.05799048     4.67804e-17     
6470.58183193     4.46619e-17     
6476.10567338     4.31997e-17     
6481.62951482     4.06947e-17     
6487.15335627     4.66273e-17     
6492.67719772     4.39642e-17     
6498.20103916     4.15835e-17     
6503.72488061     4.29363e-17     
6509.24872206     4.05881e-17     
6514.77256351     3.94381e-17     
6520.29640495     4.28002e-17     
6525.8202464      4.39698e-17     
6531.34408785     4.42356e-17     
6536.86792929     4.27116e-17     
6542.39177074     4.12435e-17     
6547.91561219     4.55593e-17     
6553.43945363     4.24275e-17     
6558.96329508     3.85478e-17     
6564.48713653     4.23981e-17     
6570.01097797     4.4599e-17      
6575.53481942     4.1943e-17      
6581.05866087     3.98688e-17     
6586.58250231     4.43222e-17     
6592.10634376     4.019e-17       
6597.63018521     4.43099e-17     
6603.15402666     4.15473e-17     
6608.6778681      4.1738e-17      
6614.20170955     4.11786e-17     
6619.725551       4.54968e-17     
6625.24939244     4.54132e-17     
6630.77323389     4.3141e-17      
6636.29707534     4.30236e-17     
6641.82091678     3.76798e-17     
6647.34475823     4.17119e-17     
6652.86859968     4.02655e-17     
6658.39244112     4.00162e-17     
6663.91628257     4.07626e-17     
6669.44012402     4.25536e-17     
6674.96396547     4.11686e-17     
6680.48780691     3.92183e-17     
6686.01164836     3.5247e-17      
6691.53548981     3.88303e-17     
6697.05933125     4.17384e-17     
6702.5831727      4.07312e-17     
6708.10701415     4.1224e-17      
6713.63085559     4.25183e-17     
6719.15469704     3.95658e-17     
6724.67853849     3.90969e-17     
6730.20237993     4.13085e-17     
6735.72622138     3.87939e-17     
6741.25006283     4.1946e-17      
6746.77390428     4.04109e-17     
6752.29774572     3.72102e-17     
6757.82158717     3.76164e-17     
6763.34542862     4.29862e-17     
6768.86927006     3.84891e-17     
6774.39311151     3.72406e-17     
6779.91695296     3.78581e-17     
6785.4407944      4.49626e-17     
6790.96463585     3.5345e-17      
6796.4884773      3.73258e-17     
6802.01231874     4.2477e-17      
6807.53616019     4.4114e-17      
6813.06000164     3.8336e-17      
6818.58384308     4.06517e-17     
6824.10768453     4.06087e-17     
6829.63152598     4.31434e-17     
6835.15536743     4.7012e-17      
6840.67920887     4.64352e-17     
6846.20305032     4.8806e-17      
6851.72689177     4.37342e-17     
6857.25073321     4.18702e-17     
6862.77457466     3.58422e-17     
6868.29841611     3.6074e-17      
6873.82225755     3.91749e-17     
6879.346099       3.88508e-17     
6884.86994045     4.1404e-17      
6890.39378189     3.67477e-17     
6895.91762334     4.02975e-17     
6901.44146479     4.42424e-17     
6906.96530624     3.79216e-17     
6912.48914768     3.7605e-17      
6918.01298913     3.59686e-17     
6923.53683058     3.46296e-17     
6929.06067202     4.02268e-17     
6934.58451347     3.83812e-17     
6940.10835492     3.33293e-17     
6945.63219636     3.6934e-17      
6951.15603781     3.80164e-17     
6956.67987926     3.61226e-17     
6962.2037207      4.2104e-17      
6967.72756215     3.62504e-17     
6973.2514036      3.42842e-17     
6978.77524505     3.53381e-17     
6984.29908649     3.47221e-17     
6989.82292794     3.79039e-17     
6995.34676939     3.31902e-17     
7000.87061083     3.20113e-17     
7006.39445228     3.38336e-17     
7011.91829373     3.62408e-17     
7017.44213517     3.17546e-17     
7022.96597662     3.51715e-17     
7028.48981807     3.96869e-17     
7034.01365951     3.51701e-17     
7039.53750096     3.14584e-17     
7045.06134241     3.16771e-17     
7050.58518385     3.3222e-17      
7056.1090253      3.64995e-17     
7061.63286675     3.74561e-17     
7067.1567082      4.31273e-17     
7072.68054964     4.41839e-17     
7078.20439109     3.87765e-17     
7083.72823254     3.67314e-17     
7089.25207398     4.20622e-17     
7094.77591543     4.26185e-17     
7100.29975688     3.50558e-17     
7105.82359832     3.73532e-17     
7111.34743977     3.58483e-17     
7116.87128122     4.09879e-17     
7122.39512266     4.22595e-17     
7127.91896411     3.07151e-17     
7133.44280556     3.59902e-17     
7138.96664701     4.2444e-17      
7144.49048845     4.01634e-17     
7150.0143299      3.93108e-17     
7155.53817135     3.36676e-17     
7161.06201279     3.37493e-17     
7166.58585424     4.13051e-17     
7172.10969569     4.01312e-17     
7177.63353713     5.04095e-17     
7183.15737858     4.30535e-17     
7188.68122003     4.33739e-17     
7194.20506147     4.28224e-17     
7199.72890292     3.92223e-17     
7205.25274437     3.81632e-17     
7210.77658582     3.66602e-17     
7216.30042726     3.93279e-17     
7221.82426871     4.52088e-17     
7227.34811016     4.49756e-17     
7232.8719516      4.46835e-17     
7238.39579305     4.1981e-17      
7243.9196345      4.46059e-17     
7249.44347594     4.9253e-17      
7254.96731739     4.75783e-17     
7260.49115884     3.84625e-17     
7266.01500028     3.55702e-17     
7271.53884173     4.19501e-17     
7277.06268318     4.13454e-17     
7282.58652462     3.70447e-17     
7288.11036607     3.53942e-17     
7293.63420752     3.58635e-17     
7299.15804897     3.60005e-17     
7304.68189041     3.76329e-17     
7310.20573186     3.79358e-17     
7315.72957331     3.64145e-17     
7321.25341475     4.01185e-17     
7326.7772562      3.51507e-17     
7332.30109765     3.86847e-17     
7337.82493909     3.46319e-17     
7343.34878054     3.72205e-17     
7348.87262199     3.64486e-17     
7354.39646343     3.55397e-17     
7359.92030488     3.71886e-17     
7365.44414633     3.28052e-17     
7370.96798778     3.53257e-17     
7376.49182922     3.59272e-17     
7382.01567067     3.50435e-17     
7387.53951212     3.22844e-17     
7393.06335356     3.65463e-17     
7398.58719501     3.29939e-17     
7404.11103646     2.97477e-17     
7409.6348779      3.08627e-17     
7415.15871935     3.59488e-17     
7420.6825608      3.69792e-17     
7426.20640224     3.54999e-17     
7431.73024369     3.4696e-17      
7437.25408514     3.0838e-17      
7442.77792658     3.49356e-17     
7448.30176803     3.60253e-17     
7453.82560948     3.07758e-17     
7459.34945093     3.42064e-17     
7464.87329237     3.65134e-17     
7470.39713382     3.66046e-17     
7475.92097527     3.28858e-17     
7481.44481671     3.99442e-17     
7486.96865816     4.11288e-17     
7492.49249961     3.86412e-17     
7498.01634105     4.13605e-17     
7503.5401825      3.92185e-17     
7509.06402395     3.31269e-17     
7514.58786539     3.59703e-17     
7520.11170684     4.01022e-17     
7525.63554829     3.62274e-17     
7531.15938974     3.84894e-17     
7536.68323118     2.81008e-17     
7542.20707263     3.8619e-17      
7547.73091408     3.8012e-17      
7553.25475552     4.34911e-17     
7558.77859697     3.89031e-17     
7564.30243842     3.30326e-17     
7569.82627986     2.72975e-17     
7575.35012131     2.80888e-17     
7580.87396276     3.70455e-17     
7586.3978042      4.38108e-17     
7591.92164565     4.56889e-17     
7597.4454871      3.86788e-17     
7602.96932855     2.77175e-17     
7608.49316999     2.70164e-17     
7614.01701144     2.73516e-17     
7619.54085289     3.82291e-17     
7625.06469433     4.01011e-17     
7630.58853578     3.84056e-17     
7636.11237723     3.76536e-17     
7641.63621867     3.0257e-17      
7647.16006012     3.31291e-17     
7652.68390157     3.94293e-17     
7658.20774301     4.08651e-17     
7663.73158446     3.89184e-17     
7669.25542591     2.91161e-17     
7674.77926735     2.99098e-17     
7680.3031088      3.73503e-17     
7685.82695025     3.99218e-17     
7691.3507917      3.27152e-17     
7696.87463314     3.34944e-17     
7702.39847459     2.93466e-17     
7707.92231604     3.03114e-17     
7713.44615748     3.08399e-17     
7718.96999893     4.00406e-17     
7724.49384038     4.39037e-17     
7730.01768182     4.00464e-17     
7735.54152327     3.08895e-17     
7741.06536472     2.73123e-17     
7746.58920616     3.45407e-17     
7752.11304761     4.07126e-17     
7757.63688906     3.69594e-17     
7763.16073051     3.28589e-17     
7768.68457195     3.13692e-17     
7774.2084134      3.04549e-17     
7779.73225485     2.51847e-17     
7785.25609629     3.29252e-17     
7790.77993774     4.25278e-17     
7796.30377919     3.65039e-17     
7801.82762063     3.28403e-17     
7807.35146208     2.76884e-17     
7812.87530353     2.34125e-17     
7818.39914497     2.44615e-17     
7823.92298642     3.43219e-17     
7829.44682787     3.27176e-17     
7834.97066932     3.28272e-17     
7840.49451076     3.01547e-17     
7846.01835221     2.6226e-17      
7851.54219366     2.32454e-17     
7857.0660351      2.71558e-17     
7862.58987655     3.27301e-17     
7868.113718       3.61407e-17     
7873.63755944     3.7411e-17      
7879.16140089     2.99229e-17     
7884.68524234     2.64509e-17     
7890.20908378     2.87003e-17     
7895.73292523     3.03913e-17     
7901.25676668     3.33723e-17     
7906.78060812     3.48103e-17     
7912.30444957     2.47027e-17     
7917.82829102     2.57871e-17     
7923.35213247     2.97031e-17     
7928.87597391     3.00112e-17     
7934.39981536     3.54134e-17     
7939.92365681     3.05823e-17     
7945.44749825     2.71593e-17     
7950.9713397      2.29298e-17     
7956.49518115     2.25595e-17     
7962.01902259     3.38046e-17     
7967.54286404     4.14434e-17     
7973.06670549     3.28985e-17     
7978.59054693     2.73947e-17     
7984.11438838     2.64375e-17     
7989.63822983     2.5367e-17      
7995.16207128     3.10644e-17     
8000.68591272     3.91988e-17     
8006.20975417     3.54123e-17     
8011.73359562     3.14444e-17     
8017.25743706     2.80714e-17     
8022.78127851     2.32737e-17     
8028.30511996     2.88549e-17     
8033.8289614      3.05658e-17     
8039.35280285     2.81425e-17     
8044.8766443      2.90516e-17     
8050.40048574     3.39163e-17     
8055.92432719     3.17416e-17     
8061.44816864     2.96266e-17     
8066.97201009     3.45256e-17     
8072.49585153     3.74918e-17     
8078.01969298     4.48169e-17     
8083.54353443     4.27196e-17     
8089.06737587     3.61819e-17     
8094.59121732     4.33963e-17     
8100.11505877     4.70144e-17     
8105.63890021     4.90828e-17     
8111.16274166     6.15649e-17     
8116.68658311     5.59871e-17     
8122.21042455     5.60992e-17     
8127.734266       5.1099e-17      
8133.25810745     3.77493e-17     
8138.78194889     4.57131e-17     
8144.30579034     3.83191e-17     
8149.82963179     3.36287e-17     
8155.35347324     3.79401e-17     
8160.87731468     3.49364e-17     
8166.40115613     2.72024e-17     
8171.92499758     2.72687e-17     
8177.44883902     2.95744e-17     
8182.97268047     3.00066e-17     
8188.49652192     3.11954e-17     
8194.02036336     3.18429e-17     
8199.54420481     3.00927e-17     
8205.06804626     2.65791e-17     
8210.5918877      3.07912e-17     
8216.11572915     3.40311e-17     
8221.6395706      3.61461e-17     
8227.16341205     3.41283e-17     
8232.68725349     3.01098e-17     
8238.21109494     2.39166e-17     
8243.73493639     2.44351e-17     
8249.25877783     2.8921e-17      
8254.78261928     3.28759e-17     
8260.30646073     3.28605e-17     
8265.83030217     2.97592e-17     
8271.35414362     3.09285e-17     
8276.87798507     2.67196e-17     
8282.40182651     2.8032e-17      
8287.92566796     2.70891e-17     
8293.44950941     3.25253e-17     
8298.97335086     2.71089e-17     
8304.4971923      2.38437e-17     
8310.02103375     2.60832e-17     
8315.5448752      2.05746e-17     
8321.06871664     2.26603e-17     
8326.59255809     2.80462e-17     
8332.11639954     2.98002e-17     
8337.64024098     2.96013e-17     
8343.16408243     3.16497e-17     
8348.68792388     3.20042e-17     
8354.21176532     2.77778e-17     
8359.73560677     2.39791e-17     
8365.25944822     3.08479e-17     
8370.78328966     3.73947e-17     
8376.30713111     3.61921e-17     
8381.83097256     3.43571e-17     
8387.35481401     2.47267e-17     
8392.87865545     2.45185e-17     
8398.4024969      2.55953e-17     
8403.92633835     2.38245e-17     
8409.45017979     3.09761e-17     
8414.97402124     2.83148e-17     
8420.49786269     2.1801e-17      
8426.02170413     2.79352e-17     
8431.54554558     2.82602e-17     
8437.06938703     3.35929e-17     
8442.59322847     2.58512e-17     
8448.11706992     2.78806e-17     
8453.64091137     2.79671e-17     
8459.16475282     2.60255e-17     
8464.68859426     2.06605e-17     
8470.21243571     2.82497e-17     
8475.73627716     2.8102e-17      
8481.2601186      2.94233e-17     
8486.78396005     3.29815e-17     
8492.3078015      2.86358e-17     
8497.83164294     2.81803e-17     
8503.35548439     2.18514e-17     
8508.87932584     2.26304e-17     
8514.40316728     2.67963e-17     
8519.92700873     2.78584e-17     
8525.45085018     3.16669e-17     
8530.97469162     2.54279e-17     
8536.49853307     2.70361e-17     
8542.02237452     2.48249e-17     
8547.54621597     2.95608e-17     
8553.07005741     3.00103e-17     
8558.59389886     3.19048e-17     
8564.11774031     3.20515e-17     
8569.64158175     3.01715e-17     
8575.1654232      2.8213e-17      
8580.68926465     2.11582e-17     
8586.21310609     2.30314e-17     
8591.73694754     3.46055e-17     
8597.26078899     3.55757e-17     
8602.78463043     3.29478e-17     
8608.30847188     3.48106e-17     
8613.83231333     3.06362e-17     
8619.35615478     2.61595e-17     
8624.87999622     2.64618e-17     
8630.40383767     2.78442e-17     
8635.92767912     3.56198e-17     
8641.45152056     2.56894e-17     
8646.97536201     2.35116e-17     
8652.49920346     2.66177e-17     
8658.0230449      2.33811e-17     
8663.54688635     2.8712e-17      
8669.0707278      3.16533e-17     
8674.59456924     3.32798e-17     
8680.11841069     3.71799e-17     
8685.64225214     3.22428e-17     
8691.16609359     2.56083e-17     
8696.68993503     2.67141e-17     
8702.21377648     1.9224e-17      
8707.73761793     2.98881e-17     
8713.26145937     3.43135e-17     
8718.78530082     2.68421e-17     
8724.30914227     2.03166e-17     
8729.83298371     3.03529e-17     
8735.35682516     2.88091e-17     
8740.88066661     2.76785e-17     
8746.40450805     2.75569e-17     
8751.9283495      2.6196e-17      
8757.45219095     4.08494e-17     
8762.97603239     2.97323e-17     
8768.49987384     2.31204e-17     
8774.02371529     1.25938e-17     
8779.54755674     1.93685e-17     
8785.07139818     3.60768e-17     
8790.59523963     3.73404e-17     
8796.11908108     3.16879e-17     
8801.64292252     2.2231e-17      
8807.16676397     2.52044e-17     
8812.69060542     3.20226e-17     
8818.21444686     2.49044e-17     
8823.73828831     1.93844e-17     
8829.26212976     4.32327e-17     
8834.7859712      4.87235e-17     
8840.30981265     2.4682e-17      
8845.8336541      2.13902e-17     
8851.35749555     2.41988e-17     
8856.88133699     2.57481e-17     
8862.40517844     2.83304e-17     
8867.92901989     4.22622e-17     
8873.45286133     3.47955e-17     
8878.97670278     2.91509e-17     
8884.50054423     2.69116e-17     
8890.02438567     3.4019e-17      
8895.54822712     1.94086e-17     
8901.07206857     2.42078e-17     
8906.59591001     2.13134e-17     
8912.11975146     3.08157e-17     
8917.64359291     2.38748e-17     
8923.16743436     2.50663e-17     
8928.6912758      1.02806e-17     
8934.21511725     1.49118e-17     
8939.7389587      3.25241e-17     
8945.26280014     2.97124e-17     
8950.78664159     1.84206e-17     
8956.31048304     2.12809e-17     
8961.83432448     1.97349e-17     
8967.35816593     1.6175e-17      
8972.88200738     1.87134e-17     
8978.40584882     3.24984e-17     
8983.92969027     2.70081e-17     
8989.45353172     2.23587e-17     
8994.97737316     1.90561e-17     
9000.50121461     1.50614e-17     
9006.02505606     2.65162e-17     
9011.54889751     2.24174e-17     
9017.07273895     1.6784e-17      
9022.5965804      2.09811e-17     
9028.12042185     2.87686e-17     
9033.64426329     3.28945e-17     
9039.16810474     1.94729e-17     
9044.69194619     2.56765e-17     
9050.21578763     3.30687e-17     
9055.73962908     1.99718e-17     
9061.26347053     1.90383e-17     
9066.78731197     2.42679e-17     
9072.31115342     2.31166e-17     
9077.83499487     2.14225e-17     
9083.35883632     3.29669e-17     
9088.88267776     1.64055e-17     
9094.40651921     1.02528e-17     
9099.93036066     1.5532e-17      
9105.4542021      3.70286e-17     
9110.97804355     2.28138e-17     
9116.501885       2.36131e-17     
9122.02572644     1.79654e-17     
9127.54956789     1.91331e-17     
9133.07340934     2.41388e-17     
9138.59725078     2.89751e-17     
9144.12109223     2.27618e-17     
9149.64493368     1.02258e-17     
9155.16877513     1.01461e-17     
9160.69261657     2.36622e-17     
9166.21645802     2.41193e-17     
9171.74029947     2.69891e-17     
9177.26414091     2.79894e-17     
9182.78798236     2.04191e-17     
9188.31182381     1.73884e-17     
9193.83566525     2.00339e-17     
9199.3595067      2.01596e-17     
9204.88334815     2.37339e-17     
9210.40718959     1.72453e-17     
9215.93103104     1.42728e-17     
9221.45487249     2.01339e-17     
9226.97871393     1.41583e-17     
9232.50255538     2.56682e-17     
9238.02639683     2.32186e-17     
9243.55023828     1.7865e-17      
9249.07407972     2.45952e-17     
9254.59792117     1.26402e-17     
9260.12176262     1.3642e-17      
9265.64560406     2.15321e-17     
9271.16944551     2.07616e-17     
