3657.68686008     0.0             
3663.21067193     0.0             
3668.73448379     0.0             
3674.25829564     0.0             
3679.7821075      0.0             
3685.30591935     0.0             
3690.8297312      0.0             
3696.35354306     -3.13841e-16    
3701.87735491     1.30795e-15     
3707.40116676     -3.26112e-17    
3712.92497862     1.12472e-16     
3718.44879047     3.30217e-15     
3723.97260233     3.00924e-17     
3729.49641418     -1.56387e-16    
3735.02022603     -2.78026e-15    
3740.54403789     -2.55816e-15    
3746.06784974     1.18732e-16     
3751.5916616      8.05724e-16     
3757.11547345     6.06349e-16     
3762.6392853      4.88864e-17     
3768.16309716     5.18659e-15     
3773.68690901     1.70717e-15     
3779.21072086     2.49663e-15     
3784.73453272     4.53091e-16     
3790.25834457     3.17721e-15     
3795.78215643     9.99436e-16     
3801.30596828     -5.06467e-17    
3806.82978013     -9.30277e-17    
3812.35359199     5.27692e-16     
3817.87740384     -4.34834e-15    
3823.4012157      -6.68834e-15    
3828.92502755     -8.07355e-16    
3834.4488394      -1.9751e-15     
3839.97265126     6.78732e-16     
3845.49646311     -1.35815e-15    
3851.02027496     -9.5357e-16     
3856.54408682     9.41248e-16     
3862.06789867     -1.62161e-15    
3867.59171053     -7.96166e-16    
3873.11552238     -9.66674e-16    
3878.63933423     2.86999e-15     
3884.16314609     -1.85537e-15    
3889.68695794     -2.31384e-15    
3895.2107698      -7.83973e-16    
3900.73458165     1.37122e-15     
3906.2583935      1.27436e-15     
3911.78220536     -9.06825e-16    
3917.30601721     1.32617e-15     
3922.82982907     8.81351e-16     
3928.35364092     1.87157e-16     
3933.87745277     2.37913e-16     
3939.40126463     -4.46184e-16    
3944.92507648     -1.77767e-15    
3950.44888833     -1.87952e-15    
3955.97270019     4.11464e-15     
3961.49651204     1.65045e-15     
3967.0203239      -1.45318e-15    
3972.54413575     -1.37106e-16    
3978.0679476      -1.45778e-15    
3983.59175946     -6.77445e-16    
3989.11557131     1.73487e-15     
3994.63938317     -1.65271e-16    
4000.16319502     -1.87541e-15    
4005.68700687     -9.40604e-16    
4011.21081873     1.03059e-15     
4016.73463058     5.99071e-16     
4022.25844243     -5.08427e-16    
4027.78225429     2.29115e-15     
4033.30606614     2.0244e-15      
4038.829878       -1.06002e-15    
4044.35368985     -7.84013e-16    
4049.8775017      5.06674e-16     
4055.40131356     -1.99004e-15    
4060.92512541     3.54567e-15     
4066.44893727     -4.27551e-16    
4071.97274912     -7.46824e-17    
4077.49656097     -1.73005e-15    
4083.02037283     2.05818e-15     
4088.54418468     6.98186e-16     
4094.06799653     2.90279e-15     
4099.59180839     1.01471e-15     
4105.11562024     9.83513e-16     
4110.6394321      1.06249e-16     
4116.16324395     -3.39771e-15    
4121.6870558      7.53175e-16     
4127.21086766     1.39071e-16     
4132.73467951     4.42614e-16     
4138.25849137     -7.88802e-16    
4143.78230322     9.24297e-16     
4149.30611507     -8.4725e-16     
4154.82992693     -1.29181e-15    
4160.35373878     5.35209e-16     
4165.87755063     6.62844e-16     
4171.40136249     1.60623e-15     
4176.92517434     5.19447e-17     
4182.4489862      -4.56525e-16    
4187.97279805     -5.97377e-16    
4193.4966099      -2.15676e-15    
4199.02042176     5.69726e-16     
4204.54423361     1.77941e-15     
4210.06804547     1.57399e-16     
4215.59185732     7.15345e-16     
4221.11566917     -1.6267e-15     
4226.63948103     -2.48759e-15    
4232.16329288     1.75268e-15     
4237.68710473     3.76164e-16     
4243.21091659     4.43337e-16     
4248.73472844     7.64487e-16     
4254.2585403      1.74737e-15     
4259.78235215     2.90769e-15     
4265.306164       -3.48949e-16    
4270.82997586     1.18728e-15     
4276.35378771     -2.67817e-16    
4281.87759957     -3.53153e-16    
4287.40141142     1.70741e-16     
4292.92522327     -5.74918e-16    
4298.44903513     1.08567e-15     
4303.97284698     -8.73489e-16    
4309.49665884     -1.98838e-15    
4315.02047069     -9.95625e-16    
4320.54428254     2.64108e-15     
4326.0680944      -7.20908e-16    
4331.59190625     1.33109e-15     
4337.1157181      -9.21855e-16    
4342.63952996     7.76658e-16     
4348.16334181     8.20815e-17     
4353.68715367     -8.87773e-16    
4359.21096552     -1.38531e-15    
4364.73477737     3.1952e-16      
4370.25858923     -1.02865e-16    
4375.78240108     1.58586e-17     
4381.30621294     8.6505e-16      
4386.83002479     9.52893e-16     
4392.35383664     3.71995e-16     
4397.8776485      7.3935e-16      
4403.40146035     3.03058e-16     
4408.9252722      1.16538e-16     
4414.44908406     -5.90943e-16    
4419.97289591     4.70881e-16     
4425.49670777     -1.28964e-16    
4431.02051962     4.2021e-16      
4436.54433147     1.64285e-15     
4442.06814333     -7.74866e-16    
4447.59195518     2.90387e-17     
4453.11576704     -7.32368e-16    
4458.63957889     -1.18636e-17    
4464.16339074     6.97602e-16     
4469.6872026      2.31644e-16     
4475.21101445     6.14763e-17     
4480.7348263      -3.45248e-16    
4486.25863816     -2.20448e-17    
4491.78245001     7.35681e-16     
4497.30626187     -7.06482e-16    
4502.83007372     5.05033e-16     
4508.35388557     1.06256e-15     
4513.87769743     -1.17295e-15    
4519.40150928     -7.26791e-16    
4524.92532114     7.14557e-17     
4530.44913299     1.34667e-16     
4535.97294484     5.23907e-16     
4541.4967567      1.48424e-15     
4547.02056855     -3.73176e-16    
4552.5443804      -4.98633e-16    
4558.06819226     -4.80714e-16    
4563.59200411     -9.15893e-17    
4569.11581597     1.31576e-16     
4574.63962782     4.51959e-16     
4580.16343967     1.86831e-16     
4585.68725153     -5.85545e-17    
4591.21106338     -2.92352e-16    
4596.73487524     5.16865e-16     
4602.25868709     7.35036e-17     
4607.78249894     1.48501e-15     
4613.3063108      -1.05361e-15    
4618.83012265     8.14172e-17     
4624.3539345      -3.1455e-17     
4629.87774636     -6.54958e-16    
4635.40155821     1.81788e-16     
4640.92537007     5.1666e-16      
4646.44918192     -2.96003e-16    
4651.97299377     1.17009e-15     
4657.49680563     5.89418e-16     
4663.02061748     9.33685e-16     
4668.54442934     9.51068e-16     
4674.06824119     1.34243e-15     
4679.59205304     -5.68673e-16    
4685.1158649      1.00296e-16     
4690.63967675     3.57583e-16     
4696.1634886      7.01687e-17     
4701.68730046     1.26751e-15     
4707.21111231     1.1319e-15      
4712.73492417     -5.36454e-16    
4718.25873602     6.10867e-16     
4723.78254787     -3.10014e-16    
4729.30635973     1.02017e-15     
4734.83017158     4.77346e-16     
4740.35398344     -6.75119e-16    
4745.87779529     -2.34435e-16    
4751.40160714     1.66306e-16     
4756.925419       -4.64979e-16    
4762.44923085     -1.13848e-15    
4767.97304271     1.02104e-15     
4773.49685456     1.71684e-15     
4779.02066641     1.85754e-16     
4784.54447827     -1.3444e-16     
4790.06829012     3.4261e-16      
4795.59210197     1.64697e-16     
4801.11591383     -6.07408e-16    
4806.63972568     -1.19779e-16    
4812.16353754     1.60579e-16     
4817.68734939     7.61037e-17     
4823.21116124     -4.13527e-16    
4828.7349731      -2.37673e-16    
4834.25878495     5.12455e-16     
4839.78259681     -1.76543e-16    
4845.30640866     1.58003e-16     
4850.83022051     9.07768e-16     
4856.35403237     1.58297e-15     
4861.87784422     1.92289e-16     
4867.40165607     -9.5794e-16     
4872.92546793     -1.8477e-16     
4878.44927978     -1.19681e-15    
4883.97309164     3.95938e-16     
4889.49690349     2.73247e-16     
4895.02071534     8.87649e-16     
4900.5445272      1.46605e-15     
4906.06833905     1.28748e-15     
4911.59215091     -3.72622e-16    
4917.11596276     1.13311e-15     
4922.63977461     -1.65413e-15    
4928.16358647     1.64415e-15     
4933.68739832     -5.8358e-16     
4939.21121017     1.44992e-15     
4944.73502203     5.21965e-16     
4950.25883388     4.63586e-16     
4955.78264574     4.60302e-16     
4961.30645759     -5.11303e-16    
4966.83026944     1.6104e-16      
4972.3540813      2.2695e-15      
4977.87789315     7.30618e-16     
4983.40170501     7.51263e-16     
4988.92551686     1.95164e-16     
4994.44932871     -8.70239e-16    
4999.97314057     1.39272e-16     
5005.49695242     5.43261e-16     
5011.02076427     -5.17157e-17    
5016.54457613     4.294e-16       
5022.06838798     -6.69938e-16    
5027.59219984     -5.1595e-16     
5033.11601169     -3.70913e-16    
5038.63982354     9.68263e-17     
5044.1636354      1.33396e-15     
5049.68744725     1.35528e-15     
5055.21125911     1.64295e-17     
5060.73507096     -8.60161e-16    
5066.25888281     6.24701e-17     
5071.78269467     4.56296e-16     
5077.30650652     3.82858e-16     
5082.83031837     2.13029e-15     
5088.35413023     4.07283e-16     
5093.87794208     -1.04873e-15    
5099.40175394     -1.13792e-16    
5104.92556579     -9.52218e-17    
5110.44937764     -7.85952e-16    
5115.9731895      1.9028e-16      
5121.49700135     5.45782e-16     
5127.02081321     -1.78096e-16    
5132.54462506     2.49872e-16     
5138.06843691     4.3767e-16      
5143.59224877     7.98845e-17     
5149.11606062     -4.58459e-17    
5154.63987247     5.76119e-16     
5160.16368433     9.92346e-16     
5165.68749618     -6.73845e-16    
5171.21130804     1.95591e-16     
5176.73511989     -2.49726e-16    
5182.25893174     1.7099e-16      
5187.7827436      3.50648e-16     
5193.30655545     1.39846e-16     
5198.83036731     -4.58576e-16    
5204.35417916     -1.88515e-16    
5209.87799101     1.14504e-16     
5215.40180287     -3.65884e-16    
5220.92561472     -2.319e-16      
5226.44942658     3.73708e-16     
5231.97323843     1.33166e-16     
5237.49705028     4.63935e-16     
5243.02086214     -2.58317e-18    
5248.54467399     -2.41126e-17    
5254.06848584     4.74967e-16     
5259.5922977      -1.2697e-16     
5265.11610955     4.66504e-17     
5270.63992141     2.68053e-16     
5276.16373326     -4.97827e-16    
5281.68754511     2.05565e-16     
5287.21135697     7.93567e-16     
5292.73516882     1.12134e-15     
5298.25898068     -2.91251e-16    
5303.78279253     1.11472e-16     
5309.30660438     -8.79633e-17    
5314.83041624     -6.6309e-16     
5320.35422809     -2.72219e-17    
5325.87803994     -1.10798e-16    
5331.4018518      2.36213e-16     
5336.92566365     -4.49525e-16    
5342.44947551     -7.26015e-16    
5347.97328736     -4.00034e-17    
5353.49709921     4.14679e-17     
5359.02091107     2.73668e-16     
5364.54472292     5.45648e-16     
5370.06853478     6.38877e-17     
5375.59234663     8.95592e-16     
5381.11615848     -6.58258e-16    
5386.63997034     -3.26983e-17    
5392.16378219     -5.23197e-16    
5397.68759404     -1.12464e-16    
5403.2114059      1.82284e-15     
5408.73521775     5.5971e-16      
5414.25902961     -3.66338e-16    
5419.78284146     -6.91979e-16    
5425.30665331     -6.3668e-16     
5430.83046517     -3.59594e-16    
5436.35427702     5.28697e-16     
5441.87808888     2.01502e-16     
5447.40190073     -7.98294e-16    
5452.92571258     -2.8754e-17     
5458.44952444     1.35248e-16     
5463.97333629     -1.12309e-16    
5469.49714814     2.99337e-16     
5475.02096        1.76538e-16     
5480.54477185     1.03457e-15     
5486.06858371     -1.35815e-16    
5491.59239556     -1.24305e-16    
5497.11620741     2.65138e-16     
5502.64001927     1.20684e-15     
5508.16383112     1.27804e-16     
5513.68764298     -2.21798e-17    
5519.21145483     2.11157e-16     
5524.73526668     1.06679e-15     
5530.25907854     -7.53882e-16    
5535.78289039     3.5617e-16      
5541.30670224     -7.82185e-16    
5546.8305141      8.44959e-16     
5552.35432595     6.92147e-16     
5557.87813781     2.9745e-16      
5563.40194966     4.72104e-16     
5568.92576151     -7.51429e-16    
5574.44957337     1.08453e-15     
5579.97338522     -3.28759e-16    
5585.49719708     1.96411e-16     
5591.02100893     2.14806e-16     
5596.54482078     -9.43947e-16    
5602.06863264     -2.36984e-16    
5607.59244449     -2.51673e-16    
5613.11625635     1.16264e-15     
5618.6400682      1.05666e-15     
5624.16388005     1.30413e-15     
5629.68769191     -1.58395e-16    
5635.21150376     -2.74677e-16    
5640.73531561     -5.77738e-16    
5646.25912747     5.40029e-16     
5651.78293932     1.41347e-15     
5657.30675118     -3.49184e-16    
5662.83056303     -1.14104e-15    
5668.35437488     3.04517e-16     
5673.87818674     6.4966e-16      
5679.40199859     -3.64232e-16    
5684.92581045     -1.00504e-16    
5690.4496223      1.10962e-16     
5695.97343415     -1.11789e-16    
5701.49724601     3.04253e-16     
5707.02105786     2.49228e-16     
5712.54486971     -3.51504e-16    
5718.06868157     5.65814e-16     
5723.59249342     1.60161e-15     
5729.11630528     1.43473e-15     
5734.64011713     6.1448e-16      
5740.16392898     5.93846e-16     
5745.68774084     -5.38999e-17    
5751.21155269     4.5146e-16      
5756.73536455     -1.59365e-16    
5762.2591764      -3.6079e-16     
5767.78298825     6.56171e-16     
5773.30680011     1.11533e-15     
5778.83061196     9.27493e-16     
5784.35442381     -1.38173e-15    
5789.87823567     -1.20516e-16    
5795.40204752     9.59408e-16     
5800.92585938     1.05449e-15     
5806.44967123     8.01248e-16     
5811.97348308     -1.30107e-16    
5817.49729494     -4.72935e-16    
5823.02110679     1.77748e-16     
5828.54491865     -5.01012e-16    
5834.0687305      -6.47008e-16    
5839.59254235     8.14652e-16     
5845.11635421     -3.05333e-16    
5850.64016606     -2.99942e-16    
5856.16397791     -6.38165e-16    
5861.68778977     7.8381e-17      
5867.21160162     2.37228e-16     
5872.73541348     1.02401e-15     
5878.25922533     -4.58339e-16    
5883.78303718     -2.42263e-16    
5889.30684904     3.68414e-16     
5894.83066089     5.30045e-17     
5900.35447275     1.38661e-15     
5905.8782846      1.38468e-15     
5911.40209645     -4.50165e-16    
5916.92590831     -4.99705e-16    
5922.44972016     3.89232e-17     
5927.97353201     -1.29636e-17    
5933.49734387     -1.13007e-15    
5939.02115572     -4.70215e-16    
5944.54496758     5.97795e-17     
5950.06877943     7.73551e-16     
5955.59259128     6.71424e-16     
5961.11640314     -3.92525e-16    
5966.64021499     -6.61276e-16    
5972.16402685     2.54581e-16     
5977.6878387      7.35004e-16     
5983.21165055     -4.91141e-17    
5988.73546241     9.7226e-16      
5994.25927426     3.69288e-16     
5999.78308611     -5.78041e-16    
6005.30689797     -1.09898e-15    
6010.83070982     5.56004e-17     
6016.35452168     8.36273e-16     
6021.87833353     4.66287e-16     
6027.40214538     9.66975e-17     
6032.92595724     -6.62436e-16    
6038.44976909     -4.31505e-16    
6043.97358095     -4.4737e-16     
6049.4973928      2.71717e-16     
6055.02120465     -2.24878e-16    
6060.54501651     8.04197e-17     
6066.06882836     -8.02974e-16    
6071.59264022     -2.88653e-16    
6077.11645207     -3.02479e-16    
6082.64026392     1.22933e-17     
6088.16407578     1.12206e-15     
6093.68788763     1.2086e-15      
6099.21169948     1.31306e-15     
6104.73551134     5.63479e-17     
6110.25932319     -7.04576e-16    
6115.78313505     -4.44226e-16    
6121.3069469      6.97633e-16     
6126.83075875     1.07239e-15     
6132.35457061     -3.09848e-17    
6137.87838246     -4.02268e-16    
6143.40219432     1.49284e-16     
6148.92600617     -6.14076e-16    
6154.44981802     -2.10034e-16    
6159.97362988     2.9244e-16      
6165.49744173     8.50743e-16     
6171.02125358     1.05394e-15     
6176.54506544     9.57373e-16     
6182.06887729     1.60189e-16     
6187.59268915     -1.00624e-15    
6193.116501       -7.73802e-16    
6198.64031285     -9.29334e-16    
6204.16412471     8.76006e-16     
6209.68793656     -1.25417e-16    
6215.21174842     -2.08155e-16    
6220.73556027     -3.47919e-16    
6226.25937212     -2.36035e-16    
6231.78318398     -7.89149e-16    
6237.30699583     -1.38631e-16    
6242.83080768     -1.1288e-16     
6248.35461954     2.62168e-16     
6253.87843139     8.04756e-16     
6259.40224325     -3.53169e-16    
6264.9260551      -4.38211e-17    
6270.44986695     7.40085e-17     
6275.97367881     -9.51152e-16    
6281.49749066     -3.39844e-16    
6287.02130252     -8.04961e-16    
6292.54511437     1.23053e-16     
6298.06892622     9.58033e-16     
6303.59273808     4.40131e-16     
6309.11654993     1.13151e-15     
6314.64036178     4.20067e-16     
6320.16417364     -2.67416e-16    
6325.68798549     3.70829e-16     
6331.21179735     1.24203e-16     
6336.7356092      -1.36526e-16    
6342.25942105     -2.8957e-16     
6347.78323291     -3.90332e-17    
6353.30704476     -3.49124e-16    
6358.83085662     -1.61029e-16    
6364.35466847     3.34926e-16     
6369.87848032     4.73491e-17     
6375.40229218     -1.06955e-16    
6380.92610403     2.04451e-15     
6386.44991588     4.91488e-16     
6391.97372774     8.05608e-18     
6397.49753959     -2.93733e-16    
6403.02135145     1.67849e-15     
6408.5451633      -8.07069e-16    
6414.06897515     -7.38432e-16    
6419.59278701     -1.36174e-16    
6425.11659886     1.95801e-17     
6430.64041072     1.3622e-16      
6436.16422257     -7.30833e-16    
6441.68803442     1.43163e-16     
6447.21184628     -3.33774e-16    
6452.73565813     -8.33355e-16    
6458.25946998     -4.53114e-16    
6463.78328184     2.70956e-16     
6469.30709369     1.30963e-15     
6474.83090555     2.28158e-16     
6480.3547174      1.20048e-15     
6485.87852925     -6.69697e-17    
6491.40234111     3.46234e-16     
6496.92615296     -3.0945e-16     
6502.44996482     8.59262e-16     
6507.97377667     2.57077e-16     
6513.49758852     -2.18132e-16    
6519.02140038     3.61433e-16     
6524.54521223     -6.14289e-17    
6530.06902409     3.01936e-18     
6535.59283594     2.35858e-16     
6541.11664779     7.90371e-16     
6546.64045965     -1.26127e-16    
6552.1642715      -5.2564e-16     
6557.68808335     -5.52661e-16    
6563.21189521     -5.68755e-16    
6568.73570706     4.34932e-16     
6574.25951892     9.072e-16       
6579.78333077     2.6967e-16      
6585.30714262     9.7383e-18      
6590.83095448     1.78893e-16     
6596.35476633     4.55536e-17     
6601.87857819     5.78884e-16     
6607.40239004     8.68693e-16     
6612.92620189     1.53432e-16     
6618.45001375     -3.82352e-16    
6623.9738256      -3.18152e-16    
6629.49763745     4.52124e-16     
6635.02144931     1.08697e-16     
6640.54526116     -1.12833e-16    
6646.06907302     -2.94114e-16    
6651.59288487     -6.80236e-17    
6657.11669672     7.16132e-19     
6662.64050858     -1.18675e-16    
6668.16432043     -6.88325e-17    
6673.68813229     5.39123e-16     
6679.21194414     1.68611e-15     
6684.73575599     5.02167e-16     
6690.25956785     3.67282e-16     
6695.7833797      5.9108e-16      
6701.30719155     2.79853e-16     
6706.83100341     6.81155e-17     
6712.35481526     -5.96198e-16    
6717.87862712     -1.32071e-16    
6723.40243897     4.89558e-16     
6728.92625082     -5.29654e-16    
6734.45006268     -9.38028e-16    
6739.97387453     2.6794e-16      
6745.49768639     7.77197e-16     
6751.02149824     1.10784e-16     
6756.54531009     8.36374e-17     
6762.06912195     -1.77324e-16    
6767.5929338      -4.79234e-16    
6773.11674565     -8.31342e-17    
6778.64055751     4.08689e-17     
6784.16436936     -3.64539e-16    
6789.68818122     -3.44692e-17    
6795.21199307     -6.43468e-17    
6800.73580492     -1.80313e-16    
6806.25961678     2.93743e-18     
6811.78342863     3.10433e-16     
6817.30724049     -5.54684e-17    
6822.83105234     1.09428e-16     
6828.35486419     -3.26024e-16    
6833.87867605     8.34342e-16     
6839.4024879      -3.71823e-16    
6844.92629975     -8.16729e-17    
6850.45011161     7.96294e-16     
6855.97392346     -4.73972e-16    
6861.49773532     -6.6041e-17     
6867.02154717     8.49433e-16     
6872.54535902     1.75134e-15     
6878.06917088     1.37948e-15     
6883.59298273     -5.09533e-16    
6889.11679459     7.66318e-16     
6894.64060644     1.04526e-15     
6900.16441829     5.90612e-16     
6905.68823015     -3.02589e-16    
6911.212042       5.62364e-16     
6916.73585386     6.31621e-16     
6922.25966571     3.37687e-18     
6927.78347756     1.26257e-16     
6933.30728942     -1.58944e-16    
6938.83110127     -6.36192e-16    
6944.35491312     -6.77631e-16    
6949.87872498     -5.0605e-16     
6955.40253683     -4.62817e-16    
6960.92634869     1.99187e-16     
6966.45016054     1.40239e-15     
6971.97397239     -3.52013e-16    
6977.49778425     -5.51874e-16    
6983.0215961      -6.7125e-16     
6988.54540796     -3.6912e-16     
6994.06921981     4.88513e-16     
6999.59303166     -1.33541e-16    
7005.11684352     2.07941e-16     
7010.64065537     -5.22905e-16    
7016.16446722     -3.14014e-16    
7021.68827908     -5.57536e-17    
7027.21209093     1.78959e-15     
7032.73590279     2.28647e-16     
7038.25971464     -6.98935e-18    
7043.78352649     3.11611e-16     
7049.30733835     2.69849e-16     
7054.8311502      -6.68909e-16    
7060.35496206     1.05231e-15     
7065.87877391     1.38898e-15     
7071.40258576     -4.93869e-16    
7076.92639762     -6.63698e-16    
7082.45020947     -2.1174e-16     
7087.97402132     4.0749e-16      
7093.49783318     -7.24462e-16    
7099.02164503     -8.50881e-16    
7104.54545689     1.02077e-15     
7110.06926874     -1.04205e-16    
7115.59308059     -9.40511e-16    
7121.11689245     4.08878e-17     
7126.6407043      2.33685e-17     
7132.16451616     -5.62762e-16    
7137.68832801     1.08893e-17     
7143.21213986     -2.17258e-16    
7148.73595172     -2.35083e-16    
7154.25976357     -6.39878e-16    
7159.78357542     4.05958e-16     
7165.30738728     -2.28421e-16    
7170.83119913     1.79873e-15     
7176.35501099     1.8181e-16      
7181.87882284     -7.99814e-16    
7187.40263469     -2.1428e-16     
7192.92644655     2.99042e-16     
7198.4502584      6.35783e-16     
7203.97407026     4.01798e-16     
7209.49788211     7.51752e-16     
7215.02169396     2.31566e-16     
7220.54550582     7.779e-16       
7226.06931767     -5.72225e-17    
7231.59312952     -6.89352e-16    
7237.11694138     1.40424e-16     
7242.64075323     -2.617e-16      
7248.16456509     -5.4834e-16     
7253.68837694     1.91822e-16     
7259.21218879     1.94623e-16     
7264.73600065     6.64531e-16     
7270.2598125      2.55494e-16     
7275.78362436     -1.90672e-16    
7281.30743621     3.49044e-16     
7286.83124806     -2.04212e-16    
7292.35505992     3.0979e-16      
7297.87887177     -5.21916e-16    
7303.40268362     -7.52384e-16    
7308.92649548     -7.9113e-16     
7314.45030733     6.54866e-16     
7319.97411919     -6.60583e-16    
7325.49793104     -4.77294e-16    
7331.02174289     4.34528e-16     
7336.54555475     -3.47037e-16    
7342.0693666      -1.19232e-15    
7347.59317846     -5.09274e-17    
7353.11699031     2.15188e-15     
7358.64080216     2.3642e-17      
7364.16461402     -8.38269e-16    
7369.68842587     4.66739e-16     
7375.21223773     -6.59433e-17    
7380.73604958     -7.64614e-16    
7386.25986143     3.82243e-16     
7391.78367329     -1.41478e-16    
7397.30748514     4.64875e-17     
7402.83129699     8.34932e-16     
7408.35510885     2.13642e-17     
7413.8789207      -2.93689e-16    
7419.40273256     -1.04403e-15    
7424.92654441     -3.70934e-16    
7430.45035626     -2.55644e-16    
7435.97416812     -4.24887e-16    
7441.49797997     -6.65899e-16    
7447.02179183     -7.48594e-16    
7452.54560368     1.651e-16       
7458.06941553     -7.42707e-16    
7463.59322739     -5.0893e-16     
7469.11703924     -1.86849e-17    
7474.64085109     -6.74172e-16    
7480.16466295     1.17446e-16     
7485.6884748      -2.58769e-16    
7491.21228666     -2.20667e-17    
7496.73609851     4.84034e-16     
7502.25991036     2.80058e-16     
7507.78372222     1.50579e-15     
7513.30753407     -2.85648e-16    
7518.83134593     9.11242e-16     
7524.35515778     2.72923e-16     
7529.87896963     -6.47834e-17    
7535.40278149     6.90256e-17     
7540.92659334     -2.11769e-16    
7546.45040519     2.05305e-16     
7551.97421705     1.09968e-15     
7557.4980289      -2.04774e-16    
7563.02184076     -1.60043e-15    
7568.54565261     -7.04637e-16    
7574.06946446     -1.01475e-15    
7579.59327632     -4.17995e-16    
7585.11708817     3.69651e-16     
7590.64090003     -2.00242e-16    
7596.16471188     -5.80183e-17    
7601.68852373     -7.77461e-17    
7607.21233559     3.32664e-16     
7612.73614744     1.29381e-16     
7618.25995929     -8.75074e-16    
7623.78377115     -3.21546e-16    
7629.307583       3.01985e-15     
7634.83139486     -7.91075e-16    
7640.35520671     1.24274e-15     
7645.87901856     4.84244e-16     
7651.40283042     -6.24135e-16    
7656.92664227     -1.47902e-16    
7662.45045413     1.468e-15       
7667.97426598     9.31687e-16     
7673.49807783     7.89194e-17     
7679.02188969     1.01997e-15     
7684.54570154     -2.68653e-16    
7690.06951339     -1.02066e-15    
7695.59332525     4.21795e-17     
7701.1171371      1.13364e-16     
7706.64094896     -3.27385e-16    
7712.16476081     4.81843e-17     
7717.68857266     -4.10415e-16    
7723.21238452     -2.08723e-16    
7728.73619637     3.45971e-16     
7734.26000823     1.20063e-16     
7739.78382008     3.65578e-16     
7745.30763193     3.48359e-16     
7750.83144379     6.59351e-16     
7756.35525564     -4.19258e-16    
7761.8790675      -1.00859e-15    
7767.40287935     -1.02726e-15    
7772.9266912      -1.91994e-16    
7778.45050306     5.76313e-16     
7783.97431491     2.11531e-15     
7789.49812676     4.338e-16       
7795.02193862     1.42181e-15     
7800.54575047     -4.27102e-16    
7806.06956233     -3.62539e-16    
7811.59337418     1.14542e-15     
7817.11718603     -2.47907e-16    
7822.64099789     -5.28388e-17    
7828.16480974     9.86425e-16     
7833.6886216      4.57129e-16     
7839.21243345     -5.8942e-16     
7844.7362453      -8.95424e-16    
7850.26005716     9.2882e-16      
7855.78386901     8.46886e-16     
7861.30768086     1.68366e-17     
7866.83149272     -1.16124e-16    
7872.35530457     -8.27926e-16    
7877.87911643     7.0299e-16      
7883.40292828     -8.48826e-17    
7888.92674013     -7.64057e-16    
7894.45055199     -3.95694e-16    
7899.97436384     -9.81272e-16    
7905.4981757      -3.4393e-16     
7911.02198755     -1.25281e-16    
7916.5457994      -1.61859e-16    
7922.06961126     5.36917e-16     
7927.59342311     -1.77869e-16    
7933.11723496     8.92798e-16     
7938.64104682     -5.79461e-16    
7944.16485867     -2.19906e-16    
7949.68867053     2.75024e-16     
7955.21248238     3.29271e-17     
7960.73629423     4.08219e-16     
7966.26010609     1.63835e-17     
7971.78391794     -3.73432e-16    
7977.3077298      -5.28616e-16    
7982.83154165     3.74748e-16     
7988.3553535      -5.30474e-16    
7993.87916536     -7.40192e-16    
7999.40297721     -8.97883e-17    
8004.92678906     -2.09441e-16    
8010.45060092     9.45482e-16     
8015.97441277     -4.30138e-17    
8021.49822463     3.46906e-16     
8027.02203648     6.55185e-16     
8032.54584833     7.51216e-16     
8038.06966019     8.81585e-17     
8043.59347204     1.18459e-15     
8049.1172839      1.52013e-15     
8054.64109575     1.29438e-15     
8060.1649076      -7.2999e-16     
8065.68871946     -2.15492e-16    
8071.21253131     6.77069e-16     
8076.73634316     1.76406e-15     
8082.26015502     2.96809e-15     
8087.78396687     1.77302e-17     
8093.30777873     9.1637e-16      
8098.83159058     2.095e-15       
8104.35540243     1.73296e-15     
8109.87921429     3.69474e-16     
8115.40302614     -7.5161e-16     
8120.926838       -1.03706e-15    
8126.45064985     -5.15132e-17    
8131.9744617      1.32307e-15     
8137.49827356     9.56044e-16     
8143.02208541     -5.2818e-16     
8148.54589726     -4.00687e-16    
8154.06970912     4.02706e-16     
8159.59352097     3.45457e-16     
8165.11733283     6.85468e-16     
8170.64114468     1.34857e-15     
8176.16495653     1.50186e-16     
8181.68876839     1.19644e-15     
8187.21258024     -5.60313e-16    
8192.7363921      3.53622e-16     
8198.26020395     -6.57318e-16    
8203.7840158      -1.16737e-15    
8209.30782766     1.50218e-15     
8214.83163951     1.08265e-15     
8220.35545137     -1.92055e-16    
8225.87926322     7.11203e-16     
8231.40307507     7.02894e-16     
8236.92688693     9.80764e-16     
8242.45069878     6.47594e-16     
8247.97451063     6.21605e-16     
8253.49832249     -1.71115e-15    
8259.02213434     -8.00057e-16    
8264.5459462      2.78128e-15     
8270.06975805     9.27743e-16     
8275.5935699      -1.47054e-15    
8281.11738176     4.14679e-16     
8286.64119361     -6.0114e-16     
8292.16500547     -6.61568e-16    
8297.68881732     2.40331e-16     
8303.21262917     8.8034e-16      
8308.73644103     3.36703e-16     
8314.26025288     -2.17929e-15    
8319.78406473     3.13156e-16     
8325.30787659     1.62395e-15     
8330.83168844     2.41702e-15     
8336.3555003      1.64666e-16     
8341.87931215     -1.10583e-15    
8347.403124       -8.30388e-16    
8352.92693586     1.89849e-15     
8358.45074771     2.01414e-15     
8363.97455957     -1.84887e-15    
8369.49837142     -1.30175e-15    
8375.02218327     5.59389e-16     
8380.54599513     -4.73749e-16    
8386.06980698     9.65108e-17     
8391.59361883     1.23243e-15     
8397.11743069     -2.72972e-15    
8402.64124254     -1.17848e-15    
8408.1650544      8.3266e-16      
8413.68886625     4.28104e-16     
8419.2126781      1.55896e-15     
8424.73648996     1.15099e-15     
8430.26030181     -1.56674e-16    
8435.78411367     -8.54659e-16    
8441.30792552     6.95163e-16     
8446.83173737     1.01914e-15     
8452.35554923     5.5594e-16      
8457.87936108     8.57008e-16     
8463.40317293     1.00114e-15     
8468.92698479     -1.91538e-16    
8474.45079664     1.95661e-15     
8479.9746085      1.20192e-15     
8485.49842035     -1.36771e-15    
8491.0222322      -2.93086e-15    
8496.54604406     -1.09718e-16    
8502.06985591     -4.04992e-17    
8507.59366777     -3.4595e-16     
8513.11747962     -1.58242e-15    
8518.64129147     5.52254e-16     
8524.16510333     -2.54752e-16    
8529.68891518     1.00042e-15     
8535.21272703     1.88247e-15     
8540.73653889     3.34107e-16     
8546.26035074     -3.46678e-16    
8551.7841626      1.54327e-15     
8557.30797445     1.29882e-15     
8562.8317863      1.6509e-15      
8568.35559816     3.06174e-15     
8573.87941001     2.08853e-16     
8579.40322187     1.05657e-15     
8584.92703372     2.09644e-15     
8590.45084557     -6.04815e-16    
8595.97465743     -1.09521e-16    
8601.49846928     -1.66454e-15    
8607.02228113     -1.04858e-19    
8612.54609299     8.18342e-16     
8618.06990484     -1.06657e-15    
8623.5937167      -1.37932e-15    
8629.11752855     -1.40028e-15    
8634.6413404      4.57747e-16     
8640.16515226     9.0436e-16      
8645.68896411     1.42404e-16     
8651.21277597     3.77072e-15     
8656.73658782     -9.88321e-16    
8662.26039967     1.18131e-15     
8667.78421153     9.33799e-16     
8673.30802338     1.36723e-15     
8678.83183524     7.56659e-16     
8684.35564709     1.21753e-15     
8689.87945894     -7.50503e-16    
8695.4032708      -5.84693e-16    
8700.92708265     4.13696e-16     
8706.4508945      7.45729e-16     
8711.97470636     -1.56328e-15    
8717.49851821     -4.18059e-16    
8723.02233007     -9.84354e-16    
8728.54614192     -1.65351e-15    
8734.06995377     4.53827e-16     
8739.59376563     6.17079e-16     
8745.11757748     4.94326e-16     
8750.64138934     1.47873e-15     
8756.16520119     4.56793e-16     
8761.68901304     -2.07995e-15    
8767.2128249      -1.49691e-15    
8772.73663675     1.72691e-15     
8778.2604486      1.51673e-15     
8783.78426046     -8.14307e-16    
8789.30807231     -4.43584e-16    
8794.83188417     1.28026e-15     
8800.35569602     1.29157e-16     
8805.87950787     1.75562e-15     
8811.40331973     1.32991e-15     
8816.92713158     1.12269e-16     
8822.45094344     -4.75011e-16    
8827.97475529     1.10907e-15     
8833.49856714     2.53232e-15     
8839.022379       7.73557e-16     
8844.54619085     2.12441e-15     
8850.0700027      -5.26443e-16    
8855.59381456     -2.56586e-16    
8861.11762641     2.26247e-15     
8866.64143827     1.47895e-16     
8872.16525012     -2.11677e-15    
8877.68906197     1.77554e-18     
8883.21287383     1.12519e-15     
8888.73668568     1.28414e-15     
8894.26049754     -6.01489e-16    
8899.78430939     -1.22478e-15    
8905.30812124     -6.94298e-17    
8910.8319331      3.00104e-15     
8916.35574495     1.92168e-15     
8921.8795568      -9.25966e-16    
8927.40336866     -7.79396e-17    
8932.92718051     2.18036e-15     
8938.45099237     1.47678e-15     
8943.97480422     -6.3717e-16     
8949.49861607     5.47886e-17     
8955.02242793     2.09741e-16     
8960.54623978     1.22706e-16     
8966.07005164     2.09246e-15     
8971.59386349     3.5004e-15      
8977.11767534     -2.79989e-16    
8982.6414872      -1.62103e-15    
8988.16529905     1.52185e-15     
8993.6891109      -6.93532e-17    
8999.21292276     3.06786e-15     
9004.73673461     2.07516e-15     
9010.26054647     3.18154e-16     
9015.78435832     1.75047e-15     
9021.30817017     1.38889e-15     
9026.83198203     3.52184e-15     
9032.35579388     2.61918e-16     
9037.87960574     -7.29888e-16    
9043.40341759     -1.0255e-15     
9048.92722944     1.9396e-15      
9054.4510413      2.93912e-15     
9059.97485315     4.71633e-16     
9065.49866501     5.4212e-16      
9071.02247686     -1.82315e-16    
9076.54628871     9.27286e-17     
9082.07010057     5.92893e-16     
9087.59391242     5.352e-16       
9093.11772427     1.75055e-16     
9098.64153613     3.47564e-16     
9104.16534798     3.87354e-16     
9109.68915984     1.8868e-15      
9115.21297169     1.35685e-15     
9120.73678354     1.40051e-15     
9126.2605954      -2.93377e-16    
9131.78440725     1.07672e-15     
9137.30821911     2.84183e-15     
9142.83203096     1.05849e-15     
9148.35584281     -9.30029e-16    
9153.87965467     9.73205e-16     
9159.40346652     -1.63872e-15    
9164.92727837     1.21633e-15     
9170.45109023     5.31938e-15     
9175.97490208     3.82369e-16     
9181.49871394     -2.17313e-15    
9187.02252579     -3.3677e-15     
9192.54633764     -1.08042e-15    
9198.0701495      1.68174e-15     
9203.59396135     -1.8471e-15     
9209.11777321     1.99644e-15     
9214.64158506     2.56146e-15     
9220.16539691     3.49585e-15     
9225.68920877     4.73788e-15     
9231.21302062     -6.99687e-16    
9236.73683247     -2.13857e-16    
9242.26064433     1.64745e-15     
9247.78445618     1.55479e-16     
9253.30826804     4.73841e-17     
9258.83207989     -1.2725e-15     
