3669.65449166     4.20071e-16     
3675.17809875     4.09676e-16     
3680.70170584     4.41436e-16     
3686.22531293     3.8852e-16      
3691.74892002     4.25065e-16     
3697.2725271      4.03939e-16     
3702.79613419     3.97968e-16     
3708.31974128     3.81867e-16     
3713.84334837     4.14222e-16     
3719.36695546     4.53147e-16     
3724.89056255     4.27583e-16     
3730.41416964     3.81943e-16     
3735.93777673     3.69965e-16     
3741.46138382     4.62606e-16     
3746.98499091     4.4035e-16      
3752.50859799     4.1075e-16      
3758.03220508     3.87406e-16     
3763.55581217     4.22649e-16     
3769.07941926     4.54949e-16     
3774.60302635     4.02098e-16     
3780.12663344     4.37181e-16     
3785.65024053     4.11683e-16     
3791.17384762     4.3139e-16      
3796.69745471     4.56583e-16     
3802.2210618      4.24418e-16     
3807.74466888     4.32356e-16     
3813.26827597     4.34211e-16     
3818.79188306     4.29697e-16     
3824.31549015     4.11656e-16     
3829.83909724     3.90106e-16     
3835.36270433     3.80215e-16     
3840.88631142     4.30356e-16     
3846.40991851     4.16937e-16     
3851.9335256      4.57894e-16     
3857.45713269     4.43271e-16     
3862.98073977     4.33073e-16     
3868.50434686     4.94694e-16     
3874.02795395     4.45807e-16     
3879.55156104     4.47084e-16     
3885.07516813     4.22214e-16     
3890.59877522     4.12186e-16     
3896.12238231     4.73089e-16     
3901.6459894      4.3892e-16      
3907.16959649     4.47479e-16     
3912.69320357     4.29119e-16     
3918.21681066     4.50474e-16     
3923.74041775     4.73212e-16     
3929.26402484     4.76687e-16     
3934.78763193     4.29088e-16     
3940.31123902     4.66151e-16     
3945.83484611     4.6093e-16      
3951.3584532      4.57591e-16     
3956.88206029     4.3858e-16      
3962.40566738     4.38548e-16     
3967.92927446     4.40443e-16     
3973.45288155     4.10115e-16     
3978.97648864     3.82942e-16     
3984.50009573     4.30084e-16     
3990.02370282     4.33237e-16     
3995.54730991     4.50075e-16     
4001.070917       4.69789e-16     
4006.59452409     4.36941e-16     
4012.11813118     4.52391e-16     
4017.64173827     4.76155e-16     
4023.16534535     4.72404e-16     
4028.68895244     4.59922e-16     
4034.21255953     4.50634e-16     
4039.73616662     4.76364e-16     
4045.25977371     4.55911e-16     
4050.7833808      4.63544e-16     
4056.30698789     4.62308e-16     
4061.83059498     4.58227e-16     
4067.35420207     4.50224e-16     
4072.87780916     4.58429e-16     
4078.40141624     4.36178e-16     
4083.92502333     4.0754e-16      
4089.44863042     4.11984e-16     
4094.97223751     4.03612e-16     
4100.4958446      3.93627e-16     
4106.01945169     4.25377e-16     
4111.54305878     3.9833e-16      
4117.06666587     3.73985e-16     
4122.59027296     3.9625e-16      
4128.11388004     3.78787e-16     
4133.63748713     4.29252e-16     
4139.16109422     4.04437e-16     
4144.68470131     4.15506e-16     
4150.2083084      4.53818e-16     
4155.73191549     4.35733e-16     
4161.25552258     4.45204e-16     
4166.77912967     4.37266e-16     
4172.30273676     4.45681e-16     
4177.82634385     4.16664e-16     
4183.34995093     4.30995e-16     
4188.87355802     4.27315e-16     
4194.39716511     4.57077e-16     
4199.9207722      4.08488e-16     
4205.44437929     4.27549e-16     
4210.96798638     4.11621e-16     
4216.49159347     4.16838e-16     
4222.01520056     4.27089e-16     
4227.53880765     4.19263e-16     
4233.06241474     4.21392e-16     
4238.58602182     4.22775e-16     
4244.10962891     4.14592e-16     
4249.633236       4.20238e-16     
4255.15684309     4.18056e-16     
4260.68045018     4.21027e-16     
4266.20405727     3.95459e-16     
4271.72766436     4.32103e-16     
4277.25127145     3.9534e-16      
4282.77487854     4.21051e-16     
4288.29848563     3.96228e-16     
4293.82209271     4.05018e-16     
4299.3456998      4.15499e-16     
4304.86930689     3.85095e-16     
4310.39291398     4.03182e-16     
4315.91652107     4.00959e-16     
4321.44012816     3.68809e-16     
4326.96373525     3.7773e-16      
4332.48734234     3.48487e-16     
4338.01094943     3.46616e-16     
4343.53455651     3.41814e-16     
4349.0581636      3.3639e-16      
4354.58177069     3.46507e-16     
4360.10537778     3.55845e-16     
4365.62898487     3.55247e-16     
4371.15259196     3.69857e-16     
4376.67619905     3.56457e-16     
4382.19980614     3.76709e-16     
4387.72341323     3.94531e-16     
4393.24702032     3.74126e-16     
4398.7706274      3.81532e-16     
4404.29423449     3.62669e-16     
4409.81784158     3.88971e-16     
4415.34144867     3.82766e-16     
4420.86505576     3.65233e-16     
4426.38866285     4.039e-16       
4431.91226994     3.8083e-16      
4437.43587703     3.79754e-16     
4442.95948412     4.09571e-16     
4448.48309121     3.76437e-16     
4454.00669829     3.89426e-16     
4459.53030538     3.6691e-16      
4465.05391247     3.57007e-16     
4470.57751956     3.70542e-16     
4476.10112665     3.57824e-16     
4481.62473374     3.56102e-16     
4487.14834083     3.5863e-16      
4492.67194792     3.49832e-16     
4498.19555501     3.70359e-16     
4503.7191621      3.43698e-16     
4509.24276918     3.58347e-16     
4514.76637627     3.4679e-16      
4520.28998336     3.57233e-16     
4525.81359045     3.60843e-16     
4531.33719754     3.38759e-16     
4536.86080463     3.74329e-16     
4542.38441172     3.58497e-16     
4547.90801881     3.4272e-16      
4553.4316259      3.58063e-16     
4558.95523298     3.68854e-16     
4564.47884007     3.60584e-16     
4570.00244716     3.40388e-16     
4575.52605425     3.43976e-16     
4581.04966134     3.27872e-16     
4586.57326843     3.40925e-16     
4592.09687552     3.43749e-16     
4597.62048261     3.60218e-16     
4603.1440897      3.51336e-16     
4608.66769679     3.39702e-16     
4614.19130387     3.39415e-16     
4619.71491096     3.34386e-16     
4625.23851805     3.25756e-16     
4630.76212514     3.55842e-16     
4636.28573223     3.31009e-16     
4641.80933932     3.37099e-16     
4647.33294641     3.37738e-16     
4652.8565535      3.348e-16       
4658.38016059     3.54205e-16     
4663.90376768     3.47799e-16     
4669.42737476     3.17781e-16     
4674.95098185     3.28048e-16     
4680.47458894     3.32114e-16     
4685.99819603     3.37464e-16     
4691.52180312     3.29015e-16     
4697.04541021     3.32805e-16     
4702.5690173      3.31706e-16     
4708.09262439     3.27298e-16     
4713.61623148     3.1933e-16      
4719.13983857     3.14706e-16     
4724.66344565     3.25443e-16     
4730.18705274     3.14584e-16     
4735.71065983     3.16175e-16     
4741.23426692     3.21388e-16     
4746.75787401     3.11716e-16     
4752.2814811      3.18914e-16     
4757.80508819     3.30929e-16     
4763.32869528     2.9611e-16      
4768.85230237     3.04375e-16     
4774.37590945     3.10787e-16     
4779.89951654     3.05841e-16     
4785.42312363     3.08342e-16     
4790.94673072     3.16295e-16     
4796.47033781     3.1849e-16      
4801.9939449      3.14071e-16     
4807.51755199     2.95187e-16     
4813.04115908     3.08844e-16     
4818.56476617     3.11319e-16     
4824.08837326     2.95634e-16     
4829.61198034     3.05715e-16     
4835.13558743     2.84572e-16     
4840.65919452     2.89711e-16     
4846.18280161     2.88389e-16     
4851.7064087      2.8224e-16      
4857.23001579     2.80406e-16     
4862.75362288     2.69429e-16     
4868.27722997     2.68422e-16     
4873.80083706     2.78073e-16     
4879.32444415     2.63124e-16     
4884.84805123     2.72305e-16     
4890.37165832     2.7288e-16      
4895.89526541     2.68172e-16     
4901.4188725      2.73452e-16     
4906.94247959     2.7202e-16      
4912.46608668     2.91823e-16     
4917.98969377     2.77669e-16     
4923.51330086     2.5508e-16      
4929.03690795     2.73876e-16     
4934.56051504     2.80333e-16     
4940.08412212     2.85111e-16     
4945.60772921     2.67042e-16     
4951.1313363      2.68245e-16     
4956.65494339     2.76435e-16     
4962.17855048     2.61373e-16     
4967.70215757     2.81045e-16     
4973.22576466     2.93119e-16     
4978.74937175     2.82817e-16     
4984.27297884     2.84855e-16     
4989.79658592     2.70087e-16     
4995.32019301     2.89243e-16     
5000.8438001      2.73159e-16     
5006.36740719     2.66588e-16     
5011.89101428     2.72412e-16     
5017.41462137     2.82045e-16     
5022.93822846     2.74406e-16     
5028.46183555     2.76322e-16     
5033.98544264     2.54674e-16     
5039.50904973     2.75217e-16     
5045.03265681     2.76463e-16     
5050.5562639      2.682e-16       
5056.07987099     2.90698e-16     
5061.60347808     2.75672e-16     
5067.12708517     2.70068e-16     
5072.65069226     2.74622e-16     
5078.17429935     2.61165e-16     
5083.69790644     2.75966e-16     
5089.22151353     2.75087e-16     
5094.74512062     2.69644e-16     
5100.2687277      2.62522e-16     
5105.79233479     2.48882e-16     
5111.31594188     2.69755e-16     
5116.83954897     2.7638e-16      
5122.36315606     2.54039e-16     
5127.88676315     2.51486e-16     
5133.41037024     2.56841e-16     
5138.93397733     2.59114e-16     
5144.45758442     2.6647e-16      
5149.98119151     2.79065e-16     
5155.50479859     2.43818e-16     
5161.02840568     2.59848e-16     
5166.55201277     2.53555e-16     
5172.07561986     2.4865e-16      
5177.59922695     2.56922e-16     
5183.12283404     2.44517e-16     
5188.64644113     2.63399e-16     
5194.17004822     2.54199e-16     
5199.69365531     2.48578e-16     
5205.21726239     2.46697e-16     
5210.74086948     2.4471e-16      
5216.26447657     2.596e-16       
5221.78808366     2.54622e-16     
5227.31169075     2.35964e-16     
5232.83529784     2.67563e-16     
5238.35890493     2.43953e-16     
5243.88251202     2.50588e-16     
5249.40611911     2.46854e-16     
5254.9297262      2.35471e-16     
5260.45333328     2.44943e-16     
5265.97694037     2.38532e-16     
5271.50054746     2.32133e-16     
5277.02415455     2.44827e-16     
5282.54776164     2.48012e-16     
5288.07136873     2.32617e-16     
5293.59497582     2.33941e-16     
5299.11858291     2.49836e-16     
5304.64219        2.42207e-16     
5310.16579709     2.43093e-16     
5315.68940417     2.36261e-16     
5321.21301126     2.32497e-16     
5326.73661835     2.34415e-16     
5332.26022544     2.36069e-16     
5337.78383253     2.40208e-16     
5343.30743962     2.31551e-16     
5348.83104671     2.43152e-16     
5354.3546538      2.57559e-16     
5359.87826089     2.18199e-16     
5365.40186798     2.20129e-16     
5370.92547506     2.35782e-16     
5376.44908215     2.23069e-16     
5381.97268924     2.35712e-16     
5387.49629633     2.25415e-16     
5393.01990342     2.34815e-16     
5398.54351051     2.5041e-16      
5404.0671176      2.28822e-16     
5409.59072469     2.23621e-16     
5415.11433178     2.29813e-16     
5420.63793886     2.30237e-16     
5426.16154595     2.34373e-16     
5431.68515304     2.35064e-16     
5437.20876013     2.27399e-16     
5442.73236722     2.37583e-16     
5448.25597431     2.39882e-16     
5453.7795814      2.26197e-16     
5459.30318849     2.23111e-16     
5464.82679558     2.14946e-16     
5470.35040267     2.16104e-16     
5475.87400975     2.16244e-16     
5481.39761684     2.09319e-16     
5486.92122393     2.17761e-16     
5492.44483102     2.20515e-16     
5497.96843811     1.96586e-16     
5503.4920452      2.22955e-16     
5509.01565229     2.23108e-16     
5514.53925938     2.03907e-16     
5520.06286647     2.2875e-16      
5525.58647356     2.17969e-16     
5531.11008064     2.02658e-16     
5536.63368773     2.15615e-16     
5542.15729482     2.17072e-16     
5547.68090191     2.18545e-16     
5553.204509       2.29508e-16     
5558.72811609     2.19944e-16     
5564.25172318     2.18538e-16     
5569.77533027     2.20833e-16     
5575.29893736     2.08288e-16     
5580.82254445     2.29558e-16     
5586.34615153     2.09578e-16     
5591.86975862     1.9599e-16      
5597.39336571     2.26989e-16     
5602.9169728      2.13845e-16     
5608.44057989     2.06689e-16     
5613.96418698     2.03163e-16     
5619.48779407     2.11134e-16     
5625.01140116     2.19418e-16     
5630.53500825     2.0748e-16      
5636.05861533     2.02428e-16     
5641.58222242     2.04921e-16     
5647.10582951     2.08753e-16     
5652.6294366      2.05523e-16     
5658.15304369     2.07738e-16     
5663.67665078     2.11892e-16     
5669.20025787     2.00944e-16     
5674.72386496     1.96914e-16     
5680.24747205     2.04965e-16     
5685.77107914     2.08185e-16     
5691.29468622     1.99455e-16     
5696.81829331     1.89258e-16     
5702.3419004      1.98301e-16     
5707.86550749     1.97617e-16     
5713.38911458     1.82067e-16     
5718.91272167     1.84508e-16     
5724.43632876     1.87342e-16     
5729.95993585     1.87353e-16     
5735.48354294     1.76031e-16     
5741.00715003     1.89819e-16     
5746.53075711     1.79644e-16     
5752.0543642      1.83606e-16     
5757.57797129     1.90702e-16     
5763.10157838     1.87317e-16     
5768.62518547     1.94185e-16     
5774.14879256     1.94455e-16     
5779.67239965     1.97577e-16     
5785.19600674     1.86711e-16     
5790.71961383     1.89636e-16     
5796.24322092     2.05845e-16     
5801.766828       1.85209e-16     
5807.29043509     1.77057e-16     
5812.81404218     1.89101e-16     
5818.33764927     1.91629e-16     
5823.86125636     1.7011e-16      
5829.38486345     1.89127e-16     
5834.90847054     1.98097e-16     
5840.43207763     1.9318e-16      
5845.95568472     1.90461e-16     
5851.4792918      1.87271e-16     
5857.00289889     1.903e-16       
5862.52650598     1.83851e-16     
5868.05011307     1.85129e-16     
5873.57372016     1.90951e-16     
5879.09732725     1.84075e-16     
5884.62093434     1.75644e-16     
5890.14454143     1.59484e-16     
5895.66814852     1.9151e-16      
5901.19175561     1.72699e-16     
5906.71536269     1.96325e-16     
5912.23896978     1.91423e-16     
5917.76257687     1.90597e-16     
5923.28618396     1.94221e-16     
5928.80979105     1.96944e-16     
5934.33339814     1.65234e-16     
5939.85700523     1.85963e-16     
5945.38061232     1.74399e-16     
5950.90421941     1.67079e-16     
5956.4278265      2.00973e-16     
5961.95143358     1.65037e-16     
5967.47504067     1.70059e-16     
5972.99864776     1.88913e-16     
5978.52225485     1.86095e-16     
5984.04586194     1.85289e-16     
5989.56946903     1.81461e-16     
5995.09307612     1.69208e-16     
6000.61668321     1.66684e-16     
6006.1402903      1.8626e-16      
6011.66389739     1.78404e-16     
6017.18750447     1.7116e-16      
6022.71111156     1.71629e-16     
6028.23471865     1.72384e-16     
6033.75832574     1.64883e-16     
6039.28193283     1.74521e-16     
6044.80553992     1.61609e-16     
6050.32914701     1.70221e-16     
6055.8527541      1.64317e-16     
6061.37636119     1.77878e-16     
6066.89996827     1.6915e-16      
6072.42357536     1.6927e-16      
6077.94718245     1.73847e-16     
6083.47078954     1.69362e-16     
6088.99439663     1.62084e-16     
6094.51800372     1.62915e-16     
6100.04161081     1.58409e-16     
6105.5652179      1.62619e-16     
6111.08882499     1.69583e-16     
6116.61243208     1.62669e-16     
6122.13603916     1.62025e-16     
6127.65964625     1.71139e-16     
6133.18325334     1.70352e-16     
6138.70686043     1.56444e-16     
6144.23046752     1.5747e-16      
6149.75407461     1.5668e-16      
6155.2776817      1.65278e-16     
6160.80128879     1.60295e-16     
6166.32489588     1.4557e-16      
6171.84850297     1.59714e-16     
6177.37211005     1.76079e-16     
6182.89571714     1.55678e-16     
6188.41932423     1.59754e-16     
6193.94293132     1.57364e-16     
6199.46653841     1.61245e-16     
6204.9901455      1.53436e-16     
6210.51375259     1.65449e-16     
6216.03735968     1.52266e-16     
6221.56096677     1.74451e-16     
6227.08457386     1.61624e-16     
6232.60818094     1.58137e-16     
6238.13178803     1.54052e-16     
6243.65539512     1.52271e-16     
6249.17900221     1.59073e-16     
6254.7026093      1.6054e-16      
6260.22621639     1.60424e-16     
6265.74982348     1.50068e-16     
6271.27343057     1.60339e-16     
6276.79703766     1.47284e-16     
6282.32064474     1.54315e-16     
6287.84425183     1.52055e-16     
6293.36785892     1.56707e-16     
6298.89146601     1.31411e-16     
6304.4150731      1.3926e-16      
6309.93868019     1.40885e-16     
6315.46228728     1.44494e-16     
6320.98589437     1.57904e-16     
6326.50950146     1.58427e-16     
6332.03310855     1.53312e-16     
6337.55671563     1.47699e-16     
6343.08032272     1.4068e-16      
6348.60392981     1.53586e-16     
6354.1275369      1.63172e-16     
6359.65114399     1.55215e-16     
6365.17475108     1.42545e-16     
6370.69835817     1.39337e-16     
6376.22196526     1.49886e-16     
6381.74557235     1.47228e-16     
6387.26917944     1.44287e-16     
6392.79278652     1.37507e-16     
6398.31639361     1.50027e-16     
6403.8400007      1.43331e-16     
6409.36360779     1.3838e-16      
6414.88721488     1.48132e-16     
6420.41082197     1.40916e-16     
6425.93442906     1.4347e-16      
6431.45803615     1.56792e-16     
6436.98164324     1.38902e-16     
6442.50525033     1.34226e-16     
6448.02885741     1.38469e-16     
6453.5524645      1.42699e-16     
6459.07607159     1.46089e-16     
6464.59967868     1.32431e-16     
6470.12328577     1.41758e-16     
6475.64689286     1.38633e-16     
6481.17049995     1.45123e-16     
6486.69410704     1.42327e-16     
6492.21771413     1.3793e-16      
6497.74132121     1.46386e-16     
6503.2649283      1.38263e-16     
6508.78853539     1.40033e-16     
6514.31214248     1.4416e-16      
6519.83574957     1.24343e-16     
6525.35935666     1.39467e-16     
6530.88296375     1.37448e-16     
6536.40657084     1.34348e-16     
6541.93017793     1.41991e-16     
6547.45378502     1.30767e-16     
6552.9773921      1.35264e-16     
6558.50099919     1.3585e-16      
6564.02460628     1.35435e-16     
6569.54821337     1.34402e-16     
6575.07182046     1.40983e-16     
6580.59542755     1.26793e-16     
6586.11903464     1.31123e-16     
6591.64264173     1.31629e-16     
6597.16624882     1.1941e-16      
6602.68985591     1.42305e-16     
6608.21346299     1.29799e-16     
6613.73707008     1.26373e-16     
6619.26067717     1.4268e-16      
6624.78428426     1.34822e-16     
6630.30789135     1.3115e-16      
6635.83149844     1.41384e-16     
6641.35510553     1.29743e-16     
6646.87871262     1.42271e-16     
6652.40231971     1.33493e-16     
6657.9259268      1.22652e-16     
6663.44953388     1.35733e-16     
6668.97314097     1.39184e-16     
6674.49674806     1.30731e-16     
6680.02035515     1.28808e-16     
6685.54396224     1.15493e-16     
6691.06756933     1.32458e-16     
6696.59117642     1.31282e-16     
6702.11478351     1.25475e-16     
6707.6383906      1.28035e-16     
6713.16199768     1.13012e-16     
6718.68560477     1.27334e-16     
6724.20921186     1.34869e-16     
6729.73281895     1.16548e-16     
6735.25642604     1.19296e-16     
6740.78003313     1.10675e-16     
6746.30364022     1.10284e-16     
6751.82724731     1.2238e-16      
6757.3508544      1.29556e-16     
6762.87446149     1.34123e-16     
6768.39806857     1.20507e-16     
6773.92167566     1.19283e-16     
6779.44528275     1.22428e-16     
6784.96888984     1.14593e-16     
6790.49249693     1.15979e-16     
6796.01610402     1.31822e-16     
6801.53971111     1.20507e-16     
6807.0633182      1.16995e-16     
6812.58692529     1.05551e-16     
6818.11053238     1.3665e-16      
6823.63413946     1.12508e-16     
6829.15774655     1.26776e-16     
6834.68135364     1.28188e-16     
6840.20496073     1.23564e-16     
6845.72856782     1.22834e-16     
6851.25217491     1.22487e-16     
6856.775782       1.32908e-16     
6862.29938909     1.20899e-16     
6867.82299618     1.12924e-16     
6873.34660327     1.07463e-16     
6878.87021035     1.17627e-16     
6884.39381744     1.1659e-16      
6889.91742453     1.12397e-16     
6895.44103162     1.12867e-16     
6900.96463871     1.08066e-16     
6906.4882458      1.17624e-16     
6912.01185289     1.1497e-16      
6917.53545998     1.16393e-16     
6923.05906707     1.32834e-16     
6928.58267415     1.12286e-16     
6934.10628124     1.03785e-16     
6939.62988833     1.23281e-16     
6945.15349542     1.20679e-16     
6950.67710251     1.0437e-16      
6956.2007096      1.21338e-16     
6961.72431669     1.28794e-16     
6967.24792378     1.11621e-16     
6972.77153087     1.20536e-16     
6978.29513796     1.1605e-16      
6983.81874504     1.19301e-16     
6989.34235213     1.13883e-16     
6994.86595922     1.17833e-16     
7000.38956631     1.26313e-16     
7005.9131734      1.17986e-16     
7011.43678049     1.11257e-16     
7016.96038758     1.14747e-16     
7022.48399467     1.09427e-16     
7028.00760176     1.12145e-16     
7033.53120885     1.16992e-16     
7039.05481593     1.12954e-16     
7044.57842302     1.00459e-16     
7050.10203011     1.02952e-16     
7055.6256372      1.10844e-16     
7061.14924429     1.11766e-16     
7066.67285138     1.12811e-16     
7072.19645847     1.21152e-16     
7077.72006556     1.13473e-16     
7083.24367265     1.0158e-16      
7088.76727974     1.07297e-16     
7094.29088682     1.05036e-16     
7099.81449391     1.0896e-16      
7105.338101       1.20013e-16     
7110.86170809     1.14146e-16     
7116.38531518     1.19792e-16     
7121.90892227     1.17857e-16     
7127.43252936     1.04636e-16     
7132.95613645     9.99896e-17     
7138.47974354     1.05483e-16     
7144.00335062     1.06196e-16     
7149.52695771     1.2075e-16      
7155.0505648      1.03237e-16     
7160.57417189     1.24349e-16     
7166.09777898     1.05614e-16     
7171.62138607     9.59671e-17     
7177.14499316     1.05528e-16     
7182.66860025     9.81627e-17     
7188.19220734     9.41856e-17     
7193.71581443     1.03762e-16     
7199.23942151     9.22251e-17     
7204.7630286      9.25086e-17     
7210.28663569     9.15466e-17     
7215.81024278     1.05845e-16     
7221.33384987     1.08065e-16     
7226.85745696     1.10121e-16     
7232.38106405     9.612e-17       
7237.90467114     8.15259e-17     
7243.42827823     1.07809e-16     
7248.95188532     9.46248e-17     
7254.4754924      8.84532e-17     
7259.99909949     9.38952e-17     
7265.52270658     1.02301e-16     
7271.04631367     1.05624e-16     
7276.56992076     9.84304e-17     
7282.09352785     1.02795e-16     
7287.61713494     9.48333e-17     
7293.14074203     9.52529e-17     
7298.66434912     9.24081e-17     
7304.18795621     1.04154e-16     
7309.71156329     1.09134e-16     
7315.23517038     9.2104e-17      
7320.75877747     8.50034e-17     
7326.28238456     1.04942e-16     
7331.80599165     1.24154e-16     
7337.32959874     1.06625e-16     
7342.85320583     8.69768e-17     
7348.37681292     9.87065e-17     
7353.90042001     1.08774e-16     
7359.42402709     1.10787e-16     
7364.94763418     9.58671e-17     
7370.47124127     8.91133e-17     
7375.99484836     9.56452e-17     
7381.51845545     9.55457e-17     
7387.04206254     1.01471e-16     
7392.56566963     1.00496e-16     
7398.08927672     9.35039e-17     
7403.61288381     8.53488e-17     
7409.1364909      7.92666e-17     
7414.66009798     9.75783e-17     
7420.18370507     1.02363e-16     
7425.70731216     1.02353e-16     
7431.23091925     9.2175e-17      
7436.75452634     9.38516e-17     
7442.27813343     8.80532e-17     
7447.80174052     9.63434e-17     
7453.32534761     1.08389e-16     
7458.8489547      8.99725e-17     
7464.37256179     1.04948e-16     
7469.89616887     9.75074e-17     
7475.41977596     8.96866e-17     
7480.94338305     9.80778e-17     
7486.46699014     9.9173e-17      
7491.99059723     9.70977e-17     
7497.51420432     8.80152e-17     
7503.03781141     9.14345e-17     
7508.5614185      1.02385e-16     
7514.08502559     9.99762e-17     
7519.60863268     8.74255e-17     
7525.13223976     9.0757e-17      
7530.65584685     1.0337e-16      
7536.17945394     8.62124e-17     
7541.70306103     9.74912e-17     
7547.22666812     1.00817e-16     
7552.75027521     9.69808e-17     
7558.2738823      1.04147e-16     
7563.79748939     9.04502e-17     
7569.32109648     8.32674e-17     
7574.84470356     9.25133e-17     
7580.36831065     1.17382e-16     
7585.89191774     1.05095e-16     
7591.41552483     1.07043e-16     
7596.93913192     1.06704e-16     
7602.46273901     1.18748e-16     
7607.9863461      6.97509e-17     
7613.50995319     5.19044e-17     
7619.03356028     1.16481e-16     
7624.55716737     1.00182e-16     
7630.08077445     4.81432e-17     
7635.60438154     7.09605e-17     
7641.12798863     7.33443e-17     
7646.65159572     6.93917e-17     
7652.17520281     8.34927e-17     
7657.6988099      8.33647e-17     
7663.22241699     7.45436e-17     
7668.74602408     7.76511e-17     
7674.26963117     9.12002e-17     
7679.79323826     8.6377e-17      
7685.31684534     9.15963e-17     
7690.84045243     8.5595e-17      
7696.36405952     8.50054e-17     
7701.88766661     7.46446e-17     
7707.4112737      8.74607e-17     
7712.93488079     1.11571e-16     
7718.45848788     9.26017e-17     
7723.98209497     9.20974e-17     
7729.50570206     9.1519e-17      
7735.02930915     7.51176e-17     
7740.55291623     7.78717e-17     
7746.07652332     9.53459e-17     
7751.60013041     8.77446e-17     
7757.1237375      9.40432e-17     
7762.64734459     1.03372e-16     
7768.17095168     9.23498e-17     
7773.69455877     8.52178e-17     
7779.21816586     8.17541e-17     
7784.74177295     8.59689e-17     
7790.26538003     9.76206e-17     
7795.78898712     8.47805e-17     
7801.31259421     7.85523e-17     
7806.8362013      9.23717e-17     
7812.35980839     8.78632e-17     
7817.88341548     8.03649e-17     
7823.40702257     1.03707e-16     
7828.93062966     9.19716e-17     
7834.45423675     6.87875e-17     
7839.97784384     7.27434e-17     
7845.50145092     6.72613e-17     
7851.02505801     7.7052e-17      
7856.5486651      9.48865e-17     
7862.07227219     9.49888e-17     
7867.59587928     8.1654e-17      
7873.11948637     8.56125e-17     
7878.64309346     6.7072e-17      
7884.16670055     7.35666e-17     
7889.69030764     8.1596e-17      
7895.21391473     8.60879e-17     
7900.73752181     7.62314e-17     
7906.2611289      8.09415e-17     
7911.78473599     6.83475e-17     
7917.30834308     7.69256e-17     
7922.83195017     8.67002e-17     
7928.35555726     8.44853e-17     
7933.87916435     9.75266e-17     
7939.40277144     8.18645e-17     
7944.92637853     6.31795e-17     
7950.44998562     7.8791e-17      
7955.9735927      6.82226e-17     
7961.49719979     6.7427e-17      
7967.02080688     8.17388e-17     
7972.54441397     8.80726e-17     
7978.06802106     9.00832e-17     
7983.59162815     7.21644e-17     
7989.11523524     7.46632e-17     
7994.63884233     9.20821e-17     
8000.16244942     1.09748e-16     
8005.6860565      8.39449e-17     
8011.20966359     8.78747e-17     
8016.73327068     8.76243e-17     
8022.25687777     6.66527e-17     
8027.78048486     7.19509e-17     
8033.30409195     8.99985e-17     
8038.82769904     7.5619e-17      
8044.35130613     6.10013e-17     
8049.87491322     7.48344e-17     
8055.39852031     7.4638e-17      
8060.92212739     7.61288e-17     
8066.44573448     8.45711e-17     
8071.96934157     8.21893e-17     
8077.49294866     9.37559e-17     
8083.01655575     7.41536e-17     
8088.54016284     7.83515e-17     
8094.06376993     8.56531e-17     
8099.58737702     7.86403e-17     
8105.11098411     8.47571e-17     
8110.6345912      9.2828e-17      
8116.15819828     7.79929e-17     
8121.68180537     6.38002e-17     
8127.20541246     7.01726e-17     
8132.72901955     7.43003e-17     
8138.25262664     7.27235e-17     
8143.77623373     1.02055e-16     
8149.29984082     8.95019e-17     
8154.82344791     7.82511e-17     
8160.347055       7.35559e-17     
8165.87066209     5.95199e-17     
8171.39426917     7.59664e-17     
8176.91787626     7.47741e-17     
8182.44148335     7.51534e-17     
8187.96509044     9.09988e-17     
8193.48869753     8.00572e-17     
8199.01230462     6.8739e-17      
8204.53591171     6.85883e-17     
8210.0595188      6.38155e-17     
8215.58312589     6.71148e-17     
8221.10673297     9.23474e-17     
8226.63034006     8.32432e-17     
8232.15394715     6.31145e-17     
8237.67755424     7.19509e-17     
8243.20116133     7.39707e-17     
8248.72476842     8.09901e-17     
8254.24837551     8.47269e-17     
8259.7719826      7.95977e-17     
8265.29558969     7.49855e-17     
8270.81919678     8.71472e-17     
8276.34280386     6.85329e-17     
8281.86641095     5.38223e-17     
8287.39001804     7.18894e-17     
8292.91362513     1.03576e-16     
8298.43723222     5.52884e-17     
8303.96083931     6.95435e-17     
8309.4844464      8.00262e-17     
8315.00805349     5.82992e-17     
8320.53166058     4.72701e-17     
8326.05526767     7.70192e-17     
8331.57887475     7.67744e-17     
8337.10248184     6.38696e-17     
8342.62608893     7.28923e-17     
8348.14969602     4.8867e-17      
8353.67330311     4.12833e-17     
8359.1969102      6.10712e-17     
8364.72051729     7.56772e-17     
8370.24412438     9.42295e-17     
8375.76773147     7.98706e-17     
8381.29133856     7.3448e-17      
8386.81494564     7.05826e-17     
8392.33855273     6.23957e-17     
8397.86215982     6.34666e-17     
8403.38576691     7.52258e-17     
8408.909374       8.92753e-17     
8414.43298109     6.46481e-17     
8419.95658818     6.47014e-17     
8425.48019527     6.87446e-17     
8431.00380236     9.48051e-17     
8436.52740944     7.70659e-17     
8442.05101653     6.85353e-17     
8447.57462362     6.56977e-17     
8453.09823071     6.46888e-17     
8458.6218378      7.29748e-17     
8464.14544489     5.21618e-17     
8469.66905198     5.78957e-17     
8475.19265907     6.26252e-17     
8480.71626616     5.84047e-17     
8486.23987325     6.69164e-17     
8491.76348033     7.76696e-17     
8497.28708742     6.21007e-17     
8502.81069451     5.10117e-17     
8508.3343016      6.20518e-17     
8513.85790869     5.45891e-17     
8519.38151578     7.57283e-17     
8524.90512287     6.28244e-17     
8530.42872996     6.26085e-17     
8535.95233705     5.47144e-17     
8541.47594414     6.45033e-17     
8546.99955122     7.40797e-17     
8552.52315831     7.01672e-17     
8558.0467654      6.44987e-17     
8563.57037249     6.53401e-17     
8569.09397958     6.00072e-17     
8574.61758667     5.26622e-17     
8580.14119376     6.01839e-17     
8585.66480085     6.0857e-17      
8591.18840794     6.64361e-17     
8596.71201503     6.63423e-17     
8602.23562211     7.92886e-17     
8607.7592292      6.54411e-17     
8613.28283629     4.17011e-17     
8618.80644338     4.0545e-17      
8624.33005047     6.45151e-17     
8629.85365756     5.27012e-17     
8635.37726465     6.1269e-17      
8640.90087174     8.2921e-17      
8646.42447883     7.29568e-17     
8651.94808591     7.53041e-17     
8657.471693       6.10745e-17     
8662.99530009     4.69715e-17     
8668.51890718     7.39752e-17     
8674.04251427     5.57792e-17     
8679.56612136     7.44192e-17     
8685.08972845     7.36724e-17     
8690.61333554     5.26398e-17     
8696.13694263     6.33371e-17     
8701.66054972     5.53628e-17     
8707.1841568      6.71875e-17     
8712.70776389     8.05996e-17     
8718.23137098     7.20608e-17     
8723.75497807     4.65646e-17     
8729.27858516     6.12219e-17     
8734.80219225     5.61884e-17     
8740.32579934     5.00991e-17     
8745.84940643     7.06905e-17     
8751.37301352     6.4986e-17      
8756.89662061     5.04866e-17     
8762.42022769     5.14805e-17     
8767.94383478     3.75297e-17     
8773.46744187     6.14008e-17     
8778.99104896     5.04057e-17     
8784.51465605     5.17749e-17     
8790.03826314     6.20835e-17     
8795.56187023     4.73103e-17     
8801.08547732     6.46585e-17     
8806.60908441     6.73472e-17     
8812.1326915      4.07041e-17     
8817.65629858     4.56684e-17     
8823.17990567     7.08172e-17     
8828.70351276     8.84402e-17     
8834.22711985     6.36129e-17     
8839.75072694     5.81577e-17     
8845.27433403     6.51739e-17     
8850.79794112     7.3218e-17      
8856.32154821     4.6755e-17      
8861.8451553      6.90522e-17     
8867.36876238     8.51863e-17     
8872.89236947     5.84543e-17     
8878.41597656     6.3409e-17      
8883.93958365     5.68822e-17     
8889.46319074     4.40355e-17     
8894.98679783     6.20165e-17     
8900.51040492     5.58243e-17     
8906.03401201     6.77205e-17     
8911.5576191      5.0552e-17      
8917.08122619     5.60523e-17     
8922.60483327     4.3718e-17      
8928.12844036     6.1886e-17      
8933.65204745     7.13466e-17     
8939.17565454     7.31336e-17     
8944.69926163     5.15369e-17     
8950.22286872     7.09372e-17     
8955.74647581     6.04769e-17     
8961.2700829      1.52153e-17     
8966.79368999     5.95952e-17     
8972.31729708     9.56628e-17     
8977.84090416     4.37092e-17     
8983.36451125     5.84024e-17     
8988.88811834     8.54109e-17     
8994.41172543     4.41454e-17     
8999.93533252     6.76717e-17     
9005.45893961     6.61381e-17     
9010.9825467      6.35532e-17     
9016.50615379     7.24055e-17     
9022.02976088     5.77519e-17     
9027.55336797     4.84677e-17     
9033.07697505     4.47284e-17     
9038.60058214     4.70784e-17     
9044.12418923     3.9218e-17      
9049.64779632     3.16409e-17     
9055.17140341     2.64321e-17     
9060.6950105      5.58825e-17     
9066.21861759     6.41788e-17     
9071.74222468     7.2694e-17      
9077.26583177     1.83211e-17     
9082.78943885     1.25227e-17     
9088.31304594     4.68422e-17     
9093.83665303     3.05827e-17     
9099.36026012     4.96876e-17     
9104.88386721     5.8569e-17      
9110.4074743      4.77943e-17     
9115.93108139     4.13822e-17     
9121.45468848     6.09234e-17     
9126.97829557     6.04834e-17     
9132.50190266     5.62498e-17     
9138.02550974     6.04304e-17     
9143.54911683     4.83986e-17     
9149.07272392     4.26072e-17     
9154.59633101     4.91208e-17     
9160.1199381      5.38053e-17     
9165.64354519     8.32014e-17     
9171.16715228     4.08982e-17     
9176.69075937     3.85639e-17     
9182.21436646     7.98489e-17     
9187.73797355     4.69249e-17     
9193.26158063     2.56514e-17     
9198.78518772     5.18186e-17     
9204.30879481     4.94105e-17     
9209.8324019      4.73206e-17     
9215.35600899     5.73682e-17     
9220.87961608     4.62626e-17     
9226.40322317     3.59159e-17     
9231.92683026     4.22724e-17     
9237.45043735     4.94407e-17     
9242.97404444     5.82836e-17     
9248.49765152     1.8466e-17      
9254.02125861     9.09953e-17     
9259.5448657      8.36934e-17     
9265.06847279     4.61155e-17     
9270.59207988     6.26495e-17     
