3668.6253407      3.4626e-17      
3674.15061073     -2.8273e-18     
3679.67588076     6.74584e-17     
3685.20115078     -1.31927e-17    
3690.72642081     7.78804e-18     
3696.25169084     7.17023e-17     
3701.77696087     6.00481e-18     
3707.3022309      1.33016e-17     
3712.82750092     1.39605e-17     
3718.35277095     2.00215e-17     
3723.87804098     2.47889e-17     
3729.40331101     3.71426e-17     
3734.92858104     3.79636e-17     
3740.45385106     3.70502e-17     
3745.97912109     4.06914e-18     
3751.50439112     6.75592e-18     
3757.02966115     5.1525e-17      
3762.55493118     3.56906e-17     
3768.0802012      5.30002e-17     
3773.60547123     2.98328e-17     
3779.13074126     1.61735e-17     
3784.65601129     2.97098e-17     
3790.18128132     1.4032e-17      
3795.70655134     1.51314e-17     
3801.23182137     7.2108e-18      
3806.7570914      4.90678e-17     
3812.28236143     4.04812e-17     
3817.80763146     2.76583e-17     
3823.33290148     6.86101e-18     
3828.85817151     1.17712e-17     
3834.38344154     2.7099e-17      
3839.90871157     4.62392e-17     
3845.4339816      4.09535e-17     
3850.95925162     9.16447e-18     
3856.48452165     2.61176e-17     
3862.00979168     3.21905e-17     
3867.53506171     2.22951e-17     
3873.06033174     2.25723e-17     
3878.58560176     4.8045e-17      
3884.11087179     2.69668e-17     
3889.63614182     3.84412e-17     
3895.16141185     3.93849e-17     
3900.68668188     5.14075e-17     
3906.2119519      4.1301e-17      
3911.73722193     3.9202e-17      
3917.26249196     3.03694e-17     
3922.78776199     3.08804e-17     
3928.31303202     2.95645e-17     
3933.83830204     3.60081e-17     
3939.36357207     5.24534e-17     
3944.8888421      3.77838e-17     
3950.41411213     3.35352e-17     
3955.93938216     3.90868e-17     
3961.46465218     2.6223e-17      
3966.98992221     1.0823e-17      
3972.51519224     4.23723e-17     
3978.04046227     2.66791e-17     
3983.5657323      3.91271e-17     
3989.09100232     5.31855e-17     
3994.61627235     4.59498e-17     
4000.14154238     4.13773e-17     
4005.66681241     5.41583e-17     
4011.19208244     2.47407e-17     
4016.71735246     3.77702e-17     
4022.24262249     4.16635e-17     
4027.76789252     2.19773e-17     
4033.29316255     2.74595e-17     
4038.81843258     2.58114e-17     
4044.3437026      3.10243e-17     
4049.86897263     2.74723e-17     
4055.39424266     4.31152e-17     
4060.91951269     3.0568e-17      
4066.44478272     5.80133e-17     
4071.97005274     4.04661e-17     
4077.49532277     1.62949e-17     
4083.0205928      3.77451e-17     
4088.54586283     2.61961e-17     
4094.07113286     3.58661e-17     
4099.59640288     3.63161e-17     
4105.12167291     4.22137e-17     
4110.64694294     2.33193e-17     
4116.17221297     3.06785e-17     
4121.697483       1.81683e-17     
4127.22275302     2.32469e-17     
4132.74802305     4.57843e-17     
4138.27329308     1.30784e-17     
4143.79856311     3.38653e-17     
4149.32383313     2.90209e-17     
4154.84910316     3.20772e-17     
4160.37437319     3.86806e-17     
4165.89964322     4.31603e-17     
4171.42491325     4.65893e-17     
4176.95018327     1.31329e-17     
4182.4754533      4.34347e-17     
4188.00072333     4.28557e-17     
4193.52599336     3.11765e-17     
4199.05126339     3.36132e-17     
4204.57653341     4.53004e-17     
4210.10180344     3.51754e-17     
4215.62707347     4.13999e-17     
4221.1523435      2.54309e-17     
4226.67761353     3.5113e-17      
4232.20288355     2.96249e-17     
4237.72815358     3.30879e-17     
4243.25342361     3.25371e-17     
4248.77869364     3.1628e-17      
4254.30396367     4.63331e-17     
4259.82923369     4.11841e-17     
4265.35450372     2.78708e-17     
4270.87977375     3.13444e-17     
4276.40504378     3.46312e-17     
4281.93031381     3.80473e-17     
4287.45558383     5.40753e-17     
4292.98085386     3.09771e-17     
4298.50612389     3.42666e-17     
4304.03139392     3.46226e-17     
4309.55666395     4.16627e-17     
4315.08193397     4.18514e-17     
4320.607204       3.4861e-17      
4326.13247403     4.16439e-17     
4331.65774406     3.92701e-17     
4337.18301409     2.00052e-17     
4342.70828411     3.50245e-17     
4348.23355414     3.44287e-17     
4353.75882417     2.2111e-17      
4359.2840942      3.22401e-17     
4364.80936423     2.7491e-17      
4370.33463425     2.39614e-17     
4375.85990428     3.98171e-17     
4381.38517431     3.25861e-17     
4386.91044434     3.3579e-17      
4392.43571437     4.13015e-17     
4397.96098439     3.63197e-17     
4403.48625442     3.05704e-17     
4409.01152445     2.95217e-17     
4414.53679448     3.95656e-17     
4420.06206451     4.19496e-17     
4425.58733453     3.65492e-17     
4431.11260456     2.38585e-17     
4436.63787459     3.19852e-17     
4442.16314462     3.57319e-17     
4447.68841465     3.11943e-17     
4453.21368467     3.72928e-17     
4458.7389547      4.85438e-17     
4464.26422473     2.554e-17       
4469.78949476     3.94913e-17     
4475.31476479     3.45448e-17     
4480.84003481     3.29829e-17     
4486.36530484     5.3915e-17      
4491.89057487     3.59302e-17     
4497.4158449      4.09711e-17     
4502.94111493     4.43703e-17     
4508.46638495     4.94665e-17     
4513.99165498     3.74016e-17     
4519.51692501     3.28682e-17     
4525.04219504     4.60914e-17     
4530.56746507     3.96229e-17     
4536.09273509     2.42563e-17     
4541.61800512     2.94517e-17     
4547.14327515     4.23511e-17     
4552.66854518     2.60861e-17     
4558.19381521     3.34673e-17     
4563.71908523     3.43025e-17     
4569.24435526     3.66208e-17     
4574.76962529     4.01219e-17     
4580.29489532     3.89392e-17     
4585.82016535     4.6957e-17      
4591.34543537     2.92535e-17     
4596.8707054      4.09815e-17     
4602.39597543     4.53939e-17     
4607.92124546     4.26727e-17     
4613.44651549     2.60883e-17     
4618.97178551     3.10919e-17     
4624.49705554     3.08228e-17     
4630.02232557     4.14595e-17     
4635.5475956      3.67146e-17     
4641.07286563     4.61775e-17     
4646.59813565     4.38693e-17     
4652.12340568     4.06336e-17     
4657.64867571     3.6349e-17      
4663.17394574     3.76782e-17     
4668.69921577     4.47314e-17     
4674.22448579     3.55858e-17     
4679.74975582     3.22753e-17     
4685.27502585     4.32408e-17     
4690.80029588     2.56208e-17     
4696.32556591     3.68285e-17     
4701.85083593     3.75604e-17     
4707.37610596     3.19799e-17     
4712.90137599     3.39086e-17     
4718.42664602     4.24234e-17     
4723.95191605     4.24439e-17     
4729.47718607     4.20963e-17     
4735.0024561      3.76778e-17     
4740.52772613     2.70217e-17     
4746.05299616     4.26656e-17     
4751.57826619     2.98714e-17     
4757.10353621     2.07207e-17     
4762.62880624     4.08797e-17     
4768.15407627     2.37348e-17     
4773.6793463      2.75606e-17     
4779.20461633     3.96702e-17     
4784.72988635     3.29194e-17     
4790.25515638     3.91227e-17     
4795.78042641     3.16849e-17     
4801.30569644     3.29168e-17     
4806.83096647     4.30675e-17     
4812.35623649     3.98471e-17     
4817.88150652     3.76675e-17     
4823.40677655     4.61015e-17     
4828.93204658     4.37409e-17     
4834.45731661     2.7288e-17      
4839.98258663     3.07495e-17     
4845.50785666     3.55508e-17     
4851.03312669     3.71144e-17     
4856.55839672     3.12665e-17     
4862.08366675     2.31247e-17     
4867.60893677     3.79829e-17     
4873.1342068      3.75688e-17     
4878.65947683     2.39151e-17     
4884.18474686     2.78094e-17     
4889.71001689     3.02928e-17     
4895.23528691     2.45581e-17     
4900.76055694     4.65247e-17     
4906.28582697     4.02072e-17     
4911.811097       2.77961e-17     
4917.33636703     3.47114e-17     
4922.86163705     3.78058e-17     
4928.38690708     4.02399e-17     
4933.91217711     4.21843e-17     
4939.43744714     4.02442e-17     
4944.96271717     4.49225e-17     
4950.48798719     3.231e-17       
4956.01325722     2.76903e-17     
4961.53852725     3.04156e-17     
4967.06379728     2.89375e-17     
4972.58906731     3.02983e-17     
4978.11433733     5.60555e-17     
4983.63960736     3.22355e-17     
4989.16487739     4.15159e-17     
4994.69014742     3.85133e-17     
5000.21541745     2.95724e-17     
5005.74068747     2.97175e-17     
5011.2659575      4.99963e-17     
5016.79122753     4.23005e-17     
5022.31649756     4.1835e-17      
5027.84176759     4.97129e-17     
5033.36703761     3.06414e-17     
5038.89230764     2.7297e-17      
5044.41757767     2.88068e-17     
5049.9428477      4.70515e-17     
5055.46811773     3.45598e-17     
5060.99338775     4.51888e-17     
5066.51865778     2.70527e-17     
5072.04392781     4.58096e-17     
5077.56919784     4.52975e-17     
5083.09446786     4.39403e-17     
5088.61973789     4.58086e-17     
5094.14500792     3.24721e-17     
5099.67027795     3.00768e-17     
5105.19554798     3.8542e-17      
5110.720818       3.68387e-17     
5116.24608803     2.35778e-17     
5121.77135806     3.02385e-17     
5127.29662809     3.86729e-17     
5132.82189812     4.07227e-17     
5138.34716814     4.07096e-17     
5143.87243817     4.3406e-17      
5149.3977082      3.55774e-17     
5154.92297823     3.2366e-17      
5160.44824826     3.91059e-17     
5165.97351828     3.411e-17       
5171.49878831     3.79237e-17     
5177.02405834     3.88577e-17     
5182.54932837     4.02992e-17     
5188.0745984      3.9013e-17      
5193.59986842     4.4096e-17      
5199.12513845     3.659e-17       
5204.65040848     4.57895e-17     
5210.17567851     4.06801e-17     
5215.70094854     3.41683e-17     
5221.22621856     3.65913e-17     
5226.75148859     3.04955e-17     
5232.27675862     2.96246e-17     
5237.80202865     3.51953e-17     
5243.32729868     2.82414e-17     
5248.8525687      3.0752e-17      
5254.37783873     4.58871e-17     
5259.90310876     4.12779e-17     
5265.42837879     2.83429e-17     
5270.95364882     3.51248e-17     
5276.47891884     3.57874e-17     
5282.00418887     2.67389e-17     
5287.5294589      3.04633e-17     
5293.05472893     4.19786e-17     
5298.57999896     4.19645e-17     
5304.10526898     4.5776e-17      
5309.63053901     3.53676e-17     
5315.15580904     3.42503e-17     
5320.68107907     3.04675e-17     
5326.2063491      2.89278e-17     
5331.73161912     3.25567e-17     
5337.25688915     2.41619e-17     
5342.78215918     3.65396e-17     
5348.30742921     3.32704e-17     
5353.83269924     3.55726e-17     
5359.35796926     3.88828e-17     
5364.88323929     2.54745e-17     
5370.40850932     3.81864e-17     
5375.93377935     2.94301e-17     
5381.45904938     3.30265e-17     
5386.9843194      3.47615e-17     
5392.50958943     4.71584e-17     
5398.03485946     3.14892e-17     
5403.56012949     4.21758e-17     
5409.08539952     3.84435e-17     
5414.61066954     4.18931e-17     
5420.13593957     3.55408e-17     
5425.6612096      3.12977e-17     
5431.18647963     4.37429e-17     
5436.71174966     4.23104e-17     
5442.23701968     3.5748e-17      
5447.76228971     2.97153e-17     
5453.28755974     3.46964e-17     
5458.81282977     4.21741e-17     
5464.3380998      4.31796e-17     
5469.86336982     3.33335e-17     
5475.38863985     3.3004e-17      
5480.91390988     3.05235e-17     
5486.43917991     4.16398e-17     
5491.96444994     3.19553e-17     
5497.48971996     4.00862e-17     
5503.01498999     3.81257e-17     
5508.54026002     3.71075e-17     
5514.06553005     4.41572e-17     
5519.59080008     3.53729e-17     
5525.1160701      4.57092e-17     
5530.64134013     4.21871e-17     
5536.16661016     3.58045e-17     
5541.69188019     4.19424e-17     
5547.21715022     4.04987e-17     
5552.74242024     4.5056e-17      
5558.26769027     4.14981e-17     
5563.7929603      3.53013e-17     
5569.31823033     2.80909e-17     
5574.84350036     3.6598e-17      
5580.36877038     4.71151e-17     
5585.89404041     4.00796e-17     
5591.41931044     4.02651e-17     
5596.94458047     2.55699e-17     
5602.4698505      4.67829e-17     
5607.99512052     3.60103e-17     
5613.52039055     4.70627e-17     
5619.04566058     3.54565e-17     
5624.57093061     4.21264e-17     
5630.09620064     3.96217e-17     
5635.62147066     3.93068e-17     
5641.14674069     2.96452e-17     
5646.67201072     3.55724e-17     
5652.19728075     4.3993e-17      
5657.72255078     4.0406e-17      
5663.2478208      4.23146e-17     
5668.77309083     3.56757e-17     
5674.29836086     3.39907e-17     
5679.82363089     4.80242e-17     
5685.34890092     3.61906e-17     
5690.87417094     3.06883e-17     
5696.39944097     4.35e-17        
5701.924711       4.04433e-17     
5707.44998103     4.79975e-17     
5712.97525106     4.02846e-17     
5718.50052108     4.29087e-17     
5724.02579111     3.20651e-17     
5729.55106114     3.27287e-17     
5735.07633117     4.03562e-17     
5740.6016012      3.12238e-17     
5746.12687122     2.8558e-17      
5751.65214125     2.23485e-17     
5757.17741128     3.51939e-17     
5762.70268131     3.5451e-17      
5768.22795134     2.78275e-17     
5773.75322136     4.32533e-17     
5779.27849139     3.66937e-17     
5784.80376142     4.30192e-17     
5790.32903145     3.71577e-17     
5795.85430148     3.97346e-17     
5801.3795715      3.59437e-17     
5806.90484153     5.36967e-17     
5812.43011156     2.95622e-17     
5817.95538159     4.34864e-17     
5823.48065162     2.92431e-17     
5829.00592164     3.28546e-17     
5834.53119167     3.56949e-17     
5840.0564617      3.53776e-17     
5845.58173173     2.81791e-17     
5851.10700176     4.75361e-17     
5856.63227178     3.32048e-17     
5862.15754181     3.7989e-17      
5867.68281184     3.37446e-17     
5873.20808187     2.67509e-17     
5878.7333519      3.13852e-17     
5884.25862192     3.94057e-17     
5889.78389195     3.84449e-17     
5895.30916198     3.77812e-17     
5900.83443201     4.01073e-17     
5906.35970204     3.82354e-17     
5911.88497206     3.44714e-17     
5917.41024209     4.02793e-17     
5922.93551212     4.34309e-17     
5928.46078215     4.11055e-17     
5933.98605218     4.13032e-17     
5939.5113222      3.68497e-17     
5945.03659223     3.95692e-17     
5950.56186226     3.225e-17       
5956.08713229     3.18784e-17     
5961.61240232     4.01228e-17     
5967.13767234     3.15402e-17     
5972.66294237     2.95685e-17     
5978.1882124      3.14534e-17     
5983.71348243     3.29005e-17     
5989.23875246     3.1385e-17      
5994.76402248     3.501e-17       
6000.28929251     3.57963e-17     
6005.81456254     2.91054e-17     
6011.33983257     2.88865e-17     
6016.86510259     3.90375e-17     
6022.39037262     4.00172e-17     
6027.91564265     3.85678e-17     
6033.44091268     4.27504e-17     
6038.96618271     3.45844e-17     
6044.49145273     3.25123e-17     
6050.01672276     4.31036e-17     
6055.54199279     4.25965e-17     
6061.06726282     3.30283e-17     
6066.59253285     3.05437e-17     
6072.11780287     2.41081e-17     
6077.6430729      3.48285e-17     
6083.16834293     3.34039e-17     
6088.69361296     2.9586e-17      
6094.21888299     3.05276e-17     
6099.74415301     4.27741e-17     
6105.26942304     3.29196e-17     
6110.79469307     3.58169e-17     
6116.3199631      3.97191e-17     
6121.84523313     3.49231e-17     
6127.37050315     3.83608e-17     
6132.89577318     3.97465e-17     
6138.42104321     3.52617e-17     
6143.94631324     4.39138e-17     
6149.47158327     4.05148e-17     
6154.99685329     3.65058e-17     
6160.52212332     3.11322e-17     
6166.04739335     2.50587e-17     
6171.57266338     3.65918e-17     
6177.09793341     3.42927e-17     
6182.62320343     3.10005e-17     
6188.14847346     3.9442e-17      
6193.67374349     3.32703e-17     
6199.19901352     2.99784e-17     
6204.72428355     2.2586e-17      
6210.24955357     3.11022e-17     
6215.7748236      3.33137e-17     
6221.30009363     2.21405e-17     
6226.82536366     2.83325e-17     
6232.35063369     3.2082e-17      
6237.87590371     3.47372e-17     
6243.40117374     3.1539e-17      
6248.92644377     3.67466e-17     
6254.4517138      4.32608e-17     
6259.97698383     3.46192e-17     
6265.50225385     3.23741e-17     
6271.02752388     3.62498e-17     
6276.55279391     3.31339e-17     
6282.07806394     3.55789e-17     
6287.60333397     2.61389e-17     
6293.12860399     3.86669e-17     
6298.65387402     3.76396e-17     
6304.17914405     2.39767e-18     
6309.70441408     1.68423e-17     
6315.22968411     3.62059e-17     
6320.75495413     3.80239e-17     
6326.28022416     4.26864e-17     
6331.80549419     3.1635e-17      
6337.33076422     4.80855e-17     
6342.85603425     3.56724e-17     
6348.38130427     1.6672e-17      
6353.9065743      3.16291e-17     
6359.43184433     3.06721e-17     
6364.95711436     2.63589e-17     
6370.48238439     2.56343e-17     
6376.00765441     3.32108e-17     
6381.53292444     3.34236e-17     
6387.05819447     3.11126e-17     
6392.5834645      4.0114e-17      
6398.10873453     3.53882e-17     
6403.63400455     3.16066e-17     
6409.15927458     2.67913e-17     
6414.68454461     3.65552e-17     
6420.20981464     2.95757e-17     
6425.73508467     2.99916e-17     
6431.26035469     3.50273e-17     
6436.78562472     3.56262e-17     
6442.31089475     3.82137e-17     
6447.83616478     3.5659e-17      
6453.36143481     3.8106e-17      
6458.88670483     2.57023e-17     
6464.41197486     3.44921e-17     
6469.93724489     4.27323e-17     
6475.46251492     2.37042e-17     
6480.98778495     3.39022e-17     
6486.51305497     3.71658e-17     
6492.038325       3.75804e-17     
6497.56359503     3.18904e-17     
6503.08886506     1.85226e-17     
6508.61413509     2.75386e-17     
6514.13940511     3.9404e-17      
6519.66467514     3.66333e-17     
6525.18994517     3.01685e-17     
6530.7152152      2.72173e-17     
6536.24048523     3.49883e-17     
6541.76575525     3.15961e-17     
6547.29102528     3.84077e-17     
6552.81629531     3.66066e-17     
6558.34156534     2.18346e-17     
6563.86683537     3.30323e-17     
6569.39210539     4.29319e-17     
6574.91737542     2.97921e-17     
6580.44264545     2.65431e-17     
6585.96791548     3.10739e-17     
6591.49318551     3.09992e-17     
6597.01845553     3.75863e-17     
6602.54372556     2.91127e-17     
6608.06899559     3.90925e-17     
6613.59426562     3.85513e-17     
6619.11953565     2.22137e-17     
6624.64480567     4.06395e-17     
6630.1700757      3.04712e-17     
6635.69534573     2.44471e-17     
6641.22061576     3.96433e-17     
6646.74588579     3.85053e-17     
6652.27115581     2.99288e-17     
6657.79642584     2.9103e-17      
6663.32169587     3.57732e-17     
6668.8469659      3.25226e-17     
6674.37223593     3.70753e-17     
6679.89750595     3.4527e-17      
6685.42277598     4.20534e-17     
6690.94804601     3.83168e-17     
6696.47331604     3.11071e-17     
6701.99858607     3.38121e-17     
6707.52385609     3.7034e-17      
6713.04912612     3.79742e-17     
6718.57439615     3.03301e-17     
6724.09966618     3.32535e-17     
6729.62493621     2.94404e-17     
6735.15020623     3.17002e-17     
6740.67547626     3.72483e-17     
6746.20074629     3.57616e-17     
6751.72601632     3.08901e-17     
6757.25128635     3.51216e-17     
6762.77655637     2.66169e-17     
6768.3018264      2.80708e-17     
6773.82709643     3.11698e-17     
6779.35236646     2.21076e-17     
6784.87763649     3.1208e-17      
6790.40290651     3.3449e-17      
6795.92817654     3.25271e-17     
6801.45344657     3.08964e-17     
6806.9787166      2.65346e-17     
6812.50398663     1.85258e-17     
6818.02925665     4.26604e-17     
6823.55452668     3.4038e-17      
6829.07979671     3.75293e-17     
6834.60506674     2.59092e-17     
6840.13033677     2.88177e-17     
6845.65560679     1.87361e-17     
6851.18087682     3.57073e-17     
6856.70614685     4.1154e-17      
6862.23141688     2.86594e-17     
6867.75668691     3.63546e-17     
6873.28195693     3.97674e-17     
6878.80722696     3.77837e-17     
6884.33249699     3.35049e-17     
6889.85776702     3.12531e-17     
6895.38303705     2.99394e-17     
6900.90830707     3.20011e-17     
6906.4335771      3.90796e-17     
6911.95884713     2.03297e-17     
6917.48411716     2.23104e-17     
6923.00938719     3.78356e-17     
6928.53465721     2.67753e-17     
6934.05992724     3.36121e-17     
6939.58519727     3.22782e-17     
6945.1104673      4.0095e-17      
6950.63573732     1.84838e-17     
6956.16100735     2.64013e-17     
6961.68627738     3.66112e-17     
6967.21154741     3.14228e-17     
6972.73681744     2.69611e-17     
6978.26208746     3.28265e-17     
6983.78735749     2.55826e-17     
6989.31262752     3.27037e-17     
6994.83789755     3.50084e-17     
7000.36316758     4.65053e-17     
7005.8884376      3.34157e-17     
7011.41370763     2.23012e-17     
7016.93897766     2.57512e-17     
7022.46424769     2.62891e-17     
7027.98951772     3.34945e-17     
7033.51478774     3.82083e-17     
7039.04005777     3.24935e-17     
7044.5653278      2.81441e-17     
7050.09059783     2.58587e-17     
7055.61586786     2.83906e-17     
7061.14113788     3.45434e-17     
7066.66640791     2.99004e-17     
7072.19167794     2.65883e-17     
7077.71694797     3.05756e-17     
7083.242218       3.76664e-17     
7088.76748802     3.81815e-17     
7094.29275805     2.81e-17        
7099.81802808     3.2091e-17      
7105.34329811     3.31994e-17     
7110.86856814     2.99235e-17     
7116.39383816     2.77325e-17     
7121.91910819     4.01248e-17     
7127.44437822     3.60791e-17     
7132.96964825     3.95106e-17     
7138.49491828     2.62641e-17     
7144.0201883      3.21406e-17     
7149.54545833     3.22103e-17     
7155.07072836     2.95426e-17     
7160.59599839     3.00593e-17     
7166.12126842     1.87013e-17     
7171.64653844     2.78537e-17     
7177.17180847     3.46164e-17     
7182.6970785      2.63899e-17     
7188.22234853     2.18391e-17     
7193.74761856     2.299e-17       
7199.27288858     2.95021e-17     
7204.79815861     2.76143e-17     
7210.32342864     2.60336e-17     
7215.84869867     3.05391e-17     
7221.3739687      3.34694e-17     
7226.89923872     3.591e-17       
7232.42450875     2.49786e-17     
7237.94977878     2.29762e-17     
7243.47504881     3.99114e-17     
7249.00031884     2.33079e-17     
7254.52558886     3.30496e-17     
7260.05085889     2.60761e-17     
7265.57612892     2.74356e-17     
7271.10139895     3.44411e-17     
7276.62666898     3.16068e-17     
7282.151939       3.67387e-17     
7287.67720903     3.7746e-17      
7293.20247906     1.7046e-17      
7298.72774909     2.32042e-17     
7304.25301912     3.67672e-17     
7309.77828914     2.18542e-17     
7315.30355917     1.39674e-17     
7320.8288292      4.27683e-17     
7326.35409923     3.0912e-17      
7331.87936926     2.52911e-17     
7337.40463928     2.76127e-17     
7342.92990931     2.19387e-17     
7348.45517934     2.96515e-17     
7353.98044937     3.15549e-17     
7359.5057194      2.95807e-17     
7365.03098942     3.37668e-17     
7370.55625945     2.63355e-17     
7376.08152948     2.32076e-17     
7381.60679951     2.29352e-17     
7387.13206954     3.58064e-17     
7392.65733956     3.53227e-17     
7398.18260959     2.07025e-17     
7403.70787962     1.9734e-17      
7409.23314965     2.05705e-17     
7414.75841968     3.10958e-17     
7420.2836897      4.59705e-17     
7425.80895973     2.04233e-17     
7431.33422976     2.44671e-17     
7436.85949979     3.39865e-17     
7442.38476982     2.65676e-17     
7447.91003984     2.42597e-17     
7453.43530987     3.61765e-17     
7458.9605799      2.83782e-17     
7464.48584993     2.20962e-17     
7470.01111996     1.97729e-17     
7475.53638998     2.69617e-17     
7481.06166001     3.1315e-17      
7486.58693004     2.43463e-17     
7492.11220007     2.32387e-17     
7497.6374701      3.29577e-17     
7503.16274012     2.3322e-17      
7508.68801015     1.81715e-17     
7514.21328018     3.23389e-17     
7519.73855021     3.2588e-17      
7525.26382024     1.9859e-17      
7530.78909026     2.14414e-17     
7536.31436029     3.51491e-17     
7541.83963032     3.11351e-17     
7547.36490035     3.81401e-17     
7552.89017038     3.54291e-17     
7558.4154404      3.01515e-17     
7563.94071043     2.30494e-17     
7569.46598046     3.12161e-17     
7574.99125049     2.63542e-17     
7580.51652052     3.85397e-17     
7586.04179054     4.59634e-17     
7591.56706057     4.94368e-17     
7597.0923306      4.61959e-17     
7602.61760063     5.346e-18       
7608.14287066     7.85756e-18     
7613.66814068     2.23468e-17     
7619.19341071     2.10646e-17     
7624.71868074     4.62565e-17     
7630.24395077     5.28552e-17     
7635.7692208      3.88857e-18     
7641.29449082     -4.88343e-19    
7646.81976085     3.64207e-17     
7652.34503088     3.16373e-17     
7657.87030091     2.78477e-17     
7663.39557094     2.80815e-17     
7668.92084096     3.36555e-17     
7674.44611099     1.48929e-17     
7679.97138102     3.20863e-17     
7685.49665105     3.73404e-17     
7691.02192108     2.89758e-17     
7696.5471911      2.85896e-17     
7702.07246113     1.77334e-17     
7707.59773116     1.74568e-17     
7713.12300119     3.49076e-17     
7718.64827122     2.84678e-17     
7724.17354124     2.73276e-17     
7729.69881127     1.98395e-17     
7735.2240813      2.19784e-17     
7740.74935133     1.75329e-17     
7746.27462136     3.72633e-17     
7751.79989138     4.13822e-17     
7757.32516141     2.66518e-17     
7762.85043144     2.7326e-17      
7768.37570147     2.28329e-17     
7773.9009715      1.778e-17       
7779.42624152     2.56959e-17     
7784.95151155     3.30131e-17     
7790.47678158     3.29001e-17     
7796.00205161     3.51684e-17     
7801.52732164     4.11982e-17     
7807.05259166     2.55098e-17     
7812.57786169     3.13781e-17     
7818.10313172     1.85438e-17     
7823.62840175     5.21285e-17     
7829.15367178     1.66342e-17     
7834.6789418      2.50837e-17     
7840.20421183     2.14122e-17     
7845.72948186     1.73231e-17     
7851.25475189     2.06568e-17     
7856.78002192     4.34522e-17     
7862.30529194     2.90941e-17     
7867.83056197     4.05632e-17     
7873.355832       2.02952e-17     
7878.88110203     5.39699e-18     
7884.40637205     1.32326e-17     
7889.93164208     1.91954e-17     
7895.45691211     3.41959e-17     
7900.98218214     2.7755e-17      
7906.50745217     2.03507e-17     
7912.03272219     7.05898e-18     
7917.55799222     9.38883e-18     
7923.08326225     2.57587e-17     
7928.60853228     2.39059e-17     
7934.13380231     1.67335e-17     
7939.65907233     3.64963e-17     
7945.18434236     3.95839e-17     
7950.70961239     3.02125e-17     
7956.23488242     2.23999e-17     
7961.76015245     4.04213e-17     
7967.28542247     2.25306e-17     
7972.8106925      2.76851e-17     
7978.33596253     1.89988e-17     
7983.86123256     1.93263e-17     
7989.38650259     1.36781e-17     
7994.91177261     1.54887e-17     
8000.43704264     3.43431e-17     
8005.96231267     1.64415e-17     
8011.4875827      2.05267e-17     
8017.01285273     3.77604e-17     
8022.53812275     3.0994e-17      
8028.06339278     3.00951e-17     
8033.58866281     3.26113e-17     
8039.11393284     3.25823e-17     
8044.63920287     2.63663e-17     
8050.16447289     1.80963e-17     
8055.68974292     1.88446e-17     
8061.21501295     2.25777e-17     
8066.74028298     3.09162e-17     
8072.26555301     2.08224e-17     
8077.79082303     2.91943e-17     
8083.31609306     3.3922e-17      
8088.84136309     1.68592e-17     
8094.36663312     2.81832e-17     
8099.89190315     2.15174e-17     
8105.41717317     1.90236e-17     
8110.9424432      3.17184e-17     
8116.46771323     5.40627e-17     
8121.99298326     2.20086e-17     
8127.51825329     3.5693e-17      
8133.04352331     1.96926e-17     
8138.56879334     1.40488e-17     
8144.09406337     3.27061e-17     
8149.6193334      1.67194e-17     
8155.14460343     2.99985e-17     
8160.66987345     2.60389e-17     
8166.19514348     2.60378e-17     
8171.72041351     1.88503e-17     
8177.24568354     1.98932e-17     
8182.77095357     2.99488e-17     
8188.29622359     3.22939e-17     
8193.82149362     3.45403e-17     
8199.34676365     2.05652e-17     
8204.87203368     1.73189e-17     
8210.39730371     2.22947e-17     
8215.92257373     3.55713e-17     
8221.44784376     3.92505e-17     
8226.97311379     3.26962e-17     
8232.49838382     1.7822e-17      
8238.02365385     4.35336e-17     
8243.54892387     2.3372e-17      
8249.0741939      3.42931e-17     
8254.59946393     2.32268e-17     
8260.12473396     2.27634e-17     
8265.65000399     3.21229e-17     
8271.17527401     2.4354e-17      
8276.70054404     1.30593e-17     
8282.22581407     2.01854e-17     
8287.7510841      2.94462e-17     
8293.27635413     4.5309e-17      
8298.80162415     4.9594e-17      
8304.32689418     2.23985e-17     
8309.85216421     2.36322e-17     
8315.37743424     3.3552e-17      
8320.90270427     2.69335e-17     
8326.42797429     2.23374e-17     
8331.95324432     3.40462e-17     
8337.47851435     2.30662e-17     
8343.00378438     8.68209e-18     
8348.52905441     1.04147e-17     
8354.05432443     -3.80532e-18    
8359.57959446     1.62453e-17     
8365.10486449     2.97784e-17     
8370.63013452     4.68365e-17     
8376.15540455     4.19327e-17     
8381.68067457     7.02839e-18     
8387.2059446      1.20369e-17     
8392.73121463     9.72876e-18     
8398.25648466     4.64702e-18     
8403.78175469     3.99718e-17     
8409.30702471     2.19172e-17     
8414.83229474     -1.41476e-18    
8420.35756477     4.22884e-17     
8425.8828348      1.4694e-17      
8431.40810483     9.61557e-18     
8436.93337485     2.51906e-17     
8442.45864488     3.14355e-17     
8447.98391491     2.58531e-17     
8453.50918494     1.6242e-17      
8459.03445497     1.88208e-17     
8464.55972499     2.14925e-17     
8470.08499502     1.30539e-17     
8475.61026505     1.64601e-17     
8481.13553508     2.96646e-17     
8486.66080511     3.02679e-17     
8492.18607513     2.55288e-17     
8497.71134516     3.45339e-17     
8503.23661519     1.74528e-18     
8508.76188522     -1.36706e-18    
8514.28715525     4.25329e-17     
8519.81242527     2.3163e-17      
8525.3376953      2.53866e-17     
8530.86296533     3.66731e-17     
8536.38823536     2.32181e-17     
8541.91350539     2.82053e-17     
8547.43877541     2.63554e-17     
8552.96404544     1.9155e-17      
8558.48931547     2.98062e-17     
8564.0145855      2.41939e-17     
8569.53985553     3.15365e-17     
8575.06512555     2.28698e-17     
8580.59039558     3.15013e-17     
8586.11566561     3.40813e-17     
8591.64093564     2.05822e-17     
8597.16620567     2.68321e-17     
8602.69147569     2.8285e-17      
8608.21674572     1.92616e-17     
8613.74201575     2.15934e-17     
8619.26728578     1.96347e-17     
8624.79255581     8.26744e-18     
8630.31782583     3.06181e-17     
8635.84309586     3.63493e-17     
8641.36836589     3.35649e-17     
8646.89363592     3.29374e-17     
8652.41890595     1.80581e-17     
8657.94417597     6.8033e-18      
8663.469446       7.97902e-18     
8668.99471603     3.45446e-17     
8674.51998606     3.61488e-17     
8680.04525609     3.14695e-17     
8685.57052611     3.68428e-17     
8691.09579614     3.35234e-17     
8696.62106617     1.54055e-17     
8702.1463362      2.32885e-17     
8707.67160623     3.43248e-17     
8713.19687625     7.65492e-19     
8718.72214628     7.89897e-18     
8724.24741631     2.03864e-17     
8729.77268634     3.66401e-17     
8735.29795637     2.27799e-17     
8740.82322639     3.42311e-17     
8746.34849642     2.58261e-17     
8751.87376645     4.10617e-17     
8757.39903648     1.80346e-17     
8762.92430651     8.48574e-18     
8768.44957653     1.32453e-17     
8773.97484656     3.81741e-17     
8779.50011659     1.09274e-17     
8785.02538662     3.57478e-17     
8790.55065665     5.73392e-17     
8796.07592667     2.7495e-17      
8801.6011967      3.82361e-17     
8807.12646673     2.35707e-17     
8812.65173676     1.88454e-17     
8818.17700678     3.75317e-17     
8823.70227681     4.08025e-17     
8829.22754684     5.60437e-17     
8834.75281687     3.76086e-17     
8840.2780869      6.60556e-18     
8845.80335692     5.01126e-17     
8851.32862695     1.71352e-17     
8856.85389698     2.65523e-17     
8862.37916701     1.85232e-17     
8867.90443704     3.05012e-17     
8873.42970706     2.60659e-17     
8878.95497709     2.98873e-17     
8884.48024712     -1.08988e-17    
8890.00551715     1.97567e-17     
8895.53078718     1.83857e-17     
8901.0560572      2.57127e-17     
8906.58132723     1.91747e-17     
8912.10659726     2.21419e-17     
8917.63186729     2.1397e-17      
8923.15713732     5.1418e-17      
8928.68240734     4.27366e-17     
8934.20767737     3.42671e-17     
8939.7329474      3.89682e-17     
8945.25821743     4.57307e-17     
8950.78348746     2.20375e-17     
8956.30875748     -1.68084e-18    
8961.83402751     -1.41717e-17    
8967.35929754     1.03785e-18     
8972.88456757     2.14913e-17     
8978.4098376      3.00631e-17     
8983.93510762     3.77801e-17     
8989.46037765     1.38898e-17     
8994.98564768     4.69264e-18     
9000.51091771     2.53356e-17     
9006.03618774     1.9049e-17      
9011.56145776     2.55123e-17     
9017.08672779     2.19555e-17     
9022.61199782     1.76106e-18     
9028.13726785     1.70029e-20     
9033.66253788     9.23704e-18     
9039.1878079      3.61207e-17     
9044.71307793     1.32644e-17     
9050.23834796     1.07263e-17     
9055.76361799     1.84101e-17     
9061.28888802     6.10045e-17     
9066.81415804     1.8425e-17      
9072.33942807     1.41941e-17     
9077.8646981      2.92755e-17     
9083.38996813     1.60786e-17     
9088.91523816     2.49358e-17     
9094.44050818     3.57983e-17     
9099.96577821     2.4359e-17      
9105.49104824     2.65223e-17     
9111.01631827     1.26397e-17     
9116.5415883      2.18274e-17     
9122.06685832     3.30712e-17     
9127.59212835     6.60173e-17     
9133.11739838     7.72309e-17     
9138.64266841     8.85983e-17     
9144.16793844     5.86203e-17     
9149.69320846     3.95215e-17     
9155.21847849     1.9096e-17      
9160.74374852     4.09461e-17     
9166.26901855     4.31068e-17     
9171.79428858     1.94899e-17     
9177.3195586      2.96662e-17     
9182.84482863     2.05376e-17     
9188.37009866     2.78175e-17     
9193.89536869     2.31876e-17     
9199.42063872     4.35307e-17     
9204.94590874     3.50987e-17     
9210.47117877     7.32506e-18     
9215.9964488      9.25861e-18     
9221.52171883     -2.39566e-18    
9227.04698886     2.86743e-17     
9232.57225888     4.5672e-17      
9238.09752891     -3.76799e-18    
9243.62279894     2.23943e-17     
9249.14806897     2.95983e-17     
9254.673339       3.18952e-18     
9260.19860902     9.35426e-18     
9265.72387905     1.12875e-17     
9271.24914908     0.0             
