3669.436939       2.89888e-16     
3674.96059287     2.88489e-16     
3680.48424673     2.85469e-16     
3686.0079006      2.62837e-16     
3691.53155446     3.0507e-16      
3697.05520833     3.14201e-16     
3702.57886219     2.66168e-16     
3708.10251606     2.58599e-16     
3713.62616992     2.95662e-16     
3719.14982379     2.84786e-16     
3724.67347765     3.00912e-16     
3730.19713152     3.25817e-16     
3735.72078538     3.08839e-16     
3741.24443925     3.50626e-16     
3746.76809311     3.44012e-16     
3752.29174698     3.3641e-16      
3757.81540084     3.01893e-16     
3763.33905471     3.0231e-16      
3768.86270857     2.90057e-16     
3774.38636244     3.0087e-16      
3779.9100163      2.96065e-16     
3785.43367017     2.99683e-16     
3790.95732403     2.76448e-16     
3796.4809779      2.85297e-16     
3802.00463176     2.60555e-16     
3807.52828563     2.67072e-16     
3813.05193949     2.95978e-16     
3818.57559336     2.94721e-16     
3824.09924722     2.54123e-16     
3829.62290109     3.06304e-16     
3835.14655495     2.92468e-16     
3840.67020882     3.09885e-16     
3846.19386268     2.53154e-16     
3851.71751655     2.91553e-16     
3857.24117041     3.01584e-16     
3862.76482428     2.80853e-16     
3868.28847814     2.73586e-16     
3873.81213201     2.52634e-16     
3879.33578587     2.99437e-16     
3884.85943974     2.384e-16       
3890.3830936      2.82632e-16     
3895.90674747     2.86451e-16     
3901.43040133     2.73777e-16     
3906.9540552      2.54121e-16     
3912.47770906     2.8628e-16      
3918.00136293     2.8515e-16      
3923.52501679     2.64254e-16     
3929.04867066     2.8052e-16      
3934.57232452     2.60534e-16     
3940.09597839     2.50454e-16     
3945.61963225     2.6286e-16      
3951.14328612     2.48924e-16     
3956.66693999     2.74573e-16     
3962.19059385     2.79345e-16     
3967.71424772     2.5078e-16      
3973.23790158     2.31458e-16     
3978.76155545     2.60863e-16     
3984.28520931     2.61911e-16     
3989.80886318     2.4466e-16      
3995.33251704     2.50745e-16     
4000.85617091     2.62368e-16     
4006.37982477     2.69415e-16     
4011.90347864     2.68669e-16     
4017.4271325      2.57682e-16     
4022.95078637     2.67529e-16     
4028.47444023     2.55521e-16     
4033.9980941      2.69508e-16     
4039.52174796     2.44493e-16     
4045.04540183     2.74247e-16     
4050.56905569     2.45692e-16     
4056.09270956     2.44355e-16     
4061.61636342     2.28014e-16     
4067.14001729     2.55821e-16     
4072.66367115     2.35238e-16     
4078.18732502     2.50477e-16     
4083.71097888     2.57037e-16     
4089.23463275     2.51271e-16     
4094.75828661     2.4892e-16      
4100.28194048     2.46458e-16     
4105.80559434     2.36848e-16     
4111.32924821     2.55763e-16     
4116.85290207     2.43459e-16     
4122.37655594     2.37708e-16     
4127.9002098      2.3678e-16      
4133.42386367     2.41827e-16     
4138.94751753     2.46214e-16     
4144.4711714      2.39224e-16     
4149.99482526     2.28788e-16     
4155.51847913     2.56698e-16     
4161.04213299     2.16228e-16     
4166.56578686     2.244e-16       
4172.08944072     2.47046e-16     
4177.61309459     2.39884e-16     
4183.13674845     2.38008e-16     
4188.66040232     2.33414e-16     
4194.18405618     2.32394e-16     
4199.70771005     2.4829e-16      
4205.23136391     2.45539e-16     
4210.75501778     2.51282e-16     
4216.27867164     2.36192e-16     
4221.80232551     2.26236e-16     
4227.32597937     2.3577e-16      
4232.84963324     2.55645e-16     
4238.37328711     2.30705e-16     
4243.89694097     2.35473e-16     
4249.42059484     2.38207e-16     
4254.9442487      2.28427e-16     
4260.46790257     2.39049e-16     
4265.99155643     2.30896e-16     
4271.5152103      2.23013e-16     
4277.03886416     2.32709e-16     
4282.56251803     2.16054e-16     
4288.08617189     2.21799e-16     
4293.60982576     2.22235e-16     
4299.13347962     2.06868e-16     
4304.65713349     2.33575e-16     
4310.18078735     2.29212e-16     
4315.70444122     2.32348e-16     
4321.22809508     2.17383e-16     
4326.75174895     2.2834e-16      
4332.27540281     2.24968e-16     
4337.79905668     2.25636e-16     
4343.32271054     2.23257e-16     
4348.84636441     2.21325e-16     
4354.37001827     2.12318e-16     
4359.89367214     2.24782e-16     
4365.417326       2.23858e-16     
4370.94097987     2.41378e-16     
4376.46463373     2.31749e-16     
4381.9882876      2.11415e-16     
4387.51194146     2.34603e-16     
4393.03559533     2.37076e-16     
4398.55924919     2.31632e-16     
4404.08290306     2.19381e-16     
4409.60655692     2.40521e-16     
4415.13021079     2.38975e-16     
4420.65386465     2.29593e-16     
4426.17751852     2.52869e-16     
4431.70117238     2.50771e-16     
4437.22482625     2.24908e-16     
4442.74848011     2.45308e-16     
4448.27213398     2.45656e-16     
4453.79578784     2.36889e-16     
4459.31944171     2.57966e-16     
4464.84309557     2.34946e-16     
4470.36674944     2.43285e-16     
4475.8904033      2.29274e-16     
4481.41405717     2.26549e-16     
4486.93771103     2.59252e-16     
4492.4613649      2.44322e-16     
4497.98501876     2.61537e-16     
4503.50867263     2.81222e-16     
4509.03232649     2.85735e-16     
4514.55598036     2.87241e-16     
4520.07963423     2.56387e-16     
4525.60328809     2.65428e-16     
4531.12694196     2.52014e-16     
4536.65059582     2.31542e-16     
4542.17424969     2.40199e-16     
4547.69790355     2.26277e-16     
4553.22155742     2.38128e-16     
4558.74521128     2.26583e-16     
4564.26886515     2.21048e-16     
4569.79251901     2.40648e-16     
4575.31617288     2.22526e-16     
4580.83982674     2.21309e-16     
4586.36348061     2.33778e-16     
4591.88713447     2.13784e-16     
4597.41078834     2.02981e-16     
4602.9344422      2.11574e-16     
4608.45809607     2.22594e-16     
4613.98174993     2.19945e-16     
4619.5054038      1.99185e-16     
4625.02905766     2.00248e-16     
4630.55271153     1.90892e-16     
4636.07636539     2.02597e-16     
4641.60001926     2.2399e-16      
4647.12367312     2.06346e-16     
4652.64732699     2.13313e-16     
4658.17098085     2.00927e-16     
4663.69463472     2.02449e-16     
4669.21828858     2.02003e-16     
4674.74194245     2.11715e-16     
4680.26559631     2.0942e-16      
4685.78925018     1.92873e-16     
4691.31290404     2.04895e-16     
4696.83655791     1.8714e-16      
4702.36021177     1.87431e-16     
4707.88386564     1.91862e-16     
4713.4075195      2.06639e-16     
4718.93117337     2.14828e-16     
4724.45482723     2.02149e-16     
4729.9784811      2.12625e-16     
4735.50213496     2.08721e-16     
4741.02578883     2.00239e-16     
4746.54944269     1.98622e-16     
4752.07309656     2.01211e-16     
4757.59675042     2.04847e-16     
4763.12040429     1.98435e-16     
4768.64405815     1.98816e-16     
4774.16771202     2.00765e-16     
4779.69136588     1.97238e-16     
4785.21501975     1.83654e-16     
4790.73867362     1.86392e-16     
4796.26232748     2.00901e-16     
4801.78598135     2.01545e-16     
4807.30963521     1.75111e-16     
4812.83328908     1.9173e-16      
4818.35694294     1.72335e-16     
4823.88059681     1.92388e-16     
4829.40425067     1.73129e-16     
4834.92790454     1.9769e-16      
4840.4515584      1.82097e-16     
4845.97521227     1.89617e-16     
4851.49886613     1.82197e-16     
4857.02252        1.91079e-16     
4862.54617386     1.65663e-16     
4868.06982773     1.75077e-16     
4873.59348159     1.72745e-16     
4879.11713546     1.69143e-16     
4884.64078932     1.74888e-16     
4890.16444319     1.78712e-16     
4895.68809705     1.80824e-16     
4901.21175092     1.72273e-16     
4906.73540478     1.64236e-16     
4912.25905865     1.79463e-16     
4917.78271251     1.77588e-16     
4923.30636638     1.69884e-16     
4928.83002024     1.67979e-16     
4934.35367411     1.72972e-16     
4939.87732797     1.73772e-16     
4945.40098184     1.74353e-16     
4950.9246357      1.81125e-16     
4956.44828957     1.75258e-16     
4961.97194343     2.00554e-16     
4967.4955973      1.72175e-16     
4973.01925116     1.86647e-16     
4978.54290503     1.78075e-16     
4984.06655889     1.73786e-16     
4989.59021276     1.63499e-16     
4995.11386662     1.69965e-16     
5000.63752049     1.89156e-16     
5006.16117435     1.72225e-16     
5011.68482822     1.79132e-16     
5017.20848208     1.69578e-16     
5022.73213595     1.78371e-16     
5028.25578981     1.8296e-16      
5033.77944368     1.79681e-16     
5039.30309754     1.79705e-16     
5044.82675141     1.71651e-16     
5050.35040527     1.86435e-16     
5055.87405914     1.71494e-16     
5061.397713       1.74999e-16     
5066.92136687     1.72852e-16     
5072.44502074     1.63639e-16     
5077.9686746      1.71773e-16     
5083.49232847     1.69755e-16     
5089.01598233     1.85386e-16     
5094.5396362      1.67321e-16     
5100.06329006     1.77591e-16     
5105.58694393     1.7742e-16      
5111.11059779     1.62317e-16     
5116.63425166     1.82073e-16     
5122.15790552     1.73945e-16     
5127.68155939     1.68282e-16     
5133.20521325     1.82661e-16     
5138.72886712     1.60421e-16     
5144.25252098     1.80792e-16     
5149.77617485     1.83543e-16     
5155.29982871     1.7938e-16      
5160.82348258     1.70363e-16     
5166.34713644     1.71055e-16     
5171.87079031     1.70168e-16     
5177.39444417     1.83327e-16     
5182.91809804     1.61775e-16     
5188.4417519      1.8676e-16      
5193.96540577     1.61581e-16     
5199.48905963     1.79705e-16     
5205.0127135      1.56116e-16     
5210.53636736     1.7928e-16      
5216.06002123     1.71387e-16     
5221.58367509     1.8248e-16      
5227.10732896     1.73359e-16     
5232.63098282     1.75654e-16     
5238.15463669     1.7557e-16      
5243.67829055     1.57433e-16     
5249.20194442     1.60401e-16     
5254.72559828     1.70892e-16     
5260.24925215     1.69302e-16     
5265.77290601     1.43336e-16     
5271.29655988     1.64673e-16     
5276.82021374     1.61474e-16     
5282.34386761     1.71659e-16     
5287.86752147     1.66231e-16     
5293.39117534     1.55337e-16     
5298.9148292      1.7087e-16      
5304.43848307     1.59805e-16     
5309.96213693     1.58572e-16     
5315.4857908      1.62269e-16     
5321.00944466     1.47451e-16     
5326.53309853     1.60282e-16     
5332.05675239     1.51195e-16     
5337.58040626     1.62003e-16     
5343.10406012     1.59211e-16     
5348.62771399     1.50069e-16     
5354.15136786     1.63875e-16     
5359.67502172     1.49055e-16     
5365.19867559     1.56047e-16     
5370.72232945     1.55054e-16     
5376.24598332     1.67018e-16     
5381.76963718     1.62484e-16     
5387.29329105     1.67332e-16     
5392.81694491     1.62759e-16     
5398.34059878     1.57157e-16     
5403.86425264     1.422e-16       
5409.38790651     1.63248e-16     
5414.91156037     1.53844e-16     
5420.43521424     1.4795e-16      
5425.9588681      1.46507e-16     
5431.48252197     1.67907e-16     
5437.00617583     1.64317e-16     
5442.5298297      1.57085e-16     
5448.05348356     1.61348e-16     
5453.57713743     1.47021e-16     
5459.10079129     1.56207e-16     
5464.62444516     1.59716e-16     
5470.14809902     1.50678e-16     
5475.67175289     1.44352e-16     
5481.19540675     1.51742e-16     
5486.71906062     1.51929e-16     
5492.24271448     1.4608e-16      
5497.76636835     1.4802e-16      
5503.29002221     1.49607e-16     
5508.81367608     1.43672e-16     
5514.33732994     1.5401e-16      
5519.86098381     1.56078e-16     
5525.38463767     1.62544e-16     
5530.90829154     1.57428e-16     
5536.4319454      1.46773e-16     
5541.95559927     1.63972e-16     
5547.47925313     1.49417e-16     
5553.002907       1.48515e-16     
5558.52656086     1.51277e-16     
5564.05021473     1.56473e-16     
5569.57386859     1.55343e-16     
5575.09752246     1.51479e-16     
5580.62117632     1.50144e-16     
5586.14483019     1.34604e-16     
5591.66848405     1.55523e-16     
5597.19213792     1.5733e-16      
5602.71579178     1.40217e-16     
5608.23944565     1.40441e-16     
5613.76309951     1.46079e-16     
5619.28675338     1.50498e-16     
5624.81040724     1.37847e-16     
5630.33406111     1.45322e-16     
5635.85771498     1.66433e-16     
5641.38136884     1.50766e-16     
5646.90502271     1.46588e-16     
5652.42867657     1.46077e-16     
5657.95233044     1.30435e-16     
5663.4759843      1.48507e-16     
5668.99963817     1.47988e-16     
5674.52329203     1.56977e-16     
5680.0469459      1.41564e-16     
5685.57059976     1.40711e-16     
5691.09425363     1.27423e-16     
5696.61790749     1.38787e-16     
5702.14156136     1.35203e-16     
5707.66521522     1.36943e-16     
5713.18886909     1.29642e-16     
5718.71252295     1.34475e-16     
5724.23617682     1.45578e-16     
5729.75983068     1.29931e-16     
5735.28348455     1.45692e-16     
5740.80713841     1.32889e-16     
5746.33079228     1.40083e-16     
5751.85444614     1.29488e-16     
5757.37810001     1.36262e-16     
5762.90175387     1.37054e-16     
5768.42540774     1.47457e-16     
5773.9490616      1.3704e-16      
5779.47271547     1.40367e-16     
5784.99636933     1.43654e-16     
5790.5200232      1.36917e-16     
5796.04367706     1.31584e-16     
5801.56733093     1.36812e-16     
5807.09098479     1.34214e-16     
5812.61463866     1.32582e-16     
5818.13829252     1.37725e-16     
5823.66194639     1.35686e-16     
5829.18560025     1.47553e-16     
5834.70925412     1.30864e-16     
5840.23290798     1.47485e-16     
5845.75656185     1.30353e-16     
5851.28021571     1.41739e-16     
5856.80386958     1.33048e-16     
5862.32752344     1.39342e-16     
5867.85117731     1.18691e-16     
5873.37483117     1.41061e-16     
5878.89848504     1.39491e-16     
5884.4221389      1.25862e-16     
5889.94579277     1.19478e-16     
5895.46944663     1.24602e-16     
5900.9931005      1.27822e-16     
5906.51675436     1.1992e-16      
5912.04040823     1.336e-16       
5917.5640621      1.3418e-16      
5923.08771596     1.25633e-16     
5928.61136983     1.20494e-16     
5934.13502369     1.33623e-16     
5939.65867756     1.28721e-16     
5945.18233142     1.31621e-16     
5950.70598529     1.26082e-16     
5956.22963915     1.37041e-16     
5961.75329302     1.23916e-16     
5967.27694688     1.19088e-16     
5972.80060075     1.29924e-16     
5978.32425461     1.36212e-16     
5983.84790848     1.3794e-16      
5989.37156234     1.44047e-16     
5994.89521621     1.75161e-16     
6000.41887007     1.73107e-16     
6005.94252394     1.81383e-16     
6011.4661778      1.75528e-16     
6016.98983167     1.37578e-16     
6022.51348553     1.24745e-16     
6028.0371394      1.4358e-16      
6033.56079326     1.26385e-16     
6039.08444713     1.24634e-16     
6044.60810099     1.22624e-16     
6050.13175486     1.25025e-16     
6055.65540872     1.32254e-16     
6061.17906259     1.3059e-16      
6066.70271645     1.32017e-16     
6072.22637032     1.25881e-16     
6077.75002418     1.29907e-16     
6083.27367805     1.27595e-16     
6088.79733191     1.17894e-16     
6094.32098578     1.20003e-16     
6099.84463964     1.23378e-16     
6105.36829351     1.16399e-16     
6110.89194737     1.1131e-16      
6116.41560124     1.22785e-16     
6121.9392551      1.16928e-16     
6127.46290897     1.06059e-16     
6132.98656283     1.12946e-16     
6138.5102167      1.11647e-16     
6144.03387056     1.27067e-16     
6149.55752443     1.20974e-16     
6155.08117829     1.24907e-16     
6160.60483216     1.38587e-16     
6166.12848602     1.17005e-16     
6171.65213989     1.14616e-16     
6177.17579375     1.16467e-16     
6182.69944762     1.15761e-16     
6188.22310148     1.3136e-16      
6193.74675535     1.28825e-16     
6199.27040922     1.34071e-16     
6204.79406308     1.33852e-16     
6210.31771695     1.32904e-16     
6215.84137081     1.26532e-16     
6221.36502468     1.32209e-16     
6226.88867854     1.29555e-16     
6232.41233241     1.32114e-16     
6237.93598627     1.25909e-16     
6243.45964014     1.18149e-16     
6248.983294       1.1649e-16      
6254.50694787     1.34669e-16     
6260.03060173     1.24568e-16     
6265.5542556      1.20488e-16     
6271.07790946     1.02852e-16     
6276.60156333     1.11548e-16     
6282.12521719     1.04048e-16     
6287.64887106     1.17024e-16     
6293.17252492     1.17428e-16     
6298.69617879     1.21744e-16     
6304.21983265     1.39723e-16     
6309.74348652     1.11735e-16     
6315.26714038     1.17048e-16     
6320.79079425     1.0484e-16      
6326.31444811     1.0896e-16      
6331.83810198     1.2598e-16      
6337.36175584     1.25345e-16     
6342.88540971     1.21858e-16     
6348.40906357     1.11532e-16     
6353.93271744     1.14658e-16     
6359.4563713      1.28475e-16     
6364.98002517     1.29072e-16     
6370.50367903     1.07994e-16     
6376.0273329      1.0724e-16      
6381.55098676     1.19484e-16     
6387.07464063     1.09246e-16     
6392.59829449     1.11251e-16     
6398.12194836     1.06503e-16     
6403.64560222     1.16534e-16     
6409.16925609     1.13989e-16     
6414.69290995     1.13588e-16     
6420.21656382     1.06334e-16     
6425.74021768     1.05277e-16     
6431.26387155     1.00478e-16     
6436.78752541     1.10883e-16     
6442.31117928     1.12896e-16     
6447.83483314     1.04779e-16     
6453.35848701     1.12236e-16     
6458.88214087     1.10557e-16     
6464.40579474     1.01538e-16     
6469.92944861     1.17335e-16     
6475.45310247     1.14251e-16     
6480.97675634     1.04726e-16     
6486.5004102      1.09244e-16     
6492.02406407     1.11912e-16     
6497.54771793     1.23365e-16     
6503.0713718      1.17403e-16     
6508.59502566     1.15321e-16     
6514.11867953     1.04234e-16     
6519.64233339     1.06115e-16     
6525.16598726     1.10138e-16     
6530.68964112     1.08959e-16     
6536.21329499     1.06598e-16     
6541.73694885     9.94246e-17     
6547.26060272     1.18344e-16     
6552.78425658     1.09839e-16     
6558.30791045     1.02308e-16     
6563.83156431     1.13356e-16     
6569.35521818     1.04172e-16     
6574.87887204     1.08811e-16     
6580.40252591     1.10689e-16     
6585.92617977     1.13927e-16     
6591.44983364     1.14897e-16     
6596.9734875      1.14799e-16     
6602.49714137     1.15265e-16     
6608.02079523     1.14364e-16     
6613.5444491      1.02191e-16     
6619.06810296     1.06751e-16     
6624.59175683     1.09681e-16     
6630.11541069     1.00999e-16     
6635.63906456     9.9545e-17      
6641.16271842     1.10151e-16     
6646.68637229     1.16805e-16     
6652.21002615     1.07131e-16     
6657.73368002     1.01322e-16     
6663.25733388     1.06641e-16     
6668.78098775     1.11348e-16     
6674.30464161     1.03341e-16     
6679.82829548     1.03371e-16     
6685.35194934     1.06529e-16     
6690.87560321     1.11018e-16     
6696.39925707     1.11178e-16     
6701.92291094     9.81667e-17     
6707.4465648      9.97153e-17     
6712.97021867     1.04805e-16     
6718.49387253     1.1412e-16      
6724.0175264      1.13321e-16     
6729.54118026     1.02928e-16     
6735.06483413     1.01809e-16     
6740.58848799     1.09875e-16     
6746.11214186     1.06266e-16     
6751.63579573     1.08763e-16     
6757.15944959     1.22968e-16     
6762.68310346     1.08642e-16     
6768.20675732     1.02331e-16     
6773.73041119     1.11569e-16     
6779.25406505     1.01655e-16     
6784.77771892     1.07999e-16     
6790.30137278     1.04886e-16     
6795.82502665     1.00726e-16     
6801.34868051     9.52041e-17     
6806.87233438     1.06147e-16     
6812.39598824     1.09524e-16     
6817.91964211     1.08233e-16     
6823.44329597     1.04763e-16     
6828.96694984     1.08944e-16     
6834.4906037      1.16977e-16     
6840.01425757     9.98997e-17     
6845.53791143     1.13071e-16     
6851.0615653      1.07133e-16     
6856.58521916     1.08089e-16     
6862.10887303     1.02958e-16     
6867.63252689     9.48301e-17     
6873.15618076     1.08623e-16     
6878.67983462     1.05014e-16     
6884.20348849     9.59451e-17     
6889.72714235     9.70844e-17     
6895.25079622     1.00294e-16     
6900.77445008     1.06391e-16     
6906.29810395     1.07258e-16     
6911.82175781     9.86319e-17     
6917.34541168     9.68265e-17     
6922.86906554     1.04863e-16     
6928.39271941     1.06433e-16     
6933.91637327     9.80823e-17     
6939.44002714     1.1218e-16      
6944.963681       1.18645e-16     
6950.48733487     1.12428e-16     
6956.01098873     1.09142e-16     
6961.5346426      1.10725e-16     
6967.05829646     1.08376e-16     
6972.58195033     1.06361e-16     
6978.10560419     1.10884e-16     
6983.62925806     1.16405e-16     
6989.15291192     1.0722e-16      
6994.67656579     1.14943e-16     
7000.20021965     1.21297e-16     
7005.72387352     1.15433e-16     
7011.24752738     1.04231e-16     
7016.77118125     1.0939e-16      
7022.29483511     1.07507e-16     
7027.81848898     1.02129e-16     
7033.34214285     9.64912e-17     
7038.86579671     1.11572e-16     
7044.38945058     9.83714e-17     
7049.91310444     9.916e-17       
7055.43675831     1.0739e-16      
7060.96041217     9.55108e-17     
7066.48406604     9.46489e-17     
7072.0077199      1.02823e-16     
7077.53137377     1.0309e-16      
7083.05502763     1.07569e-16     
7088.5786815      1.0705e-16      
7094.10233536     1.01855e-16     
7099.62598923     9.76788e-17     
7105.14964309     9.70195e-17     
7110.67329696     1.00915e-16     
7116.19695082     9.90136e-17     
7121.72060469     1.05238e-16     
7127.24425855     9.23682e-17     
7132.76791242     9.04797e-17     
7138.29156628     1.06808e-16     
7143.81522015     1.04924e-16     
7149.33887401     9.79151e-17     
7154.86252788     1.03891e-16     
7160.38618174     9.55792e-17     
7165.90983561     1.13084e-16     
7171.43348947     9.38809e-17     
7176.95714334     1.07843e-16     
7182.4807972      9.83996e-17     
7188.00445107     9.56633e-17     
7193.52810493     1.02956e-16     
7199.0517588      8.43451e-17     
7204.57541266     9.443e-17       
7210.09906653     9.66309e-17     
7215.62272039     1.01649e-16     
7221.14637426     9.972e-17       
7226.67002812     8.93825e-17     
7232.19368199     8.70468e-17     
7237.71733585     8.92531e-17     
7243.24098972     9.97407e-17     
7248.76464358     9.89151e-17     
7254.28829745     9.85132e-17     
7259.81195131     9.48792e-17     
7265.33560518     1.07494e-16     
7270.85925904     9.18305e-17     
7276.38291291     1.09291e-16     
7281.90656677     1.06728e-16     
7287.43022064     9.03411e-17     
7292.9538745      1.0324e-16      
7298.47752837     1.11697e-16     
7304.00118223     1.02501e-16     
7309.5248361      9.9257e-17      
7315.04848997     9.00815e-17     
7320.57214383     8.90146e-17     
7326.0957977      9.0527e-17      
7331.61945156     1.11229e-16     
7337.14310543     1.05279e-16     
7342.66675929     9.25134e-17     
7348.19041316     8.32453e-17     
7353.71406702     8.63893e-17     
7359.23772089     1.06837e-16     
7364.76137475     9.67525e-17     
7370.28502862     8.49949e-17     
7375.80868248     9.63175e-17     
7381.33233635     9.81451e-17     
7386.85599021     1.07268e-16     
7392.37964408     1.04251e-16     
7397.90329794     9.60896e-17     
7403.42695181     1.00537e-16     
7408.95060567     8.85138e-17     
7414.47425954     9.54417e-17     
7419.9979134      9.7621e-17      
7425.52156727     1.02544e-16     
7431.04522113     9.0805e-17      
7436.568875       7.76326e-17     
7442.09252886     8.44321e-17     
7447.61618273     9.20818e-17     
7453.13983659     9.95338e-17     
7458.66349046     8.33638e-17     
7464.18714432     9.57752e-17     
7469.71079819     9.06714e-17     
7475.23445205     8.91481e-17     
7480.75810592     8.9156e-17      
7486.28175978     8.57638e-17     
7491.80541365     8.75572e-17     
7497.32906751     9.28721e-17     
7502.85272138     8.78492e-17     
7508.37637524     7.93611e-17     
7513.90002911     9.53561e-17     
7519.42368297     9.20912e-17     
7524.94733684     8.3471e-17      
7530.4709907      8.299e-17       
7535.99464457     9.10235e-17     
7541.51829843     8.9282e-17      
7547.0419523      8.49531e-17     
7552.56560616     9.04388e-17     
7558.08926003     7.53286e-17     
7563.61291389     8.51881e-17     
7569.13656776     8.16082e-17     
7574.66022162     8.08636e-17     
7580.18387549     8.92014e-17     
7585.70752935     8.24746e-17     
7591.23118322     8.23187e-17     
7596.75483709     5.13327e-17     
7602.27849095     7.77649e-17     
7607.80214482     5.23379e-17     
7613.32579868     6.21478e-17     
7618.84945255     8.32608e-17     
7624.37310641     6.50347e-17     
7629.89676028     6.68901e-17     
7635.42041414     7.52189e-17     
7640.94406801     7.09953e-17     
7646.46772187     7.38028e-17     
7651.99137574     8.43439e-17     
7657.5150296      8.95923e-17     
7663.03868347     7.09703e-17     
7668.56233733     5.79932e-17     
7674.0859912      7.2117e-17      
7679.60964506     8.24826e-17     
7685.13329893     8.48976e-17     
7690.65695279     8.55729e-17     
7696.18060666     8.49464e-17     
7701.70426052     8.57984e-17     
7707.22791439     7.21247e-17     
7712.75156825     8.90975e-17     
7718.27522212     9.90995e-17     
7723.79887598     9.29732e-17     
7729.32252985     8.63774e-17     
7734.84618371     8.61898e-17     
7740.36983758     7.70684e-17     
7745.89349144     6.86495e-17     
7751.41714531     9.44121e-17     
7756.94079917     1.02731e-16     
7762.46445304     8.23331e-17     
7767.9881069      8.43595e-17     
7773.51176077     7.82125e-17     
7779.03541463     8.38124e-17     
7784.5590685      8.57921e-17     
7790.08272236     9.66878e-17     
7795.60637623     1.01921e-16     
7801.13003009     9.87591e-17     
7806.65368396     8.92734e-17     
7812.17733782     7.83033e-17     
7817.70099169     9.79917e-17     
7823.22464555     1.03636e-16     
7828.74829942     1.21292e-16     
7834.27195328     1.15718e-16     
7839.79560715     1.17362e-16     
7845.31926101     1.14523e-16     
7850.84291488     7.59046e-17     
7856.36656874     8.8492e-17      
7861.89022261     8.77468e-17     
7867.41387647     1.07052e-16     
7872.93753034     7.39263e-17     
7878.46118421     7.29688e-17     
7883.98483807     7.36841e-17     
7889.50849194     7.52789e-17     
7895.0321458      7.1184e-17      
7900.55579967     8.09133e-17     
7906.07945353     7.98129e-17     
7911.6031074      5.79043e-17     
7917.12676126     6.77581e-17     
7922.65041513     7.25741e-17     
7928.17406899     6.65451e-17     
7933.69772286     9.01928e-17     
7939.22137672     9.33372e-17     
7944.74503059     6.99985e-17     
7950.26868445     7.77214e-17     
7955.79233832     7.91548e-17     
7961.31599218     8.18838e-17     
7966.83964605     8.23331e-17     
7972.36329991     8.64882e-17     
7977.88695378     7.86623e-17     
7983.41060764     8.26723e-17     
7988.93426151     8.81107e-17     
7994.45791537     8.3294e-17      
7999.98156924     1.03267e-16     
8005.5052231      8.96189e-17     
8011.02887697     6.93626e-17     
8016.55253083     7.13117e-17     
8022.0761847      6.40806e-17     
8027.59983856     7.41161e-17     
8033.12349243     8.2475e-17      
8038.64714629     7.29984e-17     
8044.17080016     7.69471e-17     
8049.69445402     8.67054e-17     
8055.21810789     7.12326e-17     
8060.74176175     7.26239e-17     
8066.26541562     9.25177e-17     
8071.78906948     9.51707e-17     
8077.31272335     1.02673e-16     
8082.83637721     1.03608e-16     
8088.36003108     7.67921e-17     
8093.88368494     5.98337e-17     
8099.40733881     6.99643e-17     
8104.93099267     6.83637e-17     
8110.45464654     8.48465e-17     
8115.9783004      7.74174e-17     
8121.50195427     8.97473e-17     
8127.02560813     5.21626e-17     
8132.549262       6.53234e-17     
8138.07291586     5.69555e-17     
8143.59656973     6.66038e-17     
8149.12022359     8.79254e-17     
8154.64387746     9.81012e-17     
8160.16753133     7.00528e-17     
8165.69118519     4.78335e-17     
8171.21483906     5.40577e-17     
8176.73849292     6.60024e-17     
8182.26214679     7.01944e-17     
8187.78580065     7.4304e-17      
8193.30945452     6.40683e-17     
8198.83310838     6.02899e-17     
8204.35676225     6.43421e-17     
8209.88041611     6.1986e-17      
8215.40406998     6.93695e-17     
8220.92772384     8.92764e-17     
8226.45137771     8.41716e-17     
8231.97503157     6.31143e-17     
8237.49868544     6.19921e-17     
8243.0223393      7.70775e-17     
8248.54599317     6.96308e-17     
8254.06964703     7.29378e-17     
8259.5933009      7.92092e-17     
8265.11695476     6.82686e-17     
8270.64060863     8.02606e-17     
8276.16426249     8.25402e-17     
8281.68791636     7.56723e-17     
8287.21157022     7.71369e-17     
8292.73522409     8.10842e-17     
8298.25887795     6.92457e-17     
8303.78253182     6.36086e-17     
8309.30618568     6.85898e-17     
8314.82983955     6.76467e-17     
8320.35349341     5.47496e-17     
8325.87714728     7.79129e-17     
8331.40080114     8.23741e-17     
8336.92445501     6.22811e-17     
8342.44810887     7.06071e-17     
8347.97176274     7.45239e-17     
8353.4954166      5.615e-17       
8359.01907047     4.97784e-17     
8364.54272433     7.514e-17       
8370.0663782      8.02367e-17     
8375.59003206     7.07265e-17     
8381.11368593     7.80463e-17     
8386.63733979     7.35333e-17     
8392.16099366     5.68443e-17     
8397.68464752     6.17575e-17     
8403.20830139     9.15549e-17     
8408.73195525     7.92918e-17     
8414.25560912     6.87015e-17     
8419.77926298     8.40792e-17     
8425.30291685     7.18614e-17     
8430.82657072     6.52513e-17     
8436.35022458     8.29983e-17     
8441.87387845     8.29571e-17     
8447.39753231     8.47843e-17     
8452.92118618     8.57871e-17     
8458.44484004     7.08822e-17     
8463.96849391     5.77398e-17     
8469.49214777     6.77001e-17     
8475.01580164     7.01568e-17     
8480.5394555      7.64172e-17     
8486.06310937     7.27036e-17     
8491.58676323     6.04525e-17     
8497.1104171      6.44813e-17     
8502.63407096     7.59834e-17     
8508.15772483     6.4029e-17      
8513.68137869     5.71594e-17     
8519.20503256     6.58169e-17     
8524.72868642     6.75506e-17     
8530.25234029     6.27044e-17     
8535.77599415     5.67744e-17     
8541.29964802     6.16442e-17     
8546.82330188     6.6552e-17      
8552.34695575     9.02458e-17     
8557.87060961     8.75333e-17     
8563.39426348     6.04502e-17     
8568.91791734     6.64631e-17     
8574.44157121     6.93211e-17     
8579.96522507     5.44132e-17     
8585.48887894     5.81636e-17     
8591.0125328      6.03715e-17     
8596.53618667     8.24726e-17     
8602.05984053     7.4352e-17      
8607.5834944      7.88312e-17     
8613.10714826     8.38669e-17     
8618.63080213     6.3716e-17      
8624.15445599     7.10236e-17     
8629.67810986     9.66035e-17     
8635.20176372     7.75415e-17     
8640.72541759     6.72309e-17     
8646.24907145     8.11805e-17     
8651.77272532     7.11135e-17     
8657.29637918     7.53744e-17     
8662.82003305     6.68371e-17     
8668.34368691     5.14331e-17     
8673.86734078     5.17223e-17     
8679.39099464     5.71879e-17     
8684.91464851     6.756e-17       
8690.43830237     5.48564e-17     
8695.96195624     5.985e-17       
8701.4856101      6.70793e-17     
8707.00926397     5.70765e-17     
8712.53291784     7.34685e-17     
8718.0565717      8.05345e-17     
8723.58022557     5.86873e-17     
8729.10387943     6.77572e-17     
8734.6275333      7.88807e-17     
8740.15118716     6.09695e-17     
8745.67484103     6.58136e-17     
8751.19849489     7.53031e-17     
8756.72214876     8.61406e-17     
8762.24580262     6.70699e-17     
8767.76945649     6.0269e-17      
8773.29311035     5.3245e-17      
8778.81676422     6.90782e-17     
8784.34041808     6.44431e-17     
8789.86407195     8.05073e-17     
8795.38772581     6.04049e-17     
8800.91137968     4.16191e-17     
8806.43503354     5.89665e-17     
8811.95868741     5.61495e-17     
8817.48234127     6.62793e-17     
8823.00599514     5.91794e-17     
8828.529649       7.04628e-17     
8834.05330287     8.12775e-17     
8839.57695673     5.35546e-17     
8845.1006106      4.99807e-17     
8850.62426446     5.76982e-17     
8856.14791833     5.47856e-17     
8861.67157219     6.11855e-17     
8867.19522606     7.54565e-17     
8872.71887992     6.67253e-17     
8878.24253379     6.31675e-17     
8883.76618765     3.92412e-17     
8889.28984152     6.3955e-17      
8894.81349538     4.33472e-17     
8900.33714925     7.13333e-17     
8905.86080311     6.10989e-17     
8911.38445698     7.10508e-17     
8916.90811084     6.26406e-17     
8922.43176471     5.86933e-17     
8927.95541857     5.22215e-17     
8933.47907244     7.60216e-17     
8939.0027263      6.05457e-17     
8944.52638017     6.56039e-17     
8950.05003403     6.38809e-17     
8955.5736879      5.54443e-17     
8961.09734176     4.7249e-17      
8966.62099563     5.57193e-17     
8972.14464949     6.68824e-17     
8977.66830336     6.18813e-17     
8983.19195722     5.94107e-17     
8988.71561109     5.99929e-17     
8994.23926496     4.21784e-17     
8999.76291882     5.26591e-17     
9005.28657269     7.24359e-17     
9010.81022655     7.69591e-17     
9016.33388042     7.44295e-17     
9021.85753428     3.25231e-17     
9027.38118815     4.55966e-17     
9032.90484201     5.74788e-17     
9038.42849588     5.83471e-17     
9043.95214974     5.37115e-17     
9049.47580361     7.33464e-17     
9054.99945747     6.42666e-17     
9060.52311134     4.92699e-17     
9066.0467652      3.95472e-17     
9071.57041907     6.08435e-17     
9077.09407293     5.31798e-17     
9082.6177268      5.88753e-17     
9088.14138066     4.04585e-17     
9093.66503453     4.95005e-17     
9099.18868839     7.5224e-17      
9104.71234226     6.6148e-17      
9110.23599612     4.47571e-17     
9115.75964999     5.30824e-17     
9121.28330385     5.31949e-17     
9126.80695772     4.3929e-17      
9132.33061158     6.26418e-17     
9137.85426545     9.3491e-17      
9143.37791931     6.00082e-17     
9148.90157318     4.76814e-17     
9154.42522704     4.51668e-17     
9159.94888091     5.57019e-17     
9165.47253477     6.93141e-17     
9170.99618864     3.24419e-17     
9176.5198425      2.09453e-17     
9182.04349637     3.84486e-17     
9187.56715023     3.21044e-17     
9193.0908041      5.53188e-17     
9198.61445796     5.48384e-17     
9204.13811183     5.67712e-17     
9209.66176569     6.63394e-17     
9215.18541956     5.84249e-17     
9220.70907342     4.76396e-17     
9226.23272729     4.36453e-17     
9231.75638115     7.59696e-17     
9237.28003502     6.14418e-17     
9242.80368888     4.00201e-17     
9248.32734275     7.04485e-17     
9253.85099661     4.65624e-17     
9259.37465048     5.23304e-17     
9264.89830434     4.60486e-17     
9270.42195821     7.10906e-17     
