3668.92721391     2.11585e-17     
3674.45078663     3.67195e-17     
3679.97435936     2.61695e-17     
3685.49793208     2.99202e-17     
3691.0215048      2.67689e-17     
3696.54507752     2.78423e-17     
3702.06865025     2.29139e-17     
3707.59222297     2.03775e-17     
3713.11579569     2.79295e-18     
3718.63936842     1.59311e-17     
3724.16294114     1.68343e-17     
3729.68651386     7.62554e-18     
3735.21008658     2.76188e-17     
3740.73365931     2.85816e-17     
3746.25723203     2.17844e-17     
3751.78080475     1.41547e-17     
3757.30437748     2.38551e-17     
3762.8279502      2.87039e-17     
3768.35152292     2.55617e-17     
3773.87509564     9.65471e-18     
3779.39866837     2.2319e-17      
3784.92224109     2.81863e-17     
3790.44581381     1.83813e-17     
3795.96938654     1.95039e-17     
3801.49295926     2.52321e-17     
3807.01653198     1.56034e-17     
3812.5401047      1.65623e-17     
3818.06367743     2.28941e-17     
3823.58725015     2.61355e-17     
3829.11082287     2.45023e-17     
3834.63439559     1.96751e-17     
3840.15796832     4.30006e-18     
3845.68154104     1.63808e-17     
3851.20511376     2.59546e-17     
3856.72868649     2.53173e-17     
3862.25225921     2.11277e-17     
3867.77583193     1.64858e-17     
3873.29940465     2.00575e-17     
3878.82297738     2.3641e-17      
3884.3465501      2.23635e-17     
3889.87012282     2.232e-17       
3895.39369555     2.80879e-17     
3900.91726827     2.93674e-17     
3906.44084099     1.23994e-17     
3911.96441371     2.2827e-17      
3917.48798644     3.49431e-17     
3923.01155916     3.1669e-17      
3928.53513188     2.64876e-17     
3934.05870461     2.74379e-17     
3939.58227733     1.97097e-17     
3945.10585005     2.91832e-17     
3950.62942277     2.4583e-17      
3956.1529955      2.39125e-17     
3961.67656822     2.23047e-17     
3967.20014094     2.48004e-17     
3972.72371367     2.01246e-17     
3978.24728639     2.22207e-17     
3983.77085911     2.45361e-17     
3989.29443183     2.80604e-17     
3994.81800456     2.47396e-17     
4000.34157728     1.94642e-17     
4005.86515        1.62346e-17     
4011.38872273     1.68151e-17     
4016.91229545     2.50868e-17     
4022.43586817     3.08209e-17     
4027.95944089     2.85122e-17     
4033.48301362     2.69619e-17     
4039.00658634     2.91273e-17     
4044.53015906     2.1777e-17      
4050.05373179     2.37433e-17     
4055.57730451     3.18371e-17     
4061.10087723     1.97999e-17     
4066.62444995     1.78987e-17     
4072.14802268     2.33793e-17     
4077.6715954      2.75434e-17     
4083.19516812     2.5025e-17      
4088.71874085     1.59397e-17     
4094.24231357     2.95038e-17     
4099.76588629     2.78491e-17     
4105.28945901     2.83567e-17     
4110.81303174     2.66083e-17     
4116.33660446     2.29592e-17     
4121.86017718     1.97413e-17     
4127.3837499      2.19746e-17     
4132.90732263     2.68824e-17     
4138.43089535     2.04951e-17     
4143.95446807     2.44553e-17     
4149.4780408      2.04912e-17     
4155.00161352     2.99493e-17     
4160.52518624     2.34069e-17     
4166.04875896     2.23674e-17     
4171.57233169     2.29278e-17     
4177.09590441     2.02593e-17     
4182.61947713     3.20368e-17     
4188.14304986     2.78828e-17     
4193.66662258     2.54722e-17     
4199.1901953      2.69641e-17     
4204.71376802     3.10323e-17     
4210.23734075     2.56724e-17     
4215.76091347     3.30772e-17     
4221.28448619     1.84147e-17     
4226.80805892     2.15891e-17     
4232.33163164     2.2493e-17      
4237.85520436     2.44151e-17     
4243.37877708     2.9439e-17      
4248.90234981     2.17643e-17     
4254.42592253     1.80235e-17     
4259.94949525     2.17607e-17     
4265.47306798     2.59921e-17     
4270.9966407      2.69569e-17     
4276.52021342     2.31691e-17     
4282.04378614     2.25994e-17     
4287.56735887     1.89858e-17     
4293.09093159     2.03966e-17     
4298.61450431     2.64387e-17     
4304.13807704     3.16749e-17     
4309.66164976     2.75541e-17     
4315.18522248     2.75036e-17     
4320.7087952      2.36293e-17     
4326.23236793     2.29235e-17     
4331.75594065     2.33817e-17     
4337.27951337     2.66804e-17     
4342.8030861      2.01068e-17     
4348.32665882     2.31819e-17     
4353.85023154     2.11489e-17     
4359.37380426     2.83071e-17     
4364.89737699     3.13016e-17     
4370.42094971     2.81835e-17     
4375.94452243     2.43862e-17     
4381.46809516     2.0911e-17      
4386.99166788     2.89292e-17     
4392.5152406      2.4391e-17      
4398.03881332     2.57393e-17     
4403.56238605     2.11168e-17     
4409.08595877     2.34118e-17     
4414.60953149     2.81999e-17     
4420.13310421     1.80255e-17     
4425.65667694     2.65299e-17     
4431.18024966     2.54904e-17     
4436.70382238     1.83621e-17     
4442.22739511     2.04413e-17     
4447.75096783     2.06072e-17     
4453.27454055     2.5143e-17      
4458.79811327     2.65294e-17     
4464.321686       2.605e-17       
4469.84525872     2.70338e-17     
4475.36883144     1.72518e-17     
4480.89240417     2.48744e-17     
4486.41597689     3.46048e-17     
4491.93954961     2.48305e-17     
4497.46312233     2.365e-17       
4502.98669506     2.73664e-17     
4508.51026778     2.71409e-17     
4514.0338405      1.98627e-17     
4519.55741323     3.10521e-17     
4525.08098595     3.27483e-17     
4530.60455867     2.93038e-17     
4536.12813139     2.96023e-17     
4541.65170412     3.1407e-17      
4547.17527684     2.52388e-17     
4552.69884956     1.75415e-17     
4558.22242229     2.6311e-17      
4563.74599501     2.85788e-17     
4569.26956773     2.28433e-17     
4574.79314045     3.22647e-17     
4580.31671318     2.63867e-17     
4585.8402859      2.66789e-17     
4591.36385862     2.19899e-17     
4596.88743135     2.99082e-17     
4602.41100407     2.62323e-17     
4607.93457679     2.86934e-17     
4613.45814951     2.76932e-17     
4618.98172224     2.25256e-17     
4624.50529496     2.76026e-17     
4630.02886768     2.70542e-17     
4635.55244041     2.51735e-17     
4641.07601313     2.54085e-17     
4646.59958585     1.99589e-17     
4652.12315857     2.80559e-17     
4657.6467313      2.75381e-17     
4663.17030402     2.87269e-17     
4668.69387674     2.8136e-17      
4674.21744947     2.35061e-17     
4679.74102219     2.50164e-17     
4685.26459491     2.27072e-17     
4690.78816763     2.50886e-17     
4696.31174036     2.39047e-17     
4701.83531308     2.79923e-17     
4707.3588858      1.68146e-17     
4712.88245852     2.26711e-17     
4718.40603125     2.97272e-17     
4723.92960397     2.70132e-17     
4729.45317669     2.87463e-17     
4734.97674942     2.11088e-17     
4740.50032214     2.35208e-17     
4746.02389486     2.53025e-17     
4751.54746758     2.82608e-17     
4757.07104031     2.22465e-17     
4762.59461303     2.66986e-17     
4768.11818575     2.46135e-17     
4773.64175848     2.25882e-17     
4779.1653312      2.38728e-17     
4784.68890392     2.27327e-17     
4790.21247664     2.19728e-17     
4795.73604937     2.49372e-17     
4801.25962209     2.29588e-17     
4806.78319481     2.0872e-17      
4812.30676754     2.50824e-17     
4817.83034026     2.23123e-17     
4823.35391298     2.11738e-17     
4828.8774857      2.26962e-17     
4834.40105843     2.68099e-17     
4839.92463115     2.82842e-17     
4845.44820387     2.67977e-17     
4850.9717766      2.56697e-17     
4856.49534932     2.59859e-17     
4862.01892204     2.5138e-17      
4867.54249476     2.08324e-17     
4873.06606749     2.68979e-17     
4878.58964021     2.36036e-17     
4884.11321293     2.13356e-17     
4889.63678566     2.81484e-17     
4895.16035838     2.61882e-17     
4900.6839311      2.45298e-17     
4906.20750382     2.63339e-17     
4911.73107655     2.81802e-17     
4917.25464927     2.38075e-17     
4922.77822199     1.94666e-17     
4928.30179472     1.99081e-17     
4933.82536744     2.10419e-17     
4939.34894016     2.16291e-17     
4944.87251288     2.55452e-17     
4950.39608561     1.76204e-17     
4955.91965833     2.11924e-17     
4961.44323105     2.68696e-17     
4966.96680378     2.4053e-17      
4972.4903765      2.38037e-17     
4978.01394922     1.86568e-17     
4983.53752194     2.03071e-17     
4989.06109467     2.9107e-17      
4994.58466739     2.06894e-17     
5000.10824011     2.17377e-17     
5005.63181283     2.22709e-17     
5011.15538556     2.42392e-17     
5016.67895828     2.11638e-17     
5022.202531       2.40314e-17     
5027.72610373     2.13032e-17     
5033.24967645     2.59294e-17     
5038.77324917     2.02368e-17     
5044.29682189     2.04324e-17     
5049.82039462     2.53222e-17     
5055.34396734     1.95268e-17     
5060.86754006     2.00327e-17     
5066.39111279     2.21484e-17     
5071.91468551     2.26635e-17     
5077.43825823     2.43915e-17     
5082.96183095     2.66249e-17     
5088.48540368     2.22088e-17     
5094.0089764      2.29884e-17     
5099.53254912     2.41747e-17     
5105.05612185     2.08488e-17     
5110.57969457     2.28862e-17     
5116.10326729     2.05194e-17     
5121.62684001     2.08139e-17     
5127.15041274     2.47818e-17     
5132.67398546     2.64505e-17     
5138.19755818     2.11008e-17     
5143.72113091     1.99302e-17     
5149.24470363     2.38466e-17     
5154.76827635     2.25274e-17     
5160.29184907     2.21034e-17     
5165.8154218      1.89761e-17     
5171.33899452     1.66894e-17     
5176.86256724     2.57526e-17     
5182.38613997     2.324e-17       
5187.90971269     2.41843e-17     
5193.43328541     2.4321e-17      
5198.95685813     3.04581e-17     
5204.48043086     2.48658e-17     
5210.00400358     2.57307e-17     
5215.5275763      2.10207e-17     
5221.05114903     2.18886e-17     
5226.57472175     2.20724e-17     
5232.09829447     2.24104e-17     
5237.62186719     2.08413e-17     
5243.14543992     2.23252e-17     
5248.66901264     2.01228e-17     
5254.19258536     2.11584e-17     
5259.71615809     2.68801e-17     
5265.23973081     2.46694e-17     
5270.76330353     1.7315e-17      
5276.28687625     2.28086e-17     
5281.81044898     1.93565e-17     
5287.3340217      2.02115e-17     
5292.85759442     1.89116e-17     
5298.38116714     2.81943e-17     
5303.90473987     2.50794e-17     
5309.42831259     2.22704e-17     
5314.95188531     2.14783e-17     
5320.47545804     2.20847e-17     
5325.99903076     1.8736e-17      
5331.52260348     2.15335e-17     
5337.0461762      1.898e-17       
5342.56974893     2.31256e-17     
5348.09332165     2.33806e-17     
5353.61689437     2.19002e-17     
5359.1404671      2.104e-17       
5364.66403982     2.66923e-17     
5370.18761254     2.14901e-17     
5375.71118526     2.12276e-17     
5381.23475799     2.31652e-17     
5386.75833071     2.36555e-17     
5392.28190343     2.41107e-17     
5397.80547616     2.11925e-17     
5403.32904888     2.53634e-17     
5408.8526216      2.48014e-17     
5414.37619432     2.5433e-17      
5419.89976705     2.31761e-17     
5425.42333977     2.6655e-17      
5430.94691249     2.219e-17       
5436.47048522     2.46407e-17     
5441.99405794     2.70609e-17     
5447.51763066     2.41458e-17     
5453.04120338     2.12577e-17     
5458.56477611     2.52765e-17     
5464.08834883     1.89869e-17     
5469.61192155     2.33762e-17     
5475.13549428     2.63595e-17     
5480.659067       2.24226e-17     
5486.18263972     2.26836e-17     
5491.70621244     2.50398e-17     
5497.22978517     2.42633e-17     
5502.75335789     2.6218e-17      
5508.27693061     1.88007e-17     
5513.80050334     2.00942e-17     
5519.32407606     2.03071e-17     
5524.84764878     2.14549e-17     
5530.3712215      1.9247e-17      
5535.89479423     2.21653e-17     
5541.41836695     2.31999e-17     
5546.94193967     2.43076e-17     
5552.4655124      1.78012e-17     
5557.98908512     2.11548e-17     
5563.51265784     2.05399e-17     
5569.03623056     2.05225e-17     
5574.55980329     2.61056e-17     
5580.08337601     2.55023e-17     
5585.60694873     1.24641e-17     
5591.13052145     1.94954e-17     
5596.65409418     2.1797e-17      
5602.1776669      2.36474e-17     
5607.70123962     2.24572e-17     
5613.22481235     2.02124e-17     
5618.74838507     2.08746e-17     
5624.27195779     2.0063e-17      
5629.79553051     2.43771e-17     
5635.31910324     2.15954e-17     
5640.84267596     2.21292e-17     
5646.36624868     2.3034e-17      
5651.88982141     2.18776e-17     
5657.41339413     1.82849e-17     
5662.93696685     2.42758e-17     
5668.46053957     1.98302e-17     
5673.9841123      2.1596e-17      
5679.50768502     2.39218e-17     
5685.03125774     2.36702e-17     
5690.55483047     1.90039e-17     
5696.07840319     2.08321e-17     
5701.60197591     2.49962e-17     
5707.12554863     2.16051e-17     
5712.64912136     2.24768e-17     
5718.17269408     2.57664e-17     
5723.6962668      1.92304e-17     
5729.21983953     1.94221e-17     
5734.74341225     2.26618e-17     
5740.26698497     2.13227e-17     
5745.79055769     2.06409e-17     
5751.31413042     2.11281e-17     
5756.83770314     1.45686e-17     
5762.36127586     1.87443e-17     
5767.88484859     1.91539e-17     
5773.40842131     2.31105e-17     
5778.93199403     1.72275e-17     
5784.45556675     2.62228e-17     
5789.97913948     1.90886e-17     
5795.5027122      2.07777e-17     
5801.02628492     1.96437e-17     
5806.54985765     2.26657e-17     
5812.07343037     2.29204e-17     
5817.59700309     1.98634e-17     
5823.12057581     2.17127e-17     
5828.64414854     2.45012e-17     
5834.16772126     2.10894e-17     
5839.69129398     2.31497e-17     
5845.21486671     2.23023e-17     
5850.73843943     1.94898e-17     
5856.26201215     1.71848e-17     
5861.78558487     1.58475e-17     
5867.3091576      2.32134e-17     
5872.83273032     2.46673e-17     
5878.35630304     1.58999e-17     
5883.87987576     1.8518e-17      
5889.40344849     1.90903e-17     
5894.92702121     2.25038e-17     
5900.45059393     2.05574e-17     
5905.97416666     2.03828e-17     
5911.49773938     2.04351e-17     
5917.0213121      2.57001e-17     
5922.54488482     1.76489e-17     
5928.06845755     1.74873e-17     
5933.59203027     2.06588e-17     
5939.11560299     2.03751e-17     
5944.63917572     1.90992e-17     
5950.16274844     2.09785e-17     
5955.68632116     2.05734e-17     
5961.20989388     2.23613e-17     
5966.73346661     1.93325e-17     
5972.25703933     2.07494e-17     
5977.78061205     2.15395e-17     
5983.30418478     2.02705e-17     
5988.8277575      1.83539e-17     
5994.35133022     2.01785e-17     
5999.87490294     2.0232e-17      
6005.39847567     1.89453e-17     
6010.92204839     1.90815e-17     
6016.44562111     2.36578e-17     
6021.96919384     2.03899e-17     
6027.49276656     2.16953e-17     
6033.01633928     2.03749e-17     
6038.539912       1.90332e-17     
6044.06348473     1.83677e-17     
6049.58705745     1.79654e-17     
6055.11063017     1.97092e-17     
6060.6342029      1.77559e-17     
6066.15777562     1.93041e-17     
6071.68134834     1.80034e-17     
6077.20492106     2.06355e-17     
6082.72849379     2.44829e-17     
6088.25206651     1.7703e-17      
6093.77563923     2.04633e-17     
6099.29921196     2.22525e-17     
6104.82278468     1.82214e-17     
6110.3463574      1.90781e-17     
6115.86993012     1.67187e-17     
6121.39350285     1.53666e-17     
6126.91707557     1.93443e-17     
6132.44064829     1.84638e-17     
6137.96422102     2.09248e-17     
6143.48779374     2.06358e-17     
6149.01136646     1.97184e-17     
6154.53493918     1.95806e-17     
6160.05851191     2.1913e-17      
6165.58208463     2.02878e-17     
6171.10565735     1.74468e-17     
6176.62923007     2.13829e-17     
6182.1528028      2.05142e-17     
6187.67637552     1.43509e-17     
6193.19994824     1.97201e-17     
6198.72352097     2.16927e-17     
6204.24709369     2.17878e-17     
6209.77066641     1.85156e-17     
6215.29423913     1.87593e-17     
6220.81781186     2.19309e-17     
6226.34138458     1.81171e-17     
6231.8649573      2.46997e-17     
6237.38853003     2.00613e-17     
6242.91210275     1.83754e-17     
6248.43567547     2.03189e-17     
6253.95924819     1.74396e-17     
6259.48282092     1.9321e-17      
6265.00639364     2.12681e-17     
6270.52996636     1.53758e-17     
6276.05353909     1.71948e-17     
6281.57711181     2.31996e-17     
6287.10068453     1.67746e-17     
6292.62425725     1.89923e-17     
6298.14782998     1.72769e-17     
6303.6714027      1.92207e-17     
6309.19497542     1.69496e-17     
6314.71854815     2.02454e-17     
6320.24212087     1.87833e-17     
6325.76569359     1.78156e-17     
6331.28926631     2.02568e-17     
6336.81283904     1.69239e-17     
6342.33641176     1.64241e-17     
6347.85998448     2.1273e-17      
6353.38355721     1.94482e-17     
6358.90712993     1.70084e-17     
6364.43070265     1.93739e-17     
6369.95427537     1.60327e-17     
6375.4778481      1.69141e-17     
6381.00142082     1.87246e-17     
6386.52499354     1.34128e-17     
6392.04856627     1.49081e-17     
6397.57213899     2.07748e-17     
6403.09571171     1.82815e-17     
6408.61928443     1.8039e-17      
6414.14285716     1.60703e-17     
6419.66642988     1.86882e-17     
6425.1900026      1.71149e-17     
6430.71357533     2.00621e-17     
6436.23714805     1.4176e-17      
6441.76072077     1.72276e-17     
6447.28429349     1.59281e-17     
6452.80786622     1.52799e-17     
6458.33143894     1.45203e-17     
6463.85501166     1.86905e-17     
6469.37858439     1.58951e-17     
6474.90215711     1.71438e-17     
6480.42572983     1.66834e-17     
6485.94930255     2.02824e-17     
6491.47287528     2.14365e-17     
6496.996448       2.1417e-17      
6502.52002072     1.70612e-17     
6508.04359344     1.67909e-17     
6513.56716617     1.67976e-17     
6519.09073889     1.8229e-17      
6524.61431161     1.57802e-17     
6530.13788434     1.70166e-17     
6535.66145706     1.57455e-17     
6541.18502978     1.96482e-17     
6546.7086025      1.92622e-17     
6552.23217523     1.376e-17       
6557.75574795     1.73901e-17     
6563.27932067     2.24514e-17     
6568.8028934      1.9597e-17      
6574.32646612     1.57259e-17     
6579.85003884     1.70925e-17     
6585.37361156     1.78499e-17     
6590.89718429     2.19697e-17     
6596.42075701     1.82424e-17     
6601.94432973     1.3331e-17      
6607.46790246     1.90095e-17     
6612.99147518     1.46486e-17     
6618.5150479      1.62142e-17     
6624.03862062     1.89485e-17     
6629.56219335     1.7465e-17      
6635.08576607     1.96944e-17     
6640.60933879     2.09257e-17     
6646.13291152     2.23718e-17     
6651.65648424     1.41281e-17     
6657.18005696     1.70811e-17     
6662.70362968     2.08503e-17     
6668.22720241     1.64972e-17     
6673.75077513     1.65534e-17     
6679.27434785     1.80094e-17     
6684.79792058     1.72112e-17     
6690.3214933      1.9442e-17      
6695.84506602     1.82762e-17     
6701.36863874     1.67036e-17     
6706.89221147     1.8246e-17      
6712.41578419     1.71872e-17     
6717.93935691     1.48784e-17     
6723.46292964     1.43127e-17     
6728.98650236     1.88555e-17     
6734.51007508     1.98256e-17     
6740.0336478      1.91117e-17     
6745.55722053     1.87926e-17     
6751.08079325     1.66153e-17     
6756.60436597     1.73874e-17     
6762.1279387      1.63309e-17     
6767.65151142     1.68101e-17     
6773.17508414     2.09873e-17     
6778.69865686     1.80085e-17     
6784.22222959     1.77417e-17     
6789.74580231     1.7292e-17      
6795.26937503     1.47576e-17     
6800.79294775     1.59483e-17     
6806.31652048     1.79852e-17     
6811.8400932      1.70723e-17     
6817.36366592     1.49154e-17     
6822.88723865     1.80211e-17     
6828.41081137     1.87163e-17     
6833.93438409     1.97373e-17     
6839.45795681     1.74089e-17     
6844.98152954     1.43205e-17     
6850.50510226     1.33534e-17     
6856.02867498     1.71974e-17     
6861.55224771     1.62713e-17     
6867.07582043     1.58169e-17     
6872.59939315     2.01819e-17     
6878.12296587     1.72615e-17     
6883.6465386      1.34559e-17     
6889.17011132     1.34645e-17     
6894.69368404     1.61309e-17     
6900.21725677     1.75142e-17     
6905.74082949     1.33607e-17     
6911.26440221     1.47382e-17     
6916.78797493     1.59654e-17     
6922.31154766     1.71283e-17     
6927.83512038     2.01133e-17     
6933.3586931      1.90992e-17     
6938.88226583     1.65599e-17     
6944.40583855     1.50192e-17     
6949.92941127     1.98632e-17     
6955.45298399     1.61224e-17     
6960.97655672     1.60532e-17     
6966.50012944     1.67692e-17     
6972.02370216     9.85964e-18     
6977.54727489     1.67924e-17     
6983.07084761     2.00079e-17     
6988.59442033     1.30522e-17     
6994.11799305     1.26684e-17     
6999.64156578     1.6615e-17      
7005.1651385      1.83056e-17     
7010.68871122     1.34695e-17     
7016.21228395     1.40603e-17     
7021.73585667     1.78217e-17     
7027.25942939     1.48832e-17     
7032.78300211     1.67944e-17     
7038.30657484     1.33591e-17     
7043.83014756     1.4183e-17      
7049.35372028     1.63456e-17     
7054.87729301     1.46396e-17     
7060.40086573     1.33793e-17     
7065.92443845     1.60403e-17     
7071.44801117     1.55176e-17     
7076.9715839      1.633e-17       
7082.49515662     1.89779e-17     
7088.01872934     1.57159e-17     
7093.54230206     1.65013e-17     
7099.06587479     1.86621e-17     
7104.58944751     1.59084e-17     
7110.11302023     1.35018e-17     
7115.63659296     1.89972e-17     
7121.16016568     1.73448e-17     
7126.6837384      1.55963e-17     
7132.20731112     1.26148e-17     
7137.73088385     1.6395e-17      
7143.25445657     1.48138e-17     
7148.77802929     1.61207e-17     
7154.30160202     1.38254e-17     
7159.82517474     1.68272e-17     
7165.34874746     1.97414e-17     
7170.87232018     1.39287e-17     
7176.39589291     1.59527e-17     
7181.91946563     1.54073e-17     
7187.44303835     1.07629e-17     
7192.96661108     1.34256e-17     
7198.4901838      1.55225e-17     
7204.01375652     1.44765e-17     
7209.53732924     1.42987e-17     
7215.06090197     1.71802e-17     
7220.58447469     1.89832e-17     
7226.10804741     1.4394e-17      
7231.63162014     1.25655e-17     
7237.15519286     1.46157e-17     
7242.67876558     1.25936e-17     
7248.2023383      1.25805e-17     
7253.72591103     1.53453e-17     
7259.24948375     1.24478e-17     
7264.77305647     1.64759e-17     
7270.2966292      1.76822e-17     
7275.82020192     1.64203e-17     
7281.34377464     1.25225e-17     
7286.86734736     1.17294e-17     
7292.39092009     1.5417e-17      
7297.91449281     1.74041e-17     
7303.43806553     2.29928e-17     
7308.96163826     1.71675e-17     
7314.48521098     2.04601e-17     
7320.0087837      1.96015e-17     
7325.53235642     1.75861e-17     
7331.05592915     2.30176e-17     
7336.57950187     1.36145e-17     
7342.10307459     1.45772e-17     
7347.62664732     1.93527e-17     
7353.15022004     1.78737e-17     
7358.67379276     1.7029e-17      
7364.19736548     1.71746e-17     
7369.72093821     1.48434e-17     
7375.24451093     9.69484e-18     
7380.76808365     1.20051e-17     
7386.29165637     1.81768e-17     
7391.8152291      1.72106e-17     
7397.33880182     1.51829e-17     
7402.86237454     1.23466e-17     
7408.38594727     9.23931e-18     
7413.90951999     1.65386e-17     
7419.43309271     1.77404e-17     
7424.95666543     9.23332e-18     
7430.48023816     1.14498e-17     
7436.00381088     1.39909e-17     
7441.5273836      1.55774e-17     
7447.05095633     1.60641e-17     
7452.57452905     1.65776e-17     
7458.09810177     1.27372e-17     
7463.62167449     1.16929e-17     
7469.14524722     1.15619e-17     
7474.66881994     1.81994e-17     
7480.19239266     1.74716e-17     
7485.71596539     1.34559e-17     
7491.23953811     1.48896e-17     
7496.76311083     1.44744e-17     
7502.28668355     1.3077e-17      
7507.81025628     1.83383e-17     
7513.333829       1.91912e-17     
7518.85740172     1.53047e-17     
7524.38097445     1.49778e-17     
7529.90454717     9.43191e-18     
7535.42811989     1.10811e-17     
7540.95169261     1.81285e-17     
7546.47526534     1.89882e-17     
7551.99883806     2.10003e-17     
7557.52241078     1.41465e-17     
7563.04598351     1.65188e-17     
7568.56955623     1.2744e-17      
7574.09312895     1.35595e-17     
7579.61670167     1.24539e-17     
7585.1402744      1.61632e-17     
7590.66384712     1.09932e-17     
7596.18741984     1.23181e-17     
7601.71099257     5.73908e-18     
7607.23456529     8.10798e-18     
7612.75813801     1.58623e-17     
7618.28171073     1.69197e-17     
7623.80528346     1.49864e-17     
7629.32885618     9.26523e-18     
7634.8524289      8.94212e-18     
7640.37600163     1.17111e-17     
7645.89957435     8.77615e-18     
7651.42314707     1.29716e-17     
7656.94671979     1.78913e-17     
7662.47029252     1.32112e-17     
7667.99386524     1.57583e-17     
7673.51743796     1.49304e-17     
7679.04101068     1.59534e-17     
7684.56458341     1.06314e-17     
7690.08815613     1.42057e-17     
7695.61172885     1.02707e-17     
7701.13530158     1.26507e-17     
7706.6588743      9.02815e-18     
7712.18244702     1.91311e-17     
7717.70601974     1.57749e-17     
7723.22959247     1.51548e-17     
7728.75316519     1.28653e-17     
7734.27673791     1.407e-17       
7739.80031064     1.24272e-17     
7745.32388336     1.50523e-17     
7750.84745608     1.95134e-17     
7756.3710288      1.87012e-17     
7761.89460153     1.20765e-17     
7767.41817425     4.11565e-18     
7772.94174697     7.64011e-18     
7778.4653197      1.16297e-17     
7783.98889242     1.52431e-17     
7789.51246514     1.82446e-17     
7795.03603786     1.72832e-17     
7800.55961059     1.51782e-17     
7806.08318331     1.20753e-17     
7811.60675603     1.03724e-17     
7817.13032876     9.06882e-18     
7822.65390148     1.50492e-17     
7828.1774742      1.25746e-17     
7833.70104692     6.32037e-18     
7839.22461965     1.10913e-17     
7844.74819237     5.98637e-18     
7850.27176509     1.1492e-17      
7855.79533782     1.28701e-17     
7861.31891054     1.53492e-17     
7866.84248326     1.23575e-17     
7872.36605598     1.058e-17       
7877.88962871     1.13914e-17     
7883.41320143     9.37045e-18     
7888.93677415     1.18855e-17     
7894.46034688     1.35989e-17     
7899.9839196      9.95633e-18     
7905.50749232     9.72417e-18     
7911.03106504     1.08091e-17     
7916.55463777     1.00714e-17     
7922.07821049     9.80009e-18     
7927.60178321     1.48213e-17     
7933.12535594     1.63426e-17     
7938.64892866     1.31958e-17     
7944.17250138     1.03518e-17     
7949.6960741      9.74307e-18     
7955.21964683     1.46781e-17     
7960.74321955     1.79229e-17     
7966.26679227     2.22196e-17     
7971.79036499     1.67434e-17     
7977.31393772     1.08598e-17     
7982.83751044     1.07547e-17     
7988.36108316     9.35448e-18     
7993.88465589     1.55748e-17     
7999.40822861     1.39905e-17     
8004.93180133     1.26557e-17     
8010.45537405     1.14319e-17     
8015.97894678     1.02368e-17     
8021.5025195      1.04692e-17     
8027.02609222     8.84924e-18     
8032.54966495     8.40299e-18     
8038.07323767     1.28936e-17     
8043.59681039     1.37395e-17     
8049.12038311     7.16556e-18     
8054.64395584     5.79208e-18     
8060.16752856     9.80302e-18     
8065.69110128     1.36849e-17     
8071.21467401     1.0755e-17      
8076.73824673     1.127e-17       
8082.26181945     1.71635e-17     
8087.78539217     1.17953e-17     
8093.3089649      9.31273e-18     
8098.83253762     1.06133e-17     
8104.35611034     1.05987e-17     
8109.87968307     5.02449e-18     
8115.40325579     1.13307e-17     
8120.92682851     1.3077e-17      
8126.45040123     1.23519e-17     
8131.97397396     9.60251e-18     
8137.49754668     1.00266e-17     
8143.0211194      1.13993e-17     
8148.54469213     1.34652e-17     
8154.06826485     1.39263e-17     
8159.59183757     1.13357e-17     
8165.11541029     1.16851e-17     
8170.63898302     1.39767e-17     
8176.16255574     1.16418e-17     
8181.68612846     1.09351e-17     
8187.20970119     1.17244e-17     
8192.73327391     1.36087e-17     
8198.25684663     1.74204e-17     
8203.78041935     1.09481e-17     
8209.30399208     1.24707e-17     
8214.8275648      1.47266e-17     
8220.35113752     1.33292e-17     
8225.87471025     1.8967e-17      
8231.39828297     1.16072e-17     
8236.92185569     9.88925e-18     
8242.44542841     8.69528e-18     
8247.96900114     1.17911e-17     
8253.49257386     8.86973e-18     
8259.01614658     1.25823e-17     
8264.5397193      1.11127e-17     
8270.06329203     6.72448e-18     
8275.58686475     6.22408e-18     
8281.11043747     6.04903e-18     
8286.6340102      7.92312e-18     
8292.15758292     1.54983e-17     
8297.68115564     2.27679e-17     
8303.20472836     1.10739e-17     
8308.72830109     5.64486e-18     
8314.25187381     8.00644e-18     
8319.77544653     9.40959e-18     
8325.29901926     9.82848e-18     
8330.82259198     1.27372e-17     
8336.3461647      1.56845e-17     
8341.86973742     1.23006e-17     
8347.39331015     7.92054e-18     
8352.91688287     1.07323e-17     
8358.44045559     1.34224e-17     
8363.96402832     1.10018e-17     
8369.48760104     1.03195e-17     
8375.01117376     8.47037e-18     
8380.53474648     1.23535e-17     
8386.05831921     8.60119e-18     
8391.58189193     7.0393e-18      
8397.10546465     7.3314e-18      
8402.62903738     1.10804e-17     
8408.1526101      7.10923e-18     
8413.67618282     8.64522e-18     
8419.19975554     8.69802e-18     
8424.72332827     1.06161e-17     
8430.24690099     1.22642e-17     
8435.77047371     1.03567e-17     
8441.29404644     1.33089e-17     
8446.81761916     9.77585e-18     
8452.34119188     1.39393e-17     
8457.8647646      8.20965e-18     
8463.38833733     6.51777e-18     
8468.91191005     9.63947e-18     
8474.43548277     1.05839e-17     
8479.9590555      1.64823e-17     
8485.48262822     1.69463e-17     
8491.00620094     9.78838e-18     
8496.52977366     7.5443e-18      
8502.05334639     1.08461e-17     
8507.57691911     1.05173e-17     
8513.10049183     8.48236e-18     
8518.62406456     9.64428e-18     
8524.14763728     1.31453e-17     
8529.67121        1.00826e-17     
8535.19478272     8.30778e-18     
8540.71835545     6.87397e-18     
8546.24192817     1.82058e-17     
8551.76550089     2.60524e-17     
8557.28907361     1.11963e-17     
8562.81264634     1.59185e-17     
8568.33621906     1.23666e-17     
8573.85979178     9.18736e-18     
8579.38336451     8.95954e-18     
8584.90693723     9.81542e-18     
8590.43050995     1.45873e-17     
8595.95408267     8.64192e-18     
8601.4776554      1.2851e-17      
8607.00122812     1.03776e-17     
8612.52480084     7.38236e-18     
8618.04837357     1.11036e-17     
8623.57194629     1.30828e-17     
8629.09551901     1.11414e-17     
8634.61909173     1.49059e-17     
8640.14266446     1.54691e-17     
8645.66623718     1.00139e-17     
8651.1898099      8.2637e-18      
8656.71338263     1.24234e-17     
8662.23695535     1.33481e-17     
8667.76052807     1.12592e-17     
8673.28410079     8.35568e-18     
8678.80767352     9.90277e-18     
8684.33124624     1.22312e-17     
8689.85481896     1.31867e-17     
8695.37839169     1.13218e-17     
8700.90196441     1.5036e-17      
8706.42553713     1.59935e-17     
8711.94910985     1.09856e-17     
8717.47268258     2.01535e-17     
8722.9962553      1.60169e-17     
8728.51982802     7.46849e-18     
8734.04340075     9.23263e-18     
8739.56697347     1.44252e-17     
8745.09054619     1.4704e-17      
8750.61411891     1.58815e-17     
8756.13769164     2.40525e-17     
8761.66126436     1.22821e-17     
8767.18483708     4.86734e-18     
8772.70840981     -6.51943e-19    
8778.23198253     -4.92838e-18    
8783.75555525     1.61757e-17     
8789.27912797     1.53174e-17     
8794.8027007      1.11827e-17     
8800.32627342     1.63571e-17     
8805.84984614     1.25888e-17     
8811.37341887     6.95537e-18     
8816.89699159     5.83357e-18     
8822.42056431     1.13979e-17     
8827.94413703     2.14574e-17     
8833.46770976     1.74568e-17     
8838.99128248     1.54676e-17     
8844.5148552      1.00421e-17     
8850.03842792     1.24916e-18     
8855.56200065     1.39396e-17     
8861.08557337     1.30327e-17     
8866.60914609     1.74906e-17     
8872.13271882     1.7317e-17      
8877.65629154     7.91623e-18     
8883.17986426     7.53961e-18     
8888.70343698     5.07682e-18     
8894.22700971     1.23377e-17     
8899.75058243     1.13213e-17     
8905.27415515     1.26239e-17     
8910.79772788     9.53788e-18     
8916.3213006      1.10049e-17     
8921.84487332     1.21531e-17     
8927.36844604     1.06457e-17     
8932.89201877     9.74541e-18     
8938.41559149     7.78343e-18     
8943.93916421     1.28565e-17     
8949.46273694     1.13844e-17     
8954.98630966     2.21455e-18     
8960.50988238     2.75143e-18     
8966.0334551      8.35856e-18     
8971.55702783     1.29768e-17     
8977.08060055     1.58175e-17     
8982.60417327     8.25821e-18     
8988.127746       4.86855e-18     
8993.65131872     4.26019e-18     
8999.17489144     5.73124e-18     
9004.69846416     1.14095e-17     
9010.22203689     1.56148e-17     
9015.74560961     1.27532e-17     
9021.26918233     1.42212e-17     
9026.79275506     2.24301e-18     
9032.31632778     3.53222e-18     
9037.8399005      3.96974e-19     
9043.36347322     1.07867e-17     
9048.88704595     1.16054e-17     
9054.41061867     1.22857e-17     
9059.93419139     1.49104e-17     
9065.45776412     6.92782e-18     
9070.98133684     1.1909e-17      
9076.50490956     1.19257e-17     
9082.02848228     7.27358e-18     
9087.55205501     1.14121e-17     
9093.07562773     6.24963e-18     
9098.59920045     1.24485e-17     
9104.12277318     8.06962e-18     
9109.6463459      5.51595e-18     
9115.16991862     7.7678e-18      
9120.69349134     7.65657e-18     
9126.21706407     1.29665e-17     
9131.74063679     1.15007e-17     
9137.26420951     9.62847e-18     
9142.78778223     1.27762e-17     
9148.31135496     1.11951e-17     
9153.83492768     3.35531e-17     
9159.3585004      2.88401e-17     
9164.88207313     2.32091e-17     
9170.40564585     4.46578e-17     
9175.92921857     7.13886e-18     
9181.45279129     -3.73527e-19    
9186.97636402     1.37795e-17     
9192.49993674     1.19989e-17     
9198.02350946     8.47855e-18     
9203.54708219     1.03179e-17     
9209.07065491     1.29649e-17     
9214.59422763     1.22273e-17     
9220.11780035     1.21563e-17     
9225.64137308     1.69589e-17     
9231.1649458      9.95247e-18     
9236.68851852     1.02255e-17     
9242.21209125     7.65059e-18     
9247.73566397     9.71245e-18     
9253.25923669     9.17423e-18     
9258.78280941     1.47053e-17     
9264.30638214     9.03715e-18     
9269.82995486     1.60361e-17     
