   1.7207345e+03  -1.5957000e-03
   1.7499130e+03  -1.6139571e-03
   1.7795045e+03   1.2436321e-03
   1.8095205e+03  -8.2500000e-07
   1.8399710e+03   4.7542857e-05
   1.8708635e+03   7.0525000e-05
   1.9022040e+03   2.5063214e-04
   1.9339970e+03   2.2533214e-04
   1.9662445e+03   1.2250000e-04
   1.9989470e+03   9.5182143e-05
   2.0321035e+03   1.6383571e-04
   2.0657110e+03   2.0662143e-04
   2.0997640e+03   1.9849286e-04
   2.1342555e+03   1.3291071e-04
   2.1691775e+03   1.3046786e-04
   2.2045195e+03   1.4292857e-04
   2.2402685e+03   1.4596429e-04
   2.2764105e+03   1.2786071e-04
   2.3129295e+03   1.1587143e-04
   2.3498080e+03   1.3882857e-04
   2.3870265e+03   1.6680357e-04
   2.4245625e+03   1.7639286e-04
   2.4623930e+03   1.5067143e-04
   2.5004935e+03   2.1672500e-04
   2.5388365e+03   2.4127857e-04
   2.5773930e+03   3.4738929e-04
   2.6161325e+03   3.6458571e-04
   2.6550220e+03   2.8310000e-04
   2.6940275e+03   3.0618571e-04
   2.7331135e+03   3.8056071e-04
   2.7722410e+03   5.8486786e-04
   2.8113700e+03   6.9434643e-04
   2.8504590e+03   5.3130357e-04
   2.8894645e+03   9.4027500e-04
   2.9283415e+03   9.7508571e-04
   2.9670425e+03   1.1176679e-03
