4230.97819521 18.2184
4235.5278821 40.7814
4240.07756898 59.4095
4244.62725586 48.6288
4249.17694274 33.8547
4253.72662963 44.362
4258.27631651 47.0023
4262.82600339 64.3725
4267.37569028 53.5375
4271.92537716 58.7993
4276.47506404 -8.77874
4281.02475092 16.4087
4285.57443781 37.1193
4290.12412469 19.9179
4294.67381157 27.5892
4299.22349845 24.919
4303.77318534 5.58895
4308.32287222 38.9739
4312.8725591 41.1903
4317.42224599 22.0526
4321.97193287 35.8863
4326.52161975 34.0108
4331.07130663 34.7709
4335.62099352 32.6158
4340.1706804 29.4451
4344.72036728 38.3416
4349.27005416 2.8746
4353.81974105 29.4236
4358.36942793 11.396
4362.91911481 40.1436
4367.4688017 49.9538
4372.01848858 35.8338
4376.56817546 27.9564
4381.11786234 51.7499
4385.66754923 34.4465
4390.21723611 47.8186
4394.76692299 43.7869
4399.31660987 26.034
4403.86629676 48.6067
4408.41598364 47.8007
4412.96567052 38.5376
4417.51535741 48.7809
4422.06504429 40.3326
4426.61473117 62.7407
4431.16441805 59.4876
4435.71410494 25.4311
4440.26379182 60.7062
4444.8134787 87.4613
4449.36316558 62.9142
4453.91285247 59.9211
4458.46253935 61.5598
4463.01222623 53.7326
4467.56191312 55.8017
4472.1116 75.6896
4476.66128688 92.7253
4481.21097376 64.7093
4485.76066065 56.9723
4490.31034753 40.6091
4494.86003441 37.9645
4499.40972129 60.7529
4503.95940818 48.667
4508.50909506 76.6581
4513.05878194 109.969
4517.60846882 84.8232
4522.15815571 79.6197
4526.70784259 80.9253
4531.25752947 80.5168
4535.80721636 68.7889
4540.35690324 71.3589
4544.90659012 106.301
4549.456277 97.4698
4554.00596389 94.1075
4558.55565077 109.149
4563.10533765 126.016
4567.65502453 71.3293
4572.20471142 87.1465
4576.7543983 67.347
4581.30408518 91.1035
4585.85377207 123.945
4590.40345895 144.865
4594.95314583 78.0008
4599.50283271 52.8129
4604.0525196 44.2519
4608.60220648 84.3849
4613.15189336 81.0148
4617.70158024 124.481
4622.25126713 214.916
4626.80095401 149.51
4631.35064089 152.257
4635.90032778 137.201
4640.45001466 84.5872
4644.99970154 124.499
4649.54938842 77.3848
4654.09907531 110.233
4658.64876219 120.068
4663.19844907 113.304
4667.74813595 142.646
4672.29782284 131.431
4676.84750972 165.002
4681.3971966 149.848
4685.94688349 150.084
4690.49657037 109.082
4695.04625725 141.887
4699.59594413 143.307
4704.14563102 140.07
4708.6953179 149.566
4713.24500478 111.426
4717.79469166 150.033
4722.34437855 156.938
4726.89406543 155.868
4731.44375231 185.838
4735.9934392 140.888
4740.54312608 161.285
4745.09281296 125.502
4749.64249984 108.19
4754.19218673 148.637
4758.74187361 195.241
4763.29156049 173.135
4767.84124737 161.621
4772.39093426 152.914
4776.94062114 168.173
4781.49030802 170.466
4786.03999491 150.55
4790.58968179 166.773
4795.13936867 173.138
4799.68905555 149.942
4804.23874244 141.768
4808.78842932 138.879
4813.3381162 173.91
4817.88780308 153.093
4822.43748997 157.086
4826.98717685 161.607
4831.53686373 193.791
4836.08655061 188.519
4840.6362375 201.329
4845.18592438 187.522
4849.73561126 163.014
4854.28529815 160.467
4858.83498503 185.775
4863.38467191 178.768
4867.93435879 168.155
4872.48404568 140.956
4877.03373256 190.213
4881.58341944 138.778
4886.13310632 73.4388
4890.68279321 124.999
4895.23248009 125.506
4899.78216697 130.237
4904.33185386 174.05
4908.88154074 177.168
4913.43122762 197.035
4917.9809145 141.145
4922.53060139 215.444
4927.08028827 218.309
4931.62997515 209.014
4936.17966203 193.783
4940.72934892 145.525
4945.2790358 168.411
4949.82872268 194.423
4954.37840957 152.413
4958.92809645 174.541
4963.47778333 223.981
4968.02747021 191.71
4972.5771571 160.115
4977.12684398 212.917
4981.67653086 153.26
4986.22621774 165.367
4990.77590463 182.934
4995.32559151 156.022
4999.87527839 185.49
5004.42496528 204.95
5008.97465216 201.457
5013.52433904 160.879
5018.07402592 211.564
5022.62371281 242.948
5027.17339969 282.48
5031.72308657 122.35
5036.27277345 -4.42086
5040.82246034 114.018
5045.37214722 138.362
5049.9218341 202.594
5054.47152099 230.749
5059.02120787 206.826
5063.57089475 200.476
5068.12058163 217.303
5072.67026852 248.293
5077.2199554 221.091
5081.76964228 234.907
5086.31932916 241.428
5090.86901605 196.033
5095.41870293 217.095
5099.96838981 224.429
5104.51807669 181.564
5109.06776358 200.828
5113.61745046 239.231
5118.16713734 192.922
5122.71682423 204.583
5127.26651111 203.764
5131.81619799 238.751
5136.36588487 242.489
5140.91557176 229.338
5145.46525864 248.949
5150.01494552 258.832
5154.5646324 247.472
5159.11431929 221.346
5163.66400617 255.898
5168.21369305 228.648
5172.76337994 246.884
5177.31306682 241.094
5181.8627537 229.049
5186.41244058 260.098
5190.96212747 207.65
5195.51181435 287.583
5200.06150123 273.945
5204.61118811 260.036
5209.160875 245.67
5213.71056188 269.547
5218.26024876 277.719
5222.80993565 287.384
5227.35962253 281.933
5231.90930941 325.556
5236.45899629 288.128
5241.00868318 256.629
5245.55837006 255.872
5250.10805694 276.038
5254.65774382 258.979
5259.20743071 272.076
5263.75711759 281.492
5268.30680447 315.983
5272.85649136 294.024
5277.40617824 305.924
5281.95586512 279.972
5286.505552 291.957
5291.05523889 276.553
5295.60492577 282.232
5300.15461265 292.15
5304.70429953 262.091
5309.25398642 300.359
5313.8036733 292.832
5318.35336018 332.507
5322.90304707 345.236
5327.45273395 307.267
5332.00242083 306.028
5336.55210771 285.584
5341.1017946 276.065
5345.65148148 291.755
5350.20116836 280.981
5354.75085524 318.704
5359.30054213 256.858
5363.85022901 313.693
5368.39991589 344.87
5372.94960277 292.216
5377.49928966 332.703
5382.04897654 338.491
5386.59866342 333.793
5391.14835031 364.706
5395.69803719 351.574
5400.24772407 335.863
5404.79741095 299.168
5409.34709784 307.997
5413.89678472 343.175
5418.4464716 317.386
5422.99615848 292.806
5427.54584537 329.797
5432.09553225 348.896
5436.64521913 370.171
5441.19490602 328.542
5445.7445929 307.466
5450.29427978 349.019
5454.84396666 352.005
5459.39365355 312.641
5463.94334043 314.864
5468.49302731 363.997
5473.04271419 380.983
5477.59240108 337.908
5482.14208796 343.254
5486.69177484 361.845
5491.24146173 345.008
5495.79114861 365.662
5500.34083549 330.83
5504.89052237 322.467
5509.44020926 349.959
5513.98989614 362.931
5518.53958302 381.872
5523.0892699 326.067
5527.63895679 309.602
5532.18864367 329.838
5536.73833055 339.95
5541.28801744 332.795
5545.83770432 311.366
5550.3873912 318.711
5554.93707808 350.316
5559.48676497 377.936
5564.03645185 346.72
5568.58613873 368.744
5573.13582561 406.737
5577.6855125 358.991
5582.23519938 260.313
5586.78488626 397.786
5591.33457315 397.468
5595.88426003 324.51
5600.43394691 338.778
5604.98363379 325.583
5609.53332068 335.441
5614.08300756 329.424
5618.63269444 374.285
5623.18238132 337.379
5627.73206821 330.363
5632.28175509 338.483
5636.83144197 359.38
5641.38112885 320.546
5645.93081574 353.587
5650.48050262 363.457
5655.0301895 385.206
5659.57987639 355.823
5664.12956327 319.432
5668.67925015 381.387
5673.22893703 419.845
5677.77862392 398.666
5682.3283108 383.675
5686.87799768 353.551
5691.42768456 371.475
5695.97737145 364.032
5700.52705833 347.608
5705.07674521 389.555
5709.6264321 384.266
5714.17611898 366.095
5718.72580586 408.732
5723.27549274 391.289
5727.82517963 390.83
5732.37486651 357.821
5736.92455339 326.128
5741.47424027 325.92
5746.02392716 357.698
5750.57361404 350.495
5755.12330092 319.839
5759.67298781 344.847
5764.22267469 399.135
5768.77236157 353.044
5773.32204845 361.712
5777.87173534 349.096
5782.42142222 384.692
5786.9711091 333.608
5791.52079598 415.869
5796.07048287 440.839
5800.62016975 390.081
5805.16985663 354.595
5809.71954352 365.515
5814.2692304 423.353
5818.81891728 406.168
5823.36860416 414.1
5827.91829105 402.837
5832.46797793 399.087
5837.01766481 378.129
5841.56735169 358.166
5846.11703858 371.02
5850.66672546 364.575
5855.21641234 385.226
5859.76609923 410.3
5864.31578611 386.023
5868.86547299 415.738
5873.41515987 411.381
5877.96484676 378.646
5882.51453364 368.861
5887.06422052 408.695
5891.6139074 422.611
5896.16359429 407.199
5900.71328117 401.514
5905.26296805 448.344
5909.81265493 404.969
5914.36234182 345.062
5918.9120287 343.734
5923.46171558 351.287
5928.01140247 311.602
5932.56108935 293.229
5937.11077623 264.03
5941.66046311 192.775
5946.21015 248.066
5950.75983688 292.718
5955.30952376 261.862
5959.85921064 357.244
5964.40889753 387.621
5968.95858441 411.89
5973.50827129 437.659
5978.05795818 382.464
5982.60764506 352.066
5987.15733194 360.633
5991.70701882 389.733
5996.25670571 363.956
6000.80639259 414.084
6005.35607947 412.655
6009.90576635 407.259
6014.45545324 362.63
6019.00514012 376.296
6023.554827 394.754
6028.10451389 372.389
6032.65420077 412.456
6037.20388765 427.475
6041.75357453 404.781
6046.30326142 374.933
6050.8529483 386.331
6055.40263518 420.471
6059.95232206 412.937
6064.50200895 375.22
6069.05169583 385.107
6073.60138271 413.343
6078.1510696 414.938
6082.70075648 422.827
6087.25044336 416.292
6091.80013024 397.529
6096.34981713 453.963
6100.89950401 424.311
6105.44919089 388.146
6109.99887777 379.984
6114.54856466 412.966
6119.09825154 397.272
6123.64793842 389.822
6128.19762531 444.824
6132.74731219 439.291
6137.29699907 391.891
6141.84668595 356.762
6146.39637284 382.237
6150.94605972 418.963
6155.4957466 473.395
6160.04543348 387.641
6164.59512037 405.484
6169.14480725 453.564
6173.69449413 386.456
6178.24418101 406.194
6182.7938679 418.143
6187.34355478 413.054
6191.89324166 390.842
6196.44292855 417.576
6200.99261543 349.968
6205.54230231 384.615
6210.09198919 395.962
6214.64167608 435.276
6219.19136296 429.205
6223.74104984 351.197
6228.29073672 415.853
6232.84042361 408.376
6237.39011049 402.249
6241.93979737 394.425
6246.48948426 348.958
6251.03917114 382.03
6255.58885802 419.265
6260.1385449 344.53
6264.68823179 372.074
6269.23791867 389.071
6273.78760555 402.739
6278.33729243 406.999
6282.88697932 403.432
6287.4366662 341.586
6291.98635308 374.532
6296.53603997 418.908
6301.08572685 305.934
6305.63541373 444.95
6310.18510061 344.088
6314.7347875 353.935
6319.28447438 368.758
6323.83416126 392.613
6328.38384814 417.575
6332.93353503 362.045
6337.48322191 430.885
6342.03290879 399.276
6346.58259568 375.798
6351.13228256 413.192
6355.68196944 482.404
6360.23165632 448.772
6364.78134321 419.078
6369.33103009 415.936
6373.88071697 394.311
6378.43040385 384.236
6382.98009074 414.211
6387.52977762 399.693
6392.0794645 414.277
6396.62915139 377.422
6401.17883827 437.098
6405.72852515 446.742
6410.27821203 415.775
6414.82789892 391.495
6419.3775858 445.814
6423.92727268 419.267
6428.47695956 409.827
6433.02664645 457.95
6437.57633333 420.339
6442.12602021 395.788
6446.67570709 406.785
6451.22539398 408.603
6455.77508086 467.193
6460.32476774 411.794
6464.87445463 412.668
6469.42414151 390.267
6473.97382839 445.118
6478.52351527 389.53
6483.07320216 400.529
6487.62288904 355.414
6492.17257592 394.497
6496.7222628 440.573
6501.27194969 369.074
6505.82163657 415.472
6510.37132345 489.612
6514.92101034 454.271
6519.47069722 420.651
6524.0203841 423.041
6528.57007098 437.842
6533.11975787 405.547
6537.66944475 375.961
6542.21913163 452.298
6546.76881851 442.475
6551.3185054 453.437
6555.86819228 384.738
6560.41787916 412.282
6564.96756605 443.553
6569.51725293 441.808
6574.06693981 484.085
6578.61662669 415.909
6583.16631358 473.801
6587.71600046 423.08
6592.26568734 405.306
6596.81537422 448.534
6601.36506111 376.367
6605.91474799 374.632
6610.46443487 182.866
6615.01412176 47.4532
6619.56380864 43.9905
6624.11349552 -96.2452
6628.6631824 225.571
6633.21286929 427.335
6637.76255617 352.668
6642.31224305 300.427
6646.86192993 350.775
6651.41161682 445.063
6655.9613037 519.029
6660.51099058 507.34
6665.06067747 421.572
6669.61036435 425.824
6674.16005123 402.895
6678.70973811 429.302
6683.259425 482.599
6687.80911188 434.628
6692.35879876 401.317
6696.90848564 434.69
6701.45817253 447.81
6706.00785941 400.705
6710.55754629 398.615
6715.10723318 447.172
6719.65692006 428.987
6724.20660694 441.922
6728.75629382 489.524
6733.30598071 401.516
6737.85566759 387.459
6742.40535447 463.031
6746.95504135 424.91
6751.50472824 421.096
6756.05441512 438.445
6760.604102 406.612
6765.15378888 382.798
6769.70347577 362.47
6774.25316265 340.802
6778.80284953 319.802
6783.35253642 371.405
6787.9022233 393.594
6792.45191018 398.153
6797.00159706 392.717
6801.55128395 388.233
6806.10097083 459.377
6810.65065771 415.344
6815.20034459 399.536
6819.75003148 401.178
6824.29971836 412.69
6828.84940524 418.023
6833.39909213 393.433
6837.94877901 423.385
6842.49846589 412.272
6847.04815277 421.302
6851.59783966 406.861
6856.14752654 425.254
6860.69721342 387.134
6865.2469003 401.145
6869.79658719 418.682
6874.34627407 385.989
6878.89596095 418.683
6883.44564784 408.114
6887.99533472 398.627
6892.5450216 362.678
6897.09470848 321.509
6901.64439537 342.806
6906.19408225 348.181
6910.74376913 397.847
6915.29345601 398.562
6919.8431429 472.542
6924.39282978 473.064
6928.94251666 441.634
6933.49220355 359.469
6938.04189043 363.04
6942.59157731 421.48
6947.14126419 436.325
6951.69095108 428.167
6956.24063796 395.596
6960.79032484 408.702
6965.34001172 421.13
6969.88969861 380.264
6974.43938549 359.988
6978.98907237 392.673
6983.53875926 431.691
6988.08844614 461.333
6992.63813302 396.365
6997.1878199 413.964
7001.73750679 399.856
7006.28719367 391.656
7010.83688055 449.556
7015.38656743 422.305
7019.93625432 366.891
7024.4859412 407.267
7029.03562808 393.04
7033.58531496 451.417
7038.13500185 487.333
7042.68468873 435.709
7047.23437561 440.709
7051.7840625 444.959
7056.33374938 412.486
7060.88343626 427.833
7065.43312314 396.325
7069.98281003 407.027
7074.53249691 465.665
7079.08218379 461.43
7083.63187067 429.222
7088.18155756 413.381
7092.73124444 436.802
7097.28093132 442.632
7101.83061821 437.823
7106.38030509 430.742
7110.92999197 447.326
7115.47967885 419.425
7120.02936574 398.153
7124.57905262 386.981
7129.1287395 425.212
7133.67842638 452.628
7138.22811327 402.859
7142.77780015 366.008
7147.32748703 389.839
7151.87717392 437.092
7156.4268608 406.947
7160.97654768 395.926
7165.52623456 455.606
7170.07592145 423.232
7174.62560833 393.203
7179.17529521 387.072
7183.72498209 343.851
7188.27466898 344.669
7192.82435586 315.876
7197.37404274 362.537
7201.92372963 413.388
7206.47341651 402.72
7211.02310339 396.857
7215.57279027 377.648
7220.12247716 385.132
7224.67216404 432.035
7229.22185092 425.633
7233.7715378 400.176
7238.32122469 344.163
7242.87091157 377.426
7247.42059845 393.41
7251.97028534 328.339
7256.51997222 375.673
7261.0696591 436.596
7265.61934598 438.74
7270.16903287 329.61
7274.71871975 358.045
7279.26840663 445.126
7283.81809351 416.674
7288.3677804 344.221
7292.91746728 328.917
7297.46715416 357.912
7302.01684104 415.295
7306.56652793 439.134
7311.11621481 392.53
7315.66590169 391.47
7320.21558858 402.068
7324.76527546 332.796
7329.31496234 318.814
7333.86464922 425.251
7338.41433611 409.805
7342.96402299 370.549
7347.51370987 408.386
7352.06339675 442.099
7356.61308364 510.048
7361.16277052 506.85
7365.7124574 454.946
7370.26214429 395.789
7374.81183117 334.321
7379.36151805 379.706
7383.91120493 413.899
7388.46089182 481.038
7393.0105787 475.509
7397.56026558 378.817
7402.10995246 359.035
7406.65963935 392.101
7411.20932623 345.954
7415.75901311 362.395
7420.3087 422.854
7424.85838688 384.661
7429.40807376 371.237
7433.95776064 349.528
7438.50744753 341.696
7443.05713441 361.225
7447.60682129 375.621
7452.15650817 414.662
7456.70619506 389.584
7461.25588194 369.578
7465.80556882 393.671
7470.35525571 337.315
7474.90494259 327.661
7479.45462947 394.544
7484.00431635 345.31
7488.55400324 396.2
7493.10369012 355.476
7497.653377 350.046
7502.20306388 398.019
7506.75275077 374.981
7511.30243765 355.695
7515.85212453 363.443
7520.40181142 338.305
7524.9514983 412.196
7529.50118518 416.596
7534.05087206 331.971
7538.60055895 343.7
7543.15024583 323.973
7547.69993271 347.766
7552.24961959 323.291
7556.79930648 344.849
7561.34899336 344.21
7565.89868024 358.511
7570.44836712 415.149
7574.99805401 413.869
7579.54774089 353.763
7584.09742777 343.154
7588.64711466 337.731
7593.19680154 268.394
7597.74648842 228.569
7602.2961753 116.071
7606.84586219 107.506
7611.39554907 152.548
7615.94523595 219.775
7620.49492283 207.228
7625.04460972 231.702
7629.5942966 220.592
7634.14398348 196.812
7638.69367037 190.455
7643.24335725 220.902
7647.79304413 242.969
7652.34273101 218.752
7656.8924179 271.224
7661.44210478 325.071
7665.99179166 323.419
7670.54147854 292.03
7675.09116543 318.518
7679.64085231 314.186
7684.19053919 304.689
7688.74022608 340.706
7693.28991296 322.898
7697.83959984 335.199
7702.38928672 393.801
7706.93897361 379.274
7711.48866049 375.762
7716.03834737 346.896
7720.58803425 270.165
7725.13772114 299.841
7729.68740802 341.052
7734.2370949 387.629
7738.78678179 321.258
7743.33646867 304.726
7747.88615555 349.078
7752.43584243 401.354
7756.98552932 369.17
7761.5352162 252.505
7766.08490308 306.002
7770.63458996 309.924
7775.18427685 354.675
7779.73396373 381.138
7784.28365061 330.92
7788.8333375 250.138
7793.38302438 311.322
7797.93271126 402.479
7802.48239814 373.437
7807.03208503 329.324
7811.58177191 304.779
7816.13145879 306.414
7820.68114567 347.544
7825.23083256 336.137
7829.78051944 337.696
7834.33020632 338.605
7838.8798932 269.926
7843.42958009 314.78
7847.97926697 353.768
7852.52895385 366.901
7857.07864074 358.539
7861.62832762 290.081
7866.1780145 322.377
7870.72770138 309.869
7875.27738827 296.495
7879.82707515 310.475
7884.37676203 335.444
7888.92644891 301.918
7893.4761358 341.309
7898.02582268 374.242
7902.57550956 310.423
7907.12519645 307.74
7911.67488333 266.183
7916.22457021 317.771
7920.77425709 334.794
7925.32394398 317.333
7929.87363086 341.477
7934.42331774 327.853
7938.97300462 263.336
7943.52269151 277.549
7948.07237839 362.244
7952.62206527 316.491
7957.17175216 307.087
7961.72143904 304.666
7966.27112592 251.751
7970.8208128 353.778
7975.37049969 366.632
7979.92018657 336.991
7984.46987345 318.928
7989.01956033 292.229
7993.56924722 241.633
7998.1189341 312.915
8002.66862098 297.104
8007.21830787 345.437
8011.76799475 338.615
8016.31768163 327.14
8020.86736851 335.637
8025.4170554 299.776
8029.96674228 262.304
8034.51642916 294.803
8039.06611604 298.944
8043.61580293 304.171
8048.16548981 299.691
8052.71517669 275.902
8057.26486358 311.063
8061.81455046 287.478
8066.36423734 263.544
8070.91392422 311.086
8075.46361111 344.178
8080.01329799 312.622
8084.56298487 341.245
8089.11267175 270.347
8093.66235864 291.714
8098.21204552 320.726
8102.7617324 320.904
8107.31141928 283.853
8111.86110617 289.264
8116.41079305 282.155
8120.96047993 282.853
8125.51016682 271.93
8130.0598537 288.32
8134.60954058 302.92
8139.15922746 287.48
8143.70891435 240.32
8148.25860123 205.984
8152.80828811 237.399
8157.35797499 243.569
8161.90766188 199.665
8166.45734876 213.555
8171.00703564 263.333
8175.55672253 274.402
8180.10640941 255.324
8184.65609629 242.932
8189.20578317 183.339
8193.75547006 215.787
8198.30515694 279.518
8202.85484382 263.899
8207.4045307 240.43
8211.95421759 276.0
8216.50390447 288.902
8221.05359135 238.97
8225.60327824 232.252
8230.15296512 241.18
8234.702652 215.497
8239.25233888 220.536
8243.80202577 271.296
8248.35171265 287.599
8252.90139953 299.327
8257.45108641 295.598
8262.0007733 244.454
8266.55046018 220.319
8271.10014706 213.648
8275.64983395 225.097
8280.19952083 253.735
8284.74920771 257.437
8289.29889459 292.155
8293.84858148 222.469
8298.39826836 261.711
8302.94795524 268.782
8307.49764212 228.295
8312.04732901 237.996
8316.59701589 289.666
8321.14670277 257.327
8325.69638966 258.033
8330.24607654 229.559
8334.79576342 254.189
8339.3454503 216.659
8343.89513719 220.399
8348.44482407 263.181
8352.99451095 264.279
8357.54419783 233.054
8362.09388472 218.935
8366.6435716 252.796
8371.19325848 253.753
8375.74294537 254.256
8380.29263225 297.558
8384.84231913 279.207
8389.39200601 295.304
8393.9416929 309.073
8398.49137978 287.419
8403.04106666 336.603
8407.59075354 302.525
8412.14044043 244.168
8416.69012731 312.312
8421.23981419 362.735
8425.78950107 238.542
8430.33918796 329.307
8434.88887484 336.199
8439.43856172 230.589
8443.98824861 239.314
8448.53793549 274.668
8453.08762237 257.33
8457.63730925 265.02
8462.18699614 241.805
8466.73668302 283.535
8471.2863699 325.843
8475.83605678 287.629
8480.38574367 293.791
8484.93543055 249.387
8489.48511743 221.212
8494.03480432 241.775
8498.5844912 222.364
8503.13417808 205.982
8507.68386496 239.6
8512.23355185 240.928
8516.78323873 235.623
8521.33292561 219.685
8525.88261249 240.905
8530.43229938 212.296
8534.98198626 213.34
8539.53167314 214.976
8544.08136003 261.165
8548.63104691 296.18
8553.18073379 257.738
8557.73042067 268.518
8562.28010756 278.553
8566.82979444 258.067
8571.37948132 267.885
8575.9291682 294.852
8580.47885509 276.117
8585.02854197 250.457
8589.57822885 298.096
8594.12791574 298.97
8598.67760262 293.455
8603.2272895 288.265
8607.77697638 236.011
8612.32666327 297.21
8616.87635015 263.234
8621.42603703 241.324
8625.97572391 335.969
8630.5254108 297.814
8635.07509768 263.641
8639.62478456 252.572
8644.17447145 295.837
8648.72415833 282.068
8653.27384521 294.535
8657.82353209 331.932
8662.37321898 252.35
8666.92290586 188.344
8671.47259274 282.756
8676.02227962 287.06
8680.57196651 223.35
8685.12165339 250.706
8689.67134027 259.185
8694.22102715 298.935
8698.77071404 268.49
8703.32040092 206.685
8707.8700878 207.472
8712.41977469 221.655
8716.96946157 240.272
8721.51914845 252.887
8726.06883533 251.261
8730.61852222 242.103
8735.1682091 220.667
8739.71789598 213.879
8744.26758286 249.15
8748.81726975 266.457
8753.36695663 334.981
8757.91664351 279.623
8762.4663304 202.171
8767.01601728 242.324
8771.56570416 303.913
8776.11539104 317.646
8780.66507793 213.878
8785.21476481 164.908
8789.76445169 246.544
8794.31413857 231.995
8798.86382546 239.236
8803.41351234 269.199
8807.96319922 232.838
8812.51288611 238.084
8817.06257299 276.063
8821.61225987 305.84
8826.16194675 288.248
8830.71163364 252.186
8835.26132052 245.505
8839.8110074 345.734
8844.36069428 236.182
8848.91038117 177.369
8853.46006805 419.458
8858.00975493 257.54
8862.55944182 147.831
8867.1091287 193.705
8871.65881558 248.517
8876.20850246 247.443
8880.75818935 201.235
8885.30787623 252.115
8889.85756311 275.321
8894.40724999 216.565
8898.95693688 210.396
8903.50662376 257.275
8908.05631064 250.291
8912.60599753 231.645
8917.15568441 210.314
8921.70537129 200.953
8926.25505817 153.097
8930.80474506 166.854
8935.35443194 148.278
8939.90411882 183.996
8944.4538057 146.611
8949.00349259 172.082
8953.55317947 151.969
8958.10286635 178.771
8962.65255323 148.36
8967.20224012 162.366
8971.751927 192.407
8976.30161388 168.064
8980.85130077 159.078
8985.40098765 147.662
8989.95067453 154.918
8994.50036141 177.344
8999.0500483 163.649
9003.59973518 164.595
9008.14942206 151.846
9012.69910894 121.213
9017.24879583 124.682
9021.79848271 132.223
9026.34816959 116.964
9030.89785648 125.912
9035.44754336 136.984
9039.99723024 150.516
9044.54691712 204.879
9049.09660401 147.47
9053.64629089 123.535
9058.19597777 150.92
9062.74566465 173.996
9067.29535154 210.138
9071.84503842 192.582
9076.3947253 131.734
9080.94441219 119.615
9085.49409907 117.979
9090.04378595 104.911
9094.59347283 135.544
9099.14315972 147.242
9103.6928466 134.434
9108.24253348 135.876
9112.79222036 119.717
9117.34190725 150.235
9121.89159413 147.14
9126.44128101 123.799
9130.9909679 104.357
9135.54065478 119.778
9140.09034166 123.649
9144.64002854 123.372
9149.18971543 138.795
9153.73940231 110.616
9158.28908919 139.05
9162.83877607 105.344
9167.38846296 91.1918
9171.93814984 118.399
9176.48783672 111.718
9181.03752361 91.9791
9185.58721049 104.076
9190.13689737 121.412
9194.68658425 101.499
9199.23627114 105.712
9203.78595802 141.97
9208.3356449 136.081
9212.88533178 113.346
9217.43501867 114.117
9221.98470555 114.875
9226.53439243 114.009
9231.08407931 143.574
9235.6337662 141.322
9240.18345308 98.4759
9244.73313996 105.119
9249.28282685 107.733
9253.83251373 79.3585
9258.38220061 95.2914
9262.93188749 89.4193
9267.48157438 121.623
9272.03126126 96.7713
9276.58094814 91.7516
9281.13063502 112.531
9285.68032191 131.577
9290.23000879 78.4876
9294.77969567 65.8733
9299.32938256 69.8862
9303.87906944 99.996
9308.42875632 72.1284
9312.9784432 31.3591
9317.52813009 52.1978
9322.07781697 100.877
9326.62750385 175.24
9331.17719073 120.663
9335.72687762 84.0544
9340.2765645 66.7194
9344.82625138 42.898
9349.37593827 45.0183
9353.92562515 38.4281
9358.47531203 46.0739
9363.02499891 41.242
9367.5746858 22.4376
9372.12437268 100.481
9376.67405956 130.311
9381.22374644 122.891
9385.77343333 75.1854
9390.32312021 56.5392
9394.87280709 67.3801
9399.42249398 68.4492
9403.97218086 97.1049
9408.52186774 72.1933
9413.07155462 63.0258
9417.62124151 93.8615
9422.17092839 77.3245
9426.72061527 42.0652
9431.27030215 36.8047
9435.81998904 46.4738
9440.36967592 23.301
9444.9193628 20.0204
9449.46904969 74.6746
9454.01873657 68.5306
9458.56842345 32.2375
9463.11811033 38.8491
9467.66779722 87.5855
9472.2174841 95.135
9476.76717098 12.8117
9481.31685786 2.51923
9485.86654475 84.9172
9490.41623163 43.5534
9494.96591851 37.2561
9499.51560539 70.3832
9504.06529228 94.1777
9508.61497916 81.5149
9513.16466604 60.2438
9517.71435293 60.853
9522.26403981 49.0126
9526.81372669 48.109
9531.36341357 46.7429
9535.91310046 78.4465
9540.46278734 104.869
9545.01247422 93.8918
9549.5621611 86.1954
9554.11184799 64.7165
9558.66153487 49.9862
9563.21122175 72.2418
9567.76090864 98.8424
9572.31059552 84.0213
9576.8602824 111.477
9581.40996928 67.9819
9585.95965617 53.5501
9590.50934305 56.8686
9595.05902993 43.6975
9599.60871681 3.17719
9604.1584037 37.2664
9608.70809058 25.4864
9613.25777746 49.4942
9617.80746435 59.0655
9622.35715123 27.5447
9626.90683811 64.8578
9631.45652499 71.739
9636.00621188 90.2059
9640.55589876 99.3741
9645.10558564 75.7293
9649.65527252 69.5977
9654.20495941 43.6396
9658.75464629 30.814
9663.30433317 51.0368
9667.85402006 66.881
9672.40370694 66.8393
9676.95339382 56.3728
9681.5030807 42.8615
9686.05276759 24.2621
9690.60245447 33.4618
9695.15214135 41.7523
9699.70182823 45.8483
9704.25151512 31.8554
9708.801202 48.8116
9713.35088888 75.5952
9717.90057577 49.4754
9722.45026265 3.67724
9726.99994953 72.6008
9731.54963641 71.8591
9736.0993233 64.333
9740.64901018 87.8138
9745.19869706 70.6024
9749.74838394 53.5734
9754.29807083 57.2219
9758.84775771 58.5685
9763.39744459 79.7423
9767.94713147 66.6135
9772.49681836 80.0476
9777.04650524 54.5342
9781.59619212 41.7574
9786.14587901 41.8809
9790.69556589 23.8751
9795.24525277 36.4178
9799.79493965 70.7575
9804.34462654 76.9868
9808.89431342 57.5799
9813.4440003 50.9479
9817.99368718 12.49
9822.54337407 2.16982
9827.09306095 56.8854
9831.64274783 59.0823
9836.19243472 63.8289
9840.7421216 63.7485
9845.29180848 40.6154
9849.84149536 24.9493
9854.39118225 31.0315
9858.94086913 52.0075
9863.49055601 65.6837
9868.04024289 75.4925
9872.58992978 65.275
9877.13961666 21.2146
9881.68930354 64.7199
9886.23899043 24.1558
9890.78867731 54.1432
9895.33836419 58.7362
9899.88805107 17.6148
9904.43773796 27.1317
9908.98742484 38.0539
9913.53711172 50.5497
9918.0867986 40.2898
9922.63648549 45.8995
9927.18617237 45.9866
9931.73585925 12.2333
9936.28554614 50.1
9940.83523302 48.7721
9945.3849199 14.7889
9949.93460678 44.0103
9954.48429367 43.8055
9959.03398055 68.9649
9963.58366743 91.3411
9968.13335431 71.5519
9972.6830412 14.2571
9977.23272808 54.2811
9981.78241496 45.1249
9986.33210185 6.75013
9990.88178873 33.4273
9995.43147561 25.9943
9999.98116249 39.2742
10004.5308494 36.197
10009.0805363 19.4
10013.6302231 10.8921
10018.17991 37.9682
10022.7295969 37.9159
10027.2792838 69.2719
10031.8289707 45.3763
10036.3786576 16.4344
10040.9283444 25.4906
10045.4780313 34.1234
10050.0277182 54.7988
10054.5774051 26.3637
10059.127092 -7.84772
10063.6767789 -1.21886
10068.2264657 18.4571
10072.7761526 17.8349
10077.3258395 25.0891
10081.8755264 49.8155
10086.4252133 40.5123
10090.9749001 24.6079
10095.524587 45.3596
10100.0742739 32.4259
10104.6239608 -21.254
10109.1736477 -6.36831
10113.7233346 28.1207
10118.2730214 0.546294
10122.8227083 6.03358
10127.3723952 33.4591
10131.9220821 18.6821
10136.471769 -3.72761
10141.0214559 39.493
10145.5711427 48.8092
10150.1208296 20.8732
10154.6705165 10.1151
10159.2202034 -11.8174
10163.7698903 20.806
10168.3195772 21.5028
10172.869264 -8.1854
10177.4189509 55.2769
10181.9686378 2.85855
10186.5183247 7.86595
10191.0680116 19.7133
10195.6176984 4.94557
10200.1673853 -1.30197
10204.7170722 13.7013
10209.2667591 26.3804
10213.816446 7.99059
10218.3661329 -29.4557
10222.9158197 11.4419
10227.4655066 5.02936
10232.0151935 -6.88375
10236.5648804 16.7982
10241.1145673 19.2317
10245.6642542 40.6092
10250.213941 35.2236
10254.7636279 1.51318
10259.3133148 4.94531
10263.8630017 -2.29573
10268.4126886 -13.7825
10272.9623755 -8.7848
10277.5120623 -2.36145
10282.0617492 -4.67231
10286.6114361 18.4602
10291.161123 64.1535
10295.7108099 47.069
10300.2604968 3.8675
10304.8101836 -13.0409
10309.3598705 24.3508
10313.9095574 30.5933
10318.4592443 5.06705
10323.0089312 2.27403
10327.558618 18.9732
10332.1083049 15.9964
10336.6579918 -8.06869
10341.2076787 15.7346
10345.7573656 27.2869
10350.3070525 19.1951
10354.8567393 15.4977
10359.4064262 3.86872
10363.9561131 -0.490949
10368.5058 -13.995
10373.0554869 1.12076
