3313.4465332 -8.81093e-19
3314.97898233 5.28484e-18
3316.51143146 -9.02233e-19
3318.04388058 2.77987e-18
3319.57632971 -9.38387e-18
3321.10877883 5.56273e-18
3322.64122796 8.60569e-19
3324.17367709 1.57191e-18
3325.70612621 -6.72375e-18
3327.23857534 2.04469e-18
3328.77102447 2.6093e-18
3330.30347359 1.02724e-18
3331.83592272 -5.15991e-18
3333.36837184 -2.04488e-18
3334.90082097 -7.68701e-18
3336.4332701 3.99655e-17
3337.96571922 -4.28621e-18
3339.49816835 -2.98773e-18
3341.03061748 1.55208e-17
3342.5630666 5.57388e-18
3344.09551573 4.76359e-18
3345.62796485 6.44757e-17
3347.16041398 -1.23249e-17
3348.69286311 1.30234e-17
3350.22531223 -5.19911e-17
3351.75776136 1.04934e-17
3353.29021049 7.66249e-18
3354.82265961 3.35708e-17
3356.35510874 9.40112e-18
3357.88755786 2.4502e-17
3359.42000699 -4.46241e-17
3360.95245612 -9.48558e-17
3362.48490524 -1.55612e-16
3364.01735437 5.54708e-16
3365.5498035 -7.64586e-16
3367.08225262 -3.03465e-15
3368.61470175 -2.6647e-14
3370.14715087 1.44814e-14
3371.6796 -1.76019e-15
3373.21204913 1.46026e-16
3374.74449825 2.40623e-16
3376.27694738 4.37118e-17
3377.80939651 -1.46544e-16
3379.34184563 1.35829e-16
3380.87429476 5.78072e-16
3382.40674388 1.62479e-16
3383.93919301 1.56622e-15
3385.47164214 -4.75557e-16
3387.00409126 3.26759e-16
3388.53654039 -1.10825e-16
3390.06898952 7.28755e-16
3391.60143864 -1.85698e-17
3393.13388777 -4.59584e-16
3394.66633689 -1.22451e-16
3396.19878602 -4.70077e-18
3397.73123515 8.42098e-17
3399.26368427 4.97812e-17
3400.7961334 -9.97679e-17
3402.32858253 -2.84259e-17
3403.86103165 1.16171e-17
3405.39348078 4.82507e-20
3406.9259299 4.91627e-18
3408.45837903 -1.8464e-17
3409.99082816 7.55071e-17
3411.52327728 -1.1664e-17
3413.05572641 7.08434e-18
3414.58817554 -1.04407e-18
3416.12062466 -7.6109e-19
3417.65307379 -5.66532e-17
3419.18552291 1.01902e-17
3420.71797204 -4.67124e-18
3422.25042117 -2.16521e-17
3423.78287029 -3.04104e-17
3425.31531942 9.18087e-19
3426.84776855 -7.40656e-18
3428.38021767 -1.02005e-17
3429.9126668 4.14283e-18
3431.44511592 5.51604e-18
3432.97756505 -1.74846e-17
3434.51001418 1.38977e-16
3436.0424633 -8.41741e-18
3437.57491243 8.85231e-18
3439.10736156 -2.10666e-18
3440.63981068 1.83696e-17
3442.17225981 -4.52876e-19
3443.70470893 -8.59627e-18
3445.23715806 1.33515e-18
3446.76960719 2.1141e-17
3448.30205631 1.91099e-17
3449.83450544 5.40212e-18
3451.36695457 1.22062e-17
3452.89940369 3.50193e-18
3454.43185282 -7.2146e-18
3455.96430194 -7.77179e-18
3457.49675107 -1.24558e-17
3459.0292002 1.83401e-18
3460.56164932 -8.22738e-18
3462.09409845 2.25112e-17
3463.62654757 4.15744e-18
3465.1589967 1.61611e-17
3466.69144583 5.31346e-18
3468.22389495 2.13991e-17
3469.75634408 -1.5468e-17
3471.28879321 2.27907e-18
3472.82124233 1.03014e-18
3474.35369146 -5.03861e-19
3475.88614058 5.73351e-18
3477.41858971 7.5532e-18
3478.95103884 -7.27339e-19
3480.48348796 -5.12644e-18
3482.01593709 -1.75842e-17
3483.54838622 1.35134e-17
3485.08083534 -8.98182e-17
3486.61328447 4.08364e-17
3488.14573359 -2.01278e-19
3489.67818272 6.16742e-18
3491.21063185 1.19873e-17
3492.74308097 1.71997e-17
3494.2755301 9.99015e-18
3495.80797923 -9.59559e-18
3497.34042835 -1.73988e-20
3498.87287748 6.59859e-18
3500.4053266 -4.22641e-18
3501.93777573 2.37169e-18
3503.47022486 1.03645e-17
3505.00267398 4.61285e-18
3506.53512311 3.94821e-18
3508.06757224 1.95839e-19
3509.60002136 1.10513e-17
3511.13247049 1.24765e-17
3512.66491961 3.45033e-18
3514.19736874 2.92711e-18
3515.72981787 1.30908e-17
3517.26226699 1.28141e-17
3518.79471612 3.18434e-18
3520.32716525 1.15501e-17
3521.85961437 1.20176e-17
3523.3920635 2.15345e-18
3524.92451262 5.27306e-18
3526.45696175 5.11929e-18
3527.98941088 4.63589e-18
3529.52186 2.5228e-18
3531.05430913 2.02341e-18
3532.58675826 5.55013e-18
3534.11920738 8.98209e-18
3535.65165651 5.65353e-18
3537.18410563 7.82171e-18
3538.71655476 1.69454e-17
3540.24900389 1.83152e-17
3541.78145301 4.38337e-18
3543.31390214 -7.14599e-19
3544.84635127 3.58841e-18
3546.37880039 6.60371e-18
3547.91124952 3.90589e-18
3549.44369864 3.58609e-18
3550.97614777 5.81967e-18
3552.5085969 8.88643e-18
3554.04104602 1.01398e-17
3555.57349515 1.08966e-17
3557.10594428 1.23755e-17
3558.6383934 -1.36381e-18
3560.17084253 4.35588e-18
3561.70329165 7.70143e-18
3563.23574078 1.12389e-17
3564.76818991 4.79905e-18
3566.30063903 1.12694e-17
3567.83308816 5.01087e-18
3569.36553729 9.24913e-18
3570.89798641 3.89873e-18
3572.43043554 3.69827e-18
3573.96288466 4.54006e-18
3575.49533379 1.19995e-17
3577.02778292 -1.15878e-18
3578.56023204 5.25088e-18
3580.09268117 6.46154e-18
3581.6251303 9.66466e-18
3583.15757942 9.70163e-18
3584.69002855 3.11432e-18
3586.22247767 1.20086e-17
3587.7549268 5.0433e-18
3589.28737593 1.20577e-18
3590.81982505 4.08529e-18
3592.35227418 1.02202e-17
3593.88472331 8.03904e-18
3595.41717243 3.93457e-18
3596.94962156 6.75855e-18
3598.48207068 9.19481e-18
3600.01451981 4.68438e-18
3601.54696894 6.70663e-18
3603.07941806 5.80601e-18
3604.61186719 5.18999e-18
3606.14431632 5.28189e-18
3607.67676544 1.00264e-17
3609.20921457 1.09553e-17
3610.74166369 1.39945e-17
3612.27411282 6.3951e-18
3613.80656195 2.14193e-18
3615.33901107 6.36043e-18
3616.8714602 6.60813e-18
3618.40390933 7.33501e-18
3619.93635845 6.52644e-18
3621.46880758 9.49577e-18
3623.0012567 8.13764e-18
3624.53370583 3.55108e-18
3626.06615496 4.30719e-18
3627.59860408 4.16425e-18
3629.13105321 3.1156e-18
3630.66350234 7.08287e-18
3632.19595146 9.73195e-18
3633.72840059 -5.27566e-19
3635.26084971 1.24226e-17
3636.79329884 1.12948e-17
3638.32574797 2.58922e-18
3639.85819709 5.35242e-18
3641.39064622 7.27566e-18
3642.92309535 9.41122e-18
3644.45554447 1.23024e-17
3645.9879936 7.25165e-18
3647.52044272 1.76591e-18
3649.05289185 2.29028e-18
3650.58534098 5.32057e-18
3652.1177901 6.51755e-18
3653.65023923 4.47864e-18
3655.18268836 1.16755e-17
3656.71513748 3.38802e-18
3658.24758661 4.88397e-18
3659.78003573 9.21755e-18
3661.31248486 5.88467e-18
3662.84493399 6.15665e-18
3664.37738311 6.66421e-18
3665.90983224 7.17539e-18
3667.44228137 6.07372e-18
3668.97473049 1.03427e-17
3670.50717962 8.76676e-18
3672.03962874 6.15385e-18
3673.57207787 7.06696e-18
3675.104527 1.09261e-17
3676.63697612 9.06006e-18
3678.16942525 6.1187e-18
3679.70187438 5.55727e-18
3681.2343235 2.42023e-18
3682.76677263 7.48878e-18
3684.29922175 1.11389e-17
3685.83167088 6.06518e-18
3687.36412001 1.03271e-17
3688.89656913 5.32986e-18
3690.42901826 6.15783e-18
3691.96146739 1.05504e-17
3693.49391651 8.05594e-18
3695.02636564 8.8618e-18
3696.55881476 1.1085e-17
3698.09126389 6.64026e-18
3699.62371302 8.06131e-18
3701.15616214 4.66533e-18
3702.68861127 8.50075e-18
3704.2210604 6.01453e-18
3705.75350952 9.79608e-18
3707.28595865 1.03184e-17
3708.81840777 1.09773e-17
3710.3508569 5.20961e-18
3711.88330603 1.12328e-17
3713.41575515 1.09598e-17
3714.94820428 6.84288e-18
3716.48065341 6.82127e-18
3718.01310253 9.99e-18
3719.54555166 8.28876e-18
3721.07800078 9.21868e-18
3722.61044991 7.76136e-18
3724.14289904 1.12085e-17
3725.67534816 1.39959e-17
3727.20779729 9.26073e-18
3728.74024642 1.12928e-17
3730.27269554 1.10167e-17
3731.80514467 4.96523e-18
3733.33759379 1.2825e-17
3734.87004292 2.40947e-18
3736.40249205 8.73294e-18
3737.93494117 1.13258e-17
3739.4673903 7.26964e-18
3740.99983943 9.41032e-18
3742.53228855 5.50345e-18
3744.06473768 7.29058e-18
3745.5971868 6.34592e-18
3747.12963593 5.41725e-18
3748.66208506 8.66627e-18
3750.19453418 1.12128e-17
3751.72698331 8.34265e-18
3753.25943244 1.12129e-17
3754.79188156 2.08438e-18
3756.32433069 8.03853e-18
3757.85677981 8.42636e-18
3759.38922894 8.96628e-18
3760.92167807 5.96439e-18
3762.45412719 6.29703e-18
3763.98657632 6.70732e-18
3765.51902544 1.13743e-17
3767.05147457 9.92324e-18
3768.5839237 9.249e-18
3770.11637282 9.8531e-18
3771.64882195 1.20883e-17
3773.18127108 7.59059e-18
3774.7137202 1.19493e-17
3776.24616933 1.22509e-17
3777.77861845 1.05747e-17
3779.31106758 1.05682e-17
3780.84351671 1.02456e-17
3782.37596583 9.60004e-18
3783.90841496 1.02522e-17
3785.44086409 9.43068e-18
3786.97331321 9.99454e-18
3788.50576234 9.33816e-18
3790.03821146 7.81581e-18
3791.57066059 8.47774e-18
3793.10310972 9.23818e-18
3794.63555884 7.77541e-18
3796.16800797 1.00099e-17
3797.7004571 1.16272e-17
3799.23290622 1.09587e-17
3800.76535535 1.18606e-17
3802.29780447 1.18641e-17
3803.8302536 1.36708e-17
3805.36270273 8.70015e-18
3806.89515185 1.48958e-17
3808.42760098 9.04951e-18
3809.96005011 1.07557e-17
3811.49249923 9.91879e-18
3813.02494836 8.11622e-18
3814.55739748 1.85679e-17
3816.08984661 8.31257e-18
3817.62229574 9.46611e-18
3819.15474486 9.66719e-18
3820.68719399 1.20769e-17
3822.21964312 1.08852e-17
3823.75209224 1.01422e-17
3825.28454137 1.17927e-17
3826.81699049 1.25733e-17
3828.34943962 9.52789e-18
3829.88188875 1.31708e-17
3831.41433787 1.2358e-17
3832.946787 1.0287e-17
3834.47923613 1.27067e-17
3836.01168525 1.16819e-17
3837.54413438 1.22513e-17
3839.0765835 1.26973e-17
3840.60903263 8.87568e-18
3842.14148176 1.25775e-17
3843.67393088 1.6989e-17
3845.20638001 8.81165e-18
3846.73882914 1.1177e-17
3848.27127826 9.73447e-18
3849.80372739 1.26061e-17
3851.33617651 1.19405e-17
3852.86862564 8.61165e-18
3854.40107477 9.56128e-18
3855.93352389 1.1142e-17
3857.46597302 9.22692e-18
3858.99842215 1.41704e-17
3860.53087127 1.11774e-17
3862.0633204 1.12421e-17
3863.59576952 1.03426e-17
3865.12821865 9.71478e-18
3866.66066778 1.33726e-17
3868.1931169 6.76715e-18
3869.72556603 1.01158e-17
3871.25801516 1.18745e-17
3872.79046428 1.01561e-17
3874.32291341 1.08575e-17
3875.85536253 1.39266e-17
3877.38781166 1.27839e-17
3878.92026079 1.23533e-17
3880.45270991 9.72004e-18
3881.98515904 1.01425e-17
3883.51760817 1.01772e-17
3885.05005729 9.198e-18
3886.58250642 1.10265e-17
3888.11495554 1.11863e-17
3889.64740467 1.10296e-17
3891.1798538 9.06202e-18
3892.71230292 1.15472e-17
3894.24475205 1.00181e-17
3895.77720118 1.09402e-17
3897.3096503 1.24294e-17
3898.84209943 1.15868e-17
3900.37454855 1.16648e-17
3901.90699768 1.15408e-17
3903.43944681 1.13628e-17
3904.97189593 1.24351e-17
3906.50434506 1.16338e-17
3908.03679419 1.25476e-17
3909.56924331 1.11314e-17
3911.10169244 1.34335e-17
3912.63414156 9.76045e-18
3914.16659069 1.02785e-17
3915.69903982 1.14837e-17
3917.23148894 1.2494e-17
3918.76393807 1.11214e-17
3920.2963872 1.04045e-17
3921.82883632 1.03572e-17
3923.36128545 1.42661e-17
3924.89373457 1.10738e-17
3926.4261837 1.2992e-17
3927.95863283 1.25414e-17
3929.49108195 1.1081e-17
3931.02353108 1.10129e-17
3932.55598021 1.02596e-17
3934.08842933 1.14348e-17
3935.62087846 1.3388e-17
3937.15332758 1.00144e-17
3938.68577671 1.26624e-17
3940.21822584 1.00479e-17
3941.75067496 1.22329e-17
3943.28312409 1.46335e-17
3944.81557322 1.01942e-17
3946.34802234 1.14821e-17
3947.88047147 1.30008e-17
3949.41292059 9.37817e-18
3950.94536972 7.98374e-18
3952.47781885 1.19986e-17
3954.01026797 1.12744e-17
3955.5427171 1.19009e-17
3957.07516623 9.62819e-18
3958.60761535 8.82712e-18
3960.14006448 7.81061e-18
3961.6725136 4.73251e-18
3963.20496273 2.97297e-18
3964.73741186 3.60908e-18
3966.26986098 4.61687e-18
3967.80231011 2.77958e-18
3969.33475924 4.52605e-18
3970.86720836 5.18324e-18
3972.39965749 7.1245e-18
3973.93210661 9.3832e-18
3975.46455574 8.05084e-18
3976.99700487 1.10512e-17
3978.52945399 9.52638e-18
3980.06190312 1.01973e-17
3981.59435225 1.07103e-17
3983.12680137 1.27024e-17
3984.6592505 9.31565e-18
3986.19169962 1.04976e-17
3987.72414875 1.20981e-17
3989.25659788 1.2758e-17
3990.789047 1.03785e-17
3992.32149613 1.02299e-17
3993.85394526 1.15518e-17
3995.38639438 1.04899e-17
3996.91884351 8.44466e-18
3998.45129263 7.46797e-18
3999.98374176 6.77277e-18
4001.51619089 5.44062e-18
4003.04864001 4.34361e-18
4004.58108914 6.80327e-18
4006.11353827 6.62111e-18
4007.64598739 9.53113e-18
4009.17843652 7.83492e-18
4010.71088564 1.01252e-17
4012.24333477 9.65631e-18
4013.7757839 1.42172e-17
4015.30823302 8.88521e-18
4016.84068215 1.06877e-17
4018.37313128 1.22527e-17
4019.9055804 9.4626e-18
4021.43802953 1.29193e-17
4022.97047865 1.36854e-17
4024.50292778 1.35447e-17
4026.03537691 1.36834e-17
4027.56782603 1.19414e-17
4029.10027516 1.40046e-17
4030.63272429 1.47627e-17
4032.16517341 1.36423e-17
4033.69762254 1.32779e-17
4035.23007166 1.22636e-17
4036.76252079 1.37557e-17
4038.29496992 1.76731e-17
4039.82741904 1.34245e-17
4041.35986817 1.44583e-17
4042.8923173 1.62206e-17
4044.42476642 1.42698e-17
4045.95721555 1.38818e-17
4047.48966467 1.69152e-17
4049.0221138 1.40917e-17
4050.55456293 1.56905e-17
4052.08701205 1.45287e-17
4053.61946118 1.82829e-17
4055.15191031 1.55415e-17
4056.68435943 1.61754e-17
4058.21680856 1.57318e-17
4059.74925768 1.78227e-17
4061.28170681 1.67825e-17
4062.81415594 1.48906e-17
4064.34660506 1.55627e-17
4065.87905419 1.48847e-17
4067.41150331 1.50954e-17
4068.94395244 1.61976e-17
4070.47640157 1.51404e-17
4072.00885069 1.76536e-17
4073.54129982 1.73488e-17
4075.07374895 1.48615e-17
4076.60619807 1.50517e-17
4078.1386472 1.62768e-17
4079.67109632 1.51356e-17
4081.20354545 1.597e-17
4082.73599458 1.67613e-17
4084.2684437 1.64544e-17
4085.80089283 1.54593e-17
4087.33334196 1.75796e-17
4088.86579108 1.5308e-17
4090.39824021 1.82086e-17
4091.93068933 1.54117e-17
4093.46313846 1.5534e-17
4094.99558759 1.55671e-17
4096.52803671 1.72652e-17
4098.06048584 1.66673e-17
4099.59293497 1.63533e-17
4101.12538409 1.5007e-17
4102.65783322 1.78322e-17
4104.19028234 1.91266e-17
4105.72273147 1.53337e-17
4107.2551806 1.57398e-17
4108.78762972 1.51336e-17
4110.32007885 1.51855e-17
4111.85252798 1.67781e-17
4113.3849771 1.48037e-17
4114.91742623 1.61841e-17
4116.44987535 1.66662e-17
4117.98232448 1.73331e-17
4119.51477361 1.64738e-17
4121.04722273 1.75155e-17
4122.57967186 1.7196e-17
4124.11212099 1.99478e-17
4125.64457011 1.74319e-17
4127.17701924 2.05804e-17
4128.70946836 2.05396e-17
4130.24191749 2.06925e-17
4131.77436662 1.92843e-17
4133.30681574 1.96196e-17
4134.83926487 1.9098e-17
4136.371714 1.93568e-17
4137.90416312 2.13357e-17
4139.43661225 1.96703e-17
4140.96906137 1.97234e-17
4142.5015105 2.25979e-17
4144.03395963 1.76351e-17
4145.56640875 1.71815e-17
4147.09885788 2.1245e-17
4148.63130701 1.86792e-17
4150.16375613 2.03626e-17
4151.69620526 1.9761e-17
4153.22865438 2.23974e-17
4154.76110351 1.59213e-17
4156.29355264 1.84762e-17
4157.82600176 1.74664e-17
4159.35845089 1.69874e-17
4160.89090002 2.05263e-17
4162.42334914 1.82223e-17
4163.95579827 1.79399e-17
4165.48824739 1.91093e-17
4167.02069652 1.94691e-17
4168.55314565 1.63241e-17
4170.08559477 1.73892e-17
4171.6180439 1.6201e-17
4173.15049303 1.86639e-17
4174.68294215 1.97692e-17
4176.21539128 1.96762e-17
4177.7478404 1.98434e-17
4179.28028953 1.67054e-17
4180.81273866 1.79875e-17
4182.34518778 1.77773e-17
4183.87763691 1.86644e-17
4185.41008604 1.94301e-17
4186.94253516 1.81622e-17
4188.47498429 2.02398e-17
4190.00743341 2.0049e-17
4191.53988254 2.13529e-17
4193.07233167 2.23552e-17
4194.60478079 2.04974e-17
4196.13722992 1.93612e-17
4197.66967905 1.85368e-17
4199.20212817 1.85454e-17
4200.7345773 1.80118e-17
4202.26702642 1.99563e-17
4203.79947555 1.6732e-17
4205.33192468 1.69205e-17
4206.8643738 1.9279e-17
4208.39682293 1.70825e-17
4209.92927206 1.70451e-17
4211.46172118 1.81539e-17
4212.99417031 1.69428e-17
4214.52661943 1.72011e-17
4216.05906856 2.00962e-17
4217.59151769 1.82166e-17
4219.12396681 1.96123e-17
4220.65641594 1.92882e-17
4222.18886507 1.96717e-17
4223.72131419 1.99271e-17
4225.25376332 2.01969e-17
4226.78621244 2.1139e-17
4228.31866157 2.0364e-17
4229.8511107 2.07364e-17
4231.38355982 1.93659e-17
4232.91600895 1.9034e-17
4234.44845808 2.12499e-17
4235.9809072 1.9293e-17
4237.51335633 1.98318e-17
4239.04580545 1.85114e-17
4240.57825458 2.14741e-17
4242.11070371 1.91308e-17
4243.64315283 2.02541e-17
4245.17560196 1.82076e-17
4246.70805109 2.08877e-17
4248.24050021 1.99027e-17
4249.77294934 2.1117e-17
4251.30539846 2.07323e-17
4252.83784759 1.98548e-17
4254.37029672 2.05295e-17
4255.90274584 2.10502e-17
4257.43519497 1.86971e-17
4258.9676441 2.19493e-17
4260.50009322 2.04158e-17
4262.03254235 1.8564e-17
4263.56499147 2.18071e-17
4265.0974406 2.14798e-17
4266.62988973 2.25258e-17
4268.16233885 2.13864e-17
4269.69478798 1.89593e-17
4271.22723711 1.96285e-17
4272.75968623 2.06906e-17
4274.29213536 2.06559e-17
4275.82458448 2.39088e-17
4277.35703361 2.09498e-17
4278.88948274 2.26007e-17
4280.42193186 2.09689e-17
4281.95438099 2.06663e-17
4283.48683012 2.1167e-17
4285.01927924 2.2052e-17
4286.55172837 2.20369e-17
4288.08417749 2.37884e-17
4289.61662662 2.30324e-17
4291.14907575 2.23015e-17
4292.68152487 2.34303e-17
4294.213974 2.19364e-17
4295.74642313 2.34135e-17
4297.27887225 2.10882e-17
4298.81132138 2.34436e-17
4300.3437705 2.26633e-17
4301.87621963 2.32884e-17
4303.40866876 2.40378e-17
4304.94111788 2.43237e-17
4306.47356701 2.2788e-17
4308.00601614 2.42595e-17
4309.53846526 2.16574e-17
4311.07091439 2.35448e-17
4312.60336351 2.43251e-17
4314.13581264 2.3055e-17
4315.66826177 2.41614e-17
4317.20071089 2.1441e-17
4318.73316002 2.34512e-17
4320.26560915 2.44035e-17
4321.79805827 2.4873e-17
4323.3305074 1.97417e-17
4324.86295652 2.09357e-17
4326.39540565 2.03543e-17
4327.92785478 1.83254e-17
4329.4603039 1.90474e-17
4330.99275303 2.0406e-17
4332.52520216 2.09608e-17
4334.05765128 2.16837e-17
4335.59010041 1.95753e-17
4337.12254953 2.17852e-17
4338.65499866 2.26739e-17
4340.18744779 2.1344e-17
4341.71989691 2.17738e-17
4343.25234604 2.11864e-17
4344.78479517 2.23656e-17
4346.31724429 2.24621e-17
4347.84969342 2.37442e-17
4349.38214254 2.26742e-17
4350.91459167 2.22519e-17
4352.4470408 2.29274e-17
4353.97948992 2.2953e-17
4355.51193905 2.32119e-17
4357.04438818 2.27442e-17
4358.5768373 2.47559e-17
4360.10928643 2.39595e-17
4361.64173555 2.17929e-17
4363.17418468 2.38198e-17
4364.70663381 2.52722e-17
4366.23908293 2.43936e-17
4367.77153206 2.33993e-17
4369.30398118 2.58085e-17
4370.83643031 2.53351e-17
4372.36887944 2.56959e-17
4373.90132856 2.53101e-17
4375.43377769 2.31035e-17
4376.96622682 2.45677e-17
4378.49867594 2.47563e-17
4380.03112507 2.3714e-17
4381.56357419 2.4258e-17
4383.09602332 2.52651e-17
4384.62847245 2.39326e-17
4386.16092157 2.62801e-17
4387.6933707 2.45565e-17
4389.22581983 2.48647e-17
4390.75826895 2.54164e-17
4392.29071808 2.62513e-17
4393.8231672 2.42381e-17
4395.35561633 2.54119e-17
4396.88806546 2.52442e-17
4398.42051458 2.58022e-17
4399.95296371 2.49608e-17
4401.48541284 2.67967e-17
4403.01786196 2.64008e-17
4404.55031109 2.42819e-17
4406.08276021 2.51763e-17
4407.61520934 2.49891e-17
4409.14765847 2.43774e-17
4410.68010759 2.43383e-17
4412.21255672 2.1839e-17
4413.74500585 2.32624e-17
4415.27745497 2.40629e-17
4416.8099041 2.54479e-17
4418.34235322 2.46212e-17
4419.87480235 2.35839e-17
4421.40725148 2.50662e-17
4422.9397006 2.36105e-17
4424.47214973 2.53122e-17
4426.00459886 2.51176e-17
4427.53704798 2.41756e-17
4429.06949711 2.30642e-17
4430.60194623 2.35342e-17
4432.13439536 2.40609e-17
4433.66684449 2.2943e-17
4435.19929361 2.33888e-17
4436.73174274 2.70061e-17
4438.26419187 2.40806e-17
4439.79664099 2.43989e-17
4441.32909012 2.40363e-17
4442.86153924 2.49395e-17
4444.39398837 2.4432e-17
4445.9264375 2.51965e-17
4447.45888662 2.51723e-17
4448.99133575 2.46828e-17
4450.52378488 2.5221e-17
4452.056234 2.38021e-17
4453.58868313 2.22813e-17
4455.12113225 2.56038e-17
4456.65358138 2.471e-17
4458.18603051 2.62846e-17
4459.71847963 2.61303e-17
4461.25092876 2.54138e-17
4462.78337789 2.43277e-17
4464.31582701 2.28552e-17
4465.84827614 2.37224e-17
4467.38072526 2.58363e-17
4468.91317439 2.65552e-17
4470.44562352 2.65572e-17
4471.97807264 2.91509e-17
4473.51052177 2.62319e-17
4475.0429709 2.82041e-17
4476.57542002 2.7143e-17
4478.10786915 2.79438e-17
4479.64031827 2.64579e-17
4481.1727674 2.51673e-17
4482.70521653 2.53674e-17
4484.23766565 2.58822e-17
4485.77011478 2.59946e-17
4487.30256391 2.57769e-17
4488.83501303 2.60882e-17
4490.36746216 2.52414e-17
4491.89991128 2.70714e-17
4493.43236041 2.75972e-17
4494.96480954 2.53111e-17
4496.49725866 2.79041e-17
4498.02970779 2.69191e-17
4499.56215692 2.78256e-17
4501.09460604 2.55069e-17
4502.62705517 2.48191e-17
4504.15950429 2.37777e-17
4505.69195342 2.5588e-17
4507.22440255 2.33004e-17
4508.75685167 2.5769e-17
4510.2893008 2.74553e-17
4511.82174993 2.75773e-17
4513.35419905 2.65948e-17
4514.88664818 2.75391e-17
4516.4190973 2.84853e-17
4517.95154643 3.0436e-17
4519.48399556 2.93664e-17
4521.01644468 2.91737e-17
4522.54889381 2.94598e-17
4524.08134294 2.61992e-17
4525.61379206 2.8e-17
4527.14624119 2.7405e-17
4528.67869031 2.85233e-17
4530.21113944 2.46571e-17
4531.74358857 2.41634e-17
4533.27603769 2.76006e-17
4534.80848682 2.69083e-17
4536.34093595 2.72381e-17
4537.87338507 2.7314e-17
4539.4058342 2.9034e-17
4540.93828332 2.91392e-17
4542.47073245 2.80645e-17
4544.00318158 3.26894e-17
4545.5356307 2.97513e-17
4547.06807983 2.91788e-17
4548.60052896 2.89339e-17
4550.13297808 3.1609e-17
4551.66542721 3.01884e-17
4553.19787633 3.06775e-17
4554.73032546 2.83575e-17
4556.26277459 2.99892e-17
4557.79522371 2.85796e-17
4559.32767284 2.80831e-17
4560.86012197 3.21268e-17
4562.39257109 2.87941e-17
4563.92502022 2.99645e-17
4565.45746934 2.9197e-17
4566.98991847 2.90453e-17
4568.5223676 2.65348e-17
4570.05481672 2.86296e-17
4571.58726585 2.84608e-17
4573.11971498 2.83134e-17
4574.6521641 2.99965e-17
4576.18461323 3.05857e-17
4577.71706235 2.8964e-17
4579.24951148 2.93638e-17
4580.78196061 3.01907e-17
4582.31440973 2.98999e-17
4583.84685886 2.80496e-17
4585.37930799 2.97947e-17
4586.91175711 2.79998e-17
4588.44420624 3.03286e-17
4589.97665536 2.92221e-17
4591.50910449 2.9423e-17
4593.04155362 2.91352e-17
4594.57400274 2.93167e-17
4596.10645187 3.02898e-17
4597.638901 2.92526e-17
4599.17135012 2.93676e-17
4600.70379925 2.78708e-17
4602.23624837 2.82746e-17
4603.7686975 3.06568e-17
4605.30114663 3.06239e-17
4606.83359575 3.04658e-17
4608.36604488 3.14034e-17
4609.89849401 3.11544e-17
4611.43094313 3.06805e-17
4612.96339226 2.76437e-17
4614.49584138 3.0524e-17
4616.02829051 3.02211e-17
4617.56073964 3.05265e-17
4619.09318876 3.00042e-17
4620.62563789 2.99179e-17
4622.15808702 3.18527e-17
4623.69053614 3.08819e-17
4625.22298527 2.9858e-17
4626.75543439 3.07921e-17
4628.28788352 3.10619e-17
4629.82033265 3.02974e-17
4631.35278177 2.90059e-17
4632.8852309 3.01326e-17
4634.41768003 3.20821e-17
4635.95012915 3.07862e-17
4637.48257828 3.26141e-17
4639.0150274 3.01255e-17
4640.54747653 3.18934e-17
4642.07992566 3.38517e-17
4643.61237478 3.09656e-17
4645.14482391 3.17153e-17
4646.67727304 3.40046e-17
4648.20972216 3.46278e-17
4649.74217129 3.44004e-17
4651.27462041 3.41749e-17
4652.80706954 3.31172e-17
4654.33951867 3.52724e-17
4655.87196779 3.34999e-17
4657.40441692 3.53977e-17
4658.93686604 3.28234e-17
4660.46931517 3.57108e-17
4662.0017643 3.45098e-17
4663.53421342 3.2978e-17
4665.06666255 3.23543e-17
4666.59911168 3.21132e-17
4668.1315608 3.35007e-17
4669.66400993 3.30096e-17
4671.19645905 3.33955e-17
4672.72890818 3.36272e-17
4674.26135731 3.39484e-17
4675.79380643 3.46017e-17
4677.32625556 3.3586e-17
4678.85870469 3.42054e-17
4680.39115381 3.46227e-17
4681.92360294 3.22842e-17
4683.45605206 3.36359e-17
4684.98850119 3.5003e-17
4686.52095032 3.5146e-17
4688.05339944 3.40474e-17
4689.58584857 3.49467e-17
4691.1182977 3.42274e-17
4692.65074682 3.42714e-17
4694.18319595 3.4061e-17
4695.71564507 3.36771e-17
4697.2480942 3.30178e-17
4698.78054333 3.15321e-17
4700.31299245 3.26862e-17
4701.84544158 3.34875e-17
4703.37789071 3.24068e-17
4704.91033983 3.10695e-17
4706.44278896 3.1269e-17
4707.97523808 3.32012e-17
4709.50768721 3.25828e-17
4711.04013634 3.28121e-17
4712.57258546 3.31208e-17
4714.10503459 3.37812e-17
4715.63748372 3.29078e-17
4717.16993284 3.45284e-17
4718.70238197 3.36663e-17
4720.23483109 3.32029e-17
4721.76728022 3.47082e-17
4723.29972935 3.37983e-17
4724.83217847 3.51162e-17
4726.3646276 3.45208e-17
4727.89707673 3.54811e-17
4729.42952585 3.5186e-17
4730.96197498 3.49041e-17
4732.4944241 3.6887e-17
4734.02687323 3.43311e-17
4735.55932236 3.4745e-17
4737.09177148 3.49303e-17
4738.62422061 3.43073e-17
4740.15666974 3.41787e-17
4741.68911886 3.42498e-17
4743.22156799 3.40961e-17
4744.75401711 3.45222e-17
4746.28646624 3.44513e-17
4747.81891537 3.41767e-17
4749.35136449 3.48829e-17
4750.88381362 3.49717e-17
4752.41626275 3.55179e-17
4753.94871187 3.48981e-17
4755.481161 3.52859e-17
4757.01361012 3.31452e-17
4758.54605925 3.65865e-17
4760.07850838 3.68115e-17
4761.6109575 3.47526e-17
4763.14340663 3.38149e-17
4764.67585576 3.46659e-17
4766.20830488 3.34817e-17
4767.74075401 3.39676e-17
4769.27320313 3.55596e-17
4770.80565226 3.44634e-17
4772.33810139 3.41948e-17
4773.87055051 3.6884e-17
4775.40299964 3.35712e-17
4776.93544877 3.56923e-17
4778.46789789 3.49615e-17
4780.00034702 3.42913e-17
4781.53279614 3.34054e-17
4783.06524527 3.56558e-17
4784.5976944 3.55794e-17
4786.13014352 3.61911e-17
4787.66259265 3.67942e-17
4789.19504178 3.7171e-17
4790.7274909 3.71859e-17
4792.25994003 3.747e-17
4793.79238915 3.64359e-17
4795.32483828 3.73744e-17
4796.85728741 3.70188e-17
4798.38973653 3.64286e-17
4799.92218566 3.48577e-17
4801.45463479 3.72226e-17
4802.98708391 3.69672e-17
4804.51953304 3.572e-17
4806.05198216 3.75425e-17
4807.58443129 3.7571e-17
4809.11688042 3.80395e-17
4810.64932954 3.63207e-17
4812.18177867 3.58926e-17
4813.7142278 3.55831e-17
4815.24667692 3.52386e-17
4816.77912605 3.55834e-17
4818.31157517 3.55914e-17
4819.8440243 3.53374e-17
4821.37647343 3.39936e-17
4822.90892255 3.67107e-17
4824.44137168 3.7776e-17
4825.97382081 3.613e-17
4827.50626993 3.71563e-17
4829.03871906 3.70875e-17
4830.57116818 3.62207e-17
4832.10361731 3.75089e-17
4833.63606644 3.80645e-17
4835.16851556 3.77456e-17
4836.70096469 3.6968e-17
4838.23341382 3.65388e-17
4839.76586294 3.65687e-17
4841.29831207 3.62607e-17
4842.83076119 3.73072e-17
4844.36321032 3.53141e-17
4845.89565945 3.67011e-17
4847.42810857 3.69153e-17
4848.9605577 3.6699e-17
4850.49300683 3.78905e-17
4852.02545595 3.79015e-17
4853.55790508 3.88485e-17
4855.0903542 3.75448e-17
4856.62280333 3.78023e-17
4858.15525246 3.65165e-17
4859.68770158 3.5295e-17
4861.22015071 3.68128e-17
4862.75259984 3.62677e-17
4864.28504896 3.57973e-17
4865.81749809 3.56005e-17
4867.34994721 3.61876e-17
4868.88239634 3.8095e-17
4870.41484547 3.61967e-17
4871.94729459 3.69379e-17
4873.47974372 3.81446e-17
4875.01219285 3.66161e-17
4876.54464197 3.79267e-17
4878.0770911 3.71326e-17
4879.60954022 3.7662e-17
4881.14198935 3.51996e-17
4882.67443848 3.7809e-17
4884.2068876 3.78719e-17
4885.73933673 3.73053e-17
4887.27178586 3.724e-17
4888.80423498 3.82064e-17
4890.33668411 3.73315e-17
4891.86913323 3.85625e-17
4893.40158236 3.71309e-17
4894.93403149 3.91091e-17
4896.46648061 3.88413e-17
4897.99892974 3.9256e-17
4899.53137887 4.04893e-17
4901.06382799 3.96597e-17
4902.59627712 3.8998e-17
4904.12872624 3.77532e-17
4905.66117537 3.81317e-17
4907.1936245 3.93493e-17
4908.72607362 3.93337e-17
4910.25852275 3.89224e-17
4911.79097188 3.98799e-17
4913.323421 3.79845e-17
4914.85587013 3.67426e-17
4916.38831925 3.87995e-17
4917.92076838 3.69722e-17
4919.45321751 3.47764e-17
4920.98566663 3.63871e-17
4922.51811576 3.7208e-17
4924.05056489 3.58177e-17
4925.58301401 3.73468e-17
4927.11546314 3.64618e-17
4928.64791226 3.65042e-17
4930.18036139 3.74811e-17
4931.71281052 3.87913e-17
4933.24525964 3.71845e-17
4934.77770877 3.79932e-17
4936.3101579 3.90652e-17
4937.84260702 3.76725e-17
4939.37505615 3.9212e-17
4940.90750527 3.63045e-17
4942.4399544 3.75906e-17
4943.97240353 3.86368e-17
4945.50485265 4.01716e-17
4947.03730178 3.90194e-17
4948.56975091 3.96185e-17
4950.10220003 3.88641e-17
4951.63464916 3.79625e-17
4953.16709828 3.56604e-17
4954.69954741 3.56357e-17
4956.23199654 3.60941e-17
4957.76444566 3.61301e-17
4959.29689479 3.62139e-17
4960.82934391 3.69545e-17
4962.36179304 3.49187e-17
4963.89424217 3.58802e-17
4965.42669129 3.64775e-17
4966.95914042 3.60065e-17
4968.49158955 3.78146e-17
4970.02403867 3.57018e-17
4971.5564878 3.5114e-17
4973.08893692 3.66321e-17
4974.62138605 3.65023e-17
4976.15383518 3.56243e-17
4977.6862843 3.80363e-17
4979.21873343 3.8301e-17
4980.75118256 3.88018e-17
4982.28363168 3.98751e-17
4983.81608081 3.72952e-17
4985.34852993 3.90636e-17
4986.88097906 3.76964e-17
4988.41342819 4.03239e-17
4989.94587731 4.01046e-17
4991.47832644 4.03858e-17
4993.01077557 3.91836e-17
4994.54322469 3.91684e-17
4996.07567382 4.00348e-17
4997.60812294 3.85887e-17
4999.14057207 3.8648e-17
5000.6730212 3.9673e-17
5002.20547032 3.95141e-17
5003.73791945 4.0234e-17
5005.27036858 4.01917e-17
5006.8028177 4.00496e-17
5008.33526683 3.81437e-17
5009.86771595 3.88339e-17
5011.40016508 3.8199e-17
5012.93261421 3.93759e-17
5014.46506333 4.0294e-17
5015.99751246 3.99095e-17
5017.52996159 3.99966e-17
5019.06241071 3.72343e-17
5020.59485984 4.0455e-17
5022.12730896 3.81641e-17
5023.65975809 3.82746e-17
5025.19220722 3.87984e-17
5026.72465634 3.98104e-17
5028.25710547 3.91338e-17
5029.7895546 3.98217e-17
5031.32200372 3.91502e-17
5032.85445285 3.98742e-17
5034.38690197 3.87045e-17
5035.9193511 3.91816e-17
5037.45180023 4.0239e-17
5038.98424935 3.92508e-17
5040.51669848 3.94876e-17
5042.04914761 3.93626e-17
5043.58159673 3.9664e-17
5045.11404586 3.88037e-17
5046.64649498 3.71402e-17
5048.17894411 3.83267e-17
5049.71139324 3.78209e-17
5051.24384236 3.95496e-17
5052.77629149 3.83516e-17
5054.30874062 3.81543e-17
5055.84118974 3.85153e-17
5057.37363887 3.82503e-17
5058.90608799 3.80938e-17
5060.43853712 3.84408e-17
5061.97098625 3.75732e-17
5063.50343537 3.80226e-17
5065.0358845 3.97557e-17
5066.56833363 3.95632e-17
5068.10078275 3.98122e-17
5069.63323188 3.85738e-17
5071.165681 4.06022e-17
5072.69813013 3.90633e-17
5074.23057926 3.9356e-17
5075.76302838 3.76916e-17
5077.29547751 4.02004e-17
5078.82792664 3.7761e-17
5080.36037576 3.97005e-17
5081.89282489 3.93356e-17
5083.42527401 4.05616e-17
5084.95772314 4.01121e-17
5086.49017227 3.87349e-17
5088.02262139 4.00237e-17
5089.55507052 3.98807e-17
5091.08751965 3.91141e-17
5092.61996877 4.06761e-17
5094.1524179 4.06894e-17
5095.68486702 4.11479e-17
5097.21731615 4.0238e-17
5098.74976528 4.13742e-17
5100.2822144 3.97676e-17
5101.81466353 4.02305e-17
5103.34711266 4.08588e-17
5104.87956178 4.07902e-17
5106.41201091 3.94294e-17
5107.94446003 4.10617e-17
5109.47690916 3.94479e-17
5111.00935829 3.89732e-17
5112.54180741 3.95973e-17
5114.07425654 3.98031e-17
5115.60670567 3.91711e-17
5117.13915479 3.77512e-17
5118.67160392 3.87826e-17
5120.20405304 3.90793e-17
5121.73650217 4.0347e-17
5123.2689513 4.01326e-17
5124.80140042 3.88919e-17
5126.33384955 3.83217e-17
5127.86629868 4.0329e-17
5129.3987478 4.05713e-17
5130.93119693 3.98744e-17
5132.46364605 4.06755e-17
5133.99609518 4.17212e-17
5135.52854431 4.11667e-17
5137.06099343 4.22659e-17
5138.59344256 4.12436e-17
5140.12589169 4.15892e-17
5141.65834081 4.02778e-17
5143.19078994 3.97888e-17
5144.72323906 4.17565e-17
5146.25568819 4.03821e-17
5147.78813732 4.01403e-17
5149.32058644 3.98956e-17
5150.85303557 4.0336e-17
5152.3854847 3.94475e-17
5153.91793382 3.99712e-17
5155.45038295 3.99804e-17
5156.98283207 3.99238e-17
5158.5152812 4.05112e-17
5160.04773033 4.0443e-17
5161.58017945 3.82155e-17
5163.11262858 3.82763e-17
5164.64507771 3.94374e-17
5166.17752683 3.89864e-17
5167.70997596 4.01657e-17
5169.24242508 3.92493e-17
5170.77487421 3.98311e-17
5172.30732334 3.88847e-17
5173.83977246 3.98308e-17
5175.37222159 4.22268e-17
5176.90467072 4.08056e-17
5178.43711984 4.15384e-17
5179.96956897 4.12166e-17
5181.50201809 4.32131e-17
5183.03446722 4.23071e-17
5184.56691635 4.14828e-17
5186.09936547 4.02263e-17
5187.6318146 4.34874e-17
5189.16426373 4.09429e-17
5190.69671285 4.18214e-17
5192.22916198 4.03709e-17
5193.7616111 4.0822e-17
5195.29406023 4.17191e-17
5196.82650936 4.18067e-17
5198.35895848 4.08622e-17
5199.89140761 4.41863e-17
5201.42385674 4.21732e-17
5202.95630586 4.15052e-17
5204.48875499 4.17296e-17
5206.02120411 4.14905e-17
5207.55365324 4.03474e-17
5209.08610237 3.95076e-17
5210.61855149 4.00828e-17
5212.15100062 4.18799e-17
5213.68344975 4.23088e-17
5215.21589887 4.12413e-17
5216.748348 4.35136e-17
5218.28079712 4.27159e-17
5219.81324625 4.31765e-17
5221.34569538 4.28441e-17
5222.8781445 4.26146e-17
5224.41059363 3.97997e-17
5225.94304276 4.30333e-17
5227.47549188 4.23379e-17
5229.00794101 4.033e-17
5230.54039013 4.26547e-17
5232.07283926 4.10283e-17
5233.60528839 4.1022e-17
5235.13773751 4.15496e-17
5236.67018664 4.08523e-17
5238.20263577 4.15046e-17
5239.73508489 3.99448e-17
5241.26753402 3.91936e-17
5242.79998314 3.9911e-17
5244.33243227 3.98807e-17
5245.8648814 3.89508e-17
5247.39733052 3.99757e-17
5248.92977965 4.05929e-17
5250.46222878 4.04785e-17
5251.9946779 4.04189e-17
5253.52712703 4.20448e-17
5255.05957615 4.01864e-17
5256.59202528 4.16339e-17
5258.12447441 4.06082e-17
5259.65692353 4.25253e-17
5261.18937266 4.23145e-17
5262.72182178 4.21634e-17
5264.25427091 4.25189e-17
5265.78672004 4.05368e-17
5267.31916916 4.15442e-17
5268.85161829 4.28578e-17
5270.38406742 4.27048e-17
5271.91651654 4.16416e-17
5273.44896567 4.35053e-17
5274.98141479 4.23322e-17
5276.51386392 4.13764e-17
5278.04631305 4.30898e-17
5279.57876217 4.16697e-17
5281.1112113 4.18839e-17
5282.64366043 4.32748e-17
5284.17610955 4.08259e-17
5285.70855868 4.23087e-17
5287.2410078 4.5288e-17
5288.77345693 4.16854e-17
5290.30590606 4.26013e-17
5291.83835518 4.22282e-17
5293.37080431 4.12635e-17
5294.90325344 4.26523e-17
5296.43570256 4.26919e-17
5297.96815169 4.17302e-17
5299.50060081 4.01347e-17
5301.03304994 4.13885e-17
5302.56549907 4.35581e-17
5304.09794819 4.07362e-17
5305.63039732 4.18383e-17
5307.16284645 4.24189e-17
5308.69529557 4.07168e-17
5310.2277447 3.97673e-17
5311.76019382 4.01177e-17
5313.29264295 4.12472e-17
5314.82509208 4.28443e-17
5316.3575412 4.02975e-17
5317.88999033 4.12796e-17
5319.42243946 4.22419e-17
5320.95488858 4.0673e-17
5322.48733771 4.25487e-17
5324.01978683 4.03933e-17
5325.55223596 4.21257e-17
5327.08468509 4.23083e-17
5328.61713421 4.16306e-17
5330.14958334 4.23587e-17
5331.68203247 4.29881e-17
5333.21448159 4.3889e-17
5334.74693072 4.1951e-17
5336.27937984 4.18965e-17
5337.81182897 4.2046e-17
5339.3442781 4.18251e-17
5340.87672722 4.32033e-17
5342.40917635 4.25661e-17
5343.94162548 4.19814e-17
5345.4740746 4.10653e-17
5347.00652373 4.17428e-17
5348.53897285 4.16106e-17
5350.07142198 4.12062e-17
5351.60387111 4.01948e-17
5353.13632023 4.27323e-17
5354.66876936 4.37531e-17
5356.20121849 4.11491e-17
5357.73366761 4.15904e-17
5359.26611674 4.21092e-17
5360.79856586 4.14959e-17
5362.33101499 4.2261e-17
5363.86346412 4.19699e-17
5365.39591324 4.08167e-17
5366.92836237 4.14529e-17
5368.4608115 4.21273e-17
5369.99326062 4.2812e-17
5371.52570975 4.4205e-17
5373.05815887 4.33322e-17
5374.590608 4.43216e-17
5376.12305713 4.32908e-17
5377.65550625 4.42666e-17
5379.18795538 4.36109e-17
5380.72040451 4.43172e-17
5382.25285363 4.30253e-17
5383.78530276 4.56095e-17
5385.31775188 4.36724e-17
5386.85020101 4.41849e-17
5388.38265014 4.45034e-17
5389.91509926 4.34949e-17
5391.44754839 4.23057e-17
5392.97999752 4.40176e-17
5394.51244664 4.54636e-17
5396.04489577 4.50879e-17
5397.57734489 4.60683e-17
5399.10979402 4.53523e-17
5400.64224315 4.31516e-17
5402.17469227 4.45332e-17
5403.7071414 4.49433e-17
5405.23959053 4.32818e-17
5406.77203965 4.33866e-17
5408.30448878 4.33417e-17
5409.8369379 4.33228e-17
5411.36938703 4.50499e-17
5412.90183616 4.50787e-17
5414.43428528 4.48955e-17
5415.96673441 4.31893e-17
5417.49918354 4.52042e-17
5419.03163266 4.49365e-17
5420.56408179 4.32945e-17
5422.09653091 4.29841e-17
5423.62898004 4.53097e-17
5425.16142917 4.39611e-17
5426.69387829 4.46811e-17
5428.22632742 4.26117e-17
5429.75877655 4.31976e-17
5431.29122567 4.33156e-17
5432.8236748 4.4093e-17
5434.35612392 4.43958e-17
5435.88857305 4.48341e-17
5437.42102218 4.50829e-17
5438.9534713 4.40241e-17
5440.48592043 4.35311e-17
5442.01836956 4.40186e-17
5443.55081868 4.41222e-17
5445.08326781 4.07516e-17
5446.61571693 4.21914e-17
5448.14816606 4.36063e-17
5449.68061519 4.19096e-17
5451.21306431 4.36949e-17
5452.74551344 4.2317e-17
5454.27796257 4.28226e-17
5455.81041169 4.27741e-17
5457.34286082 4.29784e-17
5458.87530994 4.3384e-17
5460.40775907 4.36521e-17
5461.9402082 4.45667e-17
5463.47265732 4.45932e-17
5465.00510645 4.25924e-17
5466.53755558 4.33855e-17
5468.0700047 4.50205e-17
5469.60245383 4.29679e-17
5471.13490295 4.28036e-17
5472.66735208 4.30156e-17
5474.19980121 4.32388e-17
5475.73225033 4.39908e-17
5477.26469946 4.36428e-17
5478.79714859 4.61774e-17
5480.32959771 4.4716e-17
5481.86204684 4.49702e-17
5483.39449596 4.58741e-17
5484.92694509 4.25848e-17
5486.45939422 4.43734e-17
5487.99184334 4.43779e-17
5489.52429247 4.32674e-17
5491.0567416 4.36595e-17
5492.58919072 4.51063e-17
5494.12163985 4.35543e-17
5495.65408897 4.35316e-17
5497.1865381 4.38892e-17
5498.71898723 4.40991e-17
5500.25143635 4.41254e-17
5501.78388548 4.38462e-17
5503.31633461 4.39921e-17
5504.84878373 4.6328e-17
5506.38123286 4.4195e-17
5507.91368198 4.49137e-17
5509.44613111 4.34559e-17
5510.97858024 4.62706e-17
5512.51102936 4.34226e-17
5514.04347849 4.28769e-17
5515.57592762 4.38251e-17
5517.10837674 4.39484e-17
5518.64082587 4.45396e-17
5520.17327499 4.1032e-17
5521.70572412 4.04717e-17
5523.23817325 4.07998e-17
5524.77062237 4.17149e-17
5526.3030715 4.11552e-17
5527.83552063 4.22867e-17
5529.36796975 4.03135e-17
5530.90041888 4.07075e-17
5532.432868 4.31571e-17
5533.96531713 4.44097e-17
5535.49776626 4.27643e-17
5537.03021538 4.48343e-17
5538.56266451 4.34076e-17
5540.09511364 4.20636e-17
5541.62756276 4.33559e-17
5543.16001189 4.27944e-17
5544.69246101 4.1952e-17
5546.22491014 4.41129e-17
5547.75735927 4.45647e-17
5549.28980839 4.31024e-17
5550.82225752 4.36962e-17
5552.35470665 4.21031e-17
5553.88715577 4.29495e-17
5555.4196049 4.32667e-17
5556.95205402 4.46875e-17
5558.48450315 4.39116e-17
5560.01695228 4.34856e-17
5561.5494014 4.37495e-17
5563.08185053 4.64859e-17
5564.61429965 4.35569e-17
5566.14674878 4.21074e-17
5567.67919791 4.50481e-17
5569.21164703 4.19469e-17
5570.74409616 4.3386e-17
5572.27654529 4.33359e-17
5573.80899441 3.92704e-17
5575.34144354 4.44289e-17
5576.87389266 4.53874e-17
5578.40634179 4.42352e-17
5579.93879092 4.81835e-17
5581.47124004 4.66562e-17
5583.00368917 4.5246e-17
5584.5361383 4.46318e-17
5586.06858742 4.44696e-17
5587.60103655 4.41641e-17
5589.13348567 4.52568e-17
5590.6659348 4.43377e-17
5592.19838393 4.39405e-17
5593.73083305 4.18489e-17
5595.26328218 4.2542e-17
5596.79573131 4.35351e-17
5598.32818043 4.49326e-17
5599.86062956 4.55501e-17
5601.39307868 4.48382e-17
5602.92552781 4.76415e-17
5604.45797694 4.42134e-17
5605.99042606 4.45057e-17
5607.52287519 4.49153e-17
5609.05532432 4.41821e-17
5610.58777344 4.40497e-17
5612.12022257 4.36101e-17
5613.65267169 4.50426e-17
5615.18512082 4.48073e-17
5616.71756995 4.4998e-17
5618.25001907 4.55838e-17
5619.7824682 4.5808e-17
5621.31491733 4.55286e-17
5622.84736645 4.62123e-17
5624.37981558 4.69239e-17
5625.9122647 4.44955e-17
5627.44471383 4.36458e-17
5628.97716296 4.54199e-17
5630.50961208 4.58071e-17
5632.04206121 4.58704e-17
5633.57451034 4.46662e-17
5635.10695946 4.66368e-17
5636.63940859 4.25094e-17
5638.17185771 4.54799e-17
5639.70430684 4.59275e-17
5641.23675597 4.45428e-17
5642.76920509 4.44095e-17
5644.30165422 4.37118e-17
5645.83410335 4.54811e-17
5647.36655247 4.54831e-17
5648.8990016 4.53355e-17
5650.43145072 4.48637e-17
5651.96389985 4.58336e-17
5653.49634898 4.60268e-17
5655.0287981 4.56994e-17
5656.56124723 4.45291e-17
5658.09369636 4.47259e-17
5659.62614548 4.65317e-17
5661.15859461 4.53104e-17
5662.69104373 4.49697e-17
5664.22349286 4.4115e-17
5665.75594199 4.47983e-17
5667.28839111 4.49866e-17
5668.82084024 4.44473e-17
5670.35328937 4.3135e-17
5671.88573849 4.47045e-17
5673.41818762 4.41025e-17
5674.95063674 4.42373e-17
5676.48308587 4.54329e-17
5678.015535 4.43712e-17
5679.54798412 4.48396e-17
5681.08043325 4.46962e-17
5682.61288238 4.55095e-17
5684.1453315 4.32599e-17
5685.67778063 4.36049e-17
5687.21022975 4.35502e-17
5688.74267888 4.39844e-17
5690.27512801 4.55943e-17
5691.80757713 4.38985e-17
5693.34002626 4.37667e-17
5694.87247539 4.28892e-17
5696.40492451 4.48443e-17
5697.93737364 4.50496e-17
5699.46982276 4.20847e-17
5701.00227189 4.4214e-17
5702.53472102 4.32134e-17
5704.06717014 4.22331e-17
5705.59961927 4.18522e-17
5707.1320684 4.10926e-17
5708.66451752 4.14396e-17
5710.19696665 4.13199e-17
5711.72941577 4.22146e-17
5713.2618649 4.11133e-17
5714.79431403 4.16368e-17
5716.32676315 4.19741e-17
5717.85921228 4.34158e-17
5719.39166141 4.21273e-17
5720.92411053 4.2906e-17
5722.45655966 4.42911e-17
5723.98900878 4.37772e-17
5725.52145791 4.22563e-17
5727.05390704 4.36787e-17
5728.58635616 4.40695e-17
5730.11880529 4.17706e-17
5731.65125442 4.30693e-17
5733.18370354 4.19332e-17
5734.71615267 4.16002e-17
5736.24860179 4.38232e-17
5737.78105092 4.24834e-17
5739.31350005 4.42657e-17
5740.84594917 4.43328e-17
5742.3783983 4.31655e-17
5743.91084743 4.39765e-17
5745.44329655 4.4888e-17
5746.97574568 4.52771e-17
5748.5081948 4.50609e-17
5750.04064393 4.34917e-17
5751.57309306 4.40004e-17
5753.10554218 4.23927e-17
5754.63799131 4.62452e-17
5756.17044044 4.38747e-17
5757.70288956 4.33605e-17
5759.23533869 4.28537e-17
5760.76778781 4.37396e-17
5762.30023694 4.44089e-17
5763.83268607 4.51877e-17
5765.36513519 4.50905e-17
5766.89758432 4.45605e-17
5768.43003345 4.37287e-17
5769.96248257 4.57499e-17
5771.4949317 4.53603e-17
5773.02738082 4.42097e-17
5774.55982995 4.44584e-17
5776.09227908 4.54501e-17
5777.6247282 4.40898e-17
5779.15717733 4.30014e-17
5780.68962646 4.2975e-17
5782.22207558 4.25203e-17
5783.75452471 4.37956e-17
5785.28697383 4.36813e-17
5786.81942296 4.3418e-17
5788.35187209 4.3268e-17
5789.88432121 4.37883e-17
5791.41677034 4.2079e-17
5792.94921947 4.22553e-17
5794.48166859 4.35075e-17
5796.01411772 4.32517e-17
5797.54656684 4.25644e-17
5799.07901597 4.30331e-17
5800.6114651 4.43293e-17
5802.14391422 4.34239e-17
5803.67636335 4.40643e-17
5805.20881248 4.52127e-17
5806.7412616 4.43963e-17
5808.27371073 4.38453e-17
5809.80615985 4.31079e-17
5811.33860898 4.4822e-17
5812.87105811 4.3437e-17
5814.40350723 4.32016e-17
5815.93595636 4.43162e-17
5817.46840549 4.37043e-17
5819.00085461 4.3127e-17
5820.53330374 4.41239e-17
5822.06575286 4.32403e-17
5823.59820199 4.2027e-17
5825.13065112 4.38749e-17
5826.66310024 4.4632e-17
5828.19554937 4.26985e-17
5829.7279985 4.28958e-17
5831.26044762 4.31381e-17
5832.79289675 4.25307e-17
5834.32534587 4.3463e-17
5835.857795 4.16101e-17
5837.39024413 4.30802e-17
5838.92269325 4.25957e-17
5840.45514238 4.38168e-17
5841.98759151 4.32214e-17
5843.52004063 4.30654e-17
5845.05248976 4.31918e-17
5846.58493888 4.303e-17
5848.11738801 4.2093e-17
5849.64983714 4.18224e-17
5851.18228626 4.4771e-17
5852.71473539 4.34637e-17
5854.24718451 4.29908e-17
5855.77963364 4.19506e-17
5857.31208277 4.28528e-17
5858.84453189 4.24998e-17
5860.37698102 4.33953e-17
5861.90943015 4.25669e-17
5863.44187927 4.11071e-17
5864.9743284 4.31589e-17
5866.50677752 4.33934e-17
5868.03922665 4.21711e-17
5869.57167578 4.33425e-17
5871.1041249 4.43488e-17
5872.63657403 4.39016e-17
5874.16902316 4.37307e-17
5875.70147228 4.04923e-17
5877.23392141 4.13087e-17
5878.76637053 4.45901e-17
5880.29881966 4.35715e-17
5881.83126879 4.31775e-17
5883.36371791 4.29628e-17
5884.89616704 4.04509e-17
5886.42861617 4.18508e-17
5887.96106529 4.2871e-17
5889.49351442 4.27481e-17
5891.02596354 4.24025e-17
5892.55841267 4.19804e-17
5894.0908618 4.25126e-17
5895.62331092 4.19531e-17
5897.15576005 4.08137e-17
5898.68820918 4.14656e-17
5900.2206583 3.99702e-17
5901.75310743 3.89663e-17
5903.28555655 4.10378e-17
5904.81800568 4.09206e-17
5906.35045481 3.90627e-17
5907.88290393 4.12093e-17
5909.41535306 4.03241e-17
5910.94780219 4.03418e-17
5912.48025131 4.03607e-17
5914.01270044 4.24675e-17
5915.54514956 4.03058e-17
5917.07759869 4.25669e-17
5918.61004782 4.13978e-17
5920.14249694 4.18679e-17
5921.67494607 4.29852e-17
5923.2073952 4.11793e-17
5924.73984432 4.29577e-17
5926.27229345 4.29077e-17
5927.80474257 4.23422e-17
5929.3371917 4.05558e-17
5930.86964083 4.07859e-17
5932.40208995 3.89392e-17
5933.93453908 3.84589e-17
5935.46698821 3.56201e-17
5936.99943733 3.19835e-17
5938.53188646 2.86144e-17
5940.06433558 2.6406e-17
5941.59678471 2.57417e-17
5943.12923384 2.84511e-17
5944.66168296 3.01507e-17
5946.19413209 3.30545e-17
5947.72658122 3.52758e-17
5949.25903034 3.73356e-17
5950.79147947 4.04776e-17
5952.32392859 4.20885e-17
5953.85637772 4.42405e-17
5955.38882685 4.26068e-17
5956.92127597 4.07448e-17
5958.4537251 4.00523e-17
5959.98617423 3.79283e-17
5961.51862335 3.99635e-17
5963.05107248 3.92836e-17
5964.5835216 3.87476e-17
5966.11597073 3.97986e-17
5967.64841986 4.08566e-17
5969.18086898 4.0521e-17
5970.71331811 4.08668e-17
5972.24576724 3.8684e-17
5973.77821636 3.88111e-17
5975.31066549 3.92398e-17
5976.84311461 3.94993e-17
5978.37556374 3.97705e-17
5979.90801287 4.01354e-17
5981.44046199 3.97856e-17
5982.97291112 4.00315e-17
5984.50536025 3.98077e-17
5986.03780937 3.82762e-17
5987.5702585 3.99335e-17
5989.10270762 3.85923e-17
5990.63515675 3.65848e-17
5992.16760588 3.76095e-17
5993.700055 3.79736e-17
5995.23250413 3.73707e-17
5996.76495326 3.80785e-17
5998.29740238 3.82371e-17
5999.82985151 3.7786e-17
6001.36230063 3.81917e-17
6002.89474976 3.78275e-17
6004.42719889 3.78396e-17
6005.95964801 3.78442e-17
6007.49209714 3.84703e-17
6009.02454627 3.79626e-17
6010.55699539 3.7839e-17
6012.08944452 3.76536e-17
6013.62189364 3.61591e-17
6015.15434277 3.669e-17
6016.6867919 3.66487e-17
6018.21924102 3.73323e-17
6019.75169015 3.8269e-17
6021.28413928 3.7817e-17
6022.8165884 3.74014e-17
6024.34903753 3.72169e-17
6025.88148665 3.80209e-17
6027.41393578 3.67421e-17
6028.94638491 3.83121e-17
6030.47883403 3.78905e-17
6032.01128316 3.72199e-17
6033.54373229 3.79691e-17
6035.07618141 3.66316e-17
6036.60863054 3.65096e-17
6038.14107966 3.76963e-17
6039.67352879 3.66993e-17
6041.20597792 3.72598e-17
6042.73842704 3.70604e-17
6044.27087617 3.67293e-17
6045.8033253 3.76582e-17
6047.33577442 3.72467e-17
6048.86822355 3.66984e-17
6050.40067267 3.69437e-17
6051.9331218 3.78999e-17
6053.46557093 3.74889e-17
6054.99802005 3.76598e-17
6056.53046918 3.86296e-17
6058.06291831 3.68442e-17
6059.59536743 3.61935e-17
6061.12781656 3.62976e-17
6062.66026568 3.63746e-17
6064.19271481 3.60884e-17
6065.72516394 3.54048e-17
6067.25761306 3.51582e-17
6068.79006219 3.58878e-17
6070.32251132 3.56033e-17
6071.85496044 3.59036e-17
6073.38740957 3.58939e-17
6074.91985869 3.56322e-17
6076.45230782 3.42176e-17
6077.98475695 3.48213e-17
6079.51720607 3.60074e-17
6081.0496552 3.49407e-17
6082.58210433 3.55664e-17
6084.11455345 3.49676e-17
6085.64700258 3.45888e-17
6087.1794517 3.49205e-17
6088.71190083 3.67388e-17
6090.24434996 3.59683e-17
6091.77679908 3.45988e-17
6093.30924821 3.59065e-17
6094.84169734 3.48654e-17
6096.37414646 3.4515e-17
6097.90659559 3.62667e-17
6099.43904471 3.64419e-17
6100.97149384 3.60811e-17
6102.50394297 3.71859e-17
6104.03639209 3.56641e-17
6105.56884122 3.4429e-17
6107.10129035 3.57052e-17
6108.63373947 3.46841e-17
6110.1661886 3.39181e-17
6111.69863772 3.40068e-17
6113.23108685 3.44786e-17
6114.76353598 3.37849e-17
6116.2959851 3.38736e-17
6117.82843423 3.458e-17
6119.36088336 3.44774e-17
6120.89333248 3.50386e-17
6122.42578161 3.44672e-17
6123.95823073 3.4636e-17
6125.49067986 3.44544e-17
6127.02312899 3.4982e-17
6128.55557811 3.45785e-17
6130.08802724 3.41782e-17
6131.62047637 3.49455e-17
6133.15292549 3.57702e-17
6134.68537462 3.48932e-17
6136.21782374 3.46345e-17
6137.75027287 3.38908e-17
6139.282722 3.38522e-17
6140.81517112 3.41698e-17
6142.34762025 3.57019e-17
6143.88006938 3.40101e-17
6145.4125185 3.4044e-17
6146.94496763 3.40487e-17
6148.47741675 3.35208e-17
6150.00986588 3.44307e-17
6151.54231501 3.42398e-17
6153.07476413 3.39347e-17
6154.60721326 3.37567e-17
6156.13966238 3.30272e-17
6157.67211151 3.34195e-17
6159.20456064 3.4166e-17
6160.73700976 3.42996e-17
6162.26945889 3.39753e-17
6163.80190802 3.35013e-17
6165.33435714 3.35103e-17
6166.86680627 3.39219e-17
6168.39925539 3.3555e-17
6169.93170452 3.26684e-17
6171.46415365 3.33555e-17
6172.99660277 3.35737e-17
6174.5290519 3.25712e-17
6176.06150103 3.36005e-17
6177.59395015 3.37934e-17
6179.12639928 3.33666e-17
6180.6588484 3.34676e-17
6182.19129753 3.24503e-17
6183.72374666 3.32007e-17
6185.25619578 3.36734e-17
6186.78864491 3.27517e-17
6188.32109404 3.26911e-17
6189.85354316 3.29611e-17
6191.38599229 3.24072e-17
6192.91844141 3.19061e-17
6194.45089054 3.20526e-17
6195.98333967 3.18974e-17
6197.51578879 3.19632e-17
6199.04823792 3.11968e-17
6200.58068705 3.1893e-17
6202.11313617 3.17932e-17
6203.6455853 3.11398e-17
6205.17803442 3.09121e-17
6206.71048355 3.12072e-17
6208.24293268 3.17809e-17
6209.7753818 3.03135e-17
6211.30783093 3.14e-17
6212.84028006 3.1974e-17
6214.37272918 3.16793e-17
6215.90517831 3.19598e-17
6217.43762743 3.18613e-17
6218.97007656 2.97292e-17
6220.50252569 3.09858e-17
6222.03497481 3.12505e-17
6223.56742394 3.10652e-17
6225.09987307 2.99707e-17
6226.63232219 3.04105e-17
6228.16477132 3.21111e-17
6229.69722044 2.9426e-17
6231.22966957 3.1578e-17
6232.7621187 3.19445e-17
6234.29456782 3.12262e-17
6235.82701695 3.08323e-17
6237.35946608 3.23086e-17
6238.8919152 3.17768e-17
6240.42436433 3.09592e-17
6241.95681345 3.07741e-17
6243.48926258 3.01412e-17
6245.02171171 3.1846e-17
6246.55416083 3.16156e-17
6248.08660996 3.03579e-17
6249.61905909 3.013e-17
6251.15150821 3.09978e-17
6252.68395734 2.99469e-17
6254.21640646 3.11011e-17
6255.74885559 3.14455e-17
6257.28130472 3.09969e-17
6258.81375384 3.21113e-17
6260.34620297 3.15847e-17
6261.8786521 3.05004e-17
6263.41110122 3.12932e-17
6264.94355035 3.01085e-17
6266.47599947 3.06892e-17
6268.0084486 2.99364e-17
6269.54089773 3.02014e-17
6271.07334685 3.0222e-17
6272.60579598 3.1301e-17
6274.13824511 3.03899e-17
6275.67069423 2.94167e-17
6277.20314336 2.96243e-17
6278.73559248 3.02371e-17
6280.26804161 3.12246e-17
6281.80049074 3.03413e-17
6283.33293986 3.06187e-17
6284.86538899 3.0866e-17
6286.39783812 2.939e-17
6287.93028724 2.96235e-17
6289.46273637 3.03094e-17
6290.99518549 3.03116e-17
6292.52763462 2.96547e-17
6294.06008375 2.91638e-17
6295.59253287 2.91052e-17
6297.124982 2.86016e-17
6298.65743113 2.9444e-17
6300.18988025 2.89901e-17
6301.72232938 2.89927e-17
6303.2547785 2.99786e-17
6304.78722763 2.90338e-17
6306.31967676 2.84496e-17
6307.85212588 2.88409e-17
6309.38457501 2.95221e-17
6310.91702414 2.91748e-17
6312.44947326 2.91969e-17
6313.98192239 2.68356e-17
6315.51437151 2.62082e-17
6317.04682064 2.77018e-17
6318.57926977 2.7327e-17
6320.11171889 2.68775e-17
6321.64416802 3.13055e-17
6323.17661715 2.70482e-17
6324.70906627 2.84091e-17
6326.2415154 2.89555e-17
6327.77396452 2.86813e-17
6329.30641365 2.89029e-17
6330.83886278 2.90411e-17
6332.3713119 2.68251e-17
6333.90376103 2.83115e-17
6335.43621016 2.83647e-17
6336.96865928 2.87267e-17
6338.50110841 2.8535e-17
6340.03355753 2.82077e-17
6341.56600666 2.80995e-17
6343.09845579 2.9528e-17
6344.63090491 2.89541e-17
6346.16335404 2.86786e-17
6347.69580317 2.87081e-17
6349.22825229 2.75266e-17
6350.76070142 2.71223e-17
6352.29315054 2.72604e-17
6353.82559967 2.81397e-17
6355.3580488 2.7603e-17
6356.89049792 2.77557e-17
6358.42294705 2.79017e-17
6359.95539618 2.69807e-17
6361.4878453 2.8232e-17
6363.02029443 2.68736e-17
6364.55274355 2.7062e-17
6366.08519268 2.8638e-17
6367.61764181 2.81301e-17
6369.15009093 2.76618e-17
6370.68254006 2.75476e-17
6372.21498919 2.75177e-17
6373.74743831 2.76378e-17
6375.27988744 2.71876e-17
6376.81233656 2.73212e-17
6378.34478569 2.90499e-17
6379.87723482 2.68688e-17
6381.40968394 2.7437e-17
6382.94213307 2.71382e-17
6384.4745822 2.82289e-17
6386.00703132 2.74268e-17
6387.53948045 2.64816e-17
6389.07192957 2.79185e-17
6390.6043787 2.78005e-17
6392.13682783 2.55767e-17
6393.66927695 2.71129e-17
6395.20172608 2.7226e-17
6396.73417521 2.61159e-17
6398.26662433 2.54356e-17
6399.79907346 2.71615e-17
6401.33152258 2.71888e-17
6402.86397171 2.56256e-17
6404.39642084 2.60885e-17
6405.92886996 2.7221e-17
6407.46131909 2.70654e-17
6408.99376822 2.53136e-17
6410.52621734 2.50858e-17
6412.05866647 2.59011e-17
6413.59111559 2.5818e-17
6415.12356472 2.64299e-17
6416.65601385 2.5852e-17
6418.18846297 2.53418e-17
6419.7209121 2.48021e-17
6421.25336123 2.566e-17
6422.78581035 2.40186e-17
6424.31825948 2.41254e-17
6425.8507086 2.47006e-17
6427.38315773 2.39995e-17
6428.91560686 2.42067e-17
6430.44805598 2.5985e-17
6431.98050511 2.52888e-17
6433.51295424 2.44193e-17
6435.04540336 2.53906e-17
6436.57785249 2.57891e-17
6438.11030161 2.46644e-17
6439.64275074 2.46671e-17
6441.17519987 2.54395e-17
6442.70764899 2.46365e-17
6444.24009812 2.40025e-17
6445.77254725 2.48608e-17
6447.30499637 2.53055e-17
6448.8374455 2.44489e-17
6450.36989462 2.4336e-17
6451.90234375 2.44313e-17
6453.43479288 2.47099e-17
6454.967242 2.47528e-17
6456.49969113 2.42534e-17
6458.03214025 2.55875e-17
6459.56458938 2.30821e-17
6461.09703851 2.41895e-17
6462.62948763 2.52025e-17
6464.16193676 2.38316e-17
6465.69438589 2.30167e-17
6467.22683501 2.40148e-17
6468.75928414 2.4405e-17
6470.29173326 2.3928e-17
6471.82418239 2.42831e-17
6473.35663152 2.38455e-17
6474.88908064 2.35965e-17
6476.42152977 2.34889e-17
6477.9539789 2.38173e-17
6479.48642802 2.43322e-17
6481.01887715 2.43293e-17
6482.55132627 2.38952e-17
6484.0837754 2.44732e-17
6485.61622453 2.37713e-17
6487.14867365 2.35654e-17
6488.68112278 2.43068e-17
6490.21357191 2.40753e-17
6491.74602103 2.39349e-17
6493.27847016 2.44605e-17
6494.81091928 2.32262e-17
6496.34336841 2.26994e-17
6497.87581754 2.39461e-17
6499.40826666 2.35659e-17
6500.94071579 2.37825e-17
6502.47316492 2.36198e-17
6504.00561404 2.37729e-17
6505.53806317 2.41341e-17
6507.07051229 2.40548e-17
6508.60296142 2.22853e-17
6510.13541055 2.45331e-17
6511.66785967 2.30893e-17
6513.2003088 2.18073e-17
6514.73275793 2.31659e-17
6516.26520705 2.38876e-17
6517.79765618 2.29269e-17
6519.3301053 2.29579e-17
6520.86255443 2.33481e-17
6522.39500356 2.34075e-17
6523.92745268 2.37854e-17
6525.45990181 2.32664e-17
6526.99235094 2.35397e-17
6528.52480006 2.26001e-17
6530.05724919 2.25781e-17
6531.58969831 2.33295e-17
6533.12214744 2.3174e-17
6534.65459657 2.34514e-17
6536.18704569 2.27639e-17
6537.71949482 2.20616e-17
6539.25194395 2.24447e-17
6540.78439307 2.26066e-17
6542.3168422 2.20958e-17
6543.84929132 2.13089e-17
6545.38174045 2.24618e-17
6546.91418958 2.28167e-17
6548.4466387 2.22272e-17
6549.97908783 2.21417e-17
6551.51153696 2.21876e-17
6553.04398608 2.2132e-17
6554.57643521 2.22939e-17
6556.10888433 2.24417e-17
6557.64133346 2.20878e-17
6559.17378259 2.16796e-17
6560.70623171 2.24978e-17
6562.23868084 2.27282e-17
6563.77112997 2.19847e-17
6565.30357909 2.21824e-17
6566.83602822 2.20493e-17
6568.36847734 2.27091e-17
6569.90092647 2.22348e-17
6571.4333756 2.16228e-17
6572.96582472 2.13882e-17
6574.49827385 2.03924e-17
6576.03072298 2.04679e-17
6577.5631721 2.14416e-17
6579.09562123 2.08416e-17
6580.62807035 2.10182e-17
6582.16051948 2.13357e-17
6583.69296861 2.15076e-17
6585.22541773 2.1818e-17
6586.75786686 2.10393e-17
6588.29031599 2.21675e-17
6589.82276511 2.14985e-17
6591.35521424 2.04897e-17
6592.88766336 2.12758e-17
6594.42011249 2.11762e-17
6595.95256162 2.13371e-17
6597.48501074 2.009e-17
6599.01745987 2.1572e-17
6600.549909 2.27536e-17
6602.08235812 2.0769e-17
6603.61480725 2.06728e-17
6605.14725637 2.10043e-17
6606.6797055 2.09107e-17
6608.21215463 2.04719e-17
6609.74460375 2.05449e-17
6611.27705288 2.10918e-17
6612.80950201 2.16403e-17
6614.34195113 2.09658e-17
6615.87440026 2.15696e-17
6617.40684938 2.16006e-17
6618.93929851 2.08124e-17
6620.47174764 2.15616e-17
6622.00419676 2.13763e-17
6623.53664589 1.95614e-17
6625.06909502 1.99523e-17
6626.60154414 2.06043e-17
6628.13399327 1.99759e-17
6629.66644239 2.00693e-17
6631.19889152 2.00039e-17
6632.73134065 2.02515e-17
6634.26378977 2.08151e-17
6635.7962389 1.98688e-17
6637.32868803 2.00852e-17
6638.86113715 2.06877e-17
6640.39358628 1.9648e-17
6641.9260354 2.05207e-17
6643.45848453 2.07021e-17
6644.99093366 2.04031e-17
6646.52338278 2.01056e-17
6648.05583191 2.17854e-17
6649.58828104 2.18136e-17
6651.12073016 2.2159e-17
6652.65317929 2.24687e-17
6654.18562841 2.26604e-17
6655.71807754 2.3633e-17
6657.25052667 2.50361e-17
6658.78297579 2.53606e-17
6660.31542492 2.66569e-17
6661.84787405 2.77283e-17
6663.38032317 2.71218e-17
6664.9127723 2.72208e-17
6666.44522142 2.69175e-17
6667.97767055 2.62089e-17
6669.51011968 2.44991e-17
6671.0425688 2.55992e-17
6672.57501793 2.53426e-17
6674.10746706 2.44698e-17
6675.63991618 2.33385e-17
6677.17236531 2.30947e-17
6678.70481443 2.27791e-17
6680.23726356 2.31574e-17
6681.76971269 2.23909e-17
6683.30216181 2.19622e-17
6684.83461094 2.22032e-17
6686.36706007 2.04142e-17
6687.89950919 1.87158e-17
6689.43195832 1.92004e-17
6690.96440744 1.97141e-17
6692.49685657 1.88031e-17
6694.0293057 1.90981e-17
6695.56175482 1.83034e-17
6697.09420395 1.89931e-17
6698.62665308 1.80819e-17
6700.1591022 1.79213e-17
6701.69155133 1.90883e-17
6703.22400045 1.83032e-17
6704.75644958 1.71644e-17
6706.28889871 1.76111e-17
6707.82134783 1.76782e-17
6709.35379696 1.67484e-17
6710.88624609 1.70557e-17
6712.41869521 1.74396e-17
6713.95114434 1.76893e-17
6715.48359346 1.68313e-17
6717.01604259 1.65769e-17
6718.54849172 1.67742e-17
6720.08094084 1.67106e-17
6721.61338997 1.64814e-17
6723.1458391 1.69224e-17
6724.67828822 1.6323e-17
6726.21073735 1.59281e-17
6727.74318647 1.62049e-17
6729.2756356 1.61246e-17
6730.80808473 1.55879e-17
6732.34053385 1.58516e-17
6733.87298298 1.66812e-17
6735.40543211 1.61912e-17
6736.93788123 1.53977e-17
6738.47033036 1.51607e-17
6740.00277948 1.54468e-17
6741.53522861 1.50549e-17
6743.06767774 1.53297e-17
6744.60012686 1.55997e-17
6746.13257599 1.4925e-17
6747.66502512 1.51245e-17
6749.19747424 1.53001e-17
6750.72992337 1.47265e-17
6752.26237249 1.49419e-17
6753.79482162 1.45303e-17
6755.32727075 1.4487e-17
6756.85971987 1.49381e-17
6758.392169 1.37355e-17
6759.92461812 1.4128e-17
6761.45706725 1.3612e-17
6762.98951638 1.32793e-17
6764.5219655 1.37569e-17
6766.05441463 1.30316e-17
6767.58686376 1.26597e-17
6769.11931288 1.3262e-17
6770.65176201 1.35769e-17
6772.18421113 1.30199e-17
6773.71666026 1.31365e-17
6775.24910939 1.34489e-17
6776.78155851 1.29543e-17
6778.31400764 1.26605e-17
6779.84645677 1.34574e-17
6781.37890589 1.37902e-17
6782.91135502 1.27459e-17
6784.44380414 1.25247e-17
6785.97625327 1.18253e-17
6787.5087024 1.20578e-17
6789.04115152 1.22308e-17
6790.57360065 1.06198e-17
6792.10604978 1.17352e-17
6793.6384989 1.20742e-17
6795.17094803 1.17945e-17
6796.70339715 1.17946e-17
6798.23584628 1.13961e-17
6799.76829541 1.08058e-17
6801.30074453 1.11539e-17
6802.83319366 1.15176e-17
6804.36564279 1.09058e-17
6805.89809191 1.03356e-17
6807.43054104 1.06478e-17
6808.96299016 1.03883e-17
6810.49543929 9.88738e-18
6812.02788842 1.01911e-17
6813.56033754 1.03397e-17
6815.09278667 1.01522e-17
6816.6252358 9.59393e-18
6818.15768492 9.49475e-18
6819.69013405 9.88842e-18
6821.22258317 9.07889e-18
6822.7550323 9.1429e-18
6824.28748143 9.92138e-18
6825.81993055 9.27775e-18
6827.35237968 9.02515e-18
6828.88482881 8.95168e-18
6830.41727793 8.95383e-18
6831.94972706 8.62031e-18
6833.48217618 7.92409e-18
6835.01462531 8.63755e-18
6836.54707444 8.26209e-18
6838.07952356 8.04601e-18
6839.61197269 7.66654e-18
6841.14442182 6.99576e-18
6842.67687094 7.20846e-18
6844.20932007 7.48736e-18
6845.74176919 7.48526e-18
6847.27421832 7.5412e-18
6848.80666745 7.5506e-18
6850.33911657 7.52327e-18
6851.8715657 6.8469e-18
6853.40401483 6.23718e-18
6854.93646395 6.61692e-18
6856.46891308 6.23411e-18
6858.0013622 6.11502e-18
6859.53381133 6.02421e-18
6861.06626046 5.1343e-18
6862.59870958 5.56329e-18
6864.13115871 5.58953e-18
6865.66360784 5.82501e-18
6867.19605696 5.26529e-18
6868.72850609 5.55898e-18
6870.26095521 5.65847e-18
6871.79340434 5.07823e-18
6873.32585347 4.98966e-18
6874.85830259 5.02053e-18
6876.39075172 4.82028e-18
6877.92320085 5.03745e-18
6879.45564997 5.02297e-18
6880.9880991 4.88727e-18
6882.52054822 4.69398e-18
6884.05299735 4.37288e-18
6885.58544648 4.17078e-18
6887.1178956 4.1348e-18
6888.65034473 3.48117e-18
6890.18279386 3.27253e-18
6891.71524298 3.87209e-18
6893.24769211 4.01591e-18
6894.78014123 3.4917e-18
6896.31259036 3.28902e-18
6897.84503949 3.60513e-18
6899.37748861 3.70612e-18
6900.90993774 3.0504e-18
6902.44238687 3.31694e-18
6903.97483599 2.89032e-18
6905.50728512 2.83925e-18
6907.03973424 3.14232e-18
6908.57218337 2.97536e-18
6910.1046325 3.04067e-18
6911.63708162 2.7193e-18
6913.16953075 2.71638e-18
6914.70197988 2.91451e-18
6916.234429 2.40304e-18
6917.76687813 2.67693e-18
6919.29932725 2.21158e-18
6920.83177638 2.2109e-18
6922.36422551 2.60119e-18
6923.89667463 2.1977e-18
6925.42912376 2.13288e-18
6926.96157289 2.25479e-18
6928.49402201 1.97279e-18
6930.02647114 1.91806e-18
6931.55892026 2.12476e-18
6933.09136939 2.10573e-18
6934.62381852 1.73463e-18
6936.15626764 1.9518e-18
6937.68871677 2.20912e-18
6939.2211659 2.059e-18
6940.75361502 2.24784e-18
6942.28606415 1.94946e-18
6943.81851327 1.30809e-18
6945.3509624 2.03801e-18
6946.88341153 1.44852e-18
6948.41586065 1.32645e-18
6949.94830978 1.2627e-18
6951.48075891 1.1018e-18
6953.01320803 8.74976e-19
6954.54565716 1.21516e-18
6956.07810628 1.62788e-18
6957.61055541 1.37302e-18
6959.14300454 1.1944e-18
6960.67545366 1.18083e-18
6962.20790279 6.68519e-19
6963.74035192 1.15859e-18
6965.27280104 1.51383e-18
6966.80525017 1.07914e-18
6968.33769929 1.10345e-18
6969.87014842 1.54821e-18
6971.40259755 1.55175e-18
6972.93504667 1.74448e-18
6974.4674958 1.40764e-18
6975.99994493 1.44657e-18
6977.53239405 1.71391e-18
6979.06484318 1.48236e-18
6980.5972923 1.17578e-18
6982.12974143 1.35065e-18
6983.66219056 1.1611e-18
6985.19463968 1.07217e-18
6986.72708881 1.0493e-18
6988.25953794 1.03078e-18
6989.79198706 1.5296e-18
6991.32443619 6.46883e-19
6992.85688531 4.72836e-19
6994.38933444 1.17185e-18
6995.92178357 1.44551e-18
6997.45423269 1.82705e-18
6998.98668182 1.58571e-18
7000.51913095 1.67498e-18
7002.05158007 1.72873e-18
7003.5840292 1.14525e-18
7005.11647832 9.44782e-19
7006.64892745 1.53057e-18
7008.18137658 1.43144e-18
7009.7138257 1.23204e-18
7011.24627483 1.89038e-18
7012.77872396 1.44314e-18
7014.31117308 1.58448e-18
7015.84362221 1.15755e-18
7017.37607133 1.40305e-18
7018.90852046 1.21149e-18
7020.44096959 1.73842e-18
7021.97341871 2.01846e-18
7023.50586784 1.55464e-18
7025.03831697 1.83364e-18
7026.57076609 1.51887e-18
7028.10321522 1.97633e-18
7029.63566434 2.09436e-18
7031.16811347 1.85216e-18
7032.7005626 1.54576e-18
7034.23301172 1.23489e-18
7035.76546085 1.27936e-18
7037.29790998 1.62205e-18
7038.8303591 1.52078e-18
7040.36280823 1.44147e-18
7041.89525735 1.51301e-18
7043.42770648 1.57427e-18
7044.96015561 1.76889e-18
7046.49260473 1.34263e-18
7048.02505386 1.10098e-18
7049.55750298 1.48181e-18
7051.08995211 1.40746e-18
7052.62240124 1.48102e-18
7054.15485036 1.75056e-18
7055.68729949 1.88976e-18
7057.21974862 1.44585e-18
7058.75219774 1.62268e-18
7060.28464687 1.87916e-18
7061.81709599 1.58211e-18
7063.34954512 1.17526e-18
7064.88199425 1.27891e-18
7066.41444337 1.82198e-18
7067.9468925 1.86356e-18
7069.47934163 1.42217e-18
7071.01179075 1.47346e-18
7072.54423988 1.59596e-18
7074.076689 1.64913e-18
7075.60913813 2.14095e-18
7077.14158726 2.07266e-18
7078.67403638 2.1717e-18
7080.20648551 1.95518e-18
7081.73893464 1.84442e-18
7083.27138376 1.48001e-18
7084.80383289 1.28871e-18
7086.33628201 1.47108e-18
7087.86873114 1.25159e-18
7089.40118027 1.24918e-18
7090.93362939 1.99144e-18
7092.46607852 1.46934e-18
7093.99852765 1.5021e-18
7095.53097677 1.48562e-18
7097.0634259 1.43287e-18
7098.59587502 1.39775e-18
7100.12832415 1.42183e-18
7101.66077328 1.85915e-18
7103.1932224 2.10775e-18
7104.72567153 1.33924e-18
7106.25812066 1.38693e-18
7107.79056978 1.51894e-18
7109.32301891 1.44479e-18
7110.85546803 1.72573e-18
7112.38791716 1.86451e-18
7113.92036629 1.69682e-18
7115.45281541 1.24299e-18
7116.98526454 1.57866e-18
7118.51771367 1.13452e-18
7120.05016279 1.36533e-18
7121.58261192 1.54229e-18
7123.11506104 1.64834e-18
7124.64751017 2.19657e-18
7126.1799593 1.46027e-18
7127.71240842 1.00766e-18
7129.24485755 1.85374e-18
7130.77730668 1.85265e-18
7132.3097558 1.73866e-18
7133.84220493 2.22559e-18
7135.37465405 2.06779e-18
7136.90710318 1.59927e-18
7138.43955231 1.18498e-18
7139.97200143 1.54115e-18
7141.50445056 1.75831e-18
7143.03689969 1.42173e-18
7144.56934881 1.10127e-18
7146.10179794 1.33113e-18
7147.63424706 1.32363e-18
7149.16669619 1.55904e-18
7150.69914532 1.63953e-18
7152.23159444 2.43186e-18
7153.76404357 2.67923e-18
7155.2964927 1.66341e-18
7156.82894182 1.32984e-18
7158.36139095 1.55685e-18
7159.89384007 1.26005e-18
7161.4262892 1.56723e-18
7162.95873833 2.10403e-18
7164.49118745 2.07115e-18
7166.02363658 1.78518e-18
7167.55608571 1.65105e-18
7169.08853483 2.20422e-18
7170.62098396 1.95749e-18
7172.15343308 9.13825e-19
7173.68588221 1.98688e-18
7175.21833134 2.33789e-18
7176.75078046 1.99601e-18
7178.28322959 2.68644e-18
7179.81567872 2.53761e-18
7181.34812784 1.34993e-18
7182.88057697 1.78589e-18
7184.41302609 1.99633e-18
7185.94547522 1.66921e-18
7187.47792435 1.41439e-18
7189.01037347 1.50018e-18
7190.5428226 1.57079e-18
7192.07527173 1.93691e-18
7193.60772085 1.65195e-18
7195.14016998 1.5898e-18
7196.6726191 1.63999e-18
7198.20506823 1.60056e-18
7199.73751736 1.76454e-18
7201.26996648 2.26759e-18
7202.80241561 1.69862e-18
7204.33486474 1.8015e-18
7205.86731386 1.86956e-18
7207.39976299 1.72622e-18
7208.93221211 1.61175e-18
7210.46466124 1.70587e-18
7211.99711037 1.74156e-18
7213.52955949 1.76482e-18
7215.06200862 1.99598e-18
7216.59445775 2.22232e-18
7218.12690687 1.41448e-18
7219.659356 1.43442e-18
7221.19180512 1.88593e-18
7222.72425425 1.44479e-18
7224.25670338 1.48111e-18
7225.7891525 1.61041e-18
7227.32160163 2.07328e-18
7228.85405076 1.6101e-18
7230.38649988 1.67059e-18
7231.91894901 1.7959e-18
7233.45139813 1.48799e-18
7234.98384726 1.73625e-18
7236.51629639 1.1012e-18
7238.04874551 2.06369e-18
7239.58119464 1.80964e-18
7241.11364377 1.61715e-18
7242.64609289 2.16389e-18
7244.17854202 1.83686e-18
7245.71099114 1.52592e-18
7247.24344027 1.31861e-18
7248.7758894 1.71328e-18
7250.30833852 1.78201e-18
7251.84078765 1.99283e-18
7253.37323678 2.07534e-18
7254.9056859 1.43793e-18
7256.43813503 1.17204e-18
7257.97058415 1.82049e-18
7259.50303328 1.64605e-18
7261.03548241 2.06452e-18
7262.56793153 2.14039e-18
7264.10038066 1.66556e-18
7265.63282979 1.82551e-18
7267.16527891 1.71293e-18
7268.69772804 2.0183e-18
7270.23017716 1.84163e-18
7271.76262629 1.58971e-18
7273.29507542 1.90059e-18
7274.82752454 1.93138e-18
7276.35997367 2.27123e-18
7277.8924228 1.52695e-18
7279.42487192 2.08549e-18
7280.95732105 2.17049e-18
7282.48977017 1.71579e-18
7284.0222193 1.84418e-18
7285.55466843 1.87446e-18
7287.08711755 1.74432e-18
7288.61956668 1.90312e-18
7290.15201581 1.94261e-18
7291.68446493 1.61967e-18
7293.21691406 1.57961e-18
7294.74936318 1.8942e-18
7296.28181231 1.78507e-18
7297.81426144 1.89326e-18
7299.34671056 2.2797e-18
7300.87915969 2.29101e-18
7302.41160882 1.98942e-18
7303.94405794 2.20195e-18
7305.47650707 2.11516e-18
7307.00895619 1.54128e-18
7308.54140532 1.49798e-18
7310.07385445 1.8012e-18
7311.60630357 1.94802e-18
7313.1387527 1.93613e-18
7314.67120183 1.38035e-18
7316.20365095 1.71447e-18
7317.73610008 1.23447e-18
7319.2685492 1.62857e-18
7320.80099833 1.76035e-18
7322.33344746 1.54908e-18
7323.86589658 1.9655e-18
7325.39834571 2.11955e-18
7326.93079484 1.15722e-18
7328.46324396 1.41562e-18
7329.99569309 1.67248e-18
7331.52814221 1.44394e-18
7333.06059134 1.8706e-18
7334.59304047 1.99064e-18
7336.12548959 1.72423e-18
7337.65793872 1.88055e-18
7339.19038785 1.74726e-18
7340.72283697 1.40264e-18
7342.2552861 1.48817e-18
7343.78773522 2.3507e-18
7345.32018435 2.09233e-18
7346.85263348 2.11157e-18
7348.3850826 1.65614e-18
7349.91753173 1.63775e-18
7351.44998085 1.73352e-18
7352.98242998 1.51802e-18
7354.51487911 1.46888e-18
7356.04732823 1.76251e-18
7357.57977736 1.73345e-18
7359.11222649 1.9619e-18
7360.64467561 1.80156e-18
7362.17712474 2.01758e-18
7363.70957386 1.99022e-18
7365.24202299 1.81533e-18
7366.77447212 1.48407e-18
7368.30692124 1.07727e-18
7369.83937037 1.67094e-18
7371.3718195 1.95358e-18
7372.90426862 1.78277e-18
7374.43671775 2.13064e-18
7375.96916687 1.91369e-18
7377.501616 1.42689e-18
7379.03406513 1.56199e-18
7380.56651425 1.44482e-18
7382.09896338 1.67299e-18
7383.63141251 1.86836e-18
7385.16386163 1.92142e-18
7386.69631076 1.89513e-18
7388.22875988 1.91986e-18
7389.76120901 1.94345e-18
7391.29365814 1.70565e-18
7392.82610726 2.00762e-18
7394.35855639 2.51594e-18
7395.89100552 2.01517e-18
7397.42345464 1.80317e-18
7398.95590377 1.78139e-18
7400.48835289 1.59956e-18
7402.02080202 1.76485e-18
7403.55325115 2.2629e-18
7405.08570027 2.13103e-18
7406.6181494 1.93258e-18
7408.15059853 2.27491e-18
7409.68304765 2.37546e-18
7411.21549678 1.74837e-18
7412.7479459 1.27091e-18
7414.28039503 2.09158e-18
7415.81284416 2.54958e-18
7417.34529328 2.71602e-18
7418.87774241 2.37307e-18
7420.41019154 2.31505e-18
7421.94264066 2.28085e-18
7423.47508979 1.54592e-18
7425.00753891 1.26367e-18
7426.53998804 2.50561e-18
7428.07243717 2.55942e-18
7429.60488629 2.17417e-18
7431.13733542 2.51456e-18
7432.66978455 2.38329e-18
7434.20223367 1.83176e-18
7435.7346828 1.49746e-18
7437.26713192 1.56974e-18
7438.79958105 1.78879e-18
7440.33203018 1.80842e-18
7441.8644793 2.05836e-18
7443.39692843 1.62604e-18
7444.92937756 1.64455e-18
7446.46182668 1.59623e-18
7447.99427581 1.25205e-18
7449.52672493 2.18752e-18
7451.05917406 1.64088e-18
7452.59162319 1.92322e-18
7454.12407231 2.06376e-18
7455.65652144 1.39538e-18
7457.18897057 1.88533e-18
7458.72141969 1.82121e-18
7460.25386882 1.65353e-18
7461.78631794 2.32367e-18
7463.31876707 2.54561e-18
7464.8512162 1.53872e-18
7466.38366532 1.97134e-18
7467.91611445 2.2939e-18
7469.44856358 2.47413e-18
7470.9810127 2.12836e-18
7472.51346183 1.9708e-18
7474.04591095 1.63869e-18
7475.57836008 2.17484e-18
7477.11080921 2.24606e-18
7478.64325833 2.08023e-18
7480.17570746 1.75742e-18
7481.70815659 1.81793e-18
7483.24060571 2.19772e-18
7484.77305484 2.29298e-18
7486.30550396 2.11466e-18
7487.83795309 2.09241e-18
7489.37040222 2.01002e-18
7490.90285134 1.98858e-18
7492.43530047 1.82581e-18
7493.9677496 1.65283e-18
7495.50019872 1.40405e-18
7497.03264785 1.23263e-18
7498.56509697 1.43807e-18
7500.0975461 1.31384e-18
7501.62999523 1.29566e-18
7503.16244435 1.40427e-18
7504.69489348 1.86465e-18
7506.22734261 1.91556e-18
7507.75979173 1.77266e-18
7509.29224086 1.8933e-18
7510.82468998 2.07634e-18
7512.35713911 1.84795e-18
7513.88958824 1.68613e-18
7515.42203736 1.95316e-18
7516.95448649 1.79355e-18
7518.48693562 1.51915e-18
7520.01938474 1.65988e-18
7521.55183387 1.85928e-18
7523.08428299 1.7833e-18
7524.61673212 1.91845e-18
7526.14918125 2.15661e-18
7527.68163037 2.0789e-18
7529.2140795 1.76606e-18
7530.74652863 1.16161e-18
7532.27897775 1.339e-18
7533.81142688 2.0733e-18
7535.343876 2.50501e-18
7536.87632513 2.53378e-18
7538.40877426 1.98271e-18
7539.94122338 1.89873e-18
7541.47367251 2.45022e-18
7543.00612164 3.13113e-18
7544.53857076 2.98151e-18
7546.07101989 2.33694e-18
7547.60346901 2.59495e-18
7549.13591814 2.32205e-18
7550.66836727 1.83749e-18
7552.20081639 2.08651e-18
7553.73326552 2.39636e-18
7555.26571465 2.10517e-18
7556.79816377 2.19307e-18
7558.3306129 2.36078e-18
7559.86306202 2.12085e-18
7561.39551115 2.01911e-18
7562.92796028 1.47312e-18
7564.4604094 1.88591e-18
7565.99285853 2.25596e-18
7567.52530766 1.57722e-18
7569.05775678 1.7535e-18
7570.59020591 1.56519e-18
7572.12265503 1.76804e-18
7573.65510416 1.91898e-18
7575.18755329 1.91195e-18
7576.72000241 1.42441e-18
7578.25245154 1.42058e-18
7579.78490067 1.55683e-18
7581.31734979 1.80785e-18
7582.84979892 1.7987e-18
7584.38224804 1.4917e-18
7585.91469717 1.42519e-18
7587.4471463 1.80268e-18
7588.97959542 1.75768e-18
7590.51204455 1.54322e-18
7592.04449368 1.86248e-18
7593.5769428 2.32131e-18
7595.10939193 2.19288e-18
7596.64184105 1.74794e-18
7598.17429018 1.47792e-18
7599.70673931 1.39325e-18
7601.23918843 1.51903e-18
7602.77163756 1.58252e-18
7604.30408669 1.99486e-18
7605.83653581 2.17264e-18
7607.36898494 1.83294e-18
7608.90143406 1.74751e-18
7610.43388319 1.84244e-18
7611.96633232 1.62731e-18
7613.49878144 1.45987e-18
7615.03123057 1.72819e-18
7616.5636797 1.8294e-18
7618.09612882 1.87307e-18
7619.62857795 1.70984e-18
7621.16102707 1.64233e-18
7622.6934762 1.84866e-18
7624.22592533 1.72172e-18
7625.75837445 1.61111e-18
7627.29082358 1.69078e-18
7628.82327271 1.47007e-18
7630.35572183 1.60132e-18
7631.88817096 1.72385e-18
7633.42062008 1.59536e-18
7634.95306921 1.26215e-18
7636.48551834 1.27454e-18
7638.01796746 1.63601e-18
7639.55041659 1.57666e-18
7641.08286572 2.02915e-18
7642.61531484 2.65667e-18
7644.14776397 1.49784e-18
7645.68021309 1.77091e-18
7647.21266222 2.47029e-18
7648.74511135 2.26585e-18
7650.27756047 1.8499e-18
7651.8100096 1.85526e-18
7653.34245872 1.83689e-18
7654.87490785 1.82928e-18
7656.40735698 1.83717e-18
7657.9398061 1.65415e-18
7659.47225523 1.48686e-18
7661.00470436 1.46869e-18
7662.53715348 1.52423e-18
7664.06960261 1.63252e-18
7665.60205173 1.40999e-18
7667.13450086 1.76775e-18
7668.66694999 1.77291e-18
7670.19939911 1.29027e-18
7671.73184824 1.60211e-18
7673.26429737 1.63139e-18
7674.79674649 1.86803e-18
7676.32919562 2.16618e-18
7677.86164474 1.97556e-18
7679.39409387 2.19719e-18
7680.926543 1.81967e-18
7682.45899212 1.68478e-18
7683.99144125 1.99947e-18
7685.52389038 1.98191e-18
7687.0563395 1.8939e-18
7688.58878863 1.86152e-18
7690.12123775 1.79954e-18
7691.65368688 1.59791e-18
7693.18613601 1.7043e-18
7694.71858513 1.4012e-18
7696.25103426 1.12071e-18
7697.78348339 1.55535e-18
7699.31593251 1.36999e-18
7700.84838164 1.47081e-18
7702.38083076 1.05369e-18
7703.91327989 8.66511e-19
7705.44572902 1.64317e-18
7706.97817814 2.13269e-18
7708.51062727 1.47478e-18
7710.0430764 1.32456e-18
7711.57552552 1.89712e-18
7713.10797465 1.84962e-18
7714.64042377 1.9607e-18
7716.1728729 1.75097e-18
7717.70532203 1.92012e-18
7719.23777115 2.14387e-18
7720.77022028 1.35445e-18
7722.30266941 1.4418e-18
7723.83511853 1.95442e-18
7725.36756766 2.22093e-18
7726.90001678 1.75084e-18
7728.43246591 1.74769e-18
7729.96491504 1.87594e-18
7731.49736416 1.66948e-18
7733.02981329 1.15959e-18
7734.56226242 1.36574e-18
7736.09471154 1.84976e-18
7737.62716067 1.85473e-18
7739.15960979 1.67774e-18
7740.69205892 1.74078e-18
7742.22450805 1.6275e-18
7743.75695717 1.33872e-18
7745.2894063 1.05948e-18
7746.82185543 1.33171e-18
7748.35430455 1.5061e-18
7749.88675368 1.74008e-18
7751.4192028 1.66179e-18
7752.95165193 1.45965e-18
7754.48410106 1.51767e-18
7756.01655018 1.40152e-18
7757.54899931 1.48553e-18
7759.08144844 1.56513e-18
7760.61389756 1.40783e-18
7762.14634669 9.97777e-19
7763.67879581 1.23044e-18
7765.21124494 1.45092e-18
7766.74369407 9.33208e-19
7768.27614319 1.13475e-18
7769.80859232 1.44453e-18
7771.34104145 1.60701e-18
7772.87349057 1.36012e-18
7774.4059397 1.00395e-18
7775.93838882 1.37776e-18
7777.47083795 1.37172e-18
7779.00328708 1.05167e-18
7780.5357362 1.78265e-18
7782.06818533 2.06687e-18
7783.60063446 2.08927e-18
7785.13308358 1.99858e-18
7786.66553271 1.90891e-18
7788.19798183 1.53559e-18
7789.73043096 1.30818e-18
7791.26288009 1.34809e-18
7792.79532921 1.16926e-18
7794.32777834 1.49888e-18
7795.86022747 1.37198e-18
7797.39267659 1.02458e-18
7798.92512572 9.82465e-19
7800.45757484 1.21407e-18
7801.99002397 7.29006e-19
7803.5224731 4.83409e-19
7805.05492222 9.0904e-19
7806.58737135 1.14102e-18
7808.11982048 1.21494e-18
7809.6522696 1.38795e-18
7811.18471873 1.39921e-18
7812.71716785 1.72838e-18
7814.24961698 1.87353e-18
7815.78206611 1.75777e-18
7817.31451523 1.62411e-18
7818.84696436 1.66692e-18
7820.37941349 1.69944e-18
7821.91186261 1.64236e-18
7823.44431174 1.66675e-18
7824.97676086 1.4449e-18
7826.50920999 1.04027e-18
7828.04165912 1.08336e-18
7829.57410824 1.3991e-18
7831.10655737 1.38881e-18
7832.6390065 1.47547e-18
7834.17145562 1.72809e-18
7835.70390475 1.86831e-18
7837.23635387 1.64852e-18
7838.768803 8.90956e-19
7840.30125213 1.20142e-18
7841.83370125 1.49504e-18
7843.36615038 1.13851e-18
7844.89859951 1.31451e-18
7846.43104863 1.21583e-18
7847.96349776 1.1237e-18
7849.49594688 1.29648e-18
7851.02839601 1.82145e-18
7852.56084514 1.50865e-18
7854.09329426 1.19812e-18
7855.62574339 1.28222e-18
7857.15819252 1.61392e-18
7858.69064164 1.69782e-18
7860.22309077 1.50475e-18
7861.75553989 1.26825e-18
7863.28798902 1.79101e-18
7864.82043815 1.64175e-18
7866.35288727 1.2374e-18
7867.8853364 7.03118e-19
7869.41778553 1.19181e-18
7870.95023465 1.34029e-18
7872.48268378 1.4141e-18
7874.0151329 1.54096e-18
7875.54758203 1.4506e-18
7877.08003116 1.30914e-18
7878.61248028 1.56619e-18
7880.14492941 1.35306e-18
7881.67737854 7.83198e-19
7883.20982766 1.22027e-18
7884.74227679 1.67898e-18
7886.27472591 1.58415e-18
7887.80717504 1.27908e-18
7889.33962417 1.48276e-18
7890.87207329 1.85793e-18
7892.40452242 1.99842e-18
7893.93697155 1.84534e-18
7895.46942067 1.29964e-18
7897.0018698 1.39185e-18
7898.53431892 1.93534e-18
7900.06676805 1.62385e-18
7901.59921718 1.52259e-18
7903.1316663 1.54536e-18
7904.66411543 1.54668e-18
