5800.  2.386860E-16
5803.38722093919  2.059433E-16
5806.77444187837  2.313709E-16
5810.16166281755  2.627582E-16
5813.54888375674  2.206039E-16
5816.93610469592  2.293593E-16
5820.3233256351  2.377871E-16
5823.71054657429  2.271212E-16
5827.09776751347  2.358324E-16
5830.48498845266  2.257766E-16
5833.87220939184  2.199545E-16
5837.25943033102  2.270141E-16
5840.64665127021  2.184402E-16
5844.03387220939  2.026525E-16
5847.42109314858  2.479840E-16
5850.80831408776  2.291108E-16
5854.19553502695  2.239432E-16
5857.58275596613  2.277769E-16
5860.96997690531  2.384839E-16
5864.3571978445  2.375326E-16
5867.74441878368  2.274768E-16
5871.13163972286  2.268921E-16
5874.51886066205  2.251033E-16
5877.90608160123  2.202867E-16
5881.29330254042  2.486632E-16
5884.6805234796  2.625275E-16
5888.06774441878  2.416978E-16
5891.45496535797  2.153387E-16
5894.84218629715  2.325614E-16
5898.22940723634  2.464158E-16
5901.61662817552  2.240376E-16
5905.00384911471  2.167038E-16
5908.39107005389  2.352747E-16
5911.77829099307  2.400970E-16
5915.16551193226  2.281774E-16
5918.55273287144  2.610701E-16
5921.93995381062  2.518920E-16
5925.32717474981  2.321227E-16
5928.71439568899  1.912365E-16
5932.10161662818  2.147258E-16
5935.48883756736  2.454894E-16
5938.87605850655  2.248847E-16
5942.26327944573  2.339564E-16
5945.65050038491  2.291301E-16
5949.0377213241  2.229593E-16
5952.42494226328  2.094666E-16
5955.81216320247  2.177744E-16
5959.19938414165  2.087622E-16
5962.58660508083  2.150073E-16
5965.97382602002  2.296214E-16
5969.3610469592  2.251704E-16
5972.74826789838  2.199048E-16
5976.13548883757  2.005936E-16
5979.52270977675  1.798429E-16
5982.90993071594  1.696249E-16
5986.29715165512  2.181389E-16
5989.6843725943  2.215050E-16
5993.07159353349  2.304484E-16
5996.45881447267  2.134420E-16
5999.84603541186  2.413053E-16
6003.23325635104  2.405739E-16
6006.62047729023  2.073330E-16
6010.00769822941  2.306997E-16
6013.39491916859  2.320980E-16
6016.78214010778  2.556281E-16
6020.16936104696  2.109988E-16
6023.55658198614  2.217025E-16
6026.94380292533  2.094759E-16
6030.33102386451  2.379610E-16
6033.7182448037  2.256593E-16
6037.10546574288  2.345250E-16
6040.49268668206  2.450273E-16
6043.87990762125  2.375019E-16
6047.26712856043  2.215461E-16
6050.65434949962  2.237672E-16
6054.0415704388  2.235701E-16
6057.42879137799  2.319423E-16
6060.81601231717  2.317672E-16
6064.20323325635  1.960340E-16
6067.59045419554  2.153234E-16
6070.97767513472  2.298545E-16
6074.36489607391  2.232794E-16
6077.75211701309  2.256251E-16
6081.13933795227  2.149593E-16
6084.52655889146  2.181510E-16
6087.91377983064  2.064389E-16
6091.30100076983  2.400473E-16
6094.68822170901  2.309496E-16
6098.07544264819  2.310202E-16
6101.46266358738  2.150385E-16
6104.84988452656  2.009403E-16
6108.23710546574  2.156726E-16
6111.62432640493  2.261467E-16
6115.01154734411  2.266657E-16
6118.3987682833  2.219772E-16
6121.78598922248  2.117103E-16
6125.17321016166  2.078928E-16
6128.56043110085  2.324359E-16
6131.94765204003  2.360449E-16
6135.33487297922  2.327008E-16
6138.7220939184  1.948380E-16
6142.10931485759  2.203026E-16
6145.49653579677  2.224335E-16
6148.88375673595  2.278781E-16
6152.27097767514  2.225575E-16
6155.65819861432  2.213537E-16
6159.04541955351  2.237961E-16
6162.43264049269  2.243618E-16
6165.81986143187  2.158792E-16
6169.20708237106  2.400626E-16
6172.59430331024  2.222247E-16
6175.98152424943  2.033974E-16
6179.36874518861  1.998627E-16
6182.75596612779  2.122570E-16
6186.14318706698  2.152590E-16
6189.53040800616  2.247250E-16
6192.91762894535  1.910843E-16
6196.30484988453  2.073404E-16
6199.69207082371  2.199990E-16
6203.0792917629  2.243717E-16
6206.46651270208  2.191306E-16
6209.85373364126  2.297743E-16
6213.24095458045  2.208387E-16
6216.62817551963  2.346871E-16
6220.01539645882  2.328699E-16
6223.402617398  2.334028E-16
6226.78983833719  2.388576E-16
6230.17705927637  2.250015E-16
6233.56428021555  2.206693E-16
6236.95150115474  1.948866E-16
6240.33872209392  2.200875E-16
6243.72594303311  2.170794E-16
6247.11316397229  2.131884E-16
6250.50038491147  2.348934E-16
6253.88760585066  2.123445E-16
6257.27482678984  2.229359E-16
6260.66204772903  2.292463E-16
6264.04926866821  2.211405E-16
6267.43648960739  1.973435E-16
6270.82371054658  2.051017E-16
6274.21093148576  2.269437E-16
6277.59815242495  2.382957E-16
6280.98537336413  2.103068E-16
6284.37259430331  1.962812E-16
6287.7598152425  1.810097E-16
6291.14703618168  2.112348E-16
6294.53425712087  2.155935E-16
6297.92147806005  2.310997E-16
6301.30869899923  2.143748E-16
6304.69591993842  2.052431E-16
6308.0831408776  2.146513E-16
6311.47036181678  2.055334E-16
6314.85758275597  1.998351E-16
6318.24480369515  1.981151E-16
6321.63202463434  2.121089E-16
6325.01924557352  2.266215E-16
6328.40646651271  2.174922E-16
6331.79368745189  2.146756E-16
6335.18090839107  2.229394E-16
6338.56812933026  1.928309E-16
6341.95535026944  2.205190E-16
6345.34257120862  2.347404E-16
6348.72979214781  2.234941E-16
6352.11701308699  2.213574E-16
6355.50423402618  2.278580E-16
6358.89145496536  2.255801E-16
6362.27867590454  2.200598E-16
6365.66589684373  2.059386E-16
6369.05311778291  2.239935E-16
6372.4403387221  2.153235E-16
6375.82755966128  2.278091E-16
6379.21478060047  2.056287E-16
6382.60200153965  2.107732E-16
6385.98922247883  2.202042E-16
6389.37644341802  1.960404E-16
6392.7636643572  2.232785E-16
6396.15088529639  2.119583E-16
6399.53810623557  2.149928E-16
6402.92532717475  2.040862E-16
6406.31254811394  2.019618E-16
6409.69976905312  1.995966E-16
6413.08698999231  2.022742E-16
6416.47421093149  2.188603E-16
6419.86143187067  2.307225E-16
6423.24865280986  1.886924E-16
6426.63587374904  2.179734E-16
6430.02309468822  2.129404E-16
6433.41031562741  2.052650E-16
6436.79753656659  1.946929E-16
6440.18475750578  1.949783E-16
6443.57197844496  1.724644E-16
6446.95919938414  1.913490E-16
6450.34642032333  1.900912E-16
6453.73364126251  2.036145E-16
6457.1208622017  2.198898E-16
6460.50808314088  2.000882E-16
6463.89530408007  2.006414E-16
6467.28252501925  2.116409E-16
6470.66974595843  1.991775E-16
6474.05696689762  2.003336E-16
6477.4441878368  1.888649E-16
6480.83140877599  1.972847E-16
6484.21862971517  2.096323E-16
6487.60585065435  2.056586E-16
6490.99307159354  2.331143E-16
6494.38029253272  2.142137E-16
6497.7675134719  2.106861E-16
6501.15473441109  2.215806E-16
6504.54195535027  2.154933E-16
6507.92917628946  1.955903E-16
6511.31639722864  2.033483E-16
6514.70361816783  2.069132E-16
6518.09083910701  2.141436E-16
6521.47806004619  2.157394E-16
6524.86528098538  1.958149E-16
6528.25250192456  2.064286E-16
6531.63972286375  1.998977E-16
6535.02694380293  2.244671E-16
6538.41416474211  2.370381E-16
6541.8013856813  2.166576E-16
6545.18860662048  2.213342E-16
6548.57582755967  2.110462E-16
6551.96304849885  1.873474E-16
6555.35026943803  2.224771E-16
6558.73749037722  2.243221E-16
6562.1247113164  2.098751E-16
6565.51193225559  2.263922E-16
6568.89915319477  2.473980E-16
6572.28637413395  2.438050E-16
6575.67359507314  2.259171E-16
6579.06081601232  2.219471E-16
6582.44803695151  2.239553E-16
6585.83525789069  2.151283E-16
6589.22247882987  2.200685E-16
6592.60969976906  2.032487E-16
6595.99692070824  2.071293E-16
6599.38414164743  1.840685E-16
6602.77136258661  1.943004E-16
6606.15858352579  1.925087E-16
6609.54580446498  1.867688E-16
6612.93302540416  2.080147E-16
6616.32024634335  2.101314E-16
6619.70746728253  2.231744E-16
6623.09468822171  2.332728E-16
6626.4819091609  2.293903E-16
6629.86913010008  2.203988E-16
6633.25635103927  2.316704E-16
6636.64357197845  2.505084E-16
6640.03079291763  2.128957E-16
6643.41801385682  2.466491E-16
6646.805234796  2.429293E-16
6650.19245573518  2.524004E-16
6653.57967667437  2.513071E-16
6656.96689761356  2.543763E-16
6660.35411855274  2.763053E-16
6663.74133949192  3.517318E-16
6667.12856043111  3.983167E-16
6670.51578137029  4.584275E-16
6673.90300230947  5.040317E-16
6677.29022324866  4.487298E-16
6680.67744418784  3.904085E-16
6684.06466512703  3.676936E-16
6687.45188606621  3.386728E-16
6690.83910700539  3.381104E-16
6694.22632794458  2.895839E-16
6697.61354888376  2.649099E-16
6701.00076982295  2.814637E-16
6704.38799076213  2.556415E-16
6707.77521170131  2.487694E-16
6711.1624326405  2.239696E-16
6714.54965357968  2.344631E-16
6717.93687451887  2.310981E-16
6721.32409545805  2.086948E-16
6724.71131639723  2.212130E-16
6728.09853733642  2.159282E-16
6731.4857582756  2.075989E-16
6734.87297921479  2.119055E-16
6738.26020015397  2.039918E-16
6741.64742109315  2.278846E-16
6745.03464203234  2.007668E-16
6748.42186297152  1.964945E-16
6751.80908391071  2.076036E-16
6755.19630484989  2.191204E-16
6758.58352578908  2.161847E-16
6761.97074672826  1.980578E-16
6765.35796766744  2.070770E-16
6768.74518860663  2.029838E-16
6772.13240954581  2.140727E-16
6775.51963048499  2.072935E-16
6778.90685142418  1.942108E-16
6782.29407236336  1.953405E-16
6785.68129330255  1.965862E-16
6789.06851424173  1.935819E-16
6792.45573518091  1.972383E-16
6795.8429561201  1.964936E-16
6799.23017705928  1.891123E-16
6802.61739799847  2.087073E-16
6806.00461893765  1.886898E-16
6809.39183987683  1.919232E-16
6812.77906081602  2.113312E-16
6816.1662817552  2.023364E-16
6819.55350269439  1.864808E-16
6822.94072363357  1.787620E-16
6826.32794457275  1.979994E-16
6829.71516551194  2.059314E-16
6833.10238645112  1.799234E-16
6836.48960739031  1.807493E-16
6839.87682832949  2.005089E-16
6843.26404926867  2.002432E-16
6846.65127020786  1.920837E-16
6850.03849114704  1.891926E-16
6853.42571208623  1.770237E-16
6856.81293302541  1.947899E-16
6860.2001539646  2.032066E-16
6863.58737490378  2.049486E-16
6866.97459584296  1.908042E-16
6870.36181678215  1.915012E-16
6873.74903772133  1.543019E-16
6877.13625866051  1.568001E-16
6880.5234795997  1.700227E-16
6883.91070053888  1.952701E-16
6887.29792147807  2.066470E-16
6890.68514241725  1.853158E-16
6894.07236335643  1.847312E-16
6897.45958429562  1.770456E-16
6900.8468052348  1.723193E-16
6904.23402617399  1.825565E-16
6907.62124711317  1.972786E-16
6911.00846805236  1.885713E-16
6914.39568899154  1.879704E-16
6917.78290993072  1.867132E-16
6921.17013086991  1.768035E-16
6924.55735180909  1.804985E-16
6927.94457274827  2.055327E-16
6931.33179368746  1.917461E-16
6934.71901462664  1.728008E-16
6938.10623556583  1.881357E-16
6941.49345650501  1.902824E-16
6944.88067744419  1.951022E-16
6948.26789838338  1.718795E-16
6951.65511932256  1.707986E-16
6955.04234026175  1.811758E-16
6958.42956120093  1.737122E-16
6961.81678214012  1.702070E-16
6965.2040030793  1.935328E-16
6968.59122401848  1.777780E-16
6971.97844495767  1.603289E-16
6975.36566589685  1.851702E-16
6978.75288683603  1.851645E-16
6982.14010777522  1.892160E-16
6985.5273287144  1.789729E-16
6988.91454965359  1.775506E-16
6992.30177059277  1.665361E-16
6995.68899153195  1.672057E-16
6999.07621247114  1.875575E-16
7002.46343341032  1.759361E-16
7005.85065434951  1.750683E-16
7009.23787528869  1.767276E-16
7012.62509622787  1.585242E-16
7016.01231716706  1.643837E-16
7019.39953810624  1.686077E-16
7022.78675904543  1.643274E-16
7026.17397998461  1.902394E-16
7029.56120092379  2.033982E-16
7032.94842186298  1.680126E-16
7036.33564280216  1.757096E-16
7039.72286374135  1.791444E-16
7043.11008468053  1.856711E-16
7046.49730561972  1.684770E-16
7049.8845265589  1.730358E-16
7053.27174749808  1.747958E-16
7056.65896843727  1.595058E-16
7060.04618937645  1.745625E-16
7063.43341031564  1.786371E-16
7066.82063125482  1.831157E-16
7070.207852194  1.818543E-16
7073.59507313319  1.784327E-16
7076.98229407237  1.722010E-16
7080.36951501155  1.674466E-16
7083.75673595074  1.648411E-16
7087.14395688992  1.932772E-16
7090.53117782911  1.956645E-16
7093.91839876829  1.657894E-16
7097.30561970748  1.973792E-16
7100.69284064666  1.967571E-16
7104.08006158584  1.687063E-16
7107.46728252503  1.776606E-16
7110.85450346421  1.672185E-16
7114.24172440339  1.743265E-16
7117.62894534258  2.000846E-16
7121.01616628176  1.933242E-16
7124.40338722095  1.707369E-16
7127.79060816013  1.778079E-16
7131.17782909931  1.728720E-16
7134.5650500385  1.649067E-16
7137.95227097768  1.742061E-16
7141.33949191687  1.877532E-16
7144.72671285605  1.751215E-16
7148.11393379523  1.857610E-16
7151.50115473442  1.850194E-16
7154.8883756736  1.716090E-16
7158.27559661279  1.801505E-16
7161.66281755197  1.565711E-16
7165.05003849115  1.470776E-16
7168.43725943034  1.595418E-16
7171.82448036952  1.544228E-16
7175.21170130871  1.488534E-16
7178.59892224789  1.688532E-16
7181.98614318708  1.847366E-16
7185.37336412626  1.758315E-16
7188.76058506544  1.752584E-16
7192.14780600463  1.745618E-16
7195.53502694381  1.759220E-16
7198.922247883  1.568357E-16
7202.30946882218  1.480202E-16
7205.69668976136  1.628389E-16
7209.08391070055  1.730708E-16
7212.47113163973  1.657243E-16
7215.85835257891  1.657212E-16
7219.2455735181  1.885516E-16
7222.63279445728  1.844558E-16
7226.02001539647  1.815560E-16
7229.40723633565  1.827755E-16
7232.79445727484  1.879115E-16
7236.18167821402  1.723207E-16
7239.5688991532  1.644126E-16
7242.95612009239  1.665484E-16
7246.34334103157  1.503035E-16
7249.73056197075  1.672704E-16
7253.11778290994  1.618169E-16
7256.50500384912  1.718140E-16
7259.89222478831  1.842387E-16
7263.27944572749  1.812404E-16
7266.66666666667  1.738072E-16
7270.05388760586  1.760134E-16
7273.44110854504  1.485524E-16
7276.82832948423  1.582207E-16
7280.21555042341  1.658811E-16
7283.6027713626  1.568894E-16
7286.98999230178  1.410253E-16
7290.37721324096  1.814985E-16
7293.76443418015  1.970683E-16
7297.15165511933  1.594587E-16
7300.53887605851  1.619710E-16
7303.9260969977  1.493821E-16
7307.31331793688  1.793419E-16
7310.70053887607  1.759660E-16
7314.08775981525  1.631739E-16
7317.47498075444  1.699355E-16
7320.86220169362  1.839837E-16
7324.2494226328  1.763878E-16
7327.63664357199  1.715465E-16
7331.02386451117  1.552366E-16
7334.41108545035  1.604975E-16
7337.79830638954  1.533648E-16
7341.18552732872  1.536078E-16
7344.57274826791  1.759533E-16
7347.95996920709  1.643751E-16
7351.34719014627  1.739151E-16
7354.73441108546  1.790723E-16
7358.12163202464  1.791440E-16
7361.50885296383  1.717023E-16
7364.89607390301  1.631970E-16
7368.2832948422  1.742129E-16
7371.67051578138  1.630064E-16
7375.05773672056  1.743651E-16
7378.44495765975  1.599582E-16
7381.83217859893  1.509133E-16
7385.21939953812  1.708535E-16
7388.6066204773  1.708444E-16
7391.99384141648  1.826834E-16
7395.38106235567  1.661221E-16
7398.76828329485  1.636718E-16
7402.15550423403  1.521761E-16
7405.54272517322  1.586690E-16
7408.9299461124  1.600428E-16
7412.31716705159  1.862998E-16
7415.70438799077  1.834129E-16
7419.09160892996  1.786476E-16
7422.47882986914  1.718241E-16
7425.86605080832  1.719064E-16
7429.25327174751  1.801196E-16
7432.64049268669  1.756065E-16
7436.02771362588  1.584939E-16
7439.41493456506  1.449643E-16
7442.80215550424  2.011974E-16
7446.18937644343  1.854360E-16
7449.57659738261  1.640722E-16
7452.96381832179  1.711034E-16
7456.35103926098  1.702211E-16
7459.73826020016  1.581789E-16
7463.12548113935  1.583099E-16
7466.51270207853  1.670084E-16
7469.89992301771  1.600472E-16
7473.2871439569  1.453485E-16
7476.67436489608  1.631564E-16
7480.06158583527  1.709958E-16
7483.44880677445  1.498067E-16
7486.83602771364  1.769603E-16
7490.22324865282  1.667927E-16
7493.610469592  1.639611E-16
7496.99769053119  1.435323E-16
7500.38491147037  1.488702E-16
7503.77213240955  1.552342E-16
7507.15935334874  1.915183E-16
7510.54657428792  1.832355E-16
7513.93379522711  1.722337E-16
7517.32101616629  1.629022E-16
7520.70823710548  1.680517E-16
7524.09545804466  1.519523E-16
7527.48267898384  1.766403E-16
7530.86989992303  1.589532E-16
7534.25712086221  1.555194E-16
7537.6443418014  1.648735E-16
7541.03156274058  1.668032E-16
7544.41878367976  1.774495E-16
7547.80600461895  1.524557E-16
7551.19322555813  1.449580E-16
7554.58044649731  1.518209E-16
7557.9676674365  1.724373E-16
7561.35488837569  1.461349E-16
7564.74210931487  1.458525E-16
7568.12933025405  1.649703E-16
7571.51655119323  1.599673E-16
7574.90377213242  1.774539E-16
7578.2909930716  1.727445E-16
7581.67821401079  1.632088E-16
7585.06543494997  1.555750E-16
7588.45265588916  1.625728E-16
7591.83987682834  1.538604E-16
7595.22709776752  1.627874E-16
7598.61431870671  1.458830E-16
7602.00153964589  1.678416E-16
7605.38876058507  1.638554E-16
7608.77598152426  1.326121E-16
7612.16320246344  1.499010E-16
7615.55042340263  1.145633E-16
7618.93764434181  1.632985E-16
7622.32486528099  1.559425E-16
7625.71208622018  1.651546E-16
7629.09930715936  1.562731E-16
7632.48652809855  1.713366E-16
7635.87374903773  1.608985E-16
7639.26096997692  1.667930E-16
7642.6481909161  1.695908E-16
7646.03541185528  1.383622E-16
7649.42263279447  1.583609E-16
7652.80985373365  1.645963E-16
7656.19707467284  1.434140E-16
7659.58429561202  1.350999E-16
7662.9715165512  1.661289E-16
7666.35873749039  1.605270E-16
7669.74595842957  1.733238E-16
7673.13317936875  1.502675E-16
7676.52040030794  1.441275E-16
7679.90762124712  1.440449E-16
7683.29484218631  1.545888E-16
7686.68206312549  1.638600E-16
7690.06928406468  1.735328E-16
7693.45650500386  1.655102E-16
7696.84372594304  1.402629E-16
7700.23094688223  1.455044E-16
7703.61816782141  1.433127E-16
7707.0053887606  1.480301E-16
7710.39260969978  1.502446E-16
7713.77983063896  1.364159E-16
7717.16705157815  1.623854E-16
7720.55427251733  1.751910E-16
7723.94149345652  1.653449E-16
7727.3287143957  1.718079E-16
7730.71593533488  1.533080E-16
7734.10315627407  1.564541E-16
7737.49037721325  1.610022E-16
7740.87759815244  1.715625E-16
7744.26481909162  1.582024E-16
7747.6520400308  1.516505E-16
7751.03926096999  1.588010E-16
7754.42648190917  1.547058E-16
7757.81370284836  1.470652E-16
7761.20092378754  1.554228E-16
7764.58814472672  1.431263E-16
7767.97536566591  1.441664E-16
7771.36258660509  1.723327E-16
7774.74980754427  1.259794E-16
7778.13702848346  1.612899E-16
7781.52424942264  1.619907E-16
7784.91147036183  1.469650E-16
7788.29869130101  1.435161E-16
7791.6859122402  1.571310E-16
7795.07313317938  1.670652E-16
7798.46035411856  1.485364E-16
7801.84757505775  1.440465E-16
7805.23479599693  1.438704E-16
7808.62201693612  1.630262E-16
7812.0092378753  1.651612E-16
7815.39645881448  1.593329E-16
7818.78367975367  1.602400E-16
7822.17090069285  1.568863E-16
7825.55812163204  1.568348E-16
7828.94534257122  1.658057E-16
7832.3325635104  1.733178E-16
7835.71978444959  1.873224E-16
7839.10700538877  1.756769E-16
7842.49422632796  1.641684E-16
7845.88144726714  1.668921E-16
7849.26866820632  1.641719E-16
7852.65588914551  1.582098E-16
7856.04311008469  1.688310E-16
7859.43033102388  1.671863E-16
7862.81755196306  1.479496E-16
7866.20477290224  1.504596E-16
7869.59199384143  1.172001E-16
7872.97921478061  1.421472E-16
7876.36643571979  1.385839E-16
7879.75365665898  1.255509E-16
7883.14087759816  1.312792E-16
7886.52809853735  1.262023E-16
7889.91531947653  1.212179E-16
7893.30254041572  1.090942E-16
7896.6897613549  1.119759E-16
7900.07698229408  1.385544E-16
7903.46420323327  1.496538E-16
7906.85142417245  1.704197E-16
7910.23864511164  1.525514E-16
7913.62586605082  1.661492E-16
7917.01308699  1.588646E-16
7920.40030792919  1.533817E-16
7923.78752886837  1.607660E-16
7927.17474980755  1.634901E-16
7930.56197074674  1.714978E-16
7933.94919168592  1.652595E-16
7937.33641262511  1.488436E-16
7940.72363356429  1.562571E-16
7944.11085450348  1.431076E-16
7947.49807544266  1.423876E-16
7950.88529638184  1.606828E-16
7954.27251732103  1.667161E-16
7957.65973826021  1.690771E-16
7961.0469591994  1.547489E-16
7964.43418013858  1.588688E-16
7967.82140107776  1.661719E-16
7971.20862201695  1.522981E-16
7974.59584295613  1.563245E-16
7977.98306389531  1.383973E-16
7981.3702848345  1.387187E-16
7984.75750577368  1.319259E-16
7988.14472671287  1.182754E-16
7991.53194765205  1.288760E-16
7994.91916859124  1.275462E-16
7998.30638953042  1.439847E-16
8001.69361046961  1.264939E-16
8005.08083140879  1.599724E-16
8008.46805234797  1.533412E-16
8011.85527328716  1.302672E-16
8015.24249422634  1.417845E-16
8018.62971516552  1.288911E-16
8022.01693610471  1.454961E-16
8025.40415704389  1.672575E-16
8028.79137798308  1.528367E-16
8032.17859892226  1.508171E-16
8035.56581986144  1.310422E-16
8038.95304080063  1.410037E-16
8042.34026173981  1.318430E-16
8045.727482679  1.440607E-16
8049.11470361818  1.515744E-16
8052.50192455737  1.235766E-16
8055.88914549655  1.499354E-16
8059.27636643573  1.701447E-16
8062.66358737492  1.366775E-16
8066.0508083141  1.502765E-16
8069.43802925328  1.412896E-16
8072.82525019247  1.206096E-16
8076.21247113165  1.446133E-16
8079.59969207083  1.539625E-16
8082.98691301002  1.498889E-16
8086.3741339492  1.410840E-16
8089.76135488839  1.338470E-16
8093.14857582757  1.376255E-16
8096.53579676676  1.448557E-16
8099.92301770594  1.414106E-16
8103.31023864512  1.497274E-16
8106.69745958431  1.483555E-16
8110.08468052349  1.139512E-16
8113.47190146268  1.178899E-16
8116.85912240186  1.359692E-16
8120.24634334104  1.348465E-16
8123.63356428023  1.361261E-16
8127.02078521941  1.292786E-16
8130.40800615859  1.485989E-16
8133.79522709778  1.347398E-16
8137.18244803696  1.292120E-16
8140.56966897615  1.310737E-16
8143.95688991533  1.546930E-16
8147.34411085452  1.380932E-16
8150.7313317937  1.326380E-16
8154.11855273288  1.388298E-16
8157.50577367207  1.261775E-16
8160.89299461125  1.469658E-16
8164.28021555044  1.523736E-16
8167.66743648962  1.371027E-16
8171.0546574288  1.257059E-16
8174.44187836799  1.178983E-16
8177.82909930717  1.389222E-16
8181.21632024636  1.418112E-16
8184.60354118554  1.491929E-16
8187.99076212472  1.549233E-16
8191.37798306391  1.199340E-16
8194.76520400309  1.112954E-16
8198.15242494228  1.349138E-16
8201.53964588146  1.324341E-16
8204.92686682065  1.226934E-16
8208.31408775983  1.078121E-16
8211.70130869901  1.240618E-16
8215.0885296382  1.272143E-16
8218.47575057738  1.385219E-16
8221.86297151656  1.298530E-16
8225.25019245575  1.486328E-16
8228.63741339493  1.174503E-16
8232.02463433412  1.140055E-16
8235.4118552733  1.221776E-16
8238.79907621248  1.375455E-16
8242.18629715167  1.358536E-16
8245.57351809085  1.311432E-16
8248.96073903004  1.325779E-16
8252.34795996922  1.288164E-16
8255.7351809084  1.514255E-16
8259.12240184759  1.466941E-16
8262.50962278677  1.397939E-16
8265.89684372596  1.363485E-16
8269.28406466514  1.527244E-16
8272.67128560432  1.455186E-16
8276.05850654351  1.362825E-16
8279.44572748269  1.338053E-16
8282.83294842188  1.241348E-16
8286.22016936106  1.259333E-16
8289.60739030024  1.299401E-16
8292.99461123943  1.458893E-16
8296.38183217861  1.223717E-16
8299.7690531178  1.327120E-16
8303.15627405698  1.301837E-16
8306.54349499616  1.200343E-16
8309.93071593535  1.167349E-16
8313.31793687453  1.174366E-16
8316.70515781372  1.308456E-16
8320.0923787529  1.219046E-16
8323.47959969208  1.217889E-16
8326.86682063127  1.080901E-16
8330.25404157045  1.152210E-16
8333.64126250964  1.223968E-16
8337.02848344882  1.135990E-16
8340.415704388  1.147480E-16
8343.80292532719  1.395262E-16
8347.19014626637  1.465404E-16
8350.57736720555  1.358556E-16
8353.96458814474  1.273634E-16
8357.35180908393  1.441959E-16
8360.73903002311  1.440061E-16
8364.12625096229  1.368393E-16
8367.51347190148  1.244598E-16
8370.90069284066  1.123613E-16
8374.28791377984  1.224999E-16
8377.67513471903  1.442780E-16
8381.06235565821  1.391008E-16
8384.4495765974  1.210918E-16
8387.83679753658  1.346879E-16
8391.22401847576  1.331728E-16
8394.61123941495  1.457317E-16
8397.99846035413  1.382700E-16
8401.38568129332  1.196845E-16
8404.7729022325  1.138121E-16
8408.16012317169  1.295709E-16
8411.54734411087  1.329105E-16
8414.93456505005  1.300049E-16
8418.32178598924  1.355920E-16
8421.70900692842  1.259426E-16
8425.0962278676  1.359327E-16
8428.48344880679  1.189270E-16
8431.87066974597  1.259711E-16
8435.25789068516  1.207566E-16
8438.64511162434  1.268554E-16
8442.03233256352  1.139000E-16
8445.41955350271  1.272752E-16
8448.80677444189  1.366926E-16
8452.19399538108  1.436503E-16
8455.58121632026  1.179698E-16
8458.96843725944  1.167710E-16
8462.35565819863  1.283906E-16
8465.74287913781  1.302964E-16
8469.130100077  1.214438E-16
8472.51732101618  1.241033E-16
8475.90454195536  1.241945E-16
8479.29176289455  1.338289E-16
8482.67898383373  1.148685E-16
8486.06620477292  1.342288E-16
8489.4534257121  1.527915E-16
8492.84064665129  1.502462E-16
8496.22786759047  1.371502E-16
8499.61508852965  1.262636E-16
8503.00230946884  1.239038E-16
8506.38953040802  1.209997E-16
8509.77675134721  1.193348E-16
8513.16397228639  1.401673E-16
8516.55119322557  1.199757E-16
8519.93841416476  1.319930E-16
8523.32563510394  1.366094E-16
8526.71285604312  1.382830E-16
8530.10007698231  1.295967E-16
8533.48729792149  1.145205E-16
8536.87451886068  1.129642E-16
8540.26173979986  1.264338E-16
8543.64896073904  1.260844E-16
8547.03618167823  1.281712E-16
8550.42340261741  9.635962E-17
8553.8106235566  1.060283E-16
8557.19784449578  1.140506E-16
8560.58506543496  1.194790E-16
8563.97228637415  1.113684E-16
8567.35950731333  9.303206E-17
8570.74672825252  1.120485E-16
8574.1339491917  1.059486E-16
8577.52117013088  9.892199E-17
8580.90839107007  1.258970E-16
8584.29561200925  1.306612E-16
8587.68283294844  1.110576E-16
8591.07005388762  1.065553E-16
8594.4572748268  1.233532E-16
8597.84449576599  1.246325E-16
8601.23171670517  1.146300E-16
8604.61893764436  1.250389E-16
8608.00615858354  1.306678E-16
8611.39337952272  1.350945E-16
8614.78060046191  1.249204E-16
8618.16782140109  1.167077E-16
8621.55504234028  1.075075E-16
8624.94226327946  9.770823E-17
8628.32948421864  1.103726E-16
8631.71670515783  1.295793E-16
8635.10392609701  1.314687E-16
8638.4911470362  1.480410E-16
8641.87836797538  1.518172E-16
8645.26558891457  1.416396E-16
8648.65280985375  1.369489E-16
8652.04003079293  1.173161E-16
8655.42725173212  1.269307E-16
8658.8144726713  1.108198E-16
8662.20169361048  1.043239E-16
8665.58891454967  8.863793E-17
8668.97613548885  9.916747E-17
8672.36335642803  9.146638E-17
8675.75057736722  1.118764E-16
8679.13779830641  1.387854E-16
8682.52501924559  1.508184E-16
8685.91224018477  1.681665E-16
8689.29946112396  1.366304E-16
8692.68668206314  1.552328E-16
8696.07390300233  1.745623E-16
8699.46112394151  1.391555E-16
8702.84834488069  1.474805E-16
8706.23556581988  1.531671E-16
8709.62278675906  1.494916E-16
8713.01000769825  1.369544E-16
8716.39722863743  1.376055E-16
8719.78444957661  1.337774E-16
8723.1716705158  1.237046E-16
8726.55889145498  1.439831E-16
8729.94611239416  1.378113E-16
8733.33333333335  1.220486E-16
8736.72055427253  1.186708E-16
8740.10777521172  1.280931E-16
8743.4949961509  1.246467E-16
8746.88221709008  1.158786E-16
8750.26943802927  1.062268E-16
8753.65665896845  9.788485E-17
8757.04387990764  1.178856E-16
8760.43110084682  1.102980E-16
8763.818321786  9.575729E-17
8767.20554272519  1.071596E-16
8770.59276366437  1.113357E-16
8773.97998460356  9.366373E-17
8777.36720554274  7.273275E-17
8780.75442648192  9.616848E-17
8784.14164742111  1.021892E-16
8787.52886836029  8.704722E-17
8790.91608929948  8.141214E-17
8794.30331023866  1.021142E-16
8797.69053117784  8.712939E-17
8801.07775211703  9.026122E-17
8804.46497305621  1.263311E-16
8807.8521939954  1.475788E-16
8811.23941493458  1.236752E-16
8814.62663587377  1.122427E-16
8818.01385681295  1.373121E-16
8821.40107775213  1.256796E-16
8824.78829869132  1.342815E-16
8828.1755196305  1.466293E-16
8831.56274056969  1.260753E-16
8834.94996150887  1.194631E-16
8838.33718244805  1.343959E-16
8841.72440338724  1.241961E-16
8845.11162432642  1.041132E-16
8848.4988452656  1.173829E-16
8851.88606620479  1.190048E-16
8855.27328714397  1.207182E-16
8858.66050808316  1.182511E-16
8862.04772902234  1.186541E-16
8865.43494996152  1.045129E-16
8868.82217090071  1.040958E-16
8872.20939183989  1.037287E-16
8875.59661277908  1.154620E-16
8878.98383371826  1.076702E-16
8882.37105465744  1.059151E-16
8885.75827559663  1.070094E-16
8889.14549653581  9.435109E-17
8892.532717475  1.120773E-16
8895.91993841418  1.224006E-16
8899.30715935336  1.351068E-16
8902.69438029255  1.188080E-16
8906.08160123173  9.823877E-17
8909.46882217092  1.199432E-16
8912.8560431101  8.407741E-17
8916.24326404928  9.314362E-17
8919.63048498847  1.093753E-16
8923.01770592765  1.165895E-16
8926.40492686684  1.152924E-16
8929.79214780602  1.381100E-16
8933.1793687452  8.938443E-17
8936.56658968439  9.837353E-17
8939.95381062357  1.321675E-16
8943.34103156276  1.246806E-16
8946.72825250194  1.082544E-16
8950.11547344113  1.043886E-16
8953.50269438031  1.007734E-16
8956.88991531949  9.365606E-17
8960.27713625868  1.032451E-16
8963.66435719786  1.058478E-16
8967.05157813705  9.983663E-17
8970.43879907623  1.037554E-16
8973.82602001541  1.119403E-16
8977.21324095459  9.636758E-17
8980.60046189378  1.163373E-16
8983.98768283296  1.072049E-16
8987.37490377215  8.141088E-17
8990.76212471133  1.171860E-16
8994.14934565052  1.133682E-16
8997.5365665897  1.052591E-16
9000.92378752889  9.643169E-17
9004.31100846807  1.062741E-16
9007.69822940725  1.128684E-16
9011.08545034644  1.103298E-16
9014.47267128562  1.101442E-16
9017.85989222481  8.910859E-17
9021.24711316399  9.266279E-17
9024.63433410317  1.172344E-16
9028.02155504236  1.105538E-16
9031.40877598154  1.000895E-16
9034.79599692073  9.450149E-17
9038.18321785991  8.636635E-17
9041.57043879909  9.781630E-17
9044.95765973828  8.700814E-17
9048.34488067746  1.024908E-16
9051.73210161665  9.406630E-17
9055.11932255583  7.578600E-17
9058.50654349501  9.247207E-17
9061.8937644342  9.145904E-17
9065.28098537338  8.538643E-17
9068.66820631256  7.738525E-17
9072.05542725175  8.863682E-17
9075.44264819093  1.170971E-16
9078.82986913012  1.039298E-16
9082.2170900693  1.107222E-16
9085.60431100849  8.212308E-17
9088.99153194767  8.966940E-17
9092.37875288685  1.138544E-16
9095.76597382604  1.086578E-16
9099.15319476522  7.914360E-17
9102.54041570441  1.062491E-16
9105.92763664359  1.059731E-16
9109.31485758277  9.516070E-17
9112.70207852196  9.040185E-17
9116.08929946114  9.254926E-17
9119.47652040032  8.306423E-17
9122.86374133951  8.530354E-17
9126.25096227869  1.009069E-16
9129.63818321788  1.023767E-16
9133.02540415706  8.975451E-17
9136.41262509625  7.470516E-17
9139.79984603543  1.052158E-16
9143.18706697461  9.097911E-17
9146.5742879138  6.098746E-17
9149.96150885298  7.152316E-17
9153.34872979217  9.836865E-17
9156.73595073135  9.590192E-17
9160.12317167053  9.896456E-17
9163.51039260972  1.016519E-16
9166.8976135489  8.739191E-17
9170.28483448808  9.146577E-17
9173.67205542727  8.907248E-17
9177.05927636645  9.854879E-17
9180.44649730564  9.349117E-17
9183.83371824482  7.652237E-17
9187.22093918401  8.117912E-17
9190.60816012319  8.110033E-17
9193.99538106237  8.232831E-17
9197.38260200156  6.026399E-17
9200.76982294074  6.200515E-17
9204.15704387993  7.070662E-17
9207.54426481911  7.262957E-17
9210.93148575829  8.708103E-17
9214.31870669748  7.935001E-17
9217.70592763666  8.803323E-17
9221.09314857584  8.097517E-17
9224.48036951503  7.457071E-17
9227.86759045421  7.124194E-17
9231.2548113934  8.520352E-17
9234.64203233258  6.936248E-17
9238.02925327177  7.601697E-17
9241.41647421095  8.729720E-17
9244.80369515013  8.346936E-17
9248.19091608932  8.608179E-17
9251.5781370285  9.204169E-17
9254.96535796769  7.688247E-17
9258.35257890687  7.717129E-17
9261.73979984605  8.478607E-17
9265.12702078524  8.640945E-17
9268.51424172442  9.309609E-17
9271.90146266361  9.049318E-17
9275.28868360279  8.609136E-17
9278.67590454197  9.297091E-17
9282.06312548116  8.554094E-17
9285.45034642034  6.089006E-17
9288.83756735953  1.017375E-16
9292.22478829871  9.553556E-17
9295.61200923789  9.762136E-17
9298.99923017708  9.760814E-17
9302.38645111626  7.250842E-17
9305.77367205545  8.211335E-17
9309.16089299463  5.383073E-17
9312.54811393381  5.772182E-17
9315.935334873  6.388074E-17
9319.32255581218  7.387612E-17
9322.70977675137  8.114713E-17
9326.09699769055  7.759094E-17
9329.48421862973  9.762094E-17
9332.87143956892  8.256759E-17
9336.2586605081  4.853570E-17
9339.64588144729  9.278771E-17
9343.03310238647  7.388506E-17
9346.42032332565  6.176900E-17
9349.80754426484  5.310286E-17
9353.19476520402  7.277282E-17
9356.58198614321  6.327327E-17
9359.96920708239  9.679306E-17
9363.35642802157  8.602870E-17
9366.74364896076  7.768421E-17
9370.13086989994  1.317378E-16
9373.51809083912  9.015069E-17
9376.90531177831  6.210510E-17
9380.29253271749  5.189264E-17
9383.67975365668  8.981985E-17
9387.06697459586  9.793239E-17
9390.45419553505  6.257578E-17
9393.84141647423  8.398067E-17
9397.22863741341  5.319358E-17
9400.6158583526  7.295680E-17
9404.00307929178  5.392186E-17
9407.39030023097  6.654766E-17
9410.77752117015  7.264357E-17
9414.16474210933  6.083985E-17
9417.55196304852  6.921101E-17
9420.9391839877  8.026650E-17
9424.32640492688  6.971005E-17
9427.71362586607  8.132695E-17
9431.10084680525  9.268729E-17
9434.48806774444  7.060518E-17
9437.87528868362  8.824184E-17
9441.26250962281  7.093952E-17
9444.64973056199  5.923903E-17
9448.03695150118  8.763269E-17
9451.42417244036  5.145075E-17
9454.81139337954  9.223803E-17
9458.19861431873  6.164256E-17
9461.58583525791  8.676325E-17
9464.97305619709  4.735468E-17
9468.36027713628  8.705844E-17
9471.74749807546  8.118668E-17
9475.13471901464  3.873379E-17
9478.52193995383  9.024691E-17
9481.90916089301  5.124281E-17
9485.2963818322  5.424199E-17
9488.68360277138  6.810979E-17
9492.07082371056  6.668971E-17
9495.45804464975  6.670975E-17
9498.84526558894  7.135764E-17
9502.23248652812  6.735872E-17
9505.6197074673  7.755763E-17
9509.00692840649  9.441107E-17
9512.39414934567  8.029159E-17
9515.78137028485  8.012771E-17
9519.16859122404  1.006686E-16
9522.55581216322  4.427127E-17
9525.9430331024  3.183221E-17
9529.33025404159  7.768696E-17
9532.71747498077  4.521528E-17
9536.10469591996  5.665965E-17
9539.49191685914  5.427380E-17
9542.87913779833  8.563369E-17
9546.26635873751  8.565337E-17
9549.65357967669  5.092660E-17
9553.04080061588  4.744308E-17
9556.42802155506  7.450562E-17
9559.81524249425  6.517642E-17
9563.20246343343  4.881277E-17
9566.58968437261  6.274181E-17
9569.9769053118  7.504114E-17
9573.36412625098  7.243587E-17
9576.75134719016  6.238119E-17
9580.13856812935  7.107033E-17
9583.52578906853  9.321872E-17
9586.91301000772  9.534712E-17
9590.3002309469  9.364780E-17
9593.68745188609  6.240816E-17
9597.07467282527  5.463932E-17
9600.46189376445  6.372141E-17
9603.84911470364  7.706739E-17
9607.23633564282  9.076526E-17
9610.62355658201  8.716526E-17
9614.01077752119  6.695748E-17
9617.39799846037  7.072902E-17
9620.78521939956  8.074830E-17
9624.17244033874  1.028165E-16
9627.55966127792  6.283310E-17
9630.94688221711  9.326336E-17
9634.3341031563  9.379528E-17
9637.72132409548  8.723081E-17
9641.10854503466  7.216449E-17
9644.49576597385  4.870012E-17
9647.88298691303  7.256764E-17
9651.27020785222  4.753280E-17
9654.6574287914  4.226266E-17
9658.04464973058  5.597059E-17
9661.43187066977  9.500185E-17
9664.81909160895  8.200107E-17
9668.20631254813  6.105384E-17
9671.59353348732  9.980734E-17
9674.9807544265  1.154583E-16
9678.36797536569  8.901577E-17
9681.75519630487  8.013552E-17
9685.14241724405  1.085582E-16
9688.52963818324  1.186279E-16
9691.91685912242  1.070549E-16
9695.30408006161  4.557400E-17
9698.69130100079  6.253450E-17
9702.07852193997  1.079201E-16
9705.46574287916  8.157239E-17
9708.85296381834  1.095282E-16
9712.24018475753  8.039698E-17
9715.62740569671  1.010647E-16
9719.01462663589  7.825270E-17
9722.40184757508  6.373194E-17
9725.78906851426  7.447190E-17
9729.17628945345  7.677250E-17
9732.56351039263  9.686965E-17
9735.95073133181  9.423976E-17
9739.337952271  5.159808E-17
9742.72517321018  5.702574E-17
9746.11239414937  5.134624E-17
9749.49961508855  6.351302E-17
9752.88683602773  7.216883E-17
9756.27405696692  7.467784E-17
9759.6612779061  8.260533E-17
9763.04849884529  8.437917E-17
9766.43571978447  6.324738E-17
9769.82294072365  9.589146E-17
9773.21016166284  1.032432E-16
9776.59738260202  9.119021E-17
9779.98460354121  8.501049E-17
9783.37182448039  5.591460E-17
9786.75904541957  6.250165E-17
9790.14626635876  5.727598E-17
9793.53348729794  8.643551E-17
9796.92070823712  7.804696E-17
9800.30792917631  8.772992E-17
9803.69515011549  8.740526E-17
9807.08237105468  1.027258E-16
9810.46959199386  6.450400E-17
9813.85681293305  6.217259E-17
9817.24403387223  6.130294E-17
9820.63125481141  7.670268E-17
9824.0184757506  7.926741E-17
9827.40569668978  1.033413E-16
9830.79291762897  1.000893E-16
9834.18013856815  8.205281E-17
9837.56735950734  3.073850E-17
9840.95458044652  8.317059E-17
9844.3418013857  7.732680E-17
9847.72902232489  4.258174E-17
9851.11624326407  5.151567E-17
9854.50346420326  9.831854E-17
9857.89068514244  1.189198E-16
9861.27790608162  8.585969E-17
9864.66512702081  5.591288E-17
9868.05234795999  9.755558E-17
9871.43956889917  8.684089E-17
9874.82678983836  1.063256E-16
9878.21401077754  6.090697E-17
9881.60123171673  8.345276E-17
9884.98845265591  8.174873E-17
9888.37567359509  6.291875E-17
9891.76289453428  8.588970E-17
9895.15011547346  1.164426E-16
9898.53733641265  1.165591E-16
9901.92455735183  1.633541E-17
9905.31177829101  5.394377E-17
9908.6989992302  6.481648E-17
9912.08622016938  7.729859E-17
9915.47344110857  2.320621E-17
9918.86066204775  3.023451E-17
9922.24788298693  1.018454E-16
9925.63510392612  1.129241E-16
9929.0223248653  5.427864E-17
9932.40954580449  6.094123E-17
9935.79676674367  8.048658E-17
9939.18398768285  1.837394E-17
9942.57120862204  6.338400E-17
9945.95842956122  1.716324E-16
9949.34565050041  1.101220E-16
9952.73287143959  1.029006E-16
9956.12009237877  1.145046E-16
9959.50731331796  8.448588E-17
9962.89453425714  5.900439E-17
9966.28175519633  5.117537E-17
9969.66897613551  4.750227E-17
9973.05619707469  4.005238E-17
9976.44341801388  4.379107E-17
9979.83063895306  4.467866E-17
9983.21785989225  5.333028E-17
9986.60508083143  9.440899E-17
9989.99230177061  1.253336E-16
9993.3795227098  1.286968E-16
9996.76674364898  7.776090E-17
10000.1539645882  4.093843E-17
10003.5411855274  1.952257E-17
10006.9284064665  -1.469215E-18
10010.3156274057  7.949247E-17
10013.7028483449  1.395718E-16
10017.0900692841  9.630733E-17
10020.4772902233  1.319969E-16
10023.8645111625  1.159442E-16
10027.2517321016  9.752643E-17
10030.6389530408  5.544653E-17
10034.02617398  8.277363E-17
10037.4133949192  9.968493E-17
10040.8006158584  8.099936E-17
10044.1878367976  4.355081E-17
10047.5750577367  7.620595E-17
10050.9622786759  1.167090E-16
10054.3494996151  9.683547E-17
10057.7367205543  5.953437E-17
10061.1239414935  3.325641E-17
10064.5111624327  9.437036E-17
10067.8983833718  6.323919E-17
10071.285604311  4.122545E-17
10074.6728252502  1.355627E-19
10078.0600461894  1.086079E-16
10081.4472671286  1.109970E-16
10084.8344880678  -7.756775E-18
10088.221709007  1.674058E-17
10091.6089299461  5.950285E-17
10094.9961508853  6.019853E-17
10098.3833718245  2.818473E-17
10101.7705927637  2.219889E-17
10105.1578137029  7.071210E-17
10108.5450346421  3.264792E-17
10111.9322555812  4.770147E-17
10115.3194765204  9.562373E-17
10118.7066974596  7.733468E-17
10122.0939183988  8.885693E-17
10125.481139338  1.620467E-16
10128.8683602772  4.238059E-17
10132.2555812163  9.708228E-17
10135.6428021555  1.201076E-16
10139.0300230947  6.504517E-17
10142.4172440339  8.379181E-17
10145.8044649731  1.048457E-16
10149.1916859123  9.655627E-17
10152.5789068514  3.476189E-19
10155.9661277906  -2.654182E-17
10159.3533487298  1.115790E-16
10162.740569669  5.060636E-17
10166.1277906082  8.295040E-17
10169.5150115474  5.454103E-17
10172.9022324866  6.776787E-17
10176.2894534257  1.176451E-16
10179.6766743649  1.768662E-16
10183.0638953041  5.420440E-17
10186.4511162433  4.611214E-17
10189.8383371825  -2.325015E-17
10193.2255581217  3.009980E-17
10196.6127790608  6.160827E-17
10200.  -3.391709E-18
