3800.  3.515563E-17
3803.04141018467  8.641791E-18
3806.08282036933  2.862065E-17
3809.124230554  3.032832E-17
3812.16564073867  3.924125E-17
3815.20705092334  3.006086E-17
3818.248461108  2.324442E-17
3821.28987129267  1.461952E-17
3824.33128147734  1.889910E-17
3827.372691662  9.897171E-18
3830.41410184667  5.152838E-17
3833.45551203134  4.159999E-17
3836.496922216  5.207385E-17
3839.53833240067  6.620514E-17
3842.57974258534  3.963356E-17
3845.62115277001  5.952108E-17
3848.66256295467  2.525459E-17
3851.70397313934  4.569479E-17
3854.74538332401  2.112705E-17
3857.78679350867  5.817095E-17
3860.82820369334  6.314668E-17
3863.86961387801  8.420429E-17
3866.91102406267  8.612323E-17
3869.95243424734  5.737616E-17
3872.99384443201  4.587729E-17
3876.03525461668  3.050987E-17
3879.07666480134  5.371894E-17
3882.11807498601  4.848020E-17
3885.15948517068  2.313232E-17
3888.20089535534  2.434132E-17
3891.24230554001  2.763310E-17
3894.28371572468  2.875159E-17
3897.32512590934  3.705336E-17
3900.36653609401  4.241373E-17
3903.40794627868  5.815020E-17
3906.44935646335  8.038979E-17
3909.49076664801  3.961361E-17
3912.53217683268  5.576437E-17
3915.57358701735  6.081926E-17
3918.61499720201  5.292364E-17
3921.65640738668  6.239774E-17
3924.69781757135  7.054806E-17
3927.73922775601  8.146322E-17
3930.78063794068  5.915787E-17
3933.82204812535  3.499426E-17
3936.86345831002  6.032376E-17
3939.90486849468  5.175469E-17
3942.94627867935  5.725838E-17
3945.98768886402  4.054609E-17
3949.02909904868  3.749854E-17
3952.07050923335  4.026940E-17
3955.11191941802  5.351700E-17
3958.15332960268  3.995104E-17
3961.19473978735  4.074805E-17
3964.23614997202  4.424487E-17
3967.27756015669  6.748892E-17
3970.31897034135  5.273153E-17
3973.36038052602  5.738006E-17
3976.40179071069  4.062788E-17
3979.44320089535  5.953853E-17
3982.48461108002  -4.189392E-19
3985.52602126469  2.012529E-17
3988.56743144935  1.553000E-17
3991.60884163402  3.339939E-17
3994.65025181869  3.905558E-17
3997.69166200335  4.632177E-17
4000.73307218802  5.625421E-17
4003.77448237269  4.812659E-17
4006.81589255736  7.611933E-17
4009.85730274202  7.010452E-17
4012.89871292669  6.283098E-17
4015.94012311136  6.688631E-17
4018.98153329602  5.634053E-17
4022.02294348069  6.080663E-17
4025.06435366536  4.046273E-17
4028.10576385003  3.509558E-17
4031.14717403469  4.488964E-17
4034.18858421936  6.022523E-17
4037.22999440403  7.214356E-17
4040.27140458869  8.193636E-17
4043.31281477336  7.594587E-17
4046.35422495803  7.615716E-17
4049.39563514269  6.645218E-17
4052.43704532736  5.646287E-17
4055.47845551203  5.699223E-17
4058.5198656967  7.779832E-17
4061.56127588136  7.973299E-17
4064.60268606603  8.341132E-17
4067.6440962507  7.845300E-17
4070.68550643536  6.986690E-17
4073.72691662003  6.580224E-17
4076.7683268047  7.061921E-17
4079.80973698936  9.707708E-17
4082.85114717403  8.156336E-17
4085.8925573587  6.083119E-17
4088.93396754337  7.564783E-17
4091.97537772803  6.521201E-17
4095.0167879127  4.903576E-17
4098.05819809737  8.578704E-17
4101.09960828203  7.779676E-17
4104.1410184667  7.385115E-17
4107.18242865137  8.007036E-17
4110.22383883603  6.171022E-17
4113.2652490207  5.550722E-17
4116.30665920537  7.352088E-17
4119.34806939003  8.576500E-17
4122.3894795747  9.168832E-17
4125.43088975937  7.321848E-17
4128.47229994404  7.234778E-17
4131.5137101287  7.391223E-17
4134.55512031337  5.618870E-17
4137.59653049804  4.687842E-17
4140.6379406827  5.959061E-17
4143.67935086737  7.979996E-17
4146.72076105204  8.706914E-17
4149.76217123671  9.213559E-17
4152.80358142137  8.345902E-17
4155.84499160604  9.099187E-17
4158.88640179071  8.833380E-17
4161.92781197537  7.719625E-17
4164.96922216004  6.661923E-17
4168.01063234471  9.310720E-17
4171.05204252937  1.087666E-16
4174.09345271404  1.072208E-16
4177.13486289871  1.303033E-16
4180.17627308338  9.626808E-17
4183.21768326804  9.125347E-17
4186.25909345271  8.852564E-17
4189.30050363738  7.863724E-17
4192.34191382204  6.769512E-17
4195.38332400671  8.319133E-17
4198.42473419138  1.075815E-16
4201.46614437605  8.073246E-17
4204.50755456071  9.592897E-17
4207.54896474538  7.669907E-17
4210.59037493005  7.173918E-17
4213.63178511471  6.664417E-17
4216.67319529938  7.303295E-17
4219.71460548405  9.033191E-17
4222.75601566871  8.390105E-17
4225.79742585338  6.805779E-17
4228.83883603805  7.158592E-17
4231.88024622271  8.302786E-17
4234.92165640738  6.828765E-17
4237.96306659205  6.824126E-17
4241.00447677672  6.902223E-17
4244.04588696138  7.506718E-17
4247.08729714605  7.011641E-17
4250.12870733072  9.697995E-17
4253.17011751538  9.964731E-17
4256.21152770005  9.014212E-17
4259.25293788472  7.761560E-17
4262.29434806939  8.993353E-17
4265.33575825405  8.056523E-17
4268.37716843872  6.548745E-17
4271.41857862339  5.431432E-17
4274.45998880805  5.577538E-17
4277.50139899272  7.143811E-17
4280.54280917739  6.956525E-17
4283.58421936205  1.050546E-16
4286.62562954672  8.550739E-17
4289.66703973139  9.474917E-17
4292.70844991606  8.532879E-17
4295.74986010072  6.507163E-17
4298.79127028539  7.028096E-17
4301.83268047005  7.963814E-17
4304.87409065472  7.776034E-17
4307.91550083939  6.658468E-17
4310.95691102406  7.484313E-17
4313.99832120872  5.582473E-17
4317.03973139339  9.141642E-17
4320.08114157806  9.073813E-17
4323.12255176272  8.924517E-17
4326.16396194739  1.127599E-16
4329.20537213206  1.164661E-16
4332.24678231673  1.047779E-16
4335.28819250139  9.361822E-17
4338.32960268606  8.428524E-17
4341.37101287073  7.474042E-17
4344.41242305539  7.877004E-17
4347.45383324006  7.750864E-17
4350.49524342473  7.055933E-17
4353.53665360939  4.213243E-17
4356.57806379406  6.389948E-17
4359.61947397873  5.225014E-17
4362.6608841634  4.378666E-17
4365.70229434806  4.527820E-17
4368.74370453273  4.570056E-17
4371.7851147174  4.297474E-17
4374.82652490206  5.549539E-17
4377.86793508673  5.480750E-17
4380.9093452714  5.720986E-17
4383.95075545607  6.191019E-17
4386.99216564073  7.329936E-17
4390.0335758254  8.723659E-17
4393.07498601007  7.961825E-17
4396.11639619473  7.685937E-17
4399.1578063794  6.456296E-17
4402.19921656407  6.016208E-17
4405.24062674873  5.376692E-17
4408.2820369334  6.377976E-17
4411.32344711807  7.720280E-17
4414.36485730273  9.603713E-17
4417.4062674874  9.455410E-17
4420.44767767207  9.042134E-17
4423.48908785674  9.298244E-17
4426.5304980414  8.111353E-17
4429.57190822607  7.952653E-17
4432.61331841074  8.382683E-17
4435.6547285954  9.441434E-17
4438.69613878007  6.356741E-17
4441.73754896474  6.619834E-17
4444.77895914941  7.198767E-17
4447.82036933407  6.376489E-17
4450.86177951874  6.899045E-17
4453.90318970341  6.200963E-17
4456.94459988807  6.208048E-17
4459.98601007274  6.176279E-17
4463.02742025741  5.946387E-17
4466.06883044207  5.645115E-17
4469.11024062674  6.876911E-17
4472.15165081141  5.802510E-17
4475.19306099608  7.509172E-17
4478.23447118074  8.078759E-17
4481.27588136541  7.410753E-17
4484.31729155008  6.776211E-17
4487.35870173474  6.110118E-17
4490.40011191941  7.986023E-17
4493.44152210408  1.259770E-16
4496.48293228874  1.206711E-16
4499.52434247341  1.130662E-16
4502.56575265808  1.123414E-16
4505.60716284275  9.398581E-17
4508.64857302741  9.388649E-17
4511.68998321208  6.287604E-17
4514.73139339675  7.279493E-17
4517.77280358141  9.457343E-17
4520.81421376608  1.031025E-16
4523.85562395075  1.017856E-16
4526.89703413541  9.183884E-17
4529.93844432008  8.776169E-17
4532.97985450475  9.360595E-17
4536.02126468941  7.877439E-17
4539.06267487408  6.954889E-17
4542.10408505875  1.019186E-16
4545.14549524342  1.110902E-16
4548.18690542808  1.148434E-16
4551.22831561275  1.008528E-16
4554.26972579742  1.042503E-16
4557.31113598208  9.790712E-17
4560.35254616675  7.550888E-17
4563.39395635142  8.623035E-17
4566.43536653609  7.730217E-17
4569.47677672075  7.067868E-17
4572.51818690542  8.582787E-17
4575.55959709009  8.024019E-17
4578.60100727475  9.223163E-17
4581.64241745942  1.026424E-16
4584.68382764409  8.007583E-17
4587.72523782875  7.236993E-17
4590.76664801342  6.874883E-17
4593.80805819809  7.724677E-17
4596.84946838276  7.851668E-17
4599.89087856742  8.336642E-17
4602.93228875209  7.480339E-17
4605.97369893676  8.135397E-17
4609.01510912142  9.104217E-17
4612.05651930609  8.215016E-17
4615.09792949076  8.868442E-17
4618.13933967543  8.051376E-17
4621.18074986009  6.893727E-17
4624.22216004476  6.782332E-17
4627.26357022943  6.806966E-17
4630.30498041409  8.577881E-17
4633.34639059876  7.843491E-17
4636.38780078343  7.562378E-17
4639.42921096809  7.592695E-17
4642.47062115276  8.150119E-17
4645.51203133743  7.915833E-17
4648.5534415221  9.522066E-17
4651.59485170676  8.508754E-17
4654.63626189143  7.930994E-17
4657.6776720761  8.110367E-17
4660.71908226076  9.785081E-17
4663.76049244543  1.121949E-16
4666.8019026301  1.275503E-16
4669.84331281476  1.482718E-16
4672.88472299943  1.282981E-16
4675.9261331841  1.340038E-16
4678.96754336876  1.330516E-16
4682.00895355343  1.163797E-16
4685.0503637381  1.047962E-16
4688.09177392277  1.053411E-16
4691.13318410743  1.034287E-16
4694.1745942921  1.096184E-16
4697.21600447677  1.017143E-16
4700.25741466143  1.092754E-16
4703.2988248461  9.657312E-17
4706.34023503077  1.138646E-16
4709.38164521543  1.332819E-16
4712.4230554001  1.317290E-16
4715.46446558477  1.338739E-16
4718.50587576944  1.272771E-16
4721.5472859541  1.280916E-16
4724.58869613877  1.045269E-16
4727.63010632344  1.028811E-16
4730.6715165081  1.166265E-16
4733.71292669277  1.041480E-16
4736.75433687744  1.139646E-16
4739.7957470621  1.167648E-16
4742.83715724677  1.026496E-16
4745.87856743144  9.815947E-17
4748.91997761611  1.168441E-16
4751.96138780077  1.227528E-16
4755.00279798544  1.240569E-16
4758.04420817011  1.255379E-16
4761.08561835477  1.296571E-16
4764.12702853944  1.311131E-16
4767.16843872411  1.325263E-16
4770.20984890877  1.156454E-16
4773.25125909344  1.196224E-16
4776.29266927811  1.174134E-16
4779.33407946277  1.157198E-16
4782.37548964744  1.236263E-16
4785.41689983211  1.277448E-16
4788.45831001678  1.252494E-16
4791.49972020144  1.152716E-16
4794.54113038611  1.311475E-16
4797.58254057078  1.398420E-16
4800.62395075545  1.281775E-16
4803.66536094011  1.101558E-16
4806.70677112478  1.215854E-16
4809.74818130945  1.436681E-16
4812.78959149411  1.364043E-16
4815.83100167878  1.310332E-16
4818.87241186345  1.131081E-16
4821.91382204811  1.257200E-16
4824.95523223278  1.219704E-16
4827.99664241745  1.244436E-16
4831.03805260212  1.250527E-16
4834.07946278678  1.096827E-16
4837.12087297145  1.133083E-16
4840.16228315612  1.258763E-16
4843.20369334078  1.341947E-16
4846.24510352545  1.285257E-16
4849.28651371012  1.210764E-16
4852.32792389478  1.242230E-16
4855.36933407945  1.017816E-16
4858.41074426412  1.084438E-16
4861.45215444879  1.033132E-16
4864.49356463345  1.206762E-16
4867.53497481812  1.369205E-16
4870.57638500279  1.290285E-16
4873.61779518745  1.195308E-16
4876.65920537212  1.219649E-16
4879.70061555679  1.129119E-16
4882.74202574145  1.139304E-16
4885.78343592612  1.227928E-16
4888.82484611079  1.181778E-16
4891.86625629545  1.276445E-16
4894.90766648012  1.152713E-16
4897.94907666479  1.099422E-16
4900.99048684946  1.198001E-16
4904.03189703412  1.302021E-16
4907.07330721879  1.174922E-16
4910.11471740346  1.382211E-16
4913.15612758812  1.359398E-16
4916.19753777279  1.276915E-16
4919.23894795746  1.234703E-16
4922.28035814212  1.178408E-16
4925.32176832679  8.920265E-17
4928.36317851146  8.688665E-17
4931.40458869613  7.819635E-17
4934.44599888079  7.553834E-17
4937.48740906546  9.861138E-17
4940.52881925013  1.358405E-16
4943.57022943479  1.554857E-16
4946.61163961946  1.446304E-16
4949.65304980413  1.603307E-16
4952.69445998879  1.385118E-16
4955.73587017346  1.354931E-16
4958.77728035813  1.207987E-16
4961.81869054279  1.186694E-16
4964.86010072746  1.188437E-16
4967.90151091213  1.135120E-16
4970.9429210968  1.105150E-16
4973.98433128146  1.163088E-16
4977.02574146613  1.103984E-16
4980.0671516508  1.428349E-16
4983.10856183546  1.386634E-16
4986.14997202013  1.286548E-16
4989.1913822048  1.211540E-16
4992.23279238947  1.131682E-16
4995.27420257413  9.034546E-17
4998.3156127588  7.757044E-17
5001.35702294347  8.480956E-17
5004.39843312813  1.198342E-16
5007.4398433128  1.402397E-16
5010.48125349747  1.384496E-16
5013.52266368214  1.329499E-16
5016.5640738668  1.481325E-16
5019.60548405147  1.524919E-16
5022.64689423614  1.336944E-16
5025.6883044208  1.265548E-16
5028.72971460547  1.256571E-16
5031.77112479014  1.116252E-16
5034.8125349748  1.209248E-16
5037.85394515947  1.220043E-16
5040.89535534414  1.166791E-16
5043.93676552881  1.312220E-16
5046.97817571347  1.266882E-16
5050.01958589814  1.373937E-16
5053.06099608281  1.266077E-16
5056.10240626747  1.036908E-16
5059.14381645214  1.099099E-16
5062.18522663681  1.206916E-16
5065.22663682147  1.092996E-16
5068.26804700614  1.197995E-16
5071.30945719081  1.264205E-16
5074.35086737548  1.236146E-16
5077.39227756014  1.125666E-16
5080.43368774481  1.155687E-16
5083.47509792948  1.126294E-16
5086.51650811414  1.023247E-16
5089.55791829881  8.101511E-17
5092.59932848348  7.724582E-17
5095.64073866814  7.789639E-17
5098.68214885281  9.485907E-17
5101.72355903748  1.216304E-16
5104.76496922214  1.513489E-16
5107.80637940681  1.352094E-16
5110.84778959148  1.314176E-16
5113.88919977615  1.339605E-16
5116.93060996081  1.259484E-16
5119.97202014548  1.332465E-16
5123.01343033015  1.347565E-16
5126.05484051482  1.330419E-16
5129.09625069948  1.310024E-16
5132.13766088415  1.393694E-16
5135.17907106882  1.403146E-16
5138.22048125348  1.320138E-16
5141.26189143815  1.369768E-16
5144.30330162282  1.317079E-16
5147.34471180748  1.163441E-16
5150.38612199215  1.236731E-16
5153.42753217682  1.153536E-16
5156.46894236148  1.238504E-16
5159.51035254615  1.179756E-16
5162.55176273082  9.831710E-17
5165.59317291549  1.118792E-16
5168.63458310015  1.151325E-16
5171.67599328482  1.286366E-16
5174.71740346949  1.290606E-16
5177.75881365415  1.219066E-16
5180.80022383882  1.263616E-16
5183.84163402349  1.254546E-16
5186.88304420816  1.277164E-16
5189.92445439282  1.192896E-16
5192.96586457749  1.126547E-16
5196.00727476216  1.030616E-16
5199.04868494682  1.077847E-16
5202.09009513149  1.098829E-16
5205.13150531616  1.052432E-16
5208.17291550082  1.086268E-16
5211.21432568549  1.194502E-16
5214.25573587016  1.293579E-16
5217.29714605482  1.240339E-16
5220.33855623949  1.313606E-16
5223.37996642416  1.383088E-16
5226.42137660883  1.302727E-16
5229.46278679349  1.194750E-16
5232.50419697816  1.110588E-16
5235.54560716283  1.055232E-16
5238.58701734749  1.066076E-16
5241.62842753216  1.040697E-16
5244.66983771683  8.694396E-17
5247.7112479015  6.751307E-17
5250.75265808616  7.728600E-17
5253.79406827083  9.958319E-17
5256.8354784555  1.157178E-16
5259.87688864016  1.157049E-16
5262.91829882483  1.006863E-16
5265.9597090095  9.897233E-17
5269.00111919416  9.429484E-17
5272.04252937883  1.027686E-16
5275.0839395635  9.148481E-17
5278.12534974816  8.717219E-17
5281.16675993283  9.998843E-17
5284.2081701175  1.009339E-16
5287.24958030216  1.054556E-16
5290.29099048683  1.351097E-16
5293.3324006715  1.540155E-16
5296.37381085617  1.497188E-16
5299.41522104083  1.421013E-16
5302.4566312255  1.405843E-16
5305.49804141017  1.253575E-16
5308.53945159484  1.027638E-16
5311.5808617795  1.000483E-16
5314.62227196417  1.027427E-16
5317.66368214884  1.027544E-16
5320.7050923335  1.118566E-16
5323.74650251817  1.319754E-16
5326.78791270284  1.349005E-16
5329.8293228875  1.487781E-16
5332.87073307217  1.326156E-16
5335.91214325684  1.166509E-16
5338.9535534415  1.170296E-16
5341.99496362617  1.118151E-16
5345.03637381084  1.099520E-16
5348.07778399551  1.042341E-16
5351.11919418017  8.602144E-17
5354.16060436484  8.955094E-17
5357.20201454951  9.697715E-17
5360.24342473417  1.044281E-16
5363.28483491884  1.175515E-16
5366.32624510351  1.219939E-16
5369.36765528817  1.319975E-16
5372.40906547284  1.338368E-16
5375.45047565751  1.387650E-16
5378.49188584218  1.391497E-16
5381.53329602684  1.384647E-16
5384.57470621151  1.197929E-16
5387.61611639618  1.187724E-16
5390.65752658084  1.163390E-16
5393.69893676551  1.032678E-16
5396.74034695018  9.196282E-17
5399.78175713485  7.962231E-17
5402.82316731951  9.782325E-17
5405.86457750418  1.136502E-16
5408.90598768885  1.094687E-16
5411.94739787351  1.174846E-16
5414.98880805818  1.275058E-16
5418.03021824285  1.175476E-16
5421.07162842751  1.276869E-16
5424.11303861218  1.303544E-16
5427.15444879685  1.229032E-16
5430.19585898152  1.233709E-16
5433.23726916618  1.231748E-16
5436.27867935085  1.277608E-16
5439.32008953552  1.343194E-16
5442.36149972018  1.269945E-16
5445.40290990485  1.111074E-16
5448.44432008952  1.281330E-16
5451.48573027418  1.290993E-16
5454.52714045885  1.103585E-16
5457.56855064352  1.226296E-16
5460.60996082819  1.232325E-16
5463.65137101285  1.325664E-16
5466.69278119752  1.208234E-16
5469.73419138219  1.200061E-16
5472.77560156685  1.221561E-16
5475.81701175152  1.137485E-16
5478.85842193619  1.113604E-16
5481.89983212085  1.207698E-16
5484.94124230552  1.095720E-16
5487.98265249019  1.070400E-16
5491.02406267486  1.143838E-16
5494.06547285952  1.224567E-16
5497.10688304419  1.261914E-16
5500.14829322886  1.194552E-16
5503.18970341352  1.211832E-16
5506.23111359819  1.160168E-16
5509.27252378286  1.162828E-16
5512.31393396752  1.027632E-16
5515.35534415219  1.087179E-16
5518.39675433686  1.134888E-16
5521.43816452153  1.173067E-16
5524.47957470619  1.388497E-16
5527.52098489086  1.250425E-16
5530.56239507553  1.237250E-16
5533.60380526019  1.195455E-16
5536.64521544486  1.107384E-16
5539.68662562953  1.104885E-16
5542.72803581419  1.421322E-16
5545.76944599886  1.261903E-16
5548.81085618353  1.271003E-16
5551.85226636819  1.151559E-16
5554.89367655286  1.115965E-16
5557.93508673753  1.137127E-16
5560.9764969222  1.021233E-16
5564.01790710686  1.082041E-16
5567.05931729153  1.079766E-16
5570.1007274762  1.159875E-16
5573.14213766086  1.000653E-16
5576.18354784553  1.265499E-16
5579.2249580302  1.057358E-16
5582.26636821487  1.028623E-16
5585.30777839953  1.210978E-16
5588.3491885842  1.165222E-16
5591.39059876887  1.079136E-16
5594.43200895353  1.146519E-16
5597.4734191382  1.101054E-16
5600.51482932287  1.181028E-16
5603.55623950754  1.178385E-16
5606.5976496922  1.055406E-16
5609.63905987687  1.103911E-16
5612.68047006154  1.102233E-16
5615.7218802462  1.162074E-16
5618.76329043087  1.068467E-16
5621.80470061554  1.148159E-16
5624.8461108002  1.211161E-16
5627.88752098487  1.157483E-16
5630.92893116954  1.210531E-16
5633.9703413542  1.258661E-16
5637.01175153887  1.283623E-16
5640.05316172354  1.301219E-16
5643.09457190821  1.262619E-16
5646.13598209287  1.190931E-16
5649.17739227754  1.153297E-16
5652.21880246221  1.200346E-16
5655.26021264687  1.262761E-16
5658.30162283154  1.238853E-16
5661.34303301621  1.191827E-16
5664.38444320087  1.054562E-16
5667.42585338554  1.086114E-16
5670.46726357021  1.166037E-16
5673.50867375488  1.070388E-16
5676.55008393954  1.158780E-16
5679.59149412421  1.067412E-16
5682.63290430888  1.123339E-16
5685.67431449354  1.157796E-16
5688.71572467821  1.245014E-16
5691.75713486288  1.245634E-16
5694.79854504755  1.131995E-16
5697.83995523221  1.071419E-16
5700.88136541688  1.132671E-16
5703.92277560154  1.147852E-16
5706.96418578621  1.151384E-16
5710.00559597088  1.162745E-16
5713.04700615555  1.184339E-16
5716.08841634021  1.113105E-16
5719.12982652488  1.075088E-16
5722.17123670955  1.092797E-16
5725.21264689421  1.101710E-16
5728.25405707888  1.117628E-16
5731.29546726355  1.057639E-16
5734.33687744822  1.113168E-16
5737.37828763288  9.612183E-17
5740.41969781755  9.414362E-17
5743.46110800222  9.082235E-17
5746.50251818688  8.874251E-17
5749.54392837155  9.241726E-17
5752.58533855622  9.259460E-17
5755.62674874089  1.053858E-16
5758.66815892555  1.175086E-16
5761.70956911022  1.096677E-16
5764.75097929488  1.177052E-16
5767.79238947955  1.218616E-16
5770.83379966422  1.249714E-16
5773.87520984889  1.165920E-16
5776.91662003355  1.141879E-16
5779.95803021822  1.245990E-16
5782.99944040289  1.198660E-16
5786.04085058755  1.085599E-16
5789.08226077222  1.185289E-16
5792.12367095689  1.179515E-16
5795.16508114156  1.138908E-16
5798.20649132622  1.210724E-16
5801.24790151089  1.054756E-16
5804.28931169556  1.026422E-16
5807.33072188022  1.120069E-16
5810.37213206489  1.155205E-16
5813.41354224956  1.188490E-16
5816.45495243422  1.197673E-16
5819.49636261889  1.107621E-16
5822.53777280356  1.097727E-16
5825.57918298823  1.214041E-16
5828.62059317289  1.256300E-16
5831.66200335756  1.181516E-16
5834.70341354223  1.103888E-16
5837.74482372689  1.093173E-16
5840.78623391156  1.240830E-16
5843.82764409623  1.216243E-16
5846.86905428089  1.198115E-16
5849.91046446556  1.237030E-16
5852.95187465023  1.087825E-16
5855.99328483489  1.061640E-16
5859.03469501956  1.155087E-16
5862.07610520423  1.084901E-16
5865.1175153889  1.088594E-16
5868.15892557356  1.163257E-16
5871.20033575823  1.067987E-16
5874.2417459429  1.031698E-16
5877.28315612756  1.042220E-16
5880.32456631223  1.104883E-16
5883.3659764969  1.101607E-16
5886.40738668157  1.203195E-16
5889.44879686623  1.162865E-16
5892.4902070509  1.177152E-16
5895.53161723557  1.138081E-16
5898.57302742023  1.022362E-16
5901.6144376049  1.099800E-16
5904.65584778957  1.147849E-16
5907.69725797423  1.129757E-16
5910.7386681589  1.185801E-16
5913.78007834357  1.124210E-16
5916.82148852824  1.165463E-16
5919.8628987129  1.129728E-16
5922.90430889757  1.142768E-16
5925.94571908224  1.057701E-16
5928.9871292669  1.173784E-16
5932.02853945157  1.166415E-16
5935.06994963624  1.142628E-16
5938.11135982091  1.161341E-16
5941.15277000557  1.037129E-16
5944.19418019024  1.017917E-16
5947.23559037491  1.094974E-16
5950.27700055957  1.156089E-16
5953.31841074424  1.138996E-16
5956.35982092891  1.137809E-16
5959.40123111357  1.141251E-16
5962.44264129824  1.002755E-16
5965.48405148291  8.321926E-17
5968.52546166758  8.752974E-17
5971.56687185224  9.821616E-17
5974.60828203691  8.970660E-17
5977.64969222158  8.549192E-17
5980.69110240624  6.728153E-17
5983.73251259091  6.105880E-17
5986.77392277558  7.790873E-17
5989.81533296024  9.640286E-17
5992.85674314491  1.132259E-16
5995.89815332958  1.321698E-16
5998.93956351424  1.382186E-16
6001.98097369891  1.285225E-16
6005.02238388358  1.270693E-16
6008.06379406825  1.281234E-16
6011.10520425291  1.320869E-16
6014.14661443758  1.266656E-16
6017.18802462225  1.216604E-16
6020.22943480691  1.279307E-16
6023.27084499158  1.205053E-16
6026.31225517625  1.195458E-16
6029.35366536092  1.218185E-16
6032.39507554558  1.179616E-16
6035.43648573025  1.159180E-16
6038.47789591492  1.108093E-16
6041.51930609958  1.183183E-16
6044.56071628425  1.235042E-16
6047.60212646892  1.228729E-16
6050.64353665358  1.099804E-16
6053.68494683825  1.101288E-16
6056.72635702292  1.134904E-16
6059.76776720758  1.053639E-16
6062.80917739225  9.968417E-17
6065.85058757692  9.357268E-17
6068.89199776159  9.523516E-17
6071.93340794625  9.398048E-17
6074.97481813092  9.468337E-17
6078.01622831559  9.728414E-17
6081.05763850025  9.847144E-17
6084.09904868492  1.044731E-16
6087.14045886959  1.032225E-16
6090.18186905426  1.073185E-16
6093.22327923892  1.241932E-16
6096.26468942359  1.189054E-16
6099.30609960826  1.018013E-16
6102.34750979292  1.108527E-16
6105.38891997759  1.099693E-16
6108.43033016226  1.086430E-16
6111.47174034693  1.186969E-16
6114.51315053159  1.145925E-16
6117.55456071626  1.042288E-16
6120.59597090092  1.091262E-16
6123.63738108559  1.084449E-16
6126.67879127026  1.020595E-16
6129.72020145493  1.166059E-16
6132.76161163959  1.282425E-16
6135.80302182426  1.177778E-16
6138.84443200893  1.009460E-16
6141.88584219359  1.039254E-16
6144.92725237826  1.059116E-16
6147.96866256293  1.149894E-16
6151.01007274759  1.082773E-16
6154.05148293226  1.073827E-16
6157.09289311693  1.077326E-16
6160.1343033016  1.099387E-16
6163.17571348626  1.120878E-16
6166.21712367093  1.082830E-16
6169.2585338556  1.040964E-16
6172.29994404026  1.087428E-16
6175.34135422493  1.070215E-16
6178.3827644096  1.080487E-16
6181.42417459427  1.057970E-16
6184.46558477893  1.120723E-16
6187.5069949636  1.098561E-16
6190.54840514827  1.096732E-16
6193.58981533293  1.050615E-16
6196.6312255176  9.907959E-17
6199.67263570227  1.108966E-16
6202.71404588693  1.096065E-16
6205.7554560716  1.023341E-16
6208.79686625627  1.098939E-16
6211.83827644093  1.150050E-16
6214.8796866256  1.101365E-16
6217.92109681027  1.030365E-16
6220.96250699494  1.097050E-16
6224.0039171796  1.136651E-16
6227.04532736427  1.125781E-16
6230.08673754894  1.121422E-16
6233.1281477336  9.293746E-17
6236.16955791827  9.960571E-17
6239.21096810294  1.117287E-16
6242.25237828761  1.083665E-16
6245.29378847227  1.013943E-16
6248.33519865694  1.182848E-16
6251.37660884161  1.165008E-16
6254.41801902627  1.079334E-16
6257.45942921094  1.138708E-16
6260.50083939561  1.102311E-16
6263.54224958027  1.160369E-16
6266.58365976494  1.138651E-16
6269.62506994961  1.125240E-16
6272.66648013427  1.009394E-16
6275.70789031894  1.011134E-16
6278.74930050361  1.008521E-16
6281.79071068828  1.031513E-16
6284.83212087294  1.142671E-16
6287.87353105761  1.112342E-16
6290.91494124228  1.024214E-16
6293.95635142694  1.068091E-16
6296.99776161161  1.159153E-16
6300.03917179628  1.116482E-16
6303.08058198095  8.993157E-17
6306.12199216561  1.088116E-16
6309.16340235028  1.098364E-16
6312.20481253495  1.094137E-16
6315.24622271961  9.736130E-17
6318.28763290428  1.048559E-16
6321.32904308895  1.051617E-16
6324.37045327361  1.187459E-16
6327.41186345828  1.093091E-16
6330.45327364295  9.183562E-17
6333.49468382761  1.061546E-16
6336.53609401228  9.983275E-17
6339.57750419695  9.878972E-17
6342.61891438162  9.575302E-17
6345.66032456628  9.140602E-17
6348.70173475095  1.081187E-16
6351.74314493562  1.214357E-16
6354.78455512028  1.150882E-16
6357.82596530495  1.278599E-16
6360.86737548962  1.205787E-16
6363.90878567429  1.092969E-16
6366.95019585895  1.012554E-16
6369.99160604362  1.057219E-16
6373.03301622829  1.000965E-16
6376.07442641296  1.113847E-16
6379.11583659762  1.128550E-16
6382.15724678229  1.137365E-16
6385.19865696695  1.053397E-16
6388.24006715162  9.872354E-17
6391.28147733629  1.005857E-16
6394.32288752096  1.024270E-16
6397.36429770562  1.044387E-16
6400.40570789029  1.067717E-16
6403.44711807496  1.030248E-16
6406.48852825962  1.201307E-16
6409.52993844429  1.077087E-16
6412.57134862896  1.002760E-16
6415.61275881363  9.936791E-17
6418.65416899829  9.844748E-17
6421.69557918296  1.001957E-16
6424.73698936763  1.108367E-16
6427.77839955229  1.121514E-16
6430.81980973696  1.114918E-16
6433.86121992163  9.955202E-17
6436.90263010629  9.656711E-17
6439.94404029096  1.032131E-16
6442.98545047563  1.014478E-16
6446.0268606603  9.810668E-17
6449.06827084496  1.032356E-16
6452.10968102963  1.024660E-16
6455.1510912143  9.887206E-17
6458.19250139896  1.121729E-16
6461.23391158363  1.092742E-16
6464.2753217683  1.020289E-16
6467.31673195296  1.039556E-16
6470.35814213763  1.020072E-16
6473.3995523223  1.112989E-16
6476.44096250697  1.092201E-16
6479.48237269163  1.048400E-16
6482.5237828763  9.904800E-17
6485.56519306097  1.036127E-16
6488.60660324563  1.019548E-16
6491.6480134303  9.086727E-17
6494.68942361497  1.020033E-16
6497.73083379963  1.203948E-16
6500.7722439843  1.064502E-16
6503.81365416897  1.084213E-16
6506.85506435363  9.775937E-17
6509.8964745383  9.606054E-17
6512.93788472297  9.996595E-17
6515.97929490764  9.649521E-17
6519.0207050923  9.978564E-17
6522.06211527697  1.092241E-16
6525.10352546164  1.002196E-16
6528.1449356463  1.043138E-16
6531.18634583097  1.037016E-16
6534.22775601564  1.011815E-16
6537.2691662003  1.192028E-16
6540.31057638497  1.065734E-16
6543.35198656964  1.123980E-16
6546.39339675431  1.023684E-16
6549.43480693897  1.095796E-16
6552.47621712364  9.699701E-17
6555.51762730831  8.453483E-17
6558.55903749297  9.744497E-17
6561.60044767764  1.011856E-16
6564.64185786231  1.202476E-16
6567.68326804697  1.199719E-16
6570.72467823164  1.156663E-16
6573.76608841631  1.159907E-16
6576.80749860098  1.119666E-16
6579.84890878564  1.164512E-16
6582.89031897031  1.045741E-16
6585.93172915498  9.534168E-17
6588.97313933964  1.035437E-16
6592.01454952431  1.211854E-16
6595.05595970898  9.427344E-17
6598.09736989364  1.005628E-16
6601.13878007831  1.052730E-16
6604.18019026298  9.931235E-17
6607.22160044764  1.098366E-16
6610.26301063231  1.148804E-16
6613.30442081698  1.068176E-16
6616.34583100165  1.029408E-16
6619.38724118631  1.031474E-16
6622.42865137098  1.109415E-16
6625.47006155565  1.208566E-16
6628.51147174032  1.083884E-16
6631.55288192498  1.125761E-16
6634.59429210965  1.134481E-16
6637.63570229432  1.144796E-16
6640.67711247898  1.186612E-16
6643.71852266365  1.081623E-16
6646.75993284831  1.112683E-16
6649.80134303298  1.073271E-16
6652.84275321765  1.116913E-16
6655.88416340232  1.149756E-16
6658.92557358699  1.170905E-16
6661.96698377165  1.164173E-16
6665.00839395632  1.319197E-16
6668.04980414099  1.945868E-16
6671.09121432565  2.215529E-16
6674.13262451032  2.104148E-16
6677.17403469499  2.449778E-16
6680.21544487965  2.786797E-16
6683.25685506432  2.599073E-16
6686.29826524899  2.498805E-16
6689.33967543365  2.288724E-16
6692.38108561832  1.804852E-16
6695.42249580299  1.524152E-16
6698.46390598766  1.447703E-16
6701.50531617232  1.467517E-16
6704.54672635699  1.355793E-16
6707.58813654166  1.427015E-16
6710.62954672632  1.242719E-16
6713.67095691099  1.206990E-16
6716.71236709566  1.213939E-16
6719.75377728032  1.210310E-16
6722.79518746499  1.142391E-16
6725.83659764966  1.089765E-16
6728.87800783433  1.057329E-16
6731.91941801899  1.144190E-16
6734.96082820366  1.105523E-16
6738.00223838833  1.070229E-16
6741.04364857299  1.190936E-16
6744.08505875766  1.112116E-16
6747.12646894233  8.799240E-17
6750.16787912699  1.003150E-16
6753.20928931166  1.010494E-16
6756.25069949633  9.990141E-17
6759.29210968099  1.071918E-16
6762.33351986566  8.970937E-17
6765.37493005033  9.419046E-17
6768.416340235  9.573490E-17
6771.45775041966  1.024911E-16
6774.49916060433  1.000598E-16
6777.540570789  9.491150E-17
6780.58198097366  9.110616E-17
6783.62339115833  1.003496E-16
6786.664801343  9.859285E-17
6789.70621152767  9.767081E-17
6792.74762171233  9.622558E-17
6795.789031897  9.589600E-17
6798.83044208167  9.621675E-17
6801.87185226633  9.849537E-17
6804.913262451  1.040067E-16
6807.95467263567  9.816073E-17
6810.99608282034  1.007536E-16
6814.037493005  8.618537E-17
6817.07890318967  9.077389E-17
6820.12031337434  8.231740E-17
6823.161723559  8.266232E-17
6826.20313374367  8.300723E-17
6829.24454392834  8.335214E-17
6832.285954113  8.369706E-17
6835.32736429767  8.404191E-17
6838.36877448234  8.438683E-17
6841.410184667  8.473174E-17
6844.45159485167  8.507666E-17
6847.49300503634  9.021120E-17
6850.53441522101  9.766918E-17
6853.57582540567  9.454088E-17
6856.61723559034  9.511508E-17
6859.65864577501  9.543533E-17
6862.70005595967  9.505961E-17
6865.74146614434  8.815174E-17
6868.78287632901  9.973159E-17
6871.82428651368  8.850922E-17
6874.86569669834  8.630568E-17
6877.90710688301  8.161833E-17
6880.94851706768  8.360451E-17
6883.98992725234  8.979430E-17
6887.03133743701  8.587207E-17
6890.07274762168  7.561732E-17
6893.11415780634  8.770156E-17
6896.15556799101  8.217783E-17
6899.19697817568  8.314533E-17
6902.23838836035  8.028734E-17
6905.27979854501  8.765595E-17
6908.32120872968  9.065358E-17
6911.36261891434  8.716104E-17
6914.40402909901  8.851360E-17
6917.44543928368  9.328971E-17
6920.48684946835  1.023697E-16
6923.52825965301  9.291026E-17
6926.56966983768  9.515481E-17
6929.61108002235  9.645975E-17
6932.65249020701  9.652171E-17
6935.69390039168  8.335865E-17
6938.73531057635  9.833920E-17
6941.77672076102  9.317751E-17
6944.81813094568  8.437570E-17
6947.85954113035  9.303392E-17
6950.90095131502  8.964891E-17
6953.94236149968  1.034067E-16
6956.98377168435  9.587393E-17
6960.02518186902  9.666067E-17
6963.06659205369  9.642544E-17
6966.10800223835  9.533376E-17
6969.14941242302  8.935604E-17
6972.19082260769  8.881651E-17
6975.23223279235  9.685808E-17
6978.27364297702  9.244692E-17
6981.31505316169  8.799690E-17
6984.35646334635  8.803336E-17
6987.39787353102  9.696723E-17
6990.43928371569  9.337522E-17
6993.48069390036  9.199292E-17
6996.52210408502  9.622076E-17
6999.56351426969  8.980772E-17
7002.60492445436  8.363656E-17
7005.64633463902  9.301373E-17
7008.68774482369  9.571002E-17
7011.72915500836  9.924138E-17
7014.77056519302  9.317398E-17
7017.81197537769  8.980980E-17
7020.85338556236  8.547053E-17
7023.89479574702  9.568595E-17
7026.93620593169  8.335858E-17
7029.97761611636  9.436722E-17
7033.01902630103  9.733778E-17
7036.06043648569  8.582239E-17
7039.10184667036  9.654463E-17
7042.14325685503  9.332688E-17
7045.18466703969  8.890245E-17
7048.22607722436  9.083864E-17
7051.26748740903  9.053060E-17
7054.3088975937  9.063734E-17
7057.35030777836  8.853649E-17
7060.39171796303  9.300338E-17
7063.4331281477  9.265421E-17
7066.47453833236  8.207976E-17
7069.51594851703  7.907927E-17
7072.5573587017  8.070199E-17
7075.59876888636  8.740624E-17
7078.64017907103  8.868704E-17
7081.6815892557  8.498881E-17
7084.72299944037  9.566223E-17
7087.76440962503  9.621521E-17
7090.8058198097  8.339607E-17
7093.84722999437  8.262577E-17
7096.88864017904  8.963405E-17
7099.9300503637  1.012746E-16
7102.97146054837  9.346532E-17
7106.01287073303  7.852212E-17
7109.0542809177  8.290969E-17
7112.09569110237  8.078451E-17
7115.13710128703  8.554167E-17
7118.1785114717  9.039045E-17
7121.21992165637  9.348592E-17
7124.26133184104  9.878348E-17
7127.3027420257  8.768181E-17
7130.34415221037  8.788391E-17
7133.38556239504  9.238004E-17
7136.4269725797  8.426493E-17
7139.46838276437  8.400213E-17
7142.50979294904  8.224359E-17
7145.55120313371  8.088056E-17
7148.59261331837  8.212000E-17
7151.63402350304  8.075887E-17
7154.67543368771  8.665682E-17
7157.71684387237  8.994782E-17
7160.75825405704  8.855984E-17
7163.79966424171  8.710482E-17
7166.84107442637  7.421382E-17
7169.88248461104  6.775634E-17
7172.92389479571  8.382853E-17
7175.96530498038  9.139774E-17
7179.00671516504  8.553069E-17
7182.04812534971  8.226579E-17
7185.08953553438  7.560292E-17
7188.13094571904  7.755297E-17
7191.17235590371  7.978927E-17
7194.21376608838  7.743692E-17
7197.25517627304  8.188691E-17
7200.29658645771  8.048228E-17
7203.33799664238  9.267729E-17
7206.37940682705  8.252953E-17
7209.42081701171  7.604555E-17
7212.46222719638  8.317036E-17
7215.50363738105  8.279819E-17
7218.54504756571  7.370631E-17
7221.58645775038  7.756408E-17
7224.62786793505  8.861829E-17
7227.66927811972  7.999089E-17
7230.71068830438  8.397391E-17
7233.75209848905  9.555255E-17
7236.79350867372  8.856037E-17
7239.83491885838  8.789765E-17
7242.87632904305  1.018657E-16
7245.91773922772  8.441653E-17
7248.95914941238  7.691059E-17
7252.00055959705  9.535012E-17
7255.04196978172  8.693298E-17
7258.08337996638  8.097364E-17
7261.12479015105  9.239508E-17
7264.16620033572  9.206513E-17
7267.20761052038  7.774459E-17
7270.24902070505  8.438652E-17
7273.29043088972  7.360667E-17
7276.33184107439  1.041163E-16
7279.37325125905  9.626933E-17
7282.41466144372  9.370829E-17
7285.45607162839  8.701407E-17
7288.49748181305  8.360132E-17
7291.53889199772  8.539938E-17
7294.58030218239  8.093274E-17
7297.62171236706  8.150426E-17
7300.66312255172  9.299537E-17
7303.70453273639  9.309292E-17
7306.74594292106  9.181637E-17
7309.78735310572  8.588743E-17
7312.82876329039  8.776102E-17
7315.87017347506  8.768390E-17
7318.91158365973  9.473184E-17
7321.95299384439  8.885219E-17
7324.99440402906  8.412324E-17
7328.03581421373  8.570490E-17
7331.07722439839  7.922682E-17
7334.11863458306  9.603744E-17
7337.16004476773  9.484510E-17
7340.20145495239  8.579078E-17
7343.24286513706  9.041284E-17
7346.28427532173  9.113082E-17
7349.3256855064  8.721061E-17
7352.36709569106  8.851823E-17
7355.40850587573  7.921689E-17
7358.4499160604  7.598189E-17
7361.49132624506  7.903306E-17
7364.53273642973  9.154582E-17
7367.5741466144  9.188140E-17
7370.61555679906  9.184679E-17
7373.65696698373  8.594701E-17
7376.6983771684  7.673624E-17
7379.73978735307  8.909406E-17
7382.78119753773  8.060347E-17
7385.8226077224  6.876300E-17
7388.86401790707  8.099189E-17
7391.90542809173  8.536143E-17
7394.9468382764  7.925105E-17
7397.98824846107  8.704547E-17
7401.02965864573  9.118357E-17
7404.0710688304  8.965367E-17
7407.11247901507  8.612518E-17
7410.15388919974  8.123642E-17
7413.1952993844  8.262532E-17
7416.23670956907  8.069254E-17
7419.27811975374  7.943724E-17
7422.3195299384  8.040925E-17
7425.36094012307  8.563650E-17
7428.40235030774  8.735837E-17
7431.44376049241  8.808712E-17
7434.48517067707  9.041579E-17
7437.52658086174  9.261436E-17
7440.56799104641  8.156056E-17
7443.60940123107  9.272720E-17
7446.65081141574  9.504238E-17
7449.69222160041  9.009060E-17
7452.73363178507  8.629272E-17
7455.77504196974  8.497910E-17
7458.81645215441  8.665909E-17
7461.85786233907  8.176668E-17
7464.89927252374  8.636221E-17
7467.94068270841  9.199384E-17
7470.98209289308  9.224426E-17
7474.02350307774  8.343833E-17
7477.06491326241  9.034679E-17
7480.10632344707  7.971579E-17
7483.14773363174  8.496444E-17
7486.18914381641  8.816713E-17
7489.23055400108  7.542878E-17
7492.27196418574  8.262230E-17
7495.31337437041  8.550860E-17
7498.35478455508  7.763856E-17
7501.39619473974  7.430204E-17
7504.43760492441  7.279666E-17
7507.47901510908  7.249790E-17
7510.52042529375  7.880396E-17
7513.56183547841  8.383515E-17
7516.60324566308  7.996521E-17
7519.64465584775  8.444660E-17
7522.68606603241  9.356853E-17
7525.72747621708  8.730327E-17
7528.76888640175  7.812931E-17
7531.81029658641  8.072445E-17
7534.85170677108  7.410386E-17
7537.89311695575  7.649795E-17
7540.93452714042  7.827804E-17
7543.97593732508  8.456885E-17
7547.01734750975  8.109315E-17
7550.05875769442  7.738018E-17
7553.10016787908  7.826837E-17
7556.14157806375  8.382945E-17
7559.18298824842  8.142931E-17
7562.22439843308  6.873668E-17
7565.26580861775  7.459333E-17
7568.30721880242  8.308910E-17
7571.34862898709  8.399079E-17
7574.39003917175  8.467203E-17
7577.43144935642  8.517218E-17
7580.47285954109  8.482875E-17
7583.51426972575  7.104949E-17
7586.55567991042  7.887476E-17
7589.59709009509  8.479548E-17
7592.63850027975  8.536401E-17
7595.67991046442  7.232452E-17
7598.72132064909  7.140876E-17
7601.76273083376  8.267063E-17
7604.80414101842  7.679199E-17
7607.84555120309  4.431682E-17
7610.88696138776  5.775769E-17
7613.92837157242  9.200815E-17
7616.96978175709  8.543013E-17
7620.01119194176  8.950293E-17
7623.05260212642  8.628048E-17
7626.09401231109  7.358006E-17
7629.13542249576  6.064742E-17
7632.17683268043  6.038935E-17
7635.21824286509  7.583383E-17
7638.25965304976  8.060568E-17
7641.30106323443  7.532422E-17
7644.3424734191  7.961331E-17
7647.38388360376  7.836517E-17
7650.42529378843  8.076729E-17
7653.4667039731  6.611213E-17
7656.50811415776  6.740290E-17
7659.54952434243  6.783717E-17
7662.5909345271  1.013450E-16
7665.63234471176  8.833560E-17
7668.67375489643  7.486067E-17
7671.7151650811  7.123161E-17
7674.75657526576  7.903160E-17
7677.79798545043  7.367179E-17
7680.8393956351  7.403895E-17
7683.88080581977  7.422691E-17
7686.92221600443  7.757769E-17
7689.9636261891  7.928996E-17
7693.00503637377  7.200358E-17
7696.04644655843  7.370783E-17
7699.0878567431  8.681229E-17
7702.12926692777  8.098344E-17
7705.17067711243  7.852130E-17
7708.2120872971  6.582029E-17
7711.25349748177  6.498756E-17
7714.29490766644  7.254700E-17
7717.3363178511  9.382313E-17
7720.37772803577  1.002192E-16
7723.41913822044  7.118824E-17
7726.4605484051  7.778531E-17
7729.50195858977  7.206795E-17
7732.54336877444  8.710014E-17
7735.5847789591  8.862423E-17
7738.62618914377  8.491907E-17
7741.66759932844  7.040553E-17
7744.7090095131  7.063054E-17
7747.75041969777  8.494631E-17
7750.79182988244  8.714163E-17
7753.83324006711  7.074971E-17
7756.87465025177  6.553369E-17
7759.91606043644  7.355445E-17
7762.95747062111  8.507963E-17
7765.99888080577  7.390696E-17
7769.04029099044  6.911581E-17
7772.08170117511  7.159970E-17
7775.12311135978  6.644911E-17
7778.16452154444  7.656602E-17
7781.20593172911  7.212740E-17
7784.24734191378  6.399327E-17
7787.28875209844  7.111492E-17
7790.33016228311  6.783731E-17
7793.37157246778  7.685283E-17
7796.41298265245  7.016317E-17
7799.45439283711  8.319655E-17
7802.49580302178  8.004559E-17
7805.53721320645  7.532227E-17
7808.57862339111  6.380403E-17
7811.62003357578  6.805488E-17
7814.66144376045  7.270269E-17
7817.70285394511  6.329487E-17
7820.74426412978  7.372370E-17
7823.78567431445  7.638354E-17
7826.82708449911  8.147765E-17
7829.86849468378  7.153365E-17
7832.90990486845  6.450209E-17
7835.95131505311  6.815933E-17
7838.99272523778  7.059325E-17
7842.03413542245  6.439745E-17
7845.07554560712  7.531591E-17
7848.11695579178  5.700606E-17
7851.15836597645  1.059125E-16
7854.19977616112  7.374535E-17
7857.24118634579  8.092095E-17
7860.28259653045  7.807070E-17
7863.32400671512  7.607127E-17
7866.36541689979  6.215154E-17
7869.40682708445  6.111699E-17
7872.44823726912  7.856704E-17
7875.48964745379  8.211212E-17
7878.53105763845  7.244001E-17
7881.57246782312  6.087020E-17
7884.61387800779  5.574771E-17
7887.65528819245  5.473339E-17
7890.69669837712  5.851739E-17
7893.73810856179  4.839150E-17
7896.77951874645  5.767715E-17
7899.82092893112  5.285490E-17
7902.86233911579  5.299310E-17
7905.90374930046  7.134400E-17
7908.94515948512  8.125885E-17
7911.98656966979  6.492376E-17
7915.02797985446  8.947545E-17
7918.06939003912  9.484779E-17
7921.11080022379  6.313225E-17
7924.15221040846  7.134793E-17
7927.19362059313  7.486199E-17
7930.23503077779  7.565125E-17
7933.27644096246  8.273136E-17
7936.31785114713  8.117129E-17
7939.35926133179  7.121609E-17
7942.40067151646  7.030428E-17
7945.44208170113  7.632067E-17
7948.48349188579  6.510500E-17
7951.52490207046  6.077958E-17
7954.56631225513  7.202712E-17
7957.60772243979  7.089264E-17
7960.64913262446  7.074579E-17
7963.69054280913  8.087949E-17
7966.7319529938  6.700495E-17
7969.77336317846  7.405852E-17
7972.81477336313  8.328630E-17
7975.8561835478  5.514543E-17
7978.89759373247  5.250751E-17
7981.93900391713  6.866351E-17
7984.9804141018  6.836488E-17
7988.02182428647  6.363710E-17
7991.06323447113  6.432528E-17
7994.1046446558  7.110676E-17
7997.14605484047  5.941429E-17
8000.18746502513  5.735772E-17
8003.2288752098  5.431175E-17
8006.27028539447  6.444180E-17
8009.31169557913  7.293469E-17
8012.3531057638  7.749440E-17
8015.39451594847  7.518403E-17
8018.43592613314  7.376786E-17
8021.4773363178  6.732476E-17
8024.51874650247  6.561329E-17
8027.56015668714  6.222173E-17
8030.6015668718  7.325564E-17
8033.64297705647  7.110546E-17
8036.68438724114  7.053147E-17
8039.72579742581  6.700640E-17
8042.76720761047  7.606776E-17
8045.80861779514  6.948703E-17
8048.85002797981  6.213369E-17
8051.89143816447  7.363954E-17
8054.93284834914  7.941049E-17
8057.97425853381  7.980377E-17
8061.01566871847  7.586950E-17
8064.05707890314  6.632971E-17
8067.09848908781  6.182622E-17
8070.13989927247  6.998495E-17
8073.18130945714  7.077636E-17
8076.22271964181  6.599791E-17
8079.26412982648  6.846114E-17
8082.30554001114  8.292537E-17
8085.34695019581  7.289655E-17
8088.38836038048  7.725093E-17
8091.42977056514  8.044815E-17
8094.47118074981  5.958201E-17
8097.51259093448  5.870578E-17
8100.55400111914  8.433280E-17
8103.59541130381  8.572258E-17
8106.63682148848  7.242878E-17
8109.67823167315  6.040776E-17
8112.71964185781  6.726923E-17
8115.76105204248  8.248370E-17
8118.80246222715  7.664225E-17
8121.84387241181  6.268644E-17
8124.88528259648  5.590974E-17
8127.92669278115  6.063681E-17
8130.96810296582  5.430601E-17
8134.00951315048  6.225866E-17
8137.05092333515  6.874416E-17
8140.09233351981  6.765002E-17
8143.13374370448  7.984037E-17
8146.17515388915  8.314612E-17
8149.21656407382  6.463356E-17
8152.25797425848  6.413728E-17
8155.29938444315  6.995358E-17
8158.34079462782  5.982812E-17
8161.38220481248  7.768478E-17
8164.42361499715  5.516461E-17
8167.46502518182  6.550028E-17
8170.50643536649  5.480580E-17
8173.54784555115  5.776307E-17
8176.58925573582  6.080250E-17
8179.63066592049  6.503562E-17
8182.67207610515  7.692739E-17
8185.71348628982  7.692194E-17
8188.75489647449  7.017609E-17
8191.79630665916  7.329199E-17
8194.83771684382  8.559245E-17
8197.87912702849  7.473149E-17
8200.92053721315  6.059030E-17
8203.96194739782  6.917248E-17
8207.00335758249  6.210157E-17
8210.04476776715  6.550838E-17
8213.08617795182  6.876102E-17
8216.12758813649  6.726942E-17
8219.16899832116  6.421790E-17
8222.21040850582  7.139513E-17
8225.25181869049  5.949694E-17
8228.29322887516  6.358868E-17
8231.33463905983  6.617218E-17
8234.37604924449  6.068686E-17
8237.41745942916  6.425354E-17
8240.45886961383  7.215536E-17
8243.50027979849  6.658869E-17
8246.54168998316  5.985579E-17
8249.58310016783  6.340797E-17
8252.62451035249  5.654400E-17
8255.66592053716  5.995352E-17
8258.70733072183  6.539711E-17
8261.7487409065  6.984492E-17
8264.79015109116  6.751835E-17
8267.83156127583  6.224127E-17
8270.8729714605  6.474733E-17
8273.91438164516  5.254830E-17
8276.95579182983  4.807043E-17
8279.9972020145  4.932799E-17
8283.03861219917  6.978993E-17
8286.08002238383  7.749537E-17
8289.1214325685  5.297831E-17
8292.16284275317  5.545894E-17
8295.20425293783  8.183185E-17
8298.2456631225  3.250705E-17
8301.28707330717  6.014518E-17
8304.32848349183  5.671183E-17
8307.3698936765  7.924917E-17
8310.41130386117  7.256549E-17
8313.45271404583  5.724562E-17
8316.4941242305  7.464170E-17
8319.53553441517  5.714278E-17
8322.57694459983  6.075789E-17
8325.6183547845  6.995081E-17
8328.65976496917  6.407970E-17
8331.70117515384  5.543931E-17
8334.7425853385  6.287911E-17
8337.78399552317  6.315115E-17
8340.82540570784  6.850429E-17
8343.8668158925  9.409250E-17
8346.90822607717  7.628004E-17
8349.94963626184  8.239643E-17
8352.99104644651  8.377380E-17
8356.03245663117  5.776386E-17
8359.07386681584  8.397207E-17
8362.11527700051  5.947922E-17
8365.15668718517  6.805001E-17
8368.19809736984  6.231331E-17
8371.23950755451  6.420422E-17
8374.28091773918  7.563750E-17
8377.32232792384  6.982202E-17
8380.36373810851  7.250168E-17
8383.40514829318  5.607530E-17
8386.44655847784  6.065813E-17
8389.48796866251  6.533929E-17
8392.52937884718  6.900881E-17
8395.57078903185  7.033127E-17
8398.61219921651  9.412781E-17
8401.65360940118  8.540894E-17
8404.69501958584  7.661479E-17
8407.73642977051  5.645996E-17
8410.77783995518  6.864063E-17
8413.81925013985  6.010676E-17
8416.86066032451  4.878609E-17
8419.90207050918  5.241194E-17
8422.94348069385  5.424570E-17
8425.98489087851  6.219233E-17
8429.02630106318  5.717933E-17
8432.06771124785  7.021534E-17
8435.10912143251  7.021656E-17
8438.15053161718  6.498658E-17
8441.19194180185  6.955009E-17
8444.23335198652  7.176631E-17
8447.27476217118  6.616198E-17
8450.31617235585  6.326089E-17
8453.35758254052  7.276302E-17
8456.39899272518  6.752327E-17
8459.44040290985  5.092520E-17
8462.48181309452  6.497032E-17
8465.52322327918  5.160517E-17
8468.56463346385  5.895607E-17
8471.60604364852  7.217013E-17
8474.64745383319  9.087000E-17
8477.68886401785  7.052845E-17
8480.73027420252  7.168243E-17
8483.77168438719  6.178477E-17
8486.81309457185  6.807846E-17
8489.85450475652  7.658108E-17
8492.89591494119  6.392138E-17
8495.93732512586  7.047954E-17
8498.97873531052  6.504908E-17
8502.02014549519  4.791674E-17
8505.06155567986  6.561774E-17
8508.10296586452  5.231987E-17
8511.14437604919  4.522099E-17
8514.18578623386  8.512033E-17
8517.22719641852  7.790540E-17
8520.26860660319  6.820032E-17
8523.31001678786  6.261124E-17
8526.35142697253  6.705418E-17
8529.39283715719  6.162424E-17
8532.43424734186  4.763010E-17
8535.47565752653  7.950508E-17
8538.51706771119  8.039716E-17
8541.55847789586  5.637928E-17
8544.59988808053  5.563521E-17
8547.64129826519  5.928309E-17
8550.68270844986  7.506794E-17
8553.72411863453  5.628644E-17
8556.7655288192  6.775651E-17
8559.80693900386  6.381348E-17
8562.84834918853  5.843240E-17
8565.8897593732  4.042276E-17
8568.93116955786  4.393366E-17
8571.97257974253  3.886166E-17
8575.0139899272  6.233303E-17
8578.05540011186  5.020852E-17
8581.09681029653  5.820718E-17
8584.1382204812  4.908830E-17
8587.17963066587  6.661100E-17
8590.22104085053  7.479654E-17
8593.2624510352  5.849477E-17
8596.30386121986  6.823528E-17
8599.34527140453  7.295829E-17
8602.3866815892  5.633413E-17
8605.42809177387  7.247387E-17
8608.46950195853  7.301613E-17
8611.5109121432  5.287698E-17
8614.55232232787  6.556733E-17
8617.59373251254  4.032674E-17
8620.6351426972  3.714228E-17
8623.67655288187  5.286338E-17
8626.71796306654  4.276284E-17
8629.7593732512  4.499161E-17
8632.80078343587  8.133020E-17
8635.84219362054  9.783583E-17
8638.8836038052  7.722106E-17
8641.92501398987  7.913266E-17
8644.96642417454  7.331420E-17
8648.00783435921  7.042016E-17
8651.04924454387  9.087188E-17
8654.09065472854  9.561026E-17
8657.13206491321  6.922527E-17
8660.17347509787  7.861672E-17
8663.21488528254  5.820543E-17
8666.25629546721  2.408138E-17
8669.29770565188  3.969217E-17
8672.33911583654  5.380478E-17
8675.38052602121  6.888624E-17
8678.42193620588  7.169777E-17
8681.46334639054  9.496914E-17
8684.50475657521  8.425487E-17
8687.54616675988  8.890492E-17
8690.58757694454  9.379535E-17
8693.62898712921  9.868920E-17
8696.67039731388  9.541196E-17
8699.71180749855  8.928934E-17
8702.75321768321  8.226771E-17
8705.79462786788  7.467949E-17
8708.83603805254  8.052280E-17
8711.87744823721  6.681365E-17
8714.91885842188  6.480595E-17
8717.96026860655  8.789799E-17
8721.00167879121  7.285686E-17
8724.04308897588  8.161491E-17
8727.08449916055  7.810360E-17
8730.12590934521  5.553515E-17
8733.16731952988  4.570054E-17
8736.20872971455  6.200658E-17
8739.25013989922  5.837226E-17
8742.29155008388  5.177428E-17
8745.33296026855  5.331552E-17
8748.37437045322  4.410992E-17
8751.41578063788  4.746656E-17
8754.45719082255  8.151492E-17
8757.49860100722  3.547677E-17
8760.54001119188  7.985670E-17
8763.58142137655  3.869494E-17
8766.62283156122  4.298561E-17
8769.66424174589  9.256598E-17
8772.70565193055  6.903494E-17
8775.74706211522  6.570790E-17
8778.78847229989  6.500308E-17
8781.82988248455  4.332812E-17
8784.87129266922  5.186589E-17
8787.91270285389  3.436389E-17
8790.95411303856  3.794648E-17
8793.99552322322  4.478286E-17
8797.03693340789  5.009784E-17
8800.07834359256  5.518510E-17
8803.11975377722  5.416623E-17
8806.16116396189  5.831690E-17
8809.20257414656  8.007917E-17
8812.24398433122  7.931311E-17
8815.28539451589  7.149298E-17
8818.32680470056  6.143032E-17
8821.36821488522  3.728051E-17
8824.40962506989  7.491249E-17
8827.45103525456  5.334992E-17
8830.49244543922  5.818656E-17
8833.53385562389  5.555942E-17
8836.57526580856  6.146876E-17
8839.61667599323  6.765953E-17
8842.65808617789  6.507869E-17
8845.69949636256  5.931785E-17
8848.74090654723  6.687752E-17
8851.78231673189  6.727811E-17
8854.82372691656  6.317886E-17
8857.86513710123  6.497018E-17
8860.9065472859  7.436388E-17
8863.94795747056  7.284618E-17
8866.98936765523  6.267579E-17
8870.0307778399  4.204595E-17
8873.07218802456  5.367799E-17
8876.11359820923  5.927752E-17
8879.1550083939  6.642655E-17
8882.19641857856  6.603967E-17
8885.23782876323  6.344113E-17
8888.2792389479  2.242351E-17
8891.32064913257  1.731042E-17
8894.36205931723  4.273028E-17
8897.4034695019  4.279151E-17
8900.44487968657  4.468374E-17
8903.48628987123  5.219986E-17
8906.5277000559  2.284454E-17
8909.56911024057  4.315881E-17
8912.61052042524  6.091438E-17
8915.6519306099  4.849969E-17
8918.69334079457  2.768928E-17
8921.73475097924  2.602075E-17
8924.7761611639  5.754399E-17
8927.81757134857  5.458695E-17
8930.85898153324  4.338995E-17
8933.9003917179  3.556157E-17
8936.94180190257  7.522701E-17
8939.98321208724  6.092269E-17
8943.0246222719  5.046515E-17
8946.06603245657  4.790369E-17
8949.10744264124  4.088211E-17
8952.14885282591  3.899979E-17
8955.19026301057  8.012576E-17
8958.23167319524  7.097494E-17
8961.27308337991  5.393952E-17
8964.31449356457  4.629761E-17
8967.35590374924  6.519796E-17
8970.39731393391  5.737936E-17
8973.43872411858  3.186831E-17
8976.48013430324  6.358130E-17
8979.52154448791  6.002735E-17
8982.56295467258  4.734702E-17
8985.60436485724  6.220793E-17
8988.64577504191  5.466893E-17
8991.68718522658  2.871090E-17
8994.72859541124  2.433972E-17
8997.77000559591  4.939236E-17
9000.81141578058  2.960862E-17
9003.85282596525  4.307969E-17
9006.89423614991  6.464563E-17
9009.93564633458  2.430392E-17
9012.97705651924  4.144221E-17
9016.01846670391  5.595122E-17
9019.05987688858  5.369741E-17
9022.10128707325  5.216042E-17
9025.14269725791  6.211699E-17
9028.18410744258  3.932528E-17
9031.22551762725  6.964623E-17
9034.26692781191  3.847398E-17
9037.30833799658  2.683149E-17
9040.34974818125  5.158875E-17
9043.39115836592  3.937707E-17
9046.43256855058  1.901067E-17
9049.47397873525  6.489507E-17
9052.51538891992  5.299268E-17
9055.55679910458  6.444946E-17
9058.59820928925  2.884731E-17
9061.63961947392  1.609447E-17
9064.68102965858  2.606835E-17
9067.72243984325  4.224421E-17
9070.76385002792  3.136035E-17
9073.80526021259  2.298610E-17
9076.84667039725  5.332284E-17
9079.88808058192  5.938874E-17
9082.92949076659  2.748741E-17
9085.97090095125  3.380769E-17
9089.01231113592  4.423968E-17
9092.05372132059  5.691536E-17
9095.09513150526  7.252710E-17
9098.13654168992  4.472467E-17
9101.17795187459  3.491262E-17
9104.21936205925  4.625209E-17
9107.26077224392  5.908838E-17
9110.30218242859  4.839368E-17
9113.34359261326  7.460829E-17
9116.38500279792  7.049026E-17
9119.42641298259  4.448931E-17
9122.46782316726  4.151232E-17
9125.50923335192  4.256469E-17
9128.55064353659  3.513040E-17
9131.59205372126  5.539063E-17
9134.63346390593  3.626654E-17
9137.67487409059  2.128097E-17
9140.71628427526  4.812712E-17
9143.75769445993  5.010269E-17
9146.79910464459  3.409191E-17
9149.84051482926  3.879453E-17
9152.88192501393  2.265195E-17
9155.9233351986  3.342524E-17
9158.96474538326  6.509139E-17
9162.00615556793  3.925354E-17
9165.0475657526  4.250128E-17
9168.08897593726  4.298243E-17
9171.13038612193  4.785170E-17
9174.1717963066  3.656458E-17
9177.21320649126  3.953106E-17
9180.25461667593  5.168813E-17
9183.2960268606  5.257375E-17
9186.33743704526  5.261457E-17
9189.37884722993  3.652556E-17
9192.4202574146  3.014136E-17
9195.46166759926  3.614443E-17
9198.50307778393  5.373970E-17
9201.5444879686  3.431650E-17
9204.58589815327  5.621790E-17
9207.62730833794  4.083722E-17
9210.6687185226  3.749587E-17
9213.71012870727  3.098368E-17
9216.75153889193  4.302557E-17
9219.7929490766  6.657660E-17
9222.83435926127  5.724550E-17
9225.87576944594  2.959859E-17
9228.9171796306  2.722797E-17
9231.95858981527  2.872796E-17
9234.99999999994  2.544939E-17
