3800.  1.369119E-15
3803.04141018467  1.422625E-15
3806.08282036933  1.231540E-15
3809.124230554  1.302155E-15
3812.16564073867  1.386940E-15
3815.20705092334  1.424669E-15
3818.248461108  1.414018E-15
3821.28987129267  1.528149E-15
3824.33128147734  1.486864E-15
3827.372691662  1.408946E-15
3830.41410184667  1.432270E-15
3833.45551203134  1.609985E-15
3836.496922216  1.718211E-15
3839.53833240067  1.627112E-15
3842.57974258534  1.680939E-15
3845.62115277001  1.583363E-15
3848.66256295467  1.561097E-15
3851.70397313934  1.587262E-15
3854.74538332401  1.563050E-15
3857.78679350867  1.654978E-15
3860.82820369334  1.588163E-15
3863.86961387801  1.539762E-15
3866.91102406267  1.637152E-15
3869.95243424734  1.559855E-15
3872.99384443201  1.620263E-15
3876.03525461668  1.563169E-15
3879.07666480134  1.577304E-15
3882.11807498601  1.557587E-15
3885.15948517068  1.519295E-15
3888.20089535534  1.491883E-15
3891.24230554001  1.500160E-15
3894.28371572468  1.595904E-15
3897.32512590934  1.619148E-15
3900.36653609401  1.605884E-15
3903.40794627868  1.537131E-15
3906.44935646335  1.644323E-15
3909.49076664801  1.644785E-15
3912.53217683268  1.567374E-15
3915.57358701735  1.685517E-15
3918.61499720201  1.739017E-15
3921.65640738668  1.766780E-15
3924.69781757135  1.663736E-15
3927.73922775601  1.704483E-15
3930.78063794068  1.621864E-15
3933.82204812535  1.592412E-15
3936.86345831002  1.604752E-15
3939.90486849468  1.701030E-15
3942.94627867935  1.731505E-15
3945.98768886402  1.556446E-15
3949.02909904868  1.541198E-15
3952.07050923335  1.632703E-15
3955.11191941802  1.642646E-15
3958.15332960268  1.681140E-15
3961.19473978735  1.641792E-15
3964.23614997202  1.592973E-15
3967.27756015669  1.666573E-15
3970.31897034135  1.614126E-15
3973.36038052602  1.632813E-15
3976.40179071069  1.594479E-15
3979.44320089535  1.582683E-15
3982.48461108002  1.632186E-15
3985.52602126469  1.547033E-15
3988.56743144935  1.552765E-15
3991.60884163402  1.412542E-15
3994.65025181869  1.399328E-15
3997.69166200335  1.382905E-15
4000.73307218802  1.445925E-15
4003.77448237269  1.497876E-15
4006.81589255736  1.650035E-15
4009.85730274202  1.645211E-15
4012.89871292669  1.686119E-15
4015.94012311136  1.607125E-15
4018.98153329602  1.581651E-15
4022.02294348069  1.628198E-15
4025.06435366536  1.506085E-15
4028.10576385003  1.341114E-15
4031.14717403469  1.363658E-15
4034.18858421936  1.518157E-15
4037.22999440403  1.558271E-15
4040.27140458869  1.618046E-15
4043.31281477336  1.734117E-15
4046.35422495803  1.668002E-15
4049.39563514269  1.671265E-15
4052.43704532736  1.680308E-15
4055.47845551203  1.600082E-15
4058.5198656967  1.599537E-15
4061.56127588136  1.610957E-15
4064.60268606603  1.562005E-15
4067.6440962507  1.557067E-15
4070.68550643536  1.562896E-15
4073.72691662003  1.591298E-15
4076.7683268047  1.556339E-15
4079.80973698936  1.615424E-15
4082.85114717403  1.566812E-15
4085.8925573587  1.522349E-15
4088.93396754337  1.515638E-15
4091.97537772803  1.556368E-15
4095.0167879127  1.550530E-15
4098.05819809737  1.512269E-15
4101.09960828203  1.516498E-15
4104.1410184667  1.453063E-15
4107.18242865137  1.504082E-15
4110.22383883603  1.505024E-15
4113.2652490207  1.528384E-15
4116.30665920537  1.526912E-15
4119.34806939003  1.574763E-15
4122.3894795747  1.478172E-15
4125.43088975937  1.495074E-15
4128.47229994404  1.399283E-15
4131.5137101287  1.462052E-15
4134.55512031337  1.519950E-15
4137.59653049804  1.585393E-15
4140.6379406827  1.587963E-15
4143.67935086737  1.585871E-15
4146.72076105204  1.507553E-15
4149.76217123671  1.523606E-15
4152.80358142137  1.567784E-15
4155.84499160604  1.630335E-15
4158.88640179071  1.584257E-15
4161.92781197537  1.461397E-15
4164.96922216004  1.501788E-15
4168.01063234471  1.688767E-15
4171.05204252937  1.759867E-15
4174.09345271404  1.688797E-15
4177.13486289871  1.659681E-15
4180.17627308338  1.636492E-15
4183.21768326804  1.555815E-15
4186.25909345271  1.556739E-15
4189.30050363738  1.483724E-15
4192.34191382204  1.426959E-15
4195.38332400671  1.405353E-15
4198.42473419138  1.476332E-15
4201.46614437605  1.481062E-15
4204.50755456071  1.512873E-15
4207.54896474538  1.546488E-15
4210.59037493005  1.484560E-15
4213.63178511471  1.410549E-15
4216.67319529938  1.497294E-15
4219.71460548405  1.468782E-15
4222.75601566871  1.501953E-15
4225.79742585338  1.487163E-15
4228.83883603805  1.476044E-15
4231.88024622271  1.508598E-15
4234.92165640738  1.496995E-15
4237.96306659205  1.422027E-15
4241.00447677672  1.414666E-15
4244.04588696138  1.509117E-15
4247.08729714605  1.524011E-15
4250.12870733072  1.521489E-15
4253.17011751538  1.458416E-15
4256.21152770005  1.517933E-15
4259.25293788472  1.506549E-15
4262.29434806939  1.449837E-15
4265.33575825405  1.398495E-15
4268.37716843872  1.462451E-15
4271.41857862339  1.426491E-15
4274.45998880805  1.391052E-15
4277.50139899272  1.419389E-15
4280.54280917739  1.469997E-15
4283.58421936205  1.431023E-15
4286.62562954672  1.445318E-15
4289.66703973139  1.381136E-15
4292.70844991606  1.367644E-15
4295.74986010072  1.397864E-15
4298.79127028539  1.392447E-15
4301.83268047005  1.428973E-15
4304.87409065472  1.448677E-15
4307.91550083939  1.435885E-15
4310.95691102406  1.475451E-15
4313.99832120872  1.482656E-15
4317.03973139339  1.514809E-15
4320.08114157806  1.463036E-15
4323.12255176272  1.411683E-15
4326.16396194739  1.400735E-15
4329.20537213206  1.372360E-15
4332.24678231673  1.476135E-15
4335.28819250139  1.479159E-15
4338.32960268606  1.437785E-15
4341.37101287073  1.404388E-15
4344.41242305539  1.385961E-15
4347.45383324006  1.390018E-15
4350.49524342473  1.383539E-15
4353.53665360939  1.381607E-15
4356.57806379406  1.418195E-15
4359.61947397873  1.367845E-15
4362.6608841634  1.378002E-15
4365.70229434806  1.410652E-15
4368.74370453273  1.356080E-15
4371.7851147174  1.398592E-15
4374.82652490206  1.428865E-15
4377.86793508673  1.406057E-15
4380.9093452714  1.369648E-15
4383.95075545607  1.464393E-15
4386.99216564073  1.455072E-15
4390.0335758254  1.478579E-15
4393.07498601007  1.494997E-15
4396.11639619473  1.506775E-15
4399.1578063794  1.495433E-15
4402.19921656407  1.500617E-15
4405.24062674873  1.398729E-15
4408.2820369334  1.476215E-15
4411.32344711807  1.653483E-15
4414.36485730273  1.714748E-15
4417.4062674874  1.658567E-15
4420.44767767207  1.592415E-15
4423.48908785674  1.558737E-15
4426.5304980414  1.574244E-15
4429.57190822607  1.601368E-15
4432.61331841074  1.501102E-15
4435.6547285954  1.483087E-15
4438.69613878007  1.516893E-15
4441.73754896474  1.474570E-15
4444.77895914941  1.470381E-15
4447.82036933407  1.382085E-15
4450.86177951874  1.419423E-15
4453.90318970341  1.455925E-15
4456.94459988807  1.413810E-15
4459.98601007274  1.428336E-15
4463.02742025741  1.415861E-15
4466.06883044207  1.471961E-15
4469.11024062674  1.471769E-15
4472.15165081141  1.424946E-15
4475.19306099608  1.350830E-15
4478.23447118074  1.353339E-15
4481.27588136541  1.394135E-15
4484.31729155008  1.387428E-15
4487.35870173474  1.394540E-15
4490.40011191941  1.400285E-15
4493.44152210408  1.430501E-15
4496.48293228874  1.373758E-15
4499.52434247341  1.380621E-15
4502.56575265808  1.344200E-15
4505.60716284275  1.370500E-15
4508.64857302741  1.414676E-15
4511.68998321208  1.402583E-15
4514.73139339675  1.321907E-15
4517.77280358141  1.371455E-15
4520.81421376608  1.402536E-15
4523.85562395075  1.356496E-15
4526.89703413541  1.347776E-15
4529.93844432008  1.376431E-15
4532.97985450475  1.343981E-15
4536.02126468941  1.301117E-15
4539.06267487408  1.278853E-15
4542.10408505875  1.305037E-15
4545.14549524342  1.302332E-15
4548.18690542808  1.267796E-15
4551.22831561275  1.249541E-15
4554.26972579742  1.311514E-15
4557.31113598208  1.366018E-15
4560.35254616675  1.338930E-15
4563.39395635142  1.375252E-15
4566.43536653609  1.434690E-15
4569.47677672075  1.374087E-15
4572.51818690542  1.324760E-15
4575.55959709009  1.322518E-15
4578.60100727475  1.341939E-15
4581.64241745942  1.292969E-15
4584.68382764409  1.345138E-15
4587.72523782875  1.322411E-15
4590.76664801342  1.326253E-15
4593.80805819809  1.385683E-15
4596.84946838276  1.416824E-15
4599.89087856742  1.390077E-15
4602.93228875209  1.408167E-15
4605.97369893676  1.368276E-15
4609.01510912142  1.337885E-15
4612.05651930609  1.328257E-15
4615.09792949076  1.314567E-15
4618.13933967543  1.271365E-15
4621.18074986009  1.311662E-15
4624.22216004476  1.296116E-15
4627.26357022943  1.343697E-15
4630.30498041409  1.359702E-15
4633.34639059876  1.370479E-15
4636.38780078343  1.373940E-15
4639.42921096809  1.279669E-15
4642.47062115276  1.344798E-15
4645.51203133743  1.334215E-15
4648.5534415221  1.322451E-15
4651.59485170676  1.300004E-15
4654.63626189143  1.240769E-15
4657.6776720761  1.379075E-15
4660.71908226076  1.400350E-15
4663.76049244543  1.375920E-15
4666.8019026301  1.359810E-15
4669.84331281476  1.371656E-15
4672.88472299943  1.316925E-15
4675.9261331841  1.283886E-15
4678.96754336876  1.306530E-15
4682.00895355343  1.294900E-15
4685.0503637381  1.324769E-15
4688.09177392277  1.259933E-15
4691.13318410743  1.276429E-15
4694.1745942921  1.324122E-15
4697.21600447677  1.301449E-15
4700.25741466143  1.301146E-15
4703.2988248461  1.330688E-15
4706.34023503077  1.295972E-15
4709.38164521543  1.322972E-15
4712.4230554001  1.318040E-15
4715.46446558477  1.359185E-15
4718.50587576944  1.356278E-15
4721.5472859541  1.270094E-15
4724.58869613877  1.279253E-15
4727.63010632344  1.307741E-15
4730.6715165081  1.321776E-15
4733.71292669277  1.304100E-15
4736.75433687744  1.326298E-15
4739.7957470621  1.305202E-15
4742.83715724677  1.291190E-15
4745.87856743144  1.323552E-15
4748.91997761611  1.324282E-15
4751.96138780077  1.303972E-15
4755.00279798544  1.297630E-15
4758.04420817011  1.288160E-15
4761.08561835477  1.286624E-15
4764.12702853944  1.231541E-15
4767.16843872411  1.307844E-15
4770.20984890877  1.254636E-15
4773.25125909344  1.234018E-15
4776.29266927811  1.289696E-15
4779.33407946277  1.242412E-15
4782.37548964744  1.267348E-15
4785.41689983211  1.281903E-15
4788.45831001678  1.248375E-15
4791.49972020144  1.299954E-15
4794.54113038611  1.286648E-15
4797.58254057078  1.265189E-15
4800.62395075545  1.262791E-15
4803.66536094011  1.260020E-15
4806.70677112478  1.236577E-15
4809.74818130945  1.297202E-15
4812.78959149411  1.281235E-15
4815.83100167878  1.230301E-15
4818.87241186345  1.246144E-15
4821.91382204811  1.284172E-15
4824.95523223278  1.291806E-15
4827.99664241745  1.244283E-15
4831.03805260212  1.240064E-15
4834.07946278678  1.245809E-15
4837.12087297145  1.238679E-15
4840.16228315612  1.247372E-15
4843.20369334078  1.247637E-15
4846.24510352545  1.249944E-15
4849.28651371012  1.255148E-15
4852.32792389478  1.266087E-15
4855.36933407945  1.257962E-15
4858.41074426412  1.261297E-15
4861.45215444879  1.265873E-15
4864.49356463345  1.192667E-15
4867.53497481812  1.234009E-15
4870.57638500279  1.235822E-15
4873.61779518745  1.287105E-15
4876.65920537212  1.237810E-15
4879.70061555679  1.202115E-15
4882.74202574145  1.255216E-15
4885.78343592612  1.268972E-15
4888.82484611079  1.219223E-15
4891.86625629545  1.242814E-15
4894.90766648012  1.241197E-15
4897.94907666479  1.255200E-15
4900.99048684946  1.302682E-15
4904.03189703412  1.292725E-15
4907.07330721879  1.265597E-15
4910.11471740346  1.291533E-15
4913.15612758812  1.275620E-15
4916.19753777279  1.303748E-15
4919.23894795746  1.347385E-15
4922.28035814212  1.392911E-15
4925.32176832679  1.416539E-15
4928.36317851146  1.480919E-15
4931.40458869613  1.379993E-15
4934.44599888079  1.435634E-15
4937.48740906546  1.622204E-15
4940.52881925013  1.840779E-15
4943.57022943479  1.882475E-15
4946.61163961946  1.770445E-15
4949.65304980413  1.636780E-15
4952.69445998879  1.554023E-15
4955.73587017346  1.501646E-15
4958.77728035813  1.435407E-15
4961.81869054279  1.405818E-15
4964.86010072746  1.348314E-15
4967.90151091213  1.361909E-15
4970.9429210968  1.366334E-15
4973.98433128146  1.339808E-15
4977.02574146613  1.305218E-15
4980.0671516508  1.250826E-15
4983.10856183546  1.255218E-15
4986.14997202013  1.223561E-15
4989.1913822048  1.231228E-15
4992.23279238947  1.218325E-15
4995.27420257413  1.140113E-15
4998.3156127588  1.134405E-15
5001.35702294347  1.173310E-15
5004.39843312813  1.242895E-15
5007.4398433128  1.279079E-15
5010.48125349747  1.234319E-15
5013.52266368214  1.259903E-15
5016.5640738668  1.264339E-15
5019.60548405147  1.268432E-15
5022.64689423614  1.246169E-15
5025.6883044208  1.288046E-15
5028.72971460547  1.229514E-15
5031.77112479014  1.224657E-15
5034.8125349748  1.201216E-15
5037.85394515947  1.222983E-15
5040.89535534414  1.207461E-15
5043.93676552881  1.200969E-15
5046.97817571347  1.170198E-15
5050.01958589814  1.168898E-15
5053.06099608281  1.213829E-15
5056.10240626747  1.197532E-15
5059.14381645214  1.200619E-15
5062.18522663681  1.139172E-15
5065.22663682147  1.182006E-15
5068.26804700614  1.134801E-15
5071.30945719081  1.146671E-15
5074.35086737548  1.156198E-15
5077.39227756014  1.166088E-15
5080.43368774481  1.114282E-15
5083.47509792948  1.115318E-15
5086.51650811414  1.139991E-15
5089.55791829881  1.099751E-15
5092.59932848348  1.041719E-15
5095.64073866814  1.051522E-15
5098.68214885281  1.185772E-15
5101.72355903748  1.227685E-15
5104.76496922214  1.226457E-15
5107.80637940681  1.258858E-15
5110.84778959148  1.230111E-15
5113.88919977615  1.224979E-15
5116.93060996081  1.208518E-15
5119.97202014548  1.216798E-15
5123.01343033015  1.211422E-15
5126.05484051482  1.162547E-15
5129.09625069948  1.130792E-15
5132.13766088415  1.158562E-15
5135.17907106882  1.183626E-15
5138.22048125348  1.181477E-15
5141.26189143815  1.141809E-15
5144.30330162282  1.136097E-15
5147.34471180748  1.131499E-15
5150.38612199215  1.158909E-15
5153.42753217682  1.144114E-15
5156.46894236148  1.183978E-15
5159.51035254615  1.176250E-15
5162.55176273082  1.128401E-15
5165.59317291549  1.132171E-15
5168.63458310015  1.148467E-15
5171.67599328482  1.152482E-15
5174.71740346949  1.145385E-15
5177.75881365415  1.140334E-15
5180.80022383882  1.155591E-15
5183.84163402349  1.152247E-15
5186.88304420816  1.143570E-15
5189.92445439282  1.145939E-15
5192.96586457749  1.137161E-15
5196.00727476216  1.179222E-15
5199.04868494682  1.143081E-15
5202.09009513149  1.123600E-15
5205.13150531616  1.132970E-15
5208.17291550082  1.151795E-15
5211.21432568549  1.140183E-15
5214.25573587016  1.152231E-15
5217.29714605482  1.145833E-15
5220.33855623949  1.144782E-15
5223.37996642416  1.142064E-15
5226.42137660883  1.133903E-15
5229.46278679349  1.121825E-15
5232.50419697816  1.125086E-15
5235.54560716283  1.118150E-15
5238.58701734749  1.096555E-15
5241.62842753216  1.141395E-15
5244.66983771683  1.076131E-15
5247.7112479015  1.009563E-15
5250.75265808616  1.086426E-15
5253.79406827083  1.168607E-15
5256.8354784555  1.192405E-15
5259.87688864016  1.209340E-15
5262.91829882483  1.186137E-15
5265.9597090095  1.155861E-15
5269.00111919416  1.145243E-15
5272.04252937883  1.142186E-15
5275.0839395635  1.124909E-15
5278.12534974816  1.139998E-15
5281.16675993283  1.189494E-15
5284.2081701175  1.174285E-15
5287.24958030216  1.153211E-15
5290.29099048683  1.164981E-15
5293.3324006715  1.139624E-15
5296.37381085617  1.128741E-15
5299.41522104083  1.149897E-15
5302.4566312255  1.140562E-15
5305.49804141017  1.140558E-15
5308.53945159484  1.143359E-15
5311.5808617795  1.124388E-15
5314.62227196417  1.120059E-15
5317.66368214884  1.155727E-15
5320.7050923335  1.151549E-15
5323.74650251817  1.144072E-15
5326.78791270284  1.159538E-15
5329.8293228875  1.147562E-15
5332.87073307217  1.122562E-15
5335.91214325684  1.144656E-15
5338.9535534415  1.134938E-15
5341.99496362617  1.120643E-15
5345.03637381084  1.134687E-15
5348.07778399551  1.127679E-15
5351.11919418017  1.129788E-15
5354.16060436484  1.129910E-15
5357.20201454951  1.095012E-15
5360.24342473417  1.115710E-15
5363.28483491884  1.144580E-15
5366.32624510351  1.159750E-15
5369.36765528817  1.166051E-15
5372.40906547284  1.125719E-15
5375.45047565751  1.125519E-15
5378.49188584218  1.100652E-15
5381.53329602684  1.130523E-15
5384.57470621151  1.089889E-15
5387.61611639618  1.063904E-15
5390.65752658084  1.084923E-15
5393.69893676551  1.084086E-15
5396.74034695018  1.064850E-15
5399.78175713485  1.108796E-15
5402.82316731951  1.140918E-15
5405.86457750418  1.157203E-15
5408.90598768885  1.156469E-15
5411.94739787351  1.131740E-15
5414.98880805818  1.103253E-15
5418.03021824285  1.135681E-15
5421.07162842751  1.117844E-15
5424.11303861218  1.137977E-15
5427.15444879685  1.101323E-15
5430.19585898152  1.052482E-15
5433.23726916618  1.092547E-15
5436.27867935085  1.133967E-15
5439.32008953552  1.110482E-15
5442.36149972018  1.068188E-15
5445.40290990485  1.070288E-15
5448.44432008952  1.088536E-15
5451.48573027418  1.082571E-15
5454.52714045885  1.073517E-15
5457.56855064352  1.077756E-15
5460.60996082819  1.040730E-15
5463.65137101285  1.067361E-15
5466.69278119752  1.073565E-15
5469.73419138219  1.085210E-15
5472.77560156685  1.084851E-15
5475.81701175152  1.058311E-15
5478.85842193619  1.050680E-15
5481.89983212085  1.048855E-15
5484.94124230552  1.051752E-15
5487.98265249019  1.041472E-15
5491.02406267486  1.038108E-15
5494.06547285952  1.049738E-15
5497.10688304419  1.047906E-15
5500.14829322886  1.053928E-15
5503.18970341352  1.046617E-15
5506.23111359819  1.050743E-15
5509.27252378286  1.066170E-15
5512.31393396752  1.050451E-15
5515.35534415219  1.054250E-15
5518.39675433686  1.040773E-15
5521.43816452153  1.048257E-15
5524.47957470619  1.035598E-15
5527.52098489086  1.015979E-15
5530.56239507553  9.896765E-16
5533.60380526019  1.048924E-15
5536.64521544486  1.061454E-15
5539.68662562953  1.021707E-15
5542.72803581419  9.966705E-16
5545.76944599886  1.024158E-15
5548.81085618353  1.043019E-15
5551.85226636819  1.009537E-15
5554.89367655286  1.044261E-15
5557.93508673753  1.033335E-15
5560.9764969222  9.986441E-16
5564.01790710686  1.011492E-15
5567.05931729153  1.034672E-15
5570.1007274762  9.869396E-16
5573.14213766086  9.989811E-16
5576.18354784553  1.004745E-15
5579.2249580302  9.904261E-16
5582.26636821487  9.937016E-16
5585.30777839953  9.800746E-16
5588.3491885842  9.901106E-16
5591.39059876887  9.731573E-16
5594.43200895353  1.009213E-15
5597.4734191382  1.014988E-15
5600.51482932287  1.014083E-15
5603.55623950754  1.024538E-15
5606.5976496922  1.001631E-15
5609.63905987687  1.017006E-15
5612.68047006154  1.018596E-15
5615.7218802462  1.029517E-15
5618.76329043087  1.010901E-15
5621.80470061554  1.003703E-15
5624.8461108002  9.876423E-16
5627.88752098487  9.964750E-16
5630.92893116954  1.000030E-15
5633.9703413542  9.868863E-16
5637.01175153887  9.769377E-16
5640.05316172354  1.008493E-15
5643.09457190821  9.710412E-16
5646.13598209287  9.904508E-16
5649.17739227754  1.004011E-15
5652.21880246221  9.786222E-16
5655.26021264687  9.774831E-16
5658.30162283154  1.021679E-15
5661.34303301621  1.000955E-15
5664.38444320087  9.839661E-16
5667.42585338554  9.941373E-16
5670.46726357021  9.778220E-16
5673.50867375488  9.892650E-16
5676.55008393954  9.838697E-16
5679.59149412421  9.750534E-16
5682.63290430888  9.572252E-16
5685.67431449354  9.636618E-16
5688.71572467821  9.850010E-16
5691.75713486288  9.478481E-16
5694.79854504755  9.484167E-16
5697.83995523221  9.444686E-16
5700.88136541688  9.404858E-16
5703.92277560154  9.691961E-16
5706.96418578621  9.760094E-16
5710.00559597088  9.532655E-16
5713.04700615555  9.679006E-16
5716.08841634021  9.770280E-16
5719.12982652488  9.620986E-16
5722.17123670955  9.866025E-16
5725.21264689421  9.649486E-16
5728.25405707888  9.453323E-16
5731.29546726355  9.400128E-16
5734.33687744822  9.705299E-16
5737.37828763288  9.708255E-16
5740.41969781755  9.591626E-16
5743.46110800222  9.553891E-16
5746.50251818688  9.714508E-16
5749.54392837155  9.410894E-16
5752.58533855622  9.578285E-16
5755.62674874089  9.333497E-16
5758.66815892555  9.436836E-16
5761.70956911022  1.007625E-15
5764.75097929488  9.577946E-16
5767.79238947955  9.629388E-16
5770.83379966422  9.609904E-16
5773.87520984889  9.515231E-16
5776.91662003355  9.670163E-16
5779.95803021822  9.326101E-16
5782.99944040289  9.475595E-16
5786.04085058755  9.481811E-16
5789.08226077222  9.448858E-16
5792.12367095689  8.955854E-16
5795.16508114156  9.249987E-16
5798.20649132622  9.319463E-16
5801.24790151089  9.528907E-16
5804.28931169556  9.493464E-16
5807.33072188022  9.393661E-16
5810.37213206489  9.429606E-16
5813.41354224956  9.246905E-16
5816.45495243422  9.602882E-16
5819.49636261889  9.511248E-16
5822.53777280356  9.610221E-16
5825.57918298823  9.725806E-16
5828.62059317289  9.785519E-16
5831.66200335756  9.392692E-16
5834.70341354223  9.084375E-16
5837.74482372689  9.541690E-16
5840.78623391156  9.374517E-16
5843.82764409623  9.356065E-16
5846.86905428089  9.198734E-16
5849.91046446556  8.986672E-16
5852.95187465023  9.410111E-16
5855.99328483489  9.347248E-16
5859.03469501956  9.185260E-16
5862.07610520423  9.355108E-16
5865.1175153889  9.249089E-16
5868.15892557356  9.498714E-16
5871.20033575823  9.125922E-16
5874.2417459429  8.863165E-16
5877.28315612756  9.268617E-16
5880.32456631223  9.149964E-16
5883.3659764969  9.070145E-16
5886.40738668157  9.109520E-16
5889.44879686623  8.885089E-16
5892.4902070509  8.898738E-16
5895.53161723557  8.916571E-16
5898.57302742023  8.942647E-16
5901.6144376049  9.289826E-16
5904.65584778957  9.393367E-16
5907.69725797423  9.253936E-16
5910.7386681589  9.301819E-16
5913.78007834357  9.295157E-16
5916.82148852824  9.275464E-16
5919.8628987129  9.175682E-16
5922.90430889757  9.023063E-16
5925.94571908224  9.521710E-16
5928.9871292669  9.758730E-16
5932.02853945157  9.311657E-16
5935.06994963624  9.151573E-16
5938.11135982091  9.354525E-16
5941.15277000557  9.296271E-16
5944.19418019024  9.009817E-16
5947.23559037491  8.947351E-16
5950.27700055957  9.072244E-16
5953.31841074424  9.094041E-16
5956.35982092891  9.292208E-16
5959.40123111357  9.168128E-16
5962.44264129824  8.925484E-16
5965.48405148291  8.697169E-16
5968.52546166758  8.927739E-16
5971.56687185224  9.569237E-16
5974.60828203691  9.632251E-16
5977.64969222158  9.349884E-16
5980.69110240624  9.296062E-16
5983.73251259091  9.175674E-16
5986.77392277558  8.985988E-16
5989.81533296024  8.790729E-16
5992.85674314491  8.786202E-16
5995.89815332958  8.928274E-16
5998.93956351424  9.140307E-16
6001.98097369891  9.251250E-16
6005.02238388358  9.122824E-16
6008.06379406825  9.084706E-16
6011.10520425291  9.103573E-16
6014.14661443758  9.423726E-16
6017.18802462225  9.276204E-16
6020.22943480691  9.187341E-16
6023.27084499158  9.213875E-16
6026.31225517625  9.150602E-16
6029.35366536092  9.320172E-16
6032.39507554558  9.230320E-16
6035.43648573025  8.971806E-16
6038.47789591492  8.789209E-16
6041.51930609958  8.981339E-16
6044.56071628425  9.160904E-16
6047.60212646892  8.931741E-16
6050.64353665358  9.086943E-16
6053.68494683825  8.689046E-16
6056.72635702292  8.725785E-16
6059.76776720758  8.791605E-16
6062.80917739225  8.825884E-16
6065.85058757692  8.872671E-16
6068.89199776159  8.870682E-16
6071.93340794625  8.909029E-16
6074.97481813092  8.898616E-16
6078.01622831559  8.943643E-16
6081.05763850025  8.855266E-16
6084.09904868492  8.716102E-16
6087.14045886959  8.933114E-16
6090.18186905426  8.961029E-16
6093.22327923892  8.830872E-16
6096.26468942359  8.635505E-16
6099.30609960826  8.831396E-16
6102.34750979292  9.096463E-16
6105.38891997759  8.603419E-16
6108.43033016226  8.443389E-16
6111.47174034693  8.501125E-16
6114.51315053159  8.532531E-16
6117.55456071626  8.722210E-16
6120.59597090092  8.832774E-16
6123.63738108559  8.351155E-16
6126.67879127026  8.522388E-16
6129.72020145493  8.703386E-16
6132.76161163959  8.622808E-16
6135.80302182426  8.544918E-16
6138.84443200893  8.471024E-16
6141.88584219359  8.766742E-16
6144.92725237826  8.502716E-16
6147.96866256293  8.823073E-16
6151.01007274759  8.714484E-16
6154.05148293226  8.737894E-16
6157.09289311693  8.606802E-16
6160.1343033016  8.592196E-16
6163.17571348626  8.386041E-16
6166.21712367093  8.508486E-16
6169.2585338556  8.580462E-16
6172.29994404026  8.735764E-16
6175.34135422493  8.559906E-16
6178.3827644096  8.326028E-16
6181.42417459427  8.411501E-16
6184.46558477893  8.342865E-16
6187.5069949636  8.344431E-16
6190.54840514827  8.653444E-16
6193.58981533293  8.473068E-16
6196.6312255176  8.135055E-16
6199.67263570227  8.361255E-16
6202.71404588693  8.364487E-16
6205.7554560716  8.285370E-16
6208.79686625627  8.296066E-16
6211.83827644093  8.765423E-16
6214.8796866256  8.615693E-16
6217.92109681027  8.628982E-16
6220.96250699494  8.662754E-16
6224.0039171796  8.750960E-16
6227.04532736427  8.703445E-16
6230.08673754894  8.265992E-16
6233.1281477336  8.128662E-16
6236.16955791827  8.267416E-16
6239.21096810294  8.292112E-16
6242.25237828761  8.311705E-16
6245.29378847227  8.338218E-16
6248.33519865694  8.400827E-16
6251.37660884161  8.283792E-16
6254.41801902627  8.285043E-16
6257.45942921094  8.505114E-16
6260.50083939561  8.346211E-16
6263.54224958027  8.169707E-16
6266.58365976494  8.077514E-16
6269.62506994961  8.180166E-16
6272.66648013427  7.967997E-16
6275.70789031894  8.107762E-16
6278.74930050361  8.363404E-16
6281.79071068828  8.202483E-16
6284.83212087294  8.230422E-16
6287.87353105761  8.610487E-16
6290.91494124228  8.559512E-16
6293.95635142694  8.113811E-16
6296.99776161161  8.205156E-16
6300.03917179628  8.256296E-16
6303.08058198095  8.009738E-16
6306.12199216561  8.186031E-16
6309.16340235028  8.106926E-16
6312.20481253495  8.258159E-16
6315.24622271961  8.234653E-16
6318.28763290428  8.176594E-16
6321.32904308895  8.387957E-16
6324.37045327361  8.262593E-16
6327.41186345828  8.054088E-16
6330.45327364295  8.220650E-16
6333.49468382761  8.305647E-16
6336.53609401228  8.188686E-16
6339.57750419695  7.966762E-16
6342.61891438162  8.088101E-16
6345.66032456628  8.523573E-16
6348.70173475095  8.450496E-16
6351.74314493562  8.543612E-16
6354.78455512028  8.313175E-16
6357.82596530495  8.023726E-16
6360.86737548962  8.112437E-16
6363.90878567429  8.188937E-16
6366.95019585895  8.278414E-16
6369.99160604362  8.209407E-16
6373.03301622829  8.164216E-16
6376.07442641296  8.028830E-16
6379.11583659762  8.263434E-16
6382.15724678229  8.499742E-16
6385.19865696695  7.858959E-16
6388.24006715162  8.122909E-16
6391.28147733629  7.864836E-16
6394.32288752096  7.834658E-16
6397.36429770562  7.835339E-16
6400.40570789029  7.997227E-16
6403.44711807496  8.012542E-16
6406.48852825962  8.122673E-16
6409.52993844429  7.898321E-16
6412.57134862896  7.871631E-16
6415.61275881363  8.044123E-16
6418.65416899829  7.865213E-16
6421.69557918296  8.241325E-16
6424.73698936763  7.937561E-16
6427.77839955229  7.829681E-16
6430.81980973696  7.824559E-16
6433.86121992163  7.692230E-16
6436.90263010629  7.857068E-16
6439.94404029096  7.318807E-16
6442.98545047563  7.042634E-16
6446.0268606603  7.335206E-16
6449.06827084496  7.702385E-16
6452.10968102963  8.072155E-16
6455.1510912143  7.895109E-16
6458.19250139896  7.577166E-16
6461.23391158363  7.717278E-16
6464.2753217683  7.435732E-16
6467.31673195296  7.489614E-16
6470.35814213763  7.468833E-16
6473.3995523223  7.512771E-16
6476.44096250697  7.543098E-16
6479.48237269163  7.688388E-16
6482.5237828763  8.007477E-16
6485.56519306097  7.955366E-16
6488.60660324563  7.846748E-16
6491.6480134303  7.849819E-16
6494.68942361497  7.794141E-16
6497.73083379963  7.652992E-16
6500.7722439843  7.865504E-16
6503.81365416897  7.825432E-16
6506.85506435363  7.946287E-16
6509.8964745383  7.755259E-16
6512.93788472297  7.660831E-16
6515.97929490764  7.710370E-16
6519.0207050923  7.723101E-16
6522.06211527697  7.812225E-16
6525.10352546164  7.779495E-16
6528.1449356463  7.989578E-16
6531.18634583097  7.761854E-16
6534.22775601564  7.634668E-16
6537.2691662003  7.808830E-16
6540.31057638497  8.059240E-16
6543.35198656964  7.921078E-16
6546.39339675431  7.560794E-16
6549.43480693897  7.671346E-16
6552.47621712364  7.753024E-16
6555.51762730831  7.712496E-16
6558.55903749297  7.778690E-16
6561.60044767764  7.878295E-16
6564.64185786231  7.980903E-16
6567.68326804697  7.681559E-16
6570.72467823164  7.628587E-16
6573.76608841631  7.872300E-16
6576.80749860098  7.767989E-16
6579.84890878564  7.764402E-16
6582.89031897031  7.835582E-16
6585.93172915498  7.970407E-16
6588.97313933964  7.657409E-16
6592.01454952431  7.910152E-16
6595.05595970898  7.814938E-16
6598.09736989364  7.757805E-16
6601.13878007831  7.816542E-16
6604.18019026298  7.883696E-16
6607.22160044764  7.932080E-16
6610.26301063231  7.642041E-16
6613.30442081698  7.903762E-16
6616.34583100165  8.070437E-16
6619.38724118631  8.094075E-16
6622.42865137098  8.266753E-16
6625.47006155565  8.392651E-16
6628.51147174032  8.286546E-16
6631.55288192498  8.517210E-16
6634.59429210965  8.328334E-16
6637.63570229432  8.468320E-16
6640.67711247898  9.113261E-16
6643.71852266365  9.321456E-16
6646.75993284831  9.356735E-16
6649.80134303298  9.935479E-16
6652.84275321765  1.048584E-15
6655.88416340232  1.043021E-15
6658.92557358699  1.087854E-15
6661.96698377165  1.185415E-15
6665.00839395632  1.361031E-15
6668.04980414099  1.479509E-15
6671.09121432565  1.537824E-15
6674.13262451032  1.553948E-15
6677.17403469499  1.438322E-15
6680.21544487965  1.314765E-15
6683.25685506432  1.217441E-15
6686.29826524899  1.140097E-15
6689.33967543365  1.075753E-15
6692.38108561832  1.045594E-15
6695.42249580299  1.019925E-15
6698.46390598766  9.815412E-16
6701.50531617232  9.273360E-16
6704.54672635699  9.254974E-16
6707.58813654166  9.361016E-16
6710.62954672632  9.101182E-16
6713.67095691099  8.619686E-16
6716.71236709566  8.096099E-16
6719.75377728032  8.269639E-16
6722.79518746499  8.386720E-16
6725.83659764966  8.140839E-16
6728.87800783433  7.845367E-16
6731.91941801899  8.014637E-16
6734.96082820366  7.991484E-16
6738.00223838833  7.801237E-16
6741.04364857299  7.502578E-16
6744.08505875766  7.580491E-16
6747.12646894233  7.729559E-16
6750.16787912699  7.570334E-16
6753.20928931166  7.588345E-16
6756.25069949633  7.345706E-16
6759.29210968099  7.226132E-16
6762.33351986566  7.332173E-16
6765.37493005033  7.442109E-16
6768.416340235  7.243644E-16
6771.45775041966  7.249626E-16
6774.49916060433  7.379225E-16
6777.540570789  7.165925E-16
6780.58198097366  7.175559E-16
6783.62339115833  7.196688E-16
6786.664801343  7.317911E-16
6789.70621152767  7.269660E-16
6792.74762171233  7.379255E-16
6795.789031897  7.234176E-16
6798.83044208167  7.332163E-16
6801.87185226633  7.214126E-16
6804.913262451  7.000395E-16
6807.95467263567  7.274305E-16
6810.99608282034  7.297534E-16
6814.037493005  7.213226E-16
6817.07890318967  7.011171E-16
6820.12031337434  7.285975E-16
6823.161723559  7.358869E-16
6826.20313374367  7.124765E-16
6829.24454392834  7.265246E-16
6832.285954113  7.161164E-16
6835.32736429767  7.126397E-16
6838.36877448234  7.001112E-16
6841.410184667  7.188684E-16
6844.45159485167  7.060429E-16
6847.49300503634  7.235087E-16
6850.53441522101  7.038156E-16
6853.57582540567  7.002119E-16
6856.61723559034  7.011762E-16
6859.65864577501  7.071663E-16
6862.70005595967  6.717916E-16
6865.74146614434  6.515220E-16
6868.78287632901  6.751458E-16
6871.82428651368  7.088557E-16
6874.86569669834  7.170559E-16
6877.90710688301  7.397390E-16
6880.94851706768  7.314317E-16
6883.98992725234  6.994152E-16
6887.03133743701  7.079595E-16
6890.07274762168  7.071573E-16
6893.11415780634  6.682995E-16
6896.15556799101  6.988664E-16
6899.19697817568  6.997508E-16
6902.23838836035  6.894076E-16
6905.27979854501  6.762312E-16
6908.32120872968  6.931180E-16
6911.36261891434  6.848252E-16
6914.40402909901  6.743669E-16
6917.44543928368  6.671310E-16
6920.48684946835  6.835143E-16
6923.52825965301  6.613875E-16
6926.56966983768  6.781136E-16
6929.61108002235  6.892604E-16
6932.65249020701  6.850856E-16
6935.69390039168  6.729345E-16
6938.73531057635  6.869022E-16
6941.77672076102  6.957587E-16
6944.81813094568  6.713360E-16
6947.85954113035  6.667474E-16
6950.90095131502  6.656799E-16
6953.94236149968  6.729165E-16
6956.98377168435  6.825327E-16
6960.02518186902  6.651986E-16
6963.06659205369  6.463541E-16
6966.10800223835  6.877823E-16
6969.14941242302  6.665476E-16
6972.19082260769  6.645311E-16
6975.23223279235  6.633509E-16
6978.27364297702  6.463005E-16
6981.31505316169  6.491736E-16
6984.35646334635  6.619015E-16
6987.39787353102  6.390169E-16
6990.43928371569  6.469367E-16
6993.48069390036  6.517317E-16
6996.52210408502  6.537101E-16
6999.56351426969  6.638463E-16
7002.60492445436  6.558391E-16
7005.64633463902  6.579820E-16
7008.68774482369  6.643643E-16
7011.72915500836  6.475914E-16
7014.77056519302  6.411360E-16
7017.81197537769  6.557976E-16
7020.85338556236  6.730498E-16
7023.89479574702  6.699287E-16
7026.93620593169  6.454910E-16
7029.97761611636  6.579729E-16
7033.01902630103  6.746290E-16
7036.06043648569  6.585077E-16
7039.10184667036  6.522922E-16
7042.14325685503  6.331703E-16
7045.18466703969  6.380996E-16
7048.22607722436  6.357416E-16
7051.26748740903  6.508439E-16
7054.3088975937  6.446922E-16
7057.35030777836  6.072088E-16
7060.39171796303  6.347889E-16
7063.4331281477  6.326897E-16
7066.47453833236  6.357179E-16
7069.51594851703  6.376334E-16
7072.5573587017  6.680285E-16
7075.59876888636  6.465154E-16
7078.64017907103  6.181249E-16
7081.6815892557  6.387458E-16
7084.72299944037  6.383363E-16
7087.76440962503  6.488556E-16
7090.8058198097  6.437388E-16
7093.84722999437  6.213977E-16
7096.88864017904  6.397613E-16
7099.9300503637  6.323056E-16
7102.97146054837  6.260562E-16
7106.01287073303  6.424994E-16
7109.0542809177  6.191735E-16
7112.09569110237  6.304106E-16
7115.13710128703  6.414537E-16
7118.1785114717  6.069481E-16
7121.21992165637  6.214764E-16
7124.26133184104  6.262476E-16
7127.3027420257  6.200395E-16
7130.34415221037  6.046549E-16
7133.38556239504  6.191647E-16
7136.4269725797  6.313211E-16
7139.46838276437  6.179983E-16
7142.50979294904  6.202589E-16
7145.55120313371  6.310213E-16
7148.59261331837  6.317107E-16
7151.63402350304  6.283314E-16
7154.67543368771  6.554844E-16
7157.71684387237  6.249025E-16
7160.75825405704  6.412691E-16
7163.79966424171  6.237887E-16
7166.84107442637  6.041482E-16
7169.88248461104  6.068186E-16
7172.92389479571  5.960516E-16
7175.96530498038  6.086376E-16
7179.00671516504  6.183957E-16
7182.04812534971  6.281742E-16
7185.08953553438  6.016495E-16
7188.13094571904  6.315390E-16
7191.17235590371  6.271817E-16
7194.21376608838  6.019826E-16
7197.25517627304  6.069052E-16
7200.29658645771  6.040235E-16
7203.33799664238  6.031065E-16
7206.37940682705  6.050307E-16
7209.42081701171  6.270763E-16
7212.46222719638  6.123791E-16
7215.50363738105  6.067817E-16
7218.54504756571  5.950186E-16
7221.58645775038  5.909766E-16
7224.62786793505  6.217817E-16
7227.66927811972  6.152226E-16
7230.71068830438  5.893314E-16
7233.75209848905  5.767104E-16
7236.79350867372  6.158558E-16
7239.83491885838  6.114944E-16
7242.87632904305  6.044858E-16
7245.91773922772  5.852102E-16
7248.95914941238  5.738596E-16
7252.00055959705  5.894679E-16
7255.04196978172  5.955451E-16
7258.08337996638  5.982158E-16
7261.12479015105  5.855434E-16
7264.16620033572  6.005960E-16
7267.20761052038  6.160635E-16
7270.24902070505  5.910686E-16
7273.29043088972  5.810093E-16
7276.33184107439  5.965193E-16
7279.37325125905  5.939230E-16
7282.41466144372  5.811602E-16
7285.45607162839  5.738606E-16
7288.49748181305  5.701888E-16
7291.53889199772  5.865093E-16
7294.58030218239  5.887264E-16
7297.62171236706  5.854864E-16
7300.66312255172  5.825589E-16
7303.70453273639  5.917433E-16
7306.74594292106  6.054948E-16
7309.78735310572  5.925262E-16
7312.82876329039  5.933670E-16
7315.87017347506  5.724359E-16
7318.91158365973  5.961669E-16
7321.95299384439  6.145293E-16
7324.99440402906  5.915504E-16
7328.03581421373  5.761578E-16
7331.07722439839  5.887981E-16
7334.11863458306  5.826236E-16
7337.16004476773  5.821269E-16
7340.20145495239  6.009263E-16
7343.24286513706  5.934048E-16
7346.28427532173  5.738108E-16
7349.3256855064  5.958778E-16
7352.36709569106  6.161631E-16
7355.40850587573  5.802626E-16
7358.4499160604  5.643912E-16
7361.49132624506  5.941274E-16
7364.53273642973  5.874505E-16
7367.5741466144  5.969950E-16
7370.61555679906  6.114336E-16
7373.65696698373  5.928209E-16
7376.6983771684  5.894660E-16
7379.73978735307  5.696972E-16
7382.78119753773  5.928596E-16
7385.8226077224  5.802105E-16
7388.86401790707  5.817192E-16
7391.90542809173  5.944010E-16
7394.9468382764  5.600569E-16
7397.98824846107  5.857932E-16
7401.02965864573  5.932610E-16
7404.0710688304  5.970363E-16
7407.11247901507  5.924216E-16
7410.15388919974  5.874874E-16
7413.1952993844  5.686657E-16
7416.23670956907  5.635976E-16
7419.27811975374  5.925821E-16
7422.3195299384  6.007811E-16
7425.36094012307  5.867138E-16
7428.40235030774  5.666979E-16
7431.44376049241  5.962269E-16
7434.48517067707  5.898725E-16
7437.52658086174  5.897559E-16
7440.56799104641  5.902390E-16
7443.60940123107  6.081263E-16
7446.65081141574  6.041153E-16
7449.69222160041  5.766803E-16
7452.73363178507  5.652860E-16
7455.77504196974  5.801795E-16
7458.81645215441  5.933904E-16
7461.85786233907  5.872075E-16
7464.89927252374  5.914796E-16
7467.94068270841  6.062448E-16
7470.98209289308  6.076174E-16
7474.02350307774  5.868085E-16
7477.06491326241  5.645698E-16
7480.10632344707  5.908262E-16
7483.14773363174  6.076382E-16
7486.18914381641  5.939854E-16
7489.23055400108  5.514208E-16
7492.27196418574  5.763422E-16
7495.31337437041  5.795852E-16
7498.35478455508  5.951488E-16
7501.39619473974  5.976942E-16
7504.43760492441  5.954353E-16
7507.47901510908  5.888227E-16
7510.52042529375  5.694600E-16
7513.56183547841  5.571361E-16
7516.60324566308  5.658940E-16
7519.64465584775  5.903857E-16
7522.68606603241  5.737726E-16
7525.72747621708  5.735274E-16
7528.76888640175  5.831278E-16
7531.81029658641  5.770091E-16
7534.85170677108  5.728710E-16
7537.89311695575  5.691427E-16
7540.93452714042  5.751051E-16
7543.97593732508  5.840630E-16
7547.01734750975  5.554144E-16
7550.05875769442  5.720284E-16
7553.10016787908  5.826599E-16
7556.14157806375  5.747711E-16
7559.18298824842  5.739320E-16
7562.22439843308  5.708706E-16
7565.26580861775  5.790541E-16
7568.30721880242  5.701932E-16
7571.34862898709  5.685605E-16
7574.39003917175  5.655275E-16
7577.43144935642  5.745105E-16
7580.47285954109  5.738978E-16
7583.51426972575  5.737692E-16
7586.55567991042  5.675770E-16
7589.59709009509  5.754723E-16
7592.63850027975  5.539744E-16
7595.67991046442  5.069470E-16
7598.72132064909  4.901971E-16
7601.76273083376  4.964327E-16
7604.80414101842  5.179780E-16
7607.84555120309  5.451019E-16
7610.88696138776  5.442114E-16
7613.92837157242  6.015741E-16
7616.96978175709  6.103878E-16
7620.01119194176  5.539325E-16
7623.05260212642  5.429378E-16
7626.09401231109  5.504947E-16
7629.13542249576  5.197960E-16
7632.17683268043  5.239216E-16
7635.21824286509  5.411255E-16
7638.25965304976  5.555989E-16
7641.30106323443  5.604646E-16
7644.3424734191  5.588140E-16
7647.38388360376  5.603502E-16
7650.42529378843  5.892147E-16
7653.4667039731  5.797685E-16
7656.50811415776  5.992343E-16
7659.54952434243  5.926395E-16
7662.5909345271  5.795620E-16
7665.63234471176  5.615465E-16
7668.67375489643  5.626123E-16
7671.7151650811  5.632288E-16
7674.75657526576  5.656908E-16
7677.79798545043  5.728619E-16
7680.8393956351  5.593743E-16
7683.88080581977  5.441249E-16
7686.92221600443  5.479270E-16
7689.9636261891  5.749835E-16
7693.00503637377  5.707312E-16
7696.04644655843  5.453569E-16
7699.0878567431  5.849736E-16
7702.12926692777  5.704729E-16
7705.17067711243  5.458948E-16
7708.2120872971  5.616506E-16
7711.25349748177  5.468378E-16
7714.29490766644  5.211951E-16
7717.3363178511  5.520091E-16
7720.37772803577  5.708268E-16
7723.41913822044  5.453039E-16
7726.4605484051  5.516632E-16
7729.50195858977  5.534959E-16
7732.54336877444  5.657702E-16
7735.5847789591  5.780623E-16
7738.62618914377  5.833732E-16
7741.66759932844  5.541063E-16
7744.7090095131  5.841414E-16
7747.75041969777  5.382872E-16
7750.79182988244  5.507423E-16
7753.83324006711  5.516528E-16
7756.87465025177  5.670562E-16
7759.91606043644  5.420501E-16
7762.95747062111  5.521492E-16
7765.99888080577  5.316473E-16
7769.04029099044  5.355141E-16
7772.08170117511  5.377766E-16
7775.12311135978  5.372326E-16
7778.16452154444  5.554810E-16
7781.20593172911  5.488754E-16
7784.24734191378  5.344073E-16
7787.28875209844  5.299150E-16
7790.33016228311  5.371570E-16
7793.37157246778  5.477163E-16
7796.41298265245  5.281227E-16
7799.45439283711  5.329659E-16
7802.49580302178  5.285402E-16
7805.53721320645  5.441449E-16
7808.57862339111  5.454550E-16
7811.62003357578  5.469450E-16
7814.66144376045  5.593544E-16
7817.70285394511  5.303071E-16
7820.74426412978  5.625927E-16
7823.78567431445  5.263622E-16
7826.82708449911  5.268784E-16
7829.86849468378  5.346331E-16
7832.90990486845  5.387646E-16
7835.95131505311  5.332222E-16
7838.99272523778  5.248582E-16
7842.03413542245  5.490711E-16
7845.07554560712  5.386727E-16
7848.11695579178  5.167331E-16
7851.15836597645  5.249264E-16
7854.19977616112  5.461983E-16
7857.24118634579  5.234273E-16
7860.28259653045  5.140134E-16
7863.32400671512  5.195536E-16
7866.36541689979  4.957414E-16
7869.40682708445  5.168380E-16
7872.44823726912  5.040125E-16
7875.48964745379  5.145025E-16
7878.53105763845  5.056489E-16
7881.57246782312  5.064949E-16
7884.61387800779  5.050975E-16
7887.65528819245  4.695889E-16
7890.69669837712  4.620048E-16
7893.73810856179  4.708823E-16
7896.77951874645  4.945786E-16
7899.82092893112  5.318074E-16
7902.86233911579  5.478222E-16
7905.90374930046  5.328264E-16
7908.94515948512  5.444464E-16
7911.98656966979  5.363301E-16
7915.02797985446  5.358698E-16
7918.06939003912  5.277138E-16
7921.11080022379  5.581439E-16
7924.15221040846  4.997391E-16
7927.19362059313  5.305304E-16
7930.23503077779  5.266353E-16
7933.27644096246  5.354326E-16
7936.31785114713  5.432279E-16
7939.35926133179  5.130203E-16
7942.40067151646  5.189518E-16
7945.44208170113  5.204918E-16
7948.48349188579  5.237328E-16
7951.52490207046  5.322363E-16
7954.56631225513  5.391942E-16
7957.60772243979  5.537621E-16
7960.64913262446  5.325000E-16
7963.69054280913  5.074358E-16
7966.7319529938  5.105909E-16
7969.77336317846  5.387917E-16
7972.81477336313  5.271455E-16
7975.8561835478  5.304374E-16
7978.89759373247  5.030765E-16
7981.93900391713  5.168472E-16
7984.9804141018  5.048831E-16
7988.02182428647  5.044414E-16
7991.06323447113  5.413939E-16
7994.1046446558  5.471732E-16
7997.14605484047  5.236684E-16
8000.18746502513  4.993448E-16
8003.2288752098  5.176020E-16
8006.27028539447  5.205283E-16
8009.31169557913  5.250288E-16
8012.3531057638  5.262047E-16
8015.39451594847  5.316959E-16
8018.43592613314  5.350732E-16
8021.4773363178  5.392010E-16
8024.51874650247  5.321963E-16
8027.56015668714  5.284272E-16
8030.6015668718  5.189194E-16
8033.64297705647  5.268296E-16
8036.68438724114  5.281550E-16
8039.72579742581  5.198767E-16
8042.76720761047  5.153055E-16
8045.80861779514  5.218638E-16
8048.85002797981  5.143779E-16
8051.89143816447  4.867634E-16
8054.93284834914  5.026869E-16
8057.97425853381  4.974438E-16
8061.01566871847  5.019317E-16
8064.05707890314  4.955632E-16
8067.09848908781  4.872580E-16
8070.13989927247  4.874916E-16
8073.18130945714  5.118409E-16
8076.22271964181  5.043264E-16
8079.26412982648  4.846519E-16
8082.30554001114  4.971866E-16
8085.34695019581  4.821207E-16
8088.38836038048  4.828086E-16
8091.42977056514  4.796625E-16
8094.47118074981  4.908454E-16
8097.51259093448  5.022198E-16
8100.55400111914  4.998767E-16
8103.59541130381  4.923806E-16
8106.63682148848  4.954799E-16
8109.67823167315  5.147239E-16
8112.71964185781  5.089844E-16
8115.76105204248  5.058551E-16
8118.80246222715  4.619873E-16
8121.84387241181  4.733250E-16
8124.88528259648  4.622343E-16
8127.92669278115  4.983261E-16
8130.96810296582  4.781833E-16
8134.00951315048  4.702505E-16
8137.05092333515  4.633121E-16
8140.09233351981  4.645774E-16
8143.13374370448  4.953553E-16
8146.17515388915  4.584441E-16
8149.21656407382  4.625137E-16
8152.25797425848  4.781323E-16
8155.29938444315  4.759029E-16
8158.34079462782  4.921613E-16
8161.38220481248  4.753627E-16
8164.42361499715  4.926590E-16
8167.46502518182  5.050169E-16
8170.50643536649  4.535249E-16
8173.54784555115  4.701719E-16
8176.58925573582  4.602953E-16
8179.63066592049  4.775335E-16
8182.67207610515  4.843897E-16
8185.71348628982  4.833613E-16
8188.75489647449  4.838318E-16
8191.79630665916  4.610286E-16
8194.83771684382  4.716563E-16
8197.87912702849  4.584625E-16
8200.92053721315  4.877970E-16
8203.96194739782  4.969093E-16
8207.00335758249  4.696334E-16
8210.04476776715  4.575575E-16
8213.08617795182  4.762631E-16
8216.12758813649  4.603410E-16
8219.16899832116  4.789057E-16
8222.21040850582  4.861433E-16
8225.25181869049  4.336951E-16
8228.29322887516  4.377540E-16
8231.33463905983  4.647563E-16
8234.37604924449  4.559326E-16
8237.41745942916  4.736732E-16
8240.45886961383  4.574362E-16
8243.50027979849  4.626777E-16
8246.54168998316  4.690650E-16
8249.58310016783  4.567994E-16
8252.62451035249  4.253947E-16
8255.66592053716  4.448277E-16
8258.70733072183  4.576563E-16
8261.7487409065  4.479262E-16
8264.79015109116  4.666696E-16
8267.83156127583  4.614283E-16
8270.8729714605  4.620530E-16
8273.91438164516  4.424405E-16
8276.95579182983  4.501328E-16
8279.9972020145  4.652788E-16
8283.03861219917  4.683301E-16
8286.08002238383  4.629969E-16
8289.1214325685  4.706218E-16
8292.16284275317  4.306167E-16
8295.20425293783  4.529338E-16
8298.2456631225  4.655163E-16
8301.28707330717  4.344497E-16
8304.32848349183  4.497423E-16
8307.3698936765  4.472648E-16
8310.41130386117  4.266027E-16
8313.45271404583  4.428916E-16
8316.4941242305  4.556670E-16
8319.53553441517  4.407255E-16
8322.57694459983  4.551880E-16
8325.6183547845  4.731013E-16
8328.65976496917  4.695510E-16
8331.70117515384  4.775320E-16
8334.7425853385  4.768375E-16
8337.78399552317  4.832738E-16
8340.82540570784  4.644322E-16
8343.8668158925  4.678121E-16
8346.90822607717  4.453667E-16
8349.94963626184  4.477265E-16
8352.99104644651  4.531525E-16
8356.03245663117  4.717644E-16
8359.07386681584  4.490185E-16
8362.11527700051  4.548189E-16
8365.15668718517  4.861282E-16
8368.19809736984  4.697548E-16
8371.23950755451  4.278422E-16
8374.28091773918  4.692721E-16
8377.32232792384  4.825460E-16
8380.36373810851  4.920184E-16
8383.40514829318  4.560557E-16
8386.44655847784  4.648768E-16
8389.48796866251  4.514618E-16
8392.52937884718  4.763129E-16
8395.57078903185  4.819130E-16
8398.61219921651  4.552806E-16
8401.65360940118  4.629593E-16
8404.69501958584  4.829106E-16
8407.73642977051  4.740371E-16
8410.77783995518  4.652547E-16
8413.81925013985  4.797391E-16
8416.86066032451  4.926093E-16
8419.90207050918  4.681886E-16
8422.94348069385  4.689566E-16
8425.98489087851  4.442391E-16
8429.02630106318  3.973260E-16
8432.06771124785  4.576274E-16
8435.10912143251  4.617597E-16
8438.15053161718  4.495323E-16
8441.19194180185  4.572901E-16
8444.23335198652  4.451943E-16
8447.27476217118  4.491996E-16
8450.31617235585  4.035511E-16
8453.35758254052  4.303487E-16
8456.39899272518  4.630807E-16
8459.44040290985  4.574921E-16
8462.48181309452  4.622290E-16
8465.52322327918  4.595805E-16
8468.56463346385  4.395316E-16
8471.60604364852  4.375894E-16
8474.64745383319  4.487051E-16
8477.68886401785  4.895546E-16
8480.73027420252  4.497605E-16
8483.77168438719  4.078265E-16
8486.81309457185  4.337691E-16
8489.85450475652  4.638821E-16
8492.89591494119  4.529934E-16
8495.93732512586  4.504210E-16
8498.97873531052  4.499603E-16
8502.02014549519  4.220129E-16
8505.06155567986  4.100862E-16
8508.10296586452  4.490091E-16
8511.14437604919  4.476375E-16
8514.18578623386  4.305720E-16
8517.22719641852  4.282534E-16
8520.26860660319  4.494565E-16
8523.31001678786  4.136632E-16
8526.35142697253  4.342964E-16
8529.39283715719  4.296808E-16
8532.43424734186  4.023939E-16
8535.47565752653  4.206226E-16
8538.51706771119  4.271789E-16
8541.55847789586  4.390786E-16
8544.59988808053  4.460607E-16
8547.64129826519  4.241087E-16
8550.68270844986  4.223160E-16
8553.72411863453  4.498845E-16
8556.7655288192  4.301323E-16
8559.80693900386  4.344153E-16
8562.84834918853  4.669098E-16
8565.8897593732  4.414545E-16
8568.93116955786  4.331560E-16
8571.97257974253  4.318777E-16
8575.0139899272  4.024860E-16
8578.05540011186  4.090882E-16
8581.09681029653  4.149440E-16
8584.1382204812  4.364914E-16
8587.17963066587  4.245079E-16
8590.22104085053  4.263491E-16
8593.2624510352  4.624896E-16
8596.30386121986  4.422133E-16
8599.34527140453  3.932874E-16
8602.3866815892  4.210849E-16
8605.42809177387  4.344394E-16
8608.46950195853  4.292277E-16
8611.5109121432  4.034097E-16
8614.55232232787  4.002707E-16
8617.59373251254  4.282887E-16
8620.6351426972  4.420278E-16
8623.67655288187  4.297820E-16
8626.71796306654  3.948531E-16
8629.7593732512  4.033808E-16
8632.80078343587  4.549962E-16
8635.84219362054  4.169408E-16
8638.8836038052  4.375640E-16
8641.92501398987  4.376042E-16
8644.96642417454  4.040405E-16
8648.00783435921  3.946130E-16
8651.04924454387  4.203980E-16
8654.09065472854  4.307054E-16
8657.13206491321  4.133829E-16
8660.17347509787  3.963716E-16
8663.21488528254  4.318328E-16
8666.25629546721  4.626681E-16
8669.29770565188  4.224676E-16
8672.33911583654  4.019427E-16
8675.38052602121  4.104621E-16
8678.42193620588  4.215866E-16
8681.46334639054  4.205444E-16
8684.50475657521  4.253769E-16
8687.54616675988  4.245248E-16
8690.58757694454  4.262079E-16
8693.62898712921  4.415853E-16
8696.67039731388  4.172512E-16
8699.71180749855  4.241115E-16
8702.75321768321  4.311893E-16
8705.79462786788  4.309508E-16
8708.83603805254  4.187073E-16
8711.87744823721  4.328056E-16
8714.91885842188  4.261405E-16
8717.96026860655  4.137483E-16
8721.00167879121  4.127880E-16
8724.04308897588  4.019101E-16
8727.08449916055  4.203719E-16
8730.12590934521  4.170170E-16
8733.16731952988  4.167913E-16
8736.20872971455  3.821802E-16
8739.25013989922  3.962481E-16
8742.29155008388  3.791899E-16
8745.33296026855  3.898197E-16
8748.37437045322  3.752171E-16
8751.41578063788  3.728132E-16
8754.45719082255  4.113817E-16
8757.49860100722  4.409801E-16
8760.54001119188  4.013584E-16
8763.58142137655  3.909621E-16
8766.62283156122  3.995542E-16
8769.66424174589  4.106188E-16
8772.70565193055  3.937345E-16
8775.74706211522  3.943248E-16
8778.78847229989  3.660246E-16
8781.82988248455  3.756038E-16
8784.87129266922  3.768358E-16
8787.91270285389  3.786650E-16
8790.95411303856  3.531144E-16
8793.99552322322  3.358674E-16
8797.03693340789  3.782845E-16
8800.07834359256  3.842668E-16
8803.11975377722  4.111827E-16
8806.16116396189  3.825501E-16
8809.20257414656  3.816744E-16
8812.24398433122  3.713068E-16
8815.28539451589  3.441951E-16
8818.32680470056  3.590205E-16
8821.36821488522  3.902423E-16
8824.40962506989  4.129474E-16
8827.45103525456  3.964853E-16
8830.49244543922  3.650594E-16
8833.53385562389  4.085952E-16
8836.57526580856  4.103650E-16
8839.61667599323  3.821292E-16
8842.65808617789  3.720712E-16
8845.69949636256  3.884883E-16
8848.74090654723  3.931602E-16
8851.78231673189  3.977382E-16
8854.82372691656  4.123132E-16
8857.86513710123  3.759080E-16
8860.9065472859  3.446344E-16
8863.94795747056  3.608791E-16
8866.98936765523  3.993977E-16
8870.0307778399  3.818259E-16
8873.07218802456  3.919408E-16
8876.11359820923  3.796486E-16
8879.1550083939  3.502375E-16
8882.19641857856  3.939702E-16
8885.23782876323  3.822818E-16
8888.2792389479  3.521498E-16
8891.32064913257  3.329551E-16
8894.36205931723  3.367905E-16
8897.4034695019  3.733534E-16
8900.44487968657  4.198328E-16
8903.48628987123  3.688571E-16
8906.5277000559  3.698446E-16
8909.56911024057  3.645122E-16
8912.61052042524  3.952526E-16
8915.6519306099  3.688651E-16
8918.69334079457  3.568102E-16
8921.73475097924  3.364436E-16
8924.7761611639  3.509790E-16
8927.81757134857  3.660189E-16
8930.85898153324  3.586195E-16
8933.9003917179  3.655124E-16
8936.94180190257  3.754702E-16
8939.98321208724  3.532094E-16
8943.0246222719  3.876652E-16
8946.06603245657  3.673063E-16
8949.10744264124  3.341947E-16
8952.14885282591  3.648280E-16
8955.19026301057  3.855794E-16
8958.23167319524  3.811268E-16
8961.27308337991  3.523658E-16
8964.31449356457  3.502958E-16
8967.35590374924  3.736762E-16
8970.39731393391  3.458716E-16
8973.43872411858  3.237860E-16
8976.48013430324  3.517703E-16
8979.52154448791  3.556732E-16
8982.56295467258  3.440066E-16
8985.60436485724  3.629819E-16
8988.64577504191  3.598361E-16
8991.68718522658  4.031457E-16
8994.72859541124  3.523440E-16
8997.77000559591  3.507593E-16
9000.81141578058  3.120939E-16
9003.85282596525  3.700321E-16
9006.89423614991  3.942549E-16
9009.93564633458  3.620595E-16
9012.97705651924  3.389788E-16
9016.01846670391  3.386822E-16
9019.05987688858  3.472112E-16
9022.10128707325  3.322933E-16
9025.14269725791  3.330768E-16
9028.18410744258  3.400167E-16
9031.22551762725  3.120879E-16
9034.26692781191  3.123281E-16
9037.30833799658  3.500908E-16
9040.34974818125  3.330119E-16
9043.39115836592  3.441577E-16
9046.43256855058  3.187398E-16
9049.47397873525  3.291806E-16
9052.51538891992  3.328916E-16
9055.55679910458  3.279146E-16
9058.59820928925  3.688835E-16
9061.63961947392  3.534822E-16
9064.68102965858  3.297776E-16
9067.72243984325  3.158945E-16
9070.76385002792  2.826054E-16
9073.80526021259  3.189067E-16
9076.84667039725  3.603589E-16
9079.88808058192  3.141333E-16
9082.92949076659  3.548802E-16
9085.97090095125  3.387309E-16
9089.01231113592  3.081676E-16
9092.05372132059  3.073041E-16
9095.09513150526  3.231588E-16
9098.13654168992  3.183519E-16
9101.17795187459  3.178947E-16
9104.21936205925  3.180134E-16
9107.26077224392  3.129029E-16
9110.30218242859  3.315583E-16
9113.34359261326  2.962841E-16
9116.38500279792  2.966914E-16
9119.42641298259  3.084027E-16
9122.46782316726  2.866181E-16
9125.50923335192  2.976656E-16
9128.55064353659  2.733738E-16
9131.59205372126  2.820128E-16
9134.63346390593  3.031526E-16
9137.67487409059  2.900245E-16
9140.71628427526  3.234190E-16
9143.75769445993  3.048513E-16
9146.79910464459  2.917684E-16
9149.84051482926  2.811459E-16
9152.88192501393  2.771388E-16
9155.9233351986  3.797052E-16
9158.96474538326  3.543868E-16
9162.00615556793  3.028803E-16
9165.0475657526  3.305631E-16
9168.08897593726  3.300893E-16
9171.13038612193  3.296154E-16
9174.1717963066  3.291416E-16
9177.21320649126  3.286679E-16
9180.25461667593  3.281940E-16
9183.2960268606  3.277202E-16
9186.33743704526  3.272463E-16
9189.37884722993  3.267725E-16
9192.4202574146  3.262987E-16
9195.46166759926  3.258248E-16
9198.50307778393  3.253511E-16
9201.5444879686  3.248772E-16
9204.58589815327  3.244034E-16
9207.62730833794  3.239296E-16
9210.6687185226  3.234557E-16
9213.71012870727  3.229819E-16
9216.75153889193  3.225080E-16
9219.7929490766  3.220343E-16
9222.83435926127  3.215605E-16
9225.87576944594  3.210866E-16
9228.9171796306  3.206128E-16
9231.95858981527  3.201389E-16
9234.99999999994  3.196652E-16
