3800.  5.656579E-17
3803.04141018467  1.001845E-16
3806.08282036933  5.017652E-17
3809.124230554  8.569266E-18
3812.16564073867  1.991427E-17
3815.20705092334  7.402521E-17
3818.248461108  6.507093E-17
3821.28987129267  2.695145E-17
3824.33128147734  6.107585E-17
3827.372691662  9.612528E-17
3830.41410184667  4.733889E-17
3833.45551203134  4.941236E-17
3836.496922216  5.148566E-17
3839.53833240067  5.355913E-17
3842.57974258534  5.563260E-17
3845.62115277001  5.770591E-17
3848.66256295467  5.977938E-17
3851.70397313934  6.409222E-17
3854.74538332401  4.478166E-17
3857.78679350867  3.746402E-17
3860.82820369334  4.987871E-17
3863.86961387801  8.067496E-17
3866.91102406267  6.763917E-17
3869.95243424734  3.542658E-17
3872.99384443201  7.003473E-17
3876.03525461668  5.488730E-17
3879.07666480134  4.503688E-17
3882.11807498601  5.186513E-17
3885.15948517068  8.261987E-17
3888.20089535534  9.281174E-17
3891.24230554001  6.048423E-17
3894.28371572468  6.497310E-17
3897.32512590934  1.982902E-17
3900.36653609401  6.807837E-17
3903.40794627868  6.495770E-17
3906.44935646335  6.242725E-17
3909.49076664801  5.989700E-17
3912.53217683268  5.736654E-17
3915.57358701735  5.483629E-17
3918.61499720201  3.721526E-17
3921.65640738668  1.337753E-17
3924.69781757135  3.374087E-17
3927.73922775601  2.836160E-17
3930.78063794068  3.482546E-17
3933.82204812535  3.340401E-17
3936.86345831002  3.891361E-17
3939.90486849468  7.027078E-17
3942.94627867935  5.482460E-17
3945.98768886402  7.307138E-17
3949.02909904868  8.804329E-17
3952.07050923335  2.040998E-17
3955.11191941802  5.212324E-17
3958.15332960268  6.540085E-17
3961.19473978735  6.708997E-17
3964.23614997202  3.743992E-17
3967.27756015669  2.414113E-17
3970.31897034135  4.804307E-17
3973.36038052602  3.230321E-17
3976.40179071069  6.173410E-17
3979.44320089535  5.396270E-17
3982.48461108002  5.098676E-17
3985.52602126469  4.072349E-17
3988.56743144935  4.032424E-17
3991.60884163402  5.080022E-17
3994.65025181869  9.178775E-18
3997.69166200335  3.012485E-17
4000.73307218802  1.147874E-17
4003.77448237269  4.266970E-17
4006.81589255736  7.408960E-17
4009.85730274202  7.386029E-17
4012.89871292669  4.331830E-17
4015.94012311136  5.920045E-17
4018.98153329602  5.047429E-17
4022.02294348069  5.218793E-17
4025.06435366536  9.255221E-17
4028.10576385003  6.146712E-17
4031.14717403469  6.775730E-17
4034.18858421936  4.804505E-17
4037.22999440403  5.720010E-17
4040.27140458869  5.521928E-17
4043.31281477336  2.614211E-17
4046.35422495803  7.846969E-17
4049.39563514269  2.181443E-17
4052.43704532736  6.599165E-17
4055.47845551203  6.410271E-17
4058.5198656967  6.331084E-17
4061.56127588136  4.575084E-17
4064.60268606603  3.061844E-17
4067.6440962507  6.777165E-17
4070.68550643536  7.684898E-17
4073.72691662003  4.183623E-17
4076.7683268047  3.023600E-17
4079.80973698936  3.246368E-17
4082.85114717403  4.479101E-17
4085.8925573587  3.287518E-17
4088.93396754337  3.646258E-17
4091.97537772803  4.832788E-17
4095.0167879127  5.469593E-17
4098.05819809737  4.754464E-17
4101.09960828203  9.284296E-17
4104.1410184667  5.480101E-17
4107.18242865137  5.961226E-17
4110.22383883603  6.231498E-17
4113.2652490207  7.005855E-17
4116.30665920537  6.077011E-17
4119.34806939003  6.932258E-17
4122.3894795747  7.976053E-17
4125.43088975937  6.378146E-17
4128.47229994404  8.404041E-17
4131.5137101287  6.642720E-17
4134.55512031337  6.248797E-17
4137.59653049804  1.770710E-17
4140.6379406827  4.925119E-17
4143.67935086737  4.925866E-17
4146.72076105204  2.993238E-17
4149.76217123671  4.049348E-17
4152.80358142137  2.972304E-17
4155.84499160604  2.795820E-17
4158.88640179071  3.112545E-17
4161.92781197537  2.848263E-17
4164.96922216004  9.009803E-18
4168.01063234471  3.342139E-17
4171.05204252937  6.457489E-17
4174.09345271404  5.651759E-17
4177.13486289871  3.471824E-17
4180.17627308338  2.270568E-17
4183.21768326804  7.177542E-17
4186.25909345271  6.760097E-17
4189.30050363738  5.328767E-17
4192.34191382204  3.565529E-17
4195.38332400671  4.564464E-17
4198.42473419138  3.027542E-17
4201.46614437605  3.801069E-17
4204.50755456071  6.814041E-17
4207.54896474538  5.660244E-17
4210.59037493005  5.074944E-17
4213.63178511471  3.403015E-17
4216.67319529938  5.481881E-17
4219.71460548405  3.599237E-17
4222.75601566871  7.011850E-17
4225.79742585338  4.284105E-17
4228.83883603805  3.460840E-17
4231.88024622271  5.456006E-17
4234.92165640738  6.573255E-17
4237.96306659205  7.357736E-17
4241.00447677672  3.235846E-17
4244.04588696138  6.212873E-17
4247.08729714605  4.854662E-17
4250.12870733072  5.386440E-17
4253.17011751538  4.587993E-17
4256.21152770005  7.582592E-17
4259.25293788472  7.574935E-17
4262.29434806939  8.463020E-17
4265.33575825405  6.429104E-17
4268.37716843872  5.050286E-17
4271.41857862339  6.149554E-17
4274.45998880805  7.505919E-17
4277.50139899272  6.026724E-17
4280.54280917739  5.480260E-17
4283.58421936205  8.021729E-17
4286.62562954672  7.384493E-17
4289.66703973139  3.135716E-17
4292.70844991606  6.326672E-17
4295.74986010072  4.356115E-17
4298.79127028539  6.878620E-17
4301.83268047005  5.526098E-17
4304.87409065472  3.908103E-17
4307.91550083939  4.038226E-17
4310.95691102406  4.181166E-17
4313.99832120872  5.438134E-17
4317.03973139339  5.726365E-17
4320.08114157806  3.273206E-17
4323.12255176272  3.553441E-17
4326.16396194739  6.103426E-17
4329.20537213206  8.276858E-17
4332.24678231673  1.020992E-16
4335.28819250139  7.255296E-17
4338.32960268606  8.609723E-17
4341.37101287073  6.742983E-17
4344.41242305539  6.373300E-17
4347.45383324006  8.017400E-17
4350.49524342473  7.007151E-17
4353.53665360939  4.818626E-17
4356.57806379406  4.916212E-17
4359.61947397873  6.754047E-17
4362.6608841634  3.194779E-17
4365.70229434806  5.931289E-17
4368.74370453273  5.675376E-17
4371.7851147174  6.032225E-17
4374.82652490206  8.344021E-17
4377.86793508673  4.880951E-17
4380.9093452714  5.197034E-17
4383.95075545607  5.187054E-17
4386.99216564073  5.214255E-17
4390.0335758254  5.385145E-17
4393.07498601007  5.446149E-17
4396.11639619473  6.414383E-17
4399.1578063794  4.680148E-17
4402.19921656407  4.957808E-17
4405.24062674873  4.513362E-17
4408.2820369334  4.638114E-17
4411.32344711807  4.646938E-17
4414.36485730273  5.004802E-17
4417.4062674874  5.632136E-17
4420.44767767207  5.417585E-17
4423.48908785674  5.899063E-17
4426.5304980414  5.805138E-17
4429.57190822607  3.716176E-17
4432.61331841074  6.428123E-17
4435.6547285954  5.338219E-17
4438.69613878007  6.495992E-17
4441.73754896474  6.788437E-17
4444.77895914941  4.776212E-17
4447.82036933407  3.804358E-17
4450.86177951874  5.708309E-17
4453.90318970341  6.285214E-17
4456.94459988807  7.499373E-17
4459.98601007274  4.943554E-17
4463.02742025741  4.944307E-17
4466.06883044207  7.697734E-17
4469.11024062674  5.848768E-17
4472.15165081141  5.918983E-17
4475.19306099608  4.145409E-17
4478.23447118074  3.069724E-17
4481.27588136541  4.973073E-17
4484.31729155008  3.333426E-17
4487.35870173474  4.600995E-17
4490.40011191941  6.082978E-17
4493.44152210408  5.219009E-17
4496.48293228874  5.524528E-17
4499.52434247341  5.765261E-17
4502.56575265808  6.724184E-17
4505.60716284275  4.453364E-17
4508.64857302741  3.062939E-17
4511.68998321208  4.718341E-17
4514.73139339675  5.198904E-17
4517.77280358141  4.891016E-17
4520.81421376608  5.638537E-17
4523.85562395075  4.979537E-17
4526.89703413541  7.116623E-17
4529.93844432008  5.751363E-17
4532.97985450475  7.176471E-17
4536.02126468941  6.282363E-17
4539.06267487408  4.856821E-17
4542.10408505875  3.285140E-17
4545.14549524342  5.124939E-17
4548.18690542808  4.583595E-17
4551.22831561275  5.624613E-17
4554.26972579742  4.764176E-17
4557.31113598208  7.540262E-17
4560.35254616675  7.805730E-17
4563.39395635142  6.280806E-17
4566.43536653609  6.120557E-17
4569.47677672075  5.383737E-17
4572.51818690542  3.530704E-17
4575.55959709009  4.294707E-17
4578.60100727475  6.039033E-17
4581.64241745942  4.718149E-17
4584.68382764409  3.287469E-17
4587.72523782875  5.707599E-17
4590.76664801342  6.771894E-17
4593.80805819809  8.466228E-17
4596.84946838276  5.891094E-17
4599.89087856742  4.643632E-17
4602.93228875209  5.895479E-17
4605.97369893676  6.233368E-17
4609.01510912142  6.281490E-17
4612.05651930609  7.160934E-17
4615.09792949076  5.698348E-17
4618.13933967543  6.628114E-17
4621.18074986009  6.506008E-17
4624.22216004476  5.401458E-17
4627.26357022943  7.000644E-17
4630.30498041409  6.562384E-17
4633.34639059876  7.055194E-17
4636.38780078343  6.183353E-17
4639.42921096809  5.739299E-17
4642.47062115276  5.944120E-17
4645.51203133743  6.233090E-17
4648.5534415221  6.024290E-17
4651.59485170676  5.910174E-17
4654.63626189143  4.419748E-17
4657.6776720761  4.552417E-17
4660.71908226076  4.897566E-17
4663.76049244543  4.391121E-17
4666.8019026301  5.225412E-17
4669.84331281476  3.853252E-17
4672.88472299943  2.725533E-17
4675.9261331841  4.232604E-17
4678.96754336876  4.982087E-17
4682.00895355343  4.877640E-17
4685.0503637381  6.431448E-17
4688.09177392277  6.669748E-17
4691.13318410743  6.488650E-17
4694.1745942921  7.399193E-17
4697.21600447677  6.221853E-17
4700.25741466143  4.885161E-17
4703.2988248461  5.607510E-17
4706.34023503077  7.238496E-17
4709.38164521543  5.561494E-17
4712.4230554001  5.593326E-17
4715.46446558477  4.730839E-17
4718.50587576944  6.584784E-17
4721.5472859541  6.213122E-17
4724.58869613877  6.451923E-17
4727.63010632344  6.160638E-17
4730.6715165081  7.133092E-17
4733.71292669277  7.740369E-17
4736.75433687744  4.714478E-17
4739.7957470621  6.985134E-17
4742.83715724677  7.708268E-17
4745.87856743144  7.845643E-17
4748.91997761611  6.114182E-17
4751.96138780077  4.560664E-17
4755.00279798544  5.696672E-17
4758.04420817011  8.374723E-17
4761.08561835477  9.617364E-17
4764.12702853944  6.167406E-17
4767.16843872411  7.507718E-17
4770.20984890877  6.208394E-17
4773.25125909344  6.581841E-17
4776.29266927811  6.449916E-17
4779.33407946277  7.844474E-17
4782.37548964744  7.621804E-17
4785.41689983211  7.163928E-17
4788.45831001678  7.443172E-17
4791.49972020144  5.366934E-17
4794.54113038611  7.619650E-17
4797.58254057078  7.242735E-17
4800.62395075545  5.265674E-17
4803.66536094011  6.373828E-17
4806.70677112478  1.007936E-16
4809.74818130945  7.541985E-17
4812.78959149411  6.144938E-17
4815.83100167878  6.231267E-17
4818.87241186345  7.499095E-17
4821.91382204811  3.888280E-17
4824.95523223278  5.714983E-17
4827.99664241745  6.690983E-17
4831.03805260212  6.786011E-17
4834.07946278678  5.208044E-17
4837.12087297145  5.653827E-17
4840.16228315612  6.396907E-17
4843.20369334078  6.422967E-17
4846.24510352545  7.214352E-17
4849.28651371012  6.961901E-17
4852.32792389478  5.329083E-17
4855.36933407945  5.429295E-17
4858.41074426412  8.066528E-17
4861.45215444879  6.636307E-17
4864.49356463345  5.719207E-17
4867.53497481812  6.426616E-17
4870.57638500279  4.951995E-17
4873.61779518745  5.998367E-17
4876.65920537212  5.769343E-17
4879.70061555679  5.753917E-17
4882.74202574145  4.826969E-17
4885.78343592612  5.900479E-17
4888.82484611079  6.946550E-17
4891.86625629545  6.408194E-17
4894.90766648012  8.700904E-17
4897.94907666479  5.759489E-17
4900.99048684946  6.199765E-17
4904.03189703412  7.336316E-17
4907.07330721879  5.055550E-17
4910.11471740346  6.510175E-17
4913.15612758812  6.317871E-17
4916.19753777279  5.378277E-17
4919.23894795746  6.340167E-17
4922.28035814212  6.296296E-17
4925.32176832679  5.469479E-17
4928.36317851146  6.911960E-17
4931.40458869613  7.062823E-17
4934.44599888079  7.394727E-17
4937.48740906546  5.700479E-17
4940.52881925013  7.498924E-17
4943.57022943479  7.217000E-17
4946.61163961946  7.893240E-17
4949.65304980413  8.538915E-17
4952.69445998879  6.708187E-17
4955.73587017346  5.517678E-17
4958.77728035813  6.716624E-17
4961.81869054279  6.960019E-17
4964.86010072746  6.212154E-17
4967.90151091213  6.887545E-17
4970.9429210968  5.991008E-17
4973.98433128146  6.068344E-17
4977.02574146613  6.582169E-17
4980.0671516508  5.566212E-17
4983.10856183546  5.657358E-17
4986.14997202013  6.402323E-17
4989.1913822048  6.776994E-17
4992.23279238947  6.055773E-17
4995.27420257413  6.217029E-17
4998.3156127588  9.693931E-17
5001.35702294347  1.059102E-16
5004.39843312813  8.164886E-17
5007.4398433128  6.033745E-17
5010.48125349747  6.452861E-17
5013.52266368214  8.218721E-17
5016.5640738668  8.421318E-17
5019.60548405147  5.262147E-17
5022.64689423614  4.827441E-17
5025.6883044208  8.216597E-17
5028.72971460547  6.416155E-17
5031.77112479014  6.081456E-17
5034.8125349748  6.935311E-17
5037.85394515947  7.130676E-17
5040.89535534414  6.270681E-17
5043.93676552881  7.959623E-17
5046.97817571347  7.866674E-17
5050.01958589814  6.580166E-17
5053.06099608281  5.634350E-17
5056.10240626747  5.417948E-17
5059.14381645214  7.510040E-17
5062.18522663681  5.598926E-17
5065.22663682147  6.406930E-17
5068.26804700614  7.250801E-17
5071.30945719081  9.323358E-17
5074.35086737548  7.113810E-17
5077.39227756014  6.169218E-17
5080.43368774481  6.122537E-17
5083.47509792948  7.123539E-17
5086.51650811414  8.294129E-17
5089.55791829881  5.139259E-17
5092.59932848348  4.362929E-17
5095.64073866814  6.169765E-17
5098.68214885281  7.319871E-17
5101.72355903748  6.811254E-17
5104.76496922214  6.048963E-17
5107.80637940681  5.098275E-17
5110.84778959148  6.147114E-17
5113.88919977615  5.295182E-17
5116.93060996081  5.527619E-17
5119.97202014548  6.381288E-17
5123.01343033015  6.817564E-17
5126.05484051482  6.286749E-17
5129.09625069948  6.447563E-17
5132.13766088415  5.678109E-17
5135.17907106882  6.337716E-17
5138.22048125348  7.375791E-17
5141.26189143815  5.281757E-17
5144.30330162282  6.882382E-17
5147.34471180748  9.072375E-17
5150.38612199215  9.068544E-17
5153.42753217682  5.124838E-17
5156.46894236148  5.379975E-17
5159.51035254615  4.699739E-17
5162.55176273082  5.420127E-17
5165.59317291549  6.782122E-17
5168.63458310015  4.713885E-17
5171.67599328482  6.005124E-17
5174.71740346949  6.574852E-17
5177.75881365415  5.542524E-17
5180.80022383882  6.542815E-17
5183.84163402349  4.769728E-17
5186.88304420816  6.200310E-17
5189.92445439282  6.967586E-17
5192.96586457749  5.539614E-17
5196.00727476216  5.484891E-17
5199.04868494682  6.040028E-17
5202.09009513149  7.388357E-17
5205.13150531616  6.903610E-17
5208.17291550082  6.082812E-17
5211.21432568549  5.738996E-17
5214.25573587016  7.310142E-17
5217.29714605482  7.315176E-17
5220.33855623949  5.472172E-17
5223.37996642416  4.937907E-17
5226.42137660883  6.466439E-17
5229.46278679349  7.136492E-17
5232.50419697816  7.513824E-17
5235.54560716283  7.542294E-17
5238.58701734749  7.293802E-17
5241.62842753216  7.148838E-17
5244.66983771683  6.425828E-17
5247.7112479015  6.207939E-17
5250.75265808616  4.753839E-17
5253.79406827083  4.959274E-17
5256.8354784555  7.802010E-17
5259.87688864016  7.350144E-17
5262.91829882483  7.016407E-17
5265.9597090095  6.286154E-17
5269.00111919416  5.735378E-17
5272.04252937883  5.834117E-17
5275.0839395635  6.558608E-17
5278.12534974816  5.924485E-17
5281.16675993283  6.447224E-17
5284.2081701175  7.313382E-17
5287.24958030216  6.640775E-17
5290.29099048683  6.755714E-17
5293.3324006715  5.940770E-17
5296.37381085617  5.935388E-17
5299.41522104083  4.510248E-17
5302.4566312255  6.173741E-17
5305.49804141017  6.572539E-17
5308.53945159484  4.989745E-17
5311.5808617795  7.007071E-17
5314.62227196417  4.353915E-17
5317.66368214884  4.311670E-17
5320.7050923335  6.334838E-17
5323.74650251817  6.455033E-17
5326.78791270284  6.166258E-17
5329.8293228875  5.365014E-17
5332.87073307217  7.274494E-17
5335.91214325684  7.167639E-17
5338.9535534415  5.689661E-17
5341.99496362617  6.594212E-17
5345.03637381084  6.725618E-17
5348.07778399551  7.216528E-17
5351.11919418017  4.888156E-17
5354.16060436484  6.907514E-17
5357.20201454951  7.543640E-17
5360.24342473417  5.276693E-17
5363.28483491884  5.514857E-17
5366.32624510351  7.976249E-17
5369.36765528817  5.580164E-17
5372.40906547284  4.203438E-17
5375.45047565751  5.090214E-17
5378.49188584218  5.125709E-17
5381.53329602684  6.016570E-17
5384.57470621151  5.531120E-17
5387.61611639618  5.860369E-17
5390.65752658084  6.410862E-17
5393.69893676551  5.267381E-17
5396.74034695018  6.527024E-17
5399.78175713485  6.935057E-17
5402.82316731951  5.505045E-17
5405.86457750418  5.814041E-17
5408.90598768885  5.875271E-17
5411.94739787351  6.852410E-17
5414.98880805818  6.419974E-17
5418.03021824285  6.156501E-17
5421.07162842751  6.323773E-17
5424.11303861218  6.410194E-17
5427.15444879685  7.560686E-17
5430.19585898152  6.262449E-17
5433.23726916618  5.689866E-17
5436.27867935085  6.928743E-17
5439.32008953552  6.737876E-17
5442.36149972018  7.008661E-17
5445.40290990485  6.807887E-17
5448.44432008952  5.150713E-17
5451.48573027418  7.278827E-17
5454.52714045885  6.841555E-17
5457.56855064352  4.258264E-17
5460.60996082819  6.952452E-17
5463.65137101285  6.409076E-17
5466.69278119752  5.018996E-17
5469.73419138219  6.777899E-17
5472.77560156685  6.417417E-17
5475.81701175152  6.162794E-17
5478.85842193619  3.864231E-17
5481.89983212085  6.693170E-17
5484.94124230552  5.441010E-17
5487.98265249019  6.177316E-17
5491.02406267486  6.096574E-17
5494.06547285952  6.690981E-17
5497.10688304419  6.381080E-17
5500.14829322886  6.429850E-17
5503.18970341352  7.617378E-17
5506.23111359819  7.154754E-17
5509.27252378286  6.698806E-17
5512.31393396752  4.734404E-17
5515.35534415219  6.616964E-17
5518.39675433686  8.020192E-17
5521.43816452153  6.398792E-17
5524.47957470619  4.548531E-17
5527.52098489086  6.544692E-17
5530.56239507553  6.277974E-17
5533.60380526019  6.020128E-17
5536.64521544486  4.897468E-17
5539.68662562953  6.056083E-17
5542.72803581419  7.719766E-17
5545.76944599886  6.792181E-17
5548.81085618353  5.878612E-17
5551.85226636819  7.427244E-17
5554.89367655286  8.581942E-17
5557.93508673753  7.082145E-17
5560.9764969222  4.144289E-17
5564.01790710686  4.410460E-17
5567.05931729153  4.826234E-17
5570.1007274762  4.768062E-17
5573.14213766086  4.709890E-17
5576.18354784553  4.651719E-17
5579.2249580302  4.593547E-17
5582.26636821487  4.535375E-17
5585.30777839953  5.489550E-17
5588.3491885842  6.485844E-17
5591.39059876887  7.439244E-17
5594.43200895353  8.508572E-17
5597.4734191382  6.418989E-17
5600.51482932287  4.847538E-17
5603.55623950754  5.198820E-17
5606.5976496922  5.150028E-17
5609.63905987687  5.071911E-17
5612.68047006154  6.575353E-17
5615.7218802462  6.090475E-17
5618.76329043087  6.183764E-17
5621.80470061554  6.069747E-17
5624.8461108002  4.064408E-17
5627.88752098487  6.259438E-17
5630.92893116954  6.944045E-17
5633.9703413542  6.038423E-17
5637.01175153887  6.564390E-17
5640.05316172354  6.347361E-17
5643.09457190821  6.598186E-17
5646.13598209287  6.151355E-17
5649.17739227754  5.760670E-17
5652.21880246221  5.361650E-17
5655.26021264687  4.922793E-17
5658.30162283154  6.372985E-17
5661.34303301621  6.690713E-17
5664.38444320087  5.469654E-17
5667.42585338554  6.291325E-17
5670.46726357021  7.225388E-17
5673.50867375488  4.740833E-17
5676.55008393954  6.337561E-17
5679.59149412421  6.953913E-17
5682.63290430888  5.437039E-17
5685.67431449354  6.030053E-17
5688.71572467821  7.804626E-17
5691.75713486288  8.399279E-17
5694.79854504755  7.072176E-17
5697.83995523221  7.347023E-17
5700.88136541688  5.725053E-17
5703.92277560154  6.280450E-17
5706.96418578621  6.743049E-17
5710.00559597088  5.805052E-17
5713.04700615555  6.369088E-17
5716.08841634021  9.381873E-17
5719.12982652488  6.080807E-17
5722.17123670955  4.599305E-17
5725.21264689421  4.872220E-17
5728.25405707888  5.978286E-17
5731.29546726355  5.622551E-17
5734.33687744822  6.808498E-17
5737.37828763288  6.572145E-17
5740.41969781755  5.340873E-17
5743.46110800222  6.963942E-17
5746.50251818688  7.413527E-17
5749.54392837155  6.642984E-17
5752.58533855622  6.751011E-17
5755.62674874089  6.805886E-17
5758.66815892555  5.697850E-17
5761.70956911022  6.453919E-17
5764.75097929488  5.502515E-17
5767.79238947955  6.114100E-17
5770.83379966422  6.722086E-17
5773.87520984889  5.571948E-17
5776.91662003355  5.381517E-17
5779.95803021822  5.855657E-17
5782.99944040289  6.685761E-17
5786.04085058755  6.755337E-17
5789.08226077222  7.751311E-17
5792.12367095689  5.829484E-17
5795.16508114156  5.660701E-17
5798.20649132622  6.323184E-17
5801.24790151089  5.037920E-17
5804.28931169556  5.737695E-17
5807.33072188022  5.724933E-17
5810.37213206489  7.385128E-17
5813.41354224956  6.647149E-17
5816.45495243422  5.173035E-17
5819.49636261889  4.682981E-17
5822.53777280356  5.630527E-17
5825.57918298823  7.455356E-17
5828.62059317289  5.597060E-17
5831.66200335756  5.832567E-17
5834.70341354223  5.778084E-17
5837.74482372689  5.569516E-17
5840.78623391156  6.216394E-17
5843.82764409623  4.954920E-17
5846.86905428089  6.649261E-17
5849.91046446556  5.511363E-17
5852.95187465023  4.391802E-17
5855.99328483489  6.256858E-17
5859.03469501956  5.744825E-17
5862.07610520423  7.311794E-17
5865.1175153889  5.773942E-17
5868.15892557356  5.548386E-17
5871.20033575823  6.596991E-17
5874.2417459429  5.406474E-17
5877.28315612756  5.421900E-17
5880.32456631223  6.375303E-17
5883.3659764969  6.250456E-17
5886.40738668157  5.852249E-17
5889.44879686623  6.044488E-17
5892.4902070509  6.958621E-17
5895.53161723557  5.020491E-17
5898.57302742023  5.696596E-17
5901.6144376049  6.394790E-17
5904.65584778957  7.102319E-17
5907.69725797423  6.675958E-17
5910.7386681589  5.558108E-17
5913.78007834357  5.550322E-17
5916.82148852824  6.128033E-17
5919.8628987129  6.372558E-17
5922.90430889757  6.550995E-17
5925.94571908224  6.658406E-17
5928.9871292669  4.200541E-17
5932.02853945157  5.252215E-17
5935.06994963624  6.552765E-17
5938.11135982091  6.819897E-17
5941.15277000557  5.668119E-17
5944.19418019024  5.146353E-17
5947.23559037491  5.651655E-17
5950.27700055957  4.551749E-17
5953.31841074424  6.586344E-17
5956.35982092891  5.685811E-17
5959.40123111357  4.716093E-17
5962.44264129824  5.587256E-17
5965.48405148291  5.968992E-17
5968.52546166758  6.428559E-17
5971.56687185224  5.703339E-17
5974.60828203691  4.259353E-17
5977.64969222158  6.120290E-17
5980.69110240624  7.724947E-17
5983.73251259091  5.828219E-17
5986.77392277558  5.368927E-17
5989.81533296024  5.496647E-17
5992.85674314491  6.160818E-17
5995.89815332958  4.875393E-17
5998.93956351424  4.807805E-17
6001.98097369891  4.158067E-17
6005.02238388358  4.855823E-17
6008.06379406825  6.416898E-17
6011.10520425291  6.747500E-17
6014.14661443758  6.320193E-17
6017.18802462225  6.044153E-17
6020.22943480691  6.143106E-17
6023.27084499158  6.193658E-17
6026.31225517625  5.995838E-17
6029.35366536092  6.176989E-17
6032.39507554558  6.323436E-17
6035.43648573025  6.538718E-17
6038.47789591492  7.183450E-17
6041.51930609958  7.026365E-17
6044.56071628425  6.261884E-17
6047.60212646892  4.874518E-17
6050.64353665358  5.473449E-17
6053.68494683825  7.423566E-17
6056.72635702292  5.099734E-17
6059.76776720758  4.382536E-17
6062.80917739225  4.086582E-17
6065.85058757692  4.591112E-17
6068.89199776159  5.201849E-17
6071.93340794625  5.198624E-17
6074.97481813092  5.547005E-17
6078.01622831559  6.686780E-17
6081.05763850025  7.008376E-17
6084.09904868492  6.281915E-17
6087.14045886959  6.921098E-17
6090.18186905426  5.440638E-17
6093.22327923892  5.213482E-17
6096.26468942359  6.310994E-17
6099.30609960826  5.656902E-17
6102.34750979292  4.790130E-17
6105.38891997759  4.826509E-17
6108.43033016226  6.233396E-17
6111.47174034693  6.414009E-17
6114.51315053159  5.443469E-17
6117.55456071626  5.294410E-17
6120.59597090092  6.771679E-17
6123.63738108559  7.723426E-17
6126.67879127026  5.079764E-17
6129.72020145493  3.658399E-17
6132.76161163959  5.554113E-17
6135.80302182426  8.043422E-17
6138.84443200893  7.305723E-17
6141.88584219359  4.613300E-17
6144.92725237826  5.472464E-17
6147.96866256293  5.123714E-17
6151.01007274759  5.545678E-17
6154.05148293226  6.370297E-17
6157.09289311693  5.157518E-17
6160.1343033016  5.169266E-17
6163.17571348626  5.461868E-17
6166.21712367093  4.884975E-17
6169.2585338556  5.215932E-17
6172.29994404026  5.874199E-17
6175.34135422493  5.710384E-17
6178.3827644096  6.653465E-17
6181.42417459427  5.058724E-17
6184.46558477893  6.046852E-17
6187.5069949636  6.474498E-17
6190.54840514827  6.414530E-17
6193.58981533293  6.186831E-17
6196.6312255176  5.205844E-17
6199.67263570227  5.619496E-17
6202.71404588693  6.833784E-17
6205.7554560716  5.023769E-17
6208.79686625627  4.871443E-17
6211.83827644093  5.991140E-17
6214.8796866256  6.479065E-17
6217.92109681027  5.776492E-17
6220.96250699494  6.185738E-17
6224.0039171796  6.231233E-17
6227.04532736427  5.821153E-17
6230.08673754894  5.341084E-17
6233.1281477336  4.425091E-17
6236.16955791827  5.281983E-17
6239.21096810294  6.595495E-17
6242.25237828761  6.779263E-17
6245.29378847227  4.950817E-17
6248.33519865694  5.973763E-17
6251.37660884161  6.003470E-17
6254.41801902627  4.827250E-17
6257.45942921094  5.254412E-17
6260.50083939561  7.000301E-17
6263.54224958027  3.663169E-17
6266.58365976494  4.642665E-17
6269.62506994961  4.696528E-17
6272.66648013427  4.942469E-17
6275.70789031894  5.678815E-17
6278.74930050361  6.107644E-17
6281.79071068828  4.337295E-17
6284.83212087294  4.823295E-17
6287.87353105761  3.508037E-17
6290.91494124228  6.605874E-17
6293.95635142694  5.678206E-17
6296.99776161161  5.989824E-17
6300.03917179628  8.536829E-17
6303.08058198095  6.440111E-17
6306.12199216561  5.474151E-17
6309.16340235028  6.084481E-17
6312.20481253495  5.792952E-17
6315.24622271961  4.851980E-17
6318.28763290428  5.483842E-17
6321.32904308895  5.474449E-17
6324.37045327361  5.144666E-17
6327.41186345828  6.103361E-17
6330.45327364295  5.799063E-17
6333.49468382761  5.689731E-17
6336.53609401228  5.323975E-17
6339.57750419695  5.671660E-17
6342.61891438162  5.757233E-17
6345.66032456628  4.242437E-17
6348.70173475095  5.336733E-17
6351.74314493562  6.904400E-17
6354.78455512028  5.375039E-17
6357.82596530495  5.906971E-17
6360.86737548962  5.667290E-17
6363.90878567429  5.302637E-17
6366.95019585895  7.001949E-17
6369.99160604362  7.251797E-17
6373.03301622829  4.918587E-17
6376.07442641296  4.468426E-17
6379.11583659762  4.932528E-17
6382.15724678229  6.441408E-17
6385.19865696695  6.354540E-17
6388.24006715162  5.144232E-17
6391.28147733629  5.413109E-17
6394.32288752096  5.600779E-17
6397.36429770562  5.806813E-17
6400.40570789029  4.423757E-17
6403.44711807496  5.782906E-17
6406.48852825962  5.665373E-17
6409.52993844429  4.270171E-17
6412.57134862896  4.925061E-17
6415.61275881363  5.220823E-17
6418.65416899829  5.277126E-17
6421.69557918296  5.387750E-17
6424.73698936763  5.553467E-17
6427.77839955229  5.655930E-17
6430.81980973696  4.534293E-17
6433.86121992163  5.900476E-17
6436.90263010629  5.387210E-17
6439.94404029096  5.082214E-17
6442.98545047563  7.310577E-17
6446.0268606603  6.701226E-17
6449.06827084496  5.069224E-17
6452.10968102963  6.433633E-17
6455.1510912143  5.044377E-17
6458.19250139896  5.248661E-17
6461.23391158363  4.008753E-17
6464.2753217683  4.620710E-17
6467.31673195296  4.187471E-17
6470.35814213763  4.477790E-17
6473.3995523223  4.489762E-17
6476.44096250697  4.113182E-17
6479.48237269163  5.374367E-17
6482.5237828763  5.903171E-17
6485.56519306097  6.325454E-17
6488.60660324563  5.373594E-17
6491.6480134303  4.036462E-17
6494.68942361497  5.660659E-17
6497.73083379963  6.639922E-17
6500.7722439843  4.909339E-17
6503.81365416897  6.077281E-17
6506.85506435363  6.236754E-17
6509.8964745383  7.086492E-17
6512.93788472297  7.051179E-17
6515.97929490764  4.874232E-17
6519.0207050923  5.019182E-17
6522.06211527697  6.817258E-17
6525.10352546164  6.584732E-17
6528.1449356463  5.815740E-17
6531.18634583097  6.228023E-17
6534.22775601564  5.074073E-17
6537.2691662003  4.696126E-17
6540.31057638497  4.445250E-17
6543.35198656964  4.342635E-17
6546.39339675431  5.616407E-17
6549.43480693897  6.015077E-17
6552.47621712364  5.924494E-17
6555.51762730831  4.926793E-17
6558.55903749297  7.294229E-17
6561.60044767764  6.453512E-17
6564.64185786231  5.309974E-17
6567.68326804697  4.723170E-17
6570.72467823164  5.548049E-17
6573.76608841631  6.741547E-17
6576.80749860098  6.875562E-17
6579.84890878564  5.736089E-17
6582.89031897031  6.059217E-17
6585.93172915498  5.018965E-17
6588.97313933964  5.971233E-17
6592.01454952431  5.488165E-17
6595.05595970898  5.707513E-17
6598.09736989364  5.402915E-17
6601.13878007831  6.775293E-17
6604.18019026298  7.521837E-17
6607.22160044764  5.312594E-17
6610.26301063231  6.051722E-17
6613.30442081698  6.783442E-17
6616.34583100165  6.628356E-17
6619.38724118631  6.510737E-17
6622.42865137098  7.388961E-17
6625.47006155565  7.376212E-17
6628.51147174032  6.000019E-17
6631.55288192498  5.751420E-17
6634.59429210965  6.368953E-17
6637.63570229432  5.645952E-17
6640.67711247898  5.970385E-17
6643.71852266365  7.498661E-17
6646.75993284831  6.782068E-17
6649.80134303298  6.340239E-17
6652.84275321765  5.949252E-17
6655.88416340232  6.030734E-17
6658.92557358699  6.034429E-17
6661.96698377165  6.864310E-17
6665.00839395632  8.101799E-17
6668.04980414099  7.155193E-17
6671.09121432565  8.008160E-17
6674.13262451032  8.107555E-17
6677.17403469499  6.940288E-17
6680.21544487965  7.010582E-17
6683.25685506432  7.935967E-17
6686.29826524899  7.928760E-17
6689.33967543365  8.449631E-17
6692.38108561832  8.930246E-17
6695.42249580299  7.731782E-17
6698.46390598766  7.934189E-17
6701.50531617232  8.718189E-17
6704.54672635699  7.434917E-17
6707.58813654166  7.307291E-17
6710.62954672632  8.533289E-17
6713.67095691099  8.604862E-17
6716.71236709566  8.798784E-17
6719.75377728032  8.176170E-17
6722.79518746499  8.995821E-17
6725.83659764966  9.269967E-17
6728.87800783433  8.517260E-17
6731.91941801899  9.329725E-17
6734.96082820366  1.108669E-16
6738.00223838833  1.077790E-16
6741.04364857299  9.680838E-17
6744.08505875766  9.764039E-17
6747.12646894233  2.039047E-16
6750.16787912699  2.877321E-16
6753.20928931166  2.529220E-16
6756.25069949633  1.486744E-16
6759.29210968099  8.452993E-17
6762.33351986566  7.707445E-17
6765.37493005033  7.616426E-17
6768.416340235  1.160865E-16
6771.45775041966  1.505755E-16
6774.49916060433  1.288093E-16
6777.540570789  9.405695E-17
6780.58198097366  8.528814E-17
6783.62339115833  8.799988E-17
6786.664801343  7.635118E-17
6789.70621152767  8.012971E-17
6792.74762171233  7.270861E-17
6795.789031897  7.184279E-17
6798.83044208167  5.457097E-17
6801.87185226633  6.185980E-17
6804.913262451  5.928466E-17
6807.95467263567  7.016626E-17
6810.99608282034  6.819940E-17
6814.037493005  4.959909E-17
6817.07890318967  5.541875E-17
6820.12031337434  7.466370E-17
6823.161723559  5.997353E-17
6826.20313374367  5.347362E-17
6829.24454392834  5.088012E-17
6832.285954113  6.237405E-17
6835.32736429767  6.150117E-17
6838.36877448234  5.466727E-17
6841.410184667  6.618373E-17
6844.45159485167  6.809833E-17
6847.49300503634  6.279023E-17
6850.53441522101  6.648944E-17
6853.57582540567  6.574623E-17
6856.61723559034  6.922603E-17
6859.65864577501  6.165767E-17
6862.70005595967  7.203974E-17
6865.74146614434  6.766387E-17
6868.78287632901  5.083807E-17
6871.82428651368  4.812966E-17
6874.86569669834  6.817668E-17
6877.90710688301  6.882136E-17
6880.94851706768  4.775339E-17
6883.98992725234  5.231082E-17
6887.03133743701  6.565465E-17
6890.07274762168  7.658321E-17
6893.11415780634  5.583009E-17
6896.15556799101  5.540571E-17
6899.19697817568  5.518732E-17
6902.23838836035  4.639455E-17
6905.27979854501  5.665093E-17
6908.32120872968  7.042088E-17
6911.36261891434  7.641705E-17
6914.40402909901  6.250879E-17
6917.44543928368  4.105882E-17
6920.48684946835  7.359601E-17
6923.52825965301  8.238432E-17
6926.56966983768  8.965118E-17
6929.61108002235  4.820222E-17
6932.65249020701  5.150210E-17
6935.69390039168  6.890236E-17
6938.73531057635  7.129842E-17
6941.77672076102  5.730623E-17
6944.81813094568  5.673633E-17
6947.85954113035  4.852829E-17
6950.90095131502  6.124821E-17
6953.94236149968  5.366528E-17
6956.98377168435  6.001387E-17
6960.02518186902  5.493120E-17
6963.06659205369  6.247802E-17
6966.10800223835  5.721331E-17
6969.14941242302  4.483002E-17
6972.19082260769  6.126967E-17
6975.23223279235  6.305481E-17
6978.27364297702  5.132490E-17
6981.31505316169  5.219342E-17
6984.35646334635  3.965201E-17
6987.39787353102  5.115211E-17
6990.43928371569  6.399120E-17
6993.48069390036  5.461887E-17
6996.52210408502  6.015983E-17
6999.56351426969  5.625252E-17
7002.60492445436  5.068572E-17
7005.64633463902  5.613839E-17
7008.68774482369  7.778088E-17
7011.72915500836  4.957776E-17
7014.77056519302  4.945451E-17
7017.81197537769  4.922712E-17
7020.85338556236  5.362917E-17
7023.89479574702  6.611261E-17
7026.93620593169  5.374582E-17
7029.97761611636  4.635431E-17
7033.01902630103  3.841076E-17
7036.06043648569  4.655959E-17
7039.10184667036  4.074263E-17
7042.14325685503  5.570984E-17
7045.18466703969  6.850952E-17
7048.22607722436  5.518749E-17
7051.26748740903  6.229519E-17
7054.3088975937  4.258170E-17
7057.35030777836  2.867679E-17
7060.39171796303  5.850941E-17
7063.4331281477  5.144609E-17
7066.47453833236  5.281101E-17
7069.51594851703  5.329856E-17
7072.5573587017  3.780867E-17
7075.59876888636  4.812184E-17
7078.64017907103  5.316306E-17
7081.6815892557  5.123055E-17
7084.72299944037  4.768125E-17
7087.76440962503  4.208306E-17
7090.8058198097  4.801754E-17
7093.84722999437  6.211685E-17
7096.88864017904  5.961616E-17
7099.9300503637  5.168585E-17
7102.97146054837  6.535712E-17
7106.01287073303  6.440287E-17
7109.0542809177  4.233769E-17
7112.09569110237  6.865540E-17
7115.13710128703  5.334649E-17
7118.1785114717  6.839538E-17
7121.21992165637  5.775386E-17
7124.26133184104  5.224004E-17
7127.3027420257  6.001723E-17
7130.34415221037  5.024721E-17
7133.38556239504  5.674487E-17
7136.4269725797  5.644795E-17
7139.46838276437  5.243339E-17
7142.50979294904  5.180177E-17
7145.55120313371  4.694737E-17
7148.59261331837  5.419914E-17
7151.63402350304  5.073455E-17
7154.67543368771  5.095938E-17
7157.71684387237  5.822530E-17
7160.75825405704  6.083319E-17
7163.79966424171  6.431648E-17
7166.84107442637  4.786835E-17
7169.88248461104  4.761951E-17
7172.92389479571  4.606039E-17
7175.96530498038  4.914063E-17
7179.00671516504  4.711756E-17
7182.04812534971  5.065662E-17
7185.08953553438  4.291040E-17
7188.13094571904  4.929960E-17
7191.17235590371  5.496084E-17
7194.21376608838  4.089204E-17
7197.25517627304  3.798294E-17
7200.29658645771  4.943429E-17
7203.33799664238  4.327638E-17
7206.37940682705  4.387713E-17
7209.42081701171  4.594556E-17
7212.46222719638  5.299084E-17
7215.50363738105  5.569081E-17
7218.54504756571  4.429164E-17
7221.58645775038  3.599457E-17
7224.62786793505  4.676737E-17
7227.66927811972  4.350781E-17
7230.71068830438  5.179031E-17
7233.75209848905  4.758550E-17
7236.79350867372  5.275141E-17
7239.83491885838  7.010217E-17
7242.87632904305  5.705243E-17
7245.91773922772  4.787162E-17
7248.95914941238  5.962841E-17
7252.00055959705  5.376745E-17
7255.04196978172  4.566539E-17
7258.08337996638  3.537705E-17
7261.12479015105  4.043448E-17
7264.16620033572  4.373391E-17
7267.20761052038  4.002000E-17
7270.24902070505  3.568484E-17
7273.29043088972  5.154514E-17
7276.33184107439  4.673812E-17
7279.37325125905  5.332110E-17
7282.41466144372  4.917663E-17
7285.45607162839  3.961242E-17
7288.49748181305  3.810372E-17
7291.53889199772  3.691991E-17
7294.58030218239  5.523823E-17
7297.62171236706  3.784070E-17
7300.66312255172  4.623036E-17
7303.70453273639  5.583706E-17
7306.74594292106  6.527502E-17
7309.78735310572  4.245106E-17
7312.82876329039  5.950827E-17
7315.87017347506  7.458950E-17
7318.91158365973  6.267591E-17
7321.95299384439  5.768976E-17
7324.99440402906  6.296230E-17
7328.03581421373  5.171053E-17
7331.07722439839  4.719191E-17
7334.11863458306  4.928206E-17
7337.16004476773  4.015536E-17
7340.20145495239  5.560044E-17
7343.24286513706  3.307321E-17
7346.28427532173  3.726070E-17
7349.3256855064  5.089724E-17
7352.36709569106  5.011961E-17
7355.40850587573  4.649233E-17
7358.4499160604  3.942375E-17
7361.49132624506  5.251650E-17
7364.53273642973  5.780621E-17
7367.5741466144  3.471405E-17
7370.61555679906  3.796035E-17
7373.65696698373  5.831135E-17
7376.6983771684  4.830599E-17
7379.73978735307  4.125111E-17
7382.78119753773  6.129972E-17
7385.8226077224  5.418977E-17
7388.86401790707  4.100330E-17
7391.90542809173  3.991922E-17
7394.9468382764  3.364234E-17
7397.98824846107  3.941286E-17
7401.02965864573  3.968778E-17
7404.0710688304  4.401161E-17
7407.11247901507  4.769817E-17
7410.15388919974  5.291597E-17
7413.1952993844  6.227928E-17
7416.23670956907  5.786066E-17
7419.27811975374  4.746831E-17
7422.3195299384  4.886407E-17
7425.36094012307  6.438993E-17
7428.40235030774  5.964729E-17
7431.44376049241  5.099136E-17
7434.48517067707  5.346739E-17
7437.52658086174  5.998217E-17
7440.56799104641  5.648503E-17
7443.60940123107  4.227711E-17
7446.65081141574  3.275235E-17
7449.69222160041  2.347192E-17
7452.73363178507  4.439769E-17
7455.77504196974  6.351605E-17
7458.81645215441  5.130756E-17
7461.85786233907  5.868703E-17
7464.89927252374  7.061684E-17
7467.94068270841  6.406726E-17
7470.98209289308  6.477825E-17
7474.02350307774  4.865539E-17
7477.06491326241  5.721076E-17
7480.10632344707  3.773766E-17
7483.14773363174  3.839960E-17
7486.18914381641  4.767274E-17
7489.23055400108  4.916735E-17
7492.27196418574  4.598768E-17
7495.31337437041  3.958624E-17
7498.35478455508  5.015347E-17
7501.39619473974  5.312249E-17
7504.43760492441  4.543372E-17
7507.47901510908  4.324271E-17
7510.52042529375  4.489774E-17
7513.56183547841  2.244188E-17
7516.60324566308  5.081833E-17
7519.64465584775  5.504096E-17
7522.68606603241  4.630170E-17
7525.72747621708  5.440405E-17
7528.76888640175  5.519852E-17
7531.81029658641  4.500561E-17
7534.85170677108  4.429329E-17
7537.89311695575  5.716924E-17
7540.93452714042  5.415731E-17
7543.97593732508  4.987286E-17
7547.01734750975  5.708885E-17
7550.05875769442  4.698608E-17
7553.10016787908  3.813989E-17
7556.14157806375  4.472832E-17
7559.18298824842  3.983349E-17
7562.22439843308  4.998697E-17
7565.26580861775  5.117819E-17
7568.30721880242  6.618075E-17
7571.34862898709  7.790001E-17
7574.39003917175  4.207538E-17
7577.43144935642  5.066460E-17
7580.47285954109  4.065683E-17
7583.51426972575  6.966834E-17
7586.55567991042  5.081071E-17
7589.59709009509  4.439259E-17
7592.63850027975  3.837258E-17
7595.67991046442  5.566304E-17
7598.72132064909  3.830767E-17
7601.76273083376  2.568996E-17
7604.80414101842  1.808963E-17
7607.84555120309  6.608114E-17
7610.88696138776  8.285087E-17
7613.92837157242  4.835045E-17
7616.96978175709  4.456232E-17
7620.01119194176  4.413494E-17
7623.05260212642  3.159926E-17
7626.09401231109  6.777853E-17
7629.13542249576  8.793376E-17
7632.17683268043  8.539998E-17
7635.21824286509  5.745435E-17
7638.25965304976  5.833531E-17
7641.30106323443  4.436161E-17
7644.3424734191  7.065153E-17
7647.38388360376  5.481436E-17
7650.42529378843  4.920273E-17
7653.4667039731  5.730992E-17
7656.50811415776  5.994424E-17
7659.54952434243  3.007618E-17
7662.5909345271  2.968252E-17
7665.63234471176  5.190617E-17
7668.67375489643  3.827277E-17
7671.7151650811  5.435505E-17
7674.75657526576  4.120491E-17
7677.79798545043  4.019754E-17
7680.8393956351  4.128063E-17
7683.88080581977  5.418742E-17
7686.92221600443  3.486629E-17
7689.9636261891  2.447569E-17
7693.00503637377  5.578355E-17
7696.04644655843  5.264690E-17
7699.0878567431  4.830176E-17
7702.12926692777  4.026443E-17
7705.17067711243  3.067427E-17
7708.2120872971  5.884894E-17
7711.25349748177  6.289096E-17
7714.29490766644  5.453761E-17
7717.3363178511  5.160705E-17
7720.37772803577  3.918875E-17
7723.41913822044  3.903276E-17
7726.4605484051  3.429864E-17
7729.50195858977  3.927485E-17
7732.54336877444  4.586243E-17
7735.5847789591  3.964421E-17
7738.62618914377  6.047699E-17
7741.66759932844  5.929381E-17
7744.7090095131  6.473048E-17
7747.75041969777  5.618919E-17
7750.79182988244  3.152809E-17
7753.83324006711  2.847943E-17
7756.87465025177  4.115474E-17
7759.91606043644  5.202868E-17
7762.95747062111  6.305144E-17
7765.99888080577  6.165692E-17
7769.04029099044  6.055490E-17
7772.08170117511  5.748262E-17
7775.12311135978  4.869202E-17
7778.16452154444  6.298843E-17
7781.20593172911  5.016273E-17
7784.24734191378  5.044160E-17
7787.28875209844  3.909524E-17
7790.33016228311  6.869756E-17
7793.37157246778  3.378808E-17
7796.41298265245  5.368189E-17
7799.45439283711  5.046438E-17
7802.49580302178  3.298111E-17
7805.53721320645  3.193661E-17
7808.57862339111  4.694531E-17
7811.62003357578  5.664340E-17
7814.66144376045  4.025443E-17
7817.70285394511  5.484593E-17
7820.74426412978  4.149035E-17
7823.78567431445  2.253526E-17
7826.82708449911  5.102323E-17
7829.86849468378  5.827528E-17
7832.90990486845  5.096912E-17
7835.95131505311  3.031616E-17
7838.99272523778  2.968475E-17
7842.03413542245  5.908719E-17
7845.07554560712  4.093007E-17
7848.11695579178  5.030181E-17
7851.15836597645  4.337808E-17
7854.19977616112  3.285715E-17
7857.24118634579  7.389357E-17
7860.28259653045  5.282875E-17
7863.32400671512  6.408044E-17
7866.36541689979  5.275438E-17
7869.40682708445  4.551716E-17
7872.44823726912  2.781805E-17
7875.48964745379  3.786050E-17
7878.53105763845  4.467048E-17
7881.57246782312  4.724682E-17
7884.61387800779  5.504102E-17
7887.65528819245  4.718803E-17
7890.69669837712  3.627929E-17
7893.73810856179  4.723786E-17
7896.77951874645  5.096356E-17
7899.82092893112  5.966271E-17
7902.86233911579  6.338428E-17
7905.90374930046  5.332581E-17
7908.94515948512  3.556282E-17
7911.98656966979  1.160767E-17
7915.02797985446  3.394042E-17
7918.06939003912  4.330782E-17
7921.11080022379  2.346305E-17
7924.15221040846  3.527137E-17
7927.19362059313  5.524719E-17
7930.23503077779  4.155579E-17
7933.27644096246  3.602648E-17
7936.31785114713  3.890862E-17
7939.35926133179  2.818060E-17
7942.40067151646  4.045859E-17
7945.44208170113  4.979083E-17
7948.48349188579  3.779204E-17
7951.52490207046  5.147905E-17
7954.56631225513  2.835735E-17
7957.60772243979  5.064657E-17
7960.64913262446  7.272528E-17
7963.69054280913  3.801964E-17
7966.7319529938  4.918514E-17
7969.77336317846  5.006274E-17
7972.81477336313  5.599161E-17
7975.8561835478  6.057718E-17
7978.89759373247  3.040578E-17
7981.93900391713  3.549783E-17
7984.9804141018  3.457485E-17
7988.02182428647  3.490222E-17
7991.06323447113  3.423034E-17
7994.1046446558  4.824589E-17
7997.14605484047  5.915929E-17
8000.18746502513  3.813763E-17
8003.2288752098  3.857550E-17
8006.27028539447  3.752825E-17
8009.31169557913  3.973233E-17
8012.3531057638  5.125587E-17
8015.39451594847  4.795669E-17
8018.43592613314  5.468759E-17
8021.4773363178  5.703087E-17
8024.51874650247  5.267832E-17
8027.56015668714  4.704767E-17
8030.6015668718  4.476719E-17
8033.64297705647  4.576542E-17
8036.68438724114  5.081902E-17
8039.72579742581  4.095287E-17
8042.76720761047  3.776323E-17
8045.80861779514  5.248521E-17
8048.85002797981  3.501934E-17
8051.89143816447  4.633404E-17
8054.93284834914  4.361777E-17
8057.97425853381  5.446633E-17
8061.01566871847  3.894878E-17
8064.05707890314  1.960272E-17
8067.09848908781  2.515770E-17
8070.13989927247  4.270385E-17
8073.18130945714  4.120738E-17
8076.22271964181  4.227510E-17
8079.26412982648  6.118761E-17
8082.30554001114  5.211677E-17
8085.34695019581  5.280670E-17
8088.38836038048  3.492168E-17
8091.42977056514  3.368377E-17
8094.47118074981  3.969710E-17
8097.51259093448  2.253776E-17
8100.55400111914  4.712028E-17
8103.59541130381  3.899147E-17
8106.63682148848  3.511175E-17
8109.67823167315  1.634855E-17
8112.71964185781  3.166758E-17
8115.76105204248  4.181431E-17
8118.80246222715  4.362023E-17
8121.84387241181  3.054130E-17
8124.88528259648  3.816823E-17
8127.92669278115  2.081123E-17
8130.96810296582  3.121780E-17
8134.00951315048  6.741006E-17
8137.05092333515  5.885074E-17
8140.09233351981  4.791648E-17
8143.13374370448  4.031305E-17
8146.17515388915  4.257994E-17
8149.21656407382  3.908350E-17
8152.25797425848  7.277742E-17
8155.29938444315  5.440209E-17
8158.34079462782  3.905522E-17
8161.38220481248  5.899383E-17
8164.42361499715  3.086950E-17
8167.46502518182  3.880986E-17
8170.50643536649  3.418786E-17
8173.54784555115  2.822143E-17
8176.58925573582  3.407444E-17
8179.63066592049  4.630159E-17
8182.67207610515  3.209475E-17
8185.71348628982  2.878552E-17
8188.75489647449  4.821313E-17
8191.79630665916  6.368720E-17
8194.83771684382  4.561252E-17
8197.87912702849  3.854539E-17
8200.92053721315  5.145446E-17
8203.96194739782  5.167037E-17
8207.00335758249  4.481957E-17
8210.04476776715  3.880609E-17
8213.08617795182  6.677783E-17
8216.12758813649  5.109376E-17
8219.16899832116  2.662202E-17
8222.21040850582  1.861131E-17
8225.25181869049  4.609518E-17
8228.29322887516  4.844522E-17
8231.33463905983  2.686340E-17
8234.37604924449  3.659068E-17
8237.41745942916  4.944106E-17
8240.45886961383  5.756320E-17
8243.50027979849  4.326649E-17
8246.54168998316  3.359898E-17
8249.58310016783  6.427777E-17
8252.62451035249  5.149056E-17
8255.66592053716  2.889993E-17
8258.70733072183  5.296537E-17
8261.7487409065  5.194577E-17
8264.79015109116  4.682050E-17
8267.83156127583  5.707218E-17
8270.8729714605  3.966104E-17
8273.91438164516  4.586252E-17
8276.95579182983  4.529385E-17
8279.9972020145  4.540762E-17
8283.03861219917  3.718810E-17
8286.08002238383  3.404687E-17
8289.1214325685  6.030079E-17
8292.16284275317  6.792230E-17
8295.20425293783  4.670597E-17
8298.2456631225  1.489034E-17
8301.28707330717  3.075796E-17
8304.32848349183  4.077535E-17
8307.3698936765  5.832302E-17
8310.41130386117  4.726181E-17
8313.45271404583  3.201299E-17
8316.4941242305  1.200720E-17
8319.53553441517  2.628755E-17
8322.57694459983  4.151927E-17
8325.6183547845  6.143327E-17
8328.65976496917  5.436234E-17
8331.70117515384  6.877739E-17
8334.7425853385  5.477456E-17
8337.78399552317  4.675686E-17
8340.82540570784  7.697689E-17
8343.8668158925  6.007764E-17
8346.90822607717  2.097708E-17
8349.94963626184  3.489891E-17
8352.99104644651  6.019941E-17
8356.03245663117  4.197725E-17
8359.07386681584  3.505809E-17
8362.11527700051  4.066691E-17
8365.15668718517  6.844903E-17
8368.19809736984  5.291585E-17
8371.23950755451  5.355519E-17
8374.28091773918  4.768349E-17
8377.32232792384  6.067625E-17
8380.36373810851  4.416986E-17
8383.40514829318  4.401832E-17
8386.44655847784  6.207934E-17
8389.48796866251  5.759480E-17
8392.52937884718  5.113573E-17
8395.57078903185  4.606877E-17
8398.61219921651  2.602921E-17
8401.65360940118  4.292923E-17
8404.69501958584  5.278333E-17
8407.73642977051  3.572084E-17
8410.77783995518  1.914811E-17
8413.81925013985  4.699868E-17
8416.86066032451  6.708461E-17
8419.90207050918  4.166905E-17
8422.94348069385  4.536116E-17
8425.98489087851  6.010764E-17
8429.02630106318  5.507458E-17
8432.06771124785  4.052358E-17
8435.10912143251  1.509684E-17
8438.15053161718  3.064946E-17
8441.19194180185  4.465649E-17
8444.23335198652  2.958247E-17
8447.27476217118  3.542836E-17
8450.31617235585  5.173030E-17
8453.35758254052  2.958817E-17
8456.39899272518  3.459263E-17
8459.44040290985  5.216329E-17
8462.48181309452  3.839732E-17
8465.52322327918  3.930430E-17
8468.56463346385  5.511412E-17
8471.60604364852  5.937904E-17
8474.64745383319  3.440858E-17
8477.68886401785  2.519912E-17
8480.73027420252  3.382268E-17
8483.77168438719  3.268278E-17
8486.81309457185  4.460235E-17
8489.85450475652  3.344662E-17
8492.89591494119  2.550897E-17
8495.93732512586  4.396756E-17
8498.97873531052  3.872252E-17
8502.02014549519  3.233160E-17
8505.06155567986  1.414091E-18
8508.10296586452  1.915407E-17
8511.14437604919  5.014736E-17
8514.18578623386  5.142797E-17
8517.22719641852  5.754187E-17
8520.26860660319  4.148114E-17
8523.31001678786  4.064078E-17
8526.35142697253  6.336610E-17
8529.39283715719  2.936857E-17
8532.43424734186  1.995729E-17
8535.47565752653  3.435087E-17
8538.51706771119  3.607250E-17
8541.55847789586  3.344788E-17
8544.59988808053  4.851713E-17
8547.64129826519  4.309871E-17
8550.68270844986  2.888394E-17
8553.72411863453  5.430731E-17
8556.7655288192  4.386006E-17
8559.80693900386  5.743046E-17
8562.84834918853  3.477436E-17
8565.8897593732  -4.576857E-19
8568.93116955786  6.464902E-17
8571.97257974253  6.737816E-17
8575.0139899272  5.057414E-17
8578.05540011186  5.401181E-17
8581.09681029653  5.215617E-17
8584.1382204812  3.918586E-17
8587.17963066587  2.132820E-17
8590.22104085053  -1.219189E-17
8593.2624510352  2.419348E-17
8596.30386121986  6.098041E-17
8599.34527140453  5.811885E-17
8602.3866815892  7.384763E-17
8605.42809177387  4.248598E-17
8608.46950195853  2.814533E-17
8611.5109121432  1.814920E-17
8614.55232232787  4.839143E-17
8617.59373251254  3.537381E-17
8620.6351426972  5.232352E-17
8623.67655288187  9.869367E-17
8626.71796306654  9.713933E-17
8629.7593732512  7.821560E-17
8632.80078343587  4.623998E-17
8635.84219362054  2.101394E-17
8638.8836038052  2.110996E-17
8641.92501398987  4.506652E-17
8644.96642417454  9.297279E-17
8648.00783435921  8.345311E-17
8651.04924454387  4.356454E-17
8654.09065472854  3.718921E-17
8657.13206491321  6.544760E-17
8660.17347509787  7.419216E-17
8663.21488528254  3.017535E-17
8666.25629546721  3.217576E-17
8669.29770565188  1.996235E-17
8672.33911583654  7.485732E-17
8675.38052602121  7.105879E-17
8678.42193620588  2.941538E-17
8681.46334639054  3.365352E-17
8684.50475657521  4.694141E-17
8687.54616675988  7.216280E-17
8690.58757694454  4.541507E-17
8693.62898712921  4.178360E-17
8696.67039731388  6.402769E-17
8699.71180749855  6.963842E-17
8702.75321768321  6.062591E-17
8705.79462786788  4.282066E-17
8708.83603805254  1.884665E-18
8711.87744823721  8.326821E-17
8714.91885842188  9.102250E-17
8717.96026860655  4.948881E-17
8721.00167879121  4.771643E-17
8724.04308897588  7.460135E-17
8727.08449916055  7.160157E-17
8730.12590934521  4.132698E-17
8733.16731952988  5.088701E-17
8736.20872971455  5.406638E-17
8739.25013989922  2.197099E-17
8742.29155008388  3.288826E-17
8745.33296026855  2.258247E-17
8748.37437045322  4.375463E-17
8751.41578063788  3.107101E-17
8754.45719082255  4.422129E-17
8757.49860100722  1.802640E-17
8760.54001119188  2.104021E-17
8763.58142137655  6.438610E-17
8766.62283156122  3.028537E-17
8769.66424174589  -2.016627E-17
8772.70565193055  4.878707E-17
8775.74706211522  4.439004E-17
8778.78847229989  6.082967E-17
8781.82988248455  4.179438E-17
8784.87129266922  1.820885E-17
8787.91270285389  4.626040E-17
8790.95411303856  4.096411E-17
8793.99552322322  3.237453E-18
8797.03693340789  2.295183E-18
8800.07834359256  1.202611E-17
8803.11975377722  5.611497E-17
8806.16116396189  3.144933E-17
8809.20257414656  4.939306E-17
8812.24398433122  6.169450E-17
8815.28539451589  3.330375E-17
8818.32680470056  1.252091E-17
8821.36821488522  5.115320E-17
8824.40962506989  9.605456E-17
8827.45103525456  3.003359E-17
8830.49244543922  -1.856605E-17
8833.53385562389  6.647682E-17
8836.57526580856  8.333492E-17
8839.61667599323  9.539081E-17
8842.65808617789  6.927733E-17
8845.69949636256  4.211482E-17
8848.74090654723  5.661462E-17
8851.78231673189  6.626799E-17
8854.82372691656  3.718839E-17
8857.86513710123  -1.077848E-17
8860.9065472859  1.118195E-19
8863.94795747056  1.370703E-17
8866.98936765523  4.842860E-17
8870.0307778399  5.779524E-17
8873.07218802456  4.643463E-17
8876.11359820923  5.803467E-17
8879.1550083939  3.491199E-17
8882.19641857856  7.665571E-17
8885.23782876323  7.120064E-17
8888.2792389479  5.458114E-18
8891.32064913257  2.431025E-17
8894.36205931723  7.031905E-17
8897.4034695019  4.241239E-17
8900.44487968657  1.065026E-17
8903.48628987123  3.471341E-17
8906.5277000559  5.430844E-17
8909.56911024057  8.154836E-17
8912.61052042524  4.049732E-17
8915.6519306099  3.636224E-17
8918.69334079457  9.221731E-17
8921.73475097924  6.772544E-17
8924.7761611639  1.359894E-17
8927.81757134857  1.066001E-17
8930.85898153324  4.729209E-17
8933.9003917179  2.240025E-17
8936.94180190257  3.874670E-17
8939.98321208724  9.138595E-17
8943.0246222719  9.701339E-17
8946.06603245657  7.772951E-17
8949.10744264124  4.035064E-17
8952.14885282591  2.900633E-17
8955.19026301057  4.940216E-17
8958.23167319524  4.971754E-17
8961.27308337991  2.627231E-17
8964.31449356457  4.517740E-18
8967.35590374924  4.054767E-17
8970.39731393391  5.556142E-17
8973.43872411858  5.411394E-17
8976.48013430324  4.984145E-17
8979.52154448791  8.616169E-17
8982.56295467258  4.100278E-17
8985.60436485724  4.612873E-17
8988.64577504191  -2.161861E-17
8991.68718522658  3.382815E-17
8994.72859541124  7.420231E-17
8997.77000559591  9.020321E-17
9000.81141578058  3.875341E-17
9003.85282596525  5.332739E-17
9006.89423614991  4.208026E-17
9009.93564633458  6.704214E-17
9012.97705651924  5.800529E-17
9016.01846670391  9.840852E-18
9019.05987688858  3.717702E-17
9022.10128707325  7.808959E-17
9025.14269725791  3.133904E-17
9028.18410744258  -6.658064E-18
9031.22551762725  2.312140E-17
9034.26692781191  6.328846E-17
9037.30833799658  4.727362E-17
9040.34974818125  1.050549E-17
9043.39115836592  5.213470E-17
9046.43256855058  6.146998E-17
9049.47397873525  5.485491E-17
9052.51538891992  5.752749E-17
9055.55679910458  7.683711E-18
9058.59820928925  3.063990E-17
9061.63961947392  3.840910E-17
9064.68102965858  2.492021E-17
9067.72243984325  2.337167E-17
9070.76385002792  4.831005E-17
9073.80526021259  5.007106E-17
9076.84667039725  3.322163E-17
9079.88808058192  4.579728E-17
9082.92949076659  4.519418E-17
9085.97090095125  8.317296E-17
9089.01231113592  6.844810E-17
9092.05372132059  4.527728E-17
9095.09513150526  2.541500E-17
9098.13654168992  1.550745E-17
9101.17795187459  2.714977E-17
9104.21936205925  5.008032E-17
9107.26077224392  5.311169E-17
9110.30218242859  1.233779E-17
9113.34359261326  2.468399E-17
9116.38500279792  2.809629E-17
9119.42641298259  1.397205E-17
9122.46782316726  4.178222E-17
9125.50923335192  8.581920E-18
9128.55064353659  2.132007E-17
9131.59205372126  2.750466E-17
9134.63346390593  1.749051E-17
9137.67487409059  5.662026E-17
9140.71628427526  4.030700E-17
9143.75769445993  3.644533E-17
9146.79910464459  5.117344E-17
9149.84051482926  3.596349E-17
9152.88192501393  4.526825E-17
9155.9233351986  -5.381329E-18
9158.96474538326  5.868355E-17
9162.00615556793  3.123279E-17
9165.0475657526  4.680701E-17
9168.08897593726  3.148322E-17
9171.13038612193  3.155721E-17
9174.1717963066  4.240662E-17
9177.21320649126  -4.441884E-18
9180.25461667593  -5.384794E-18
9183.2960268606  6.703218E-17
9186.33743704526  4.070921E-17
9189.37884722993  1.106612E-17
9192.4202574146  5.361954E-17
9195.46166759926  5.072714E-17
9198.50307778393  4.512704E-17
9201.5444879686  2.567254E-17
9204.58589815327  5.007858E-17
9207.62730833794  7.737343E-17
9210.6687185226  5.272338E-17
9213.71012870727  5.709723E-18
9216.75153889193  7.157451E-17
9219.7929490766  4.201324E-17
9222.83435926127  3.372365E-17
9225.87576944594  2.541797E-17
9228.9171796306  3.295763E-17
9231.95858981527  3.085786E-17
9234.99999999994  5.537190E-17
