7572.  1.723659E-16
7573.18663366337  1.685914E-16
7574.37326732673  1.648169E-16
7575.5599009901  1.826662E-16
7576.74653465346  1.841720E-16
7577.93316831683  1.668387E-16
7579.1198019802  1.749624E-16
7580.30643564356  1.778448E-16
7581.49306930693  1.685202E-16
7582.6797029703  1.808822E-16
7583.86633663366  1.685959E-16
7585.05297029703  1.678781E-16
7586.2396039604  1.761866E-16
7587.42623762376  1.955040E-16
7588.61287128713  1.756923E-16
7589.79950495049  1.753046E-16
7590.98613861386  1.790094E-16
7592.17277227723  1.841596E-16
7593.35940594059  1.666618E-16
7594.54603960396  1.584251E-16
7595.73267326733  1.782450E-16
7596.91930693069  1.501103E-16
7598.10594059406  1.659756E-16
7599.29257425742  1.373335E-16
7600.47920792079  1.722320E-16
7601.66584158416  1.717267E-16
7602.85247524752  1.504996E-16
7604.03910891089  1.391967E-16
7605.22574257426  1.879919E-16
7606.41237623762  1.502513E-16
7607.59900990099  1.367258E-16
7608.78564356436  1.525818E-16
7609.97227722772  1.846783E-16
7611.15891089109  1.684334E-16
7612.34554455445  1.636831E-16
7613.53217821782  1.680221E-16
7614.71881188119  1.793169E-16
7615.90544554455  1.904174E-16
7617.09207920792  2.091182E-16
7618.27871287129  1.805173E-16
7619.46534653465  1.657301E-16
7620.65198019802  1.707388E-16
7621.83861386139  1.640843E-16
7623.02524752475  1.963917E-16
7624.21188118812  1.875854E-16
7625.39851485148  1.847151E-16
7626.58514851485  1.640463E-16
7627.77178217822  1.679729E-16
7628.95841584158  1.752884E-16
7630.14504950495  1.810986E-16
7631.33168316832  1.694952E-16
7632.51831683168  1.797838E-16
7633.70495049505  1.947677E-16
7634.89158415841  1.669740E-16
7636.07821782178  1.751335E-16
7637.26485148515  1.949397E-16
7638.45148514851  1.935557E-16
7639.63811881188  1.647288E-16
7640.82475247525  1.647681E-16
7642.01138613861  1.790463E-16
7643.19801980198  1.838315E-16
7644.38465346534  1.542646E-16
7645.57128712871  1.665912E-16
7646.75792079208  1.941106E-16
7647.94455445544  1.811793E-16
7649.13118811881  1.577081E-16
7650.31782178218  1.818978E-16
7651.50445544554  1.963114E-16
7652.69108910891  2.011832E-16
7653.87772277227  1.850012E-16
7655.06435643564  1.910409E-16
7656.25099009901  1.912174E-16
7657.43762376238  1.775187E-16
7658.62425742574  1.835516E-16
7659.81089108911  1.876201E-16
7660.99752475247  1.954080E-16
7662.18415841584  2.083127E-16
7663.37079207921  1.667457E-16
7664.55742574257  1.666939E-16
7665.74405940594  1.646520E-16
7666.9306930693  1.814898E-16
7668.11732673267  1.816067E-16
7669.30396039604  1.752412E-16
7670.4905940594  1.739113E-16
7671.67722772277  1.826118E-16
7672.86386138614  2.017542E-16
7674.0504950495  1.959833E-16
7675.23712871287  1.789786E-16
7676.42376237624  1.618500E-16
7677.6103960396  1.798400E-16
7678.79702970297  1.750540E-16
7679.98366336633  1.741400E-16
7681.1702970297  1.942085E-16
7682.35693069307  1.816165E-16
7683.54356435643  1.749849E-16
7684.7301980198  1.666742E-16
7685.91683168316  1.675101E-16
7687.10346534653  1.807115E-16
7688.2900990099  1.890963E-16
7689.47673267326  1.979123E-16
7690.66336633663  1.979401E-16
7691.85  1.931079E-16
7693.03663366336  1.847742E-16
7694.22326732673  1.757467E-16
7695.4099009901  1.746129E-16
7696.59653465346  1.985137E-16
7697.78316831683  1.821590E-16
7698.9698019802  1.717565E-16
7700.15643564356  1.799651E-16
7701.34306930693  1.946929E-16
7702.52970297029  1.822650E-16
7703.71633663366  1.651515E-16
7704.90297029703  1.713458E-16
7706.08960396039  1.812049E-16
7707.27623762376  1.525144E-16
7708.46287128713  1.679034E-16
7709.64950495049  1.882125E-16
7710.83613861386  1.786005E-16
7712.02277227722  1.854474E-16
7713.20940594059  1.775479E-16
7714.39603960395  1.774173E-16
7715.58267326732  1.840540E-16
7716.76930693069  1.836705E-16
7717.95594059406  1.836219E-16
7719.14257425742  1.817788E-16
7720.32920792079  1.650987E-16
7721.51584158415  1.603688E-16
7722.70247524752  1.691912E-16
7723.88910891089  1.754206E-16
7725.07574257425  1.722478E-16
7726.26237623762  1.740221E-16
7727.44900990099  1.650680E-16
7728.63564356435  1.684458E-16
7729.82227722772  1.601517E-16
7731.00891089108  1.759534E-16
7732.19554455445  1.706172E-16
7733.38217821782  1.639146E-16
7734.56881188118  1.940124E-16
7735.75544554455  1.745231E-16
7736.94207920792  1.637170E-16
7738.12871287128  1.765704E-16
7739.31534653465  1.766563E-16
7740.50198019802  1.770076E-16
7741.68861386138  1.664020E-16
7742.87524752475  1.569791E-16
7744.06188118811  1.754045E-16
7745.24851485148  1.779819E-16
7746.43514851485  1.763962E-16
7747.62178217821  1.680543E-16
7748.80841584158  1.784319E-16
7749.99504950494  2.094008E-16
7751.18168316831  1.871932E-16
7752.36831683168  1.808656E-16
7753.55495049504  1.806760E-16
7754.74158415841  1.782228E-16
7755.92821782178  1.784971E-16
7757.11485148514  1.558447E-16
7758.30148514851  1.598405E-16
7759.48811881188  1.660293E-16
7760.67475247524  1.822347E-16
7761.86138613861  1.577335E-16
7763.04801980197  1.591573E-16
7764.23465346534  1.728066E-16
7765.42128712871  1.852115E-16
7766.60792079207  1.749879E-16
7767.79455445544  1.661733E-16
7768.98118811881  1.829252E-16
7770.16782178217  1.771158E-16
7771.35445544554  1.673973E-16
7772.54108910891  1.680413E-16
7773.72772277227  1.740546E-16
7774.91435643564  1.792984E-16
7776.10099009901  1.661468E-16
7777.28762376237  1.723008E-16
7778.47425742574  1.830924E-16
7779.6608910891  1.612348E-16
7780.84752475247  1.765629E-16
7782.03415841583  1.858867E-16
7783.2207920792  1.698385E-16
7784.40742574257  1.783356E-16
7785.59405940593  1.857985E-16
7786.7806930693  1.902162E-16
7787.96732673267  1.740945E-16
7789.15396039603  1.771228E-16
7790.3405940594  1.723470E-16
7791.52722772277  1.739505E-16
7792.71386138613  1.842297E-16
7793.9004950495  1.805762E-16
7795.08712871287  1.765378E-16
7796.27376237623  1.623983E-16
7797.4603960396  1.588733E-16
7798.64702970296  1.723539E-16
7799.83366336633  1.778550E-16
7801.0202970297  1.789454E-16
7802.20693069306  1.802734E-16
7803.39356435643  1.828058E-16
7804.5801980198  1.797141E-16
7805.76683168316  1.848733E-16
7806.95346534653  1.907737E-16
7808.1400990099  1.776729E-16
7809.32673267326  1.745989E-16
7810.51336633663  1.759671E-16
7811.69999999999  1.598229E-16
7812.88663366336  1.789174E-16
7814.07326732673  1.795176E-16
7815.25990099009  1.795644E-16
7816.44653465346  1.723861E-16
7817.63316831682  1.736088E-16
7818.81980198019  1.853456E-16
7820.00643564356  1.873247E-16
7821.19306930693  1.890227E-16
7822.37970297029  1.739225E-16
7823.56633663366  1.717456E-16
7824.75297029702  1.758390E-16
7825.93960396039  1.777365E-16
7827.12623762375  1.768906E-16
7828.31287128712  1.802733E-16
7829.49950495049  1.940865E-16
7830.68613861385  1.845784E-16
7831.87277227722  1.694195E-16
7833.05940594059  1.683283E-16
7834.24603960395  1.671765E-16
7835.43267326732  1.678413E-16
7836.61930693068  1.784758E-16
7837.80594059405  1.932847E-16
7838.99257425742  1.973001E-16
7840.17920792078  1.826541E-16
7841.36584158415  1.628398E-16
7842.55247524752  1.691340E-16
7843.73910891088  1.825646E-16
7844.92574257425  1.799076E-16
7846.11237623762  1.786567E-16
7847.29900990098  1.922802E-16
7848.48564356435  1.671072E-16
7849.67227722771  1.699008E-16
7850.85891089108  1.832027E-16
7852.04554455445  1.971667E-16
7853.23217821781  1.856439E-16
7854.41881188118  1.585753E-16
7855.60544554455  1.652121E-16
7856.79207920791  1.778131E-16
7857.97871287128  1.614019E-16
7859.16534653464  1.704750E-16
7860.35198019801  1.883807E-16
7861.53861386138  1.816357E-16
7862.72524752474  1.686049E-16
7863.91188118811  1.751050E-16
7865.09851485148  1.870875E-16
7866.28514851484  1.779623E-16
7867.47178217821  1.787288E-16
7868.65841584158  1.885717E-16
7869.84504950494  1.759939E-16
7871.03168316831  1.746012E-16
7872.21831683168  1.749189E-16
7873.40495049504  1.653974E-16
7874.59158415841  1.856916E-16
7875.77821782177  1.826433E-16
7876.96485148514  1.660434E-16
7878.15148514851  1.823500E-16
7879.33811881187  1.840379E-16
7880.52475247524  1.991603E-16
7881.71138613861  1.736570E-16
7882.89801980197  1.867158E-16
7884.08465346534  1.826756E-16
7885.2712871287  1.806620E-16
7886.45792079207  1.751705E-16
7887.64455445544  1.793751E-16
7888.8311881188  1.844406E-16
7890.01782178217  1.761391E-16
7891.20445544554  1.729382E-16
7892.3910891089  1.638571E-16
7893.57772277227  1.808449E-16
7894.76435643563  1.855938E-16
7895.950990099  1.719746E-16
7897.13762376237  1.752286E-16
7898.32425742573  1.832408E-16
7899.5108910891  1.852832E-16
7900.69752475247  1.664285E-16
7901.88415841583  1.655252E-16
7903.0707920792  1.835136E-16
7904.25742574257  1.854224E-16
7905.44405940593  1.829491E-16
7906.6306930693  1.768115E-16
7907.81732673266  1.585842E-16
7909.00396039603  1.699587E-16
7910.1905940594  1.606261E-16
7911.37722772276  1.644632E-16
7912.56386138613  1.559876E-16
7913.7504950495  1.439454E-16
7914.93712871286  1.394056E-16
7916.12376237623  1.235584E-16
7917.31039603959  1.372924E-16
7918.49702970296  1.340703E-16
7919.68366336633  1.331763E-16
7920.87029702969  1.299484E-16
7922.05693069306  1.326786E-16
7923.24356435642  1.360789E-16
7924.43019801979  1.470116E-16
7925.61683168316  1.563215E-16
7926.80346534652  1.628795E-16
7927.99009900989  1.649507E-16
7929.17673267326  1.717311E-16
7930.36336633662  1.798499E-16
7931.54999999999  1.810616E-16
7932.73663366336  1.818775E-16
7933.92326732672  1.803511E-16
7935.10990099009  1.935084E-16
7936.29653465345  1.910020E-16
7937.48316831682  1.555113E-16
7938.66980198019  1.672535E-16
7939.85643564355  1.897896E-16
7941.04306930692  1.928710E-16
7942.22970297029  1.800310E-16
7943.41633663365  1.809680E-16
7944.60297029702  1.794762E-16
7945.78960396039  1.784947E-16
7946.97623762375  1.819509E-16
7948.16287128712  1.883124E-16
7949.34950495049  1.906825E-16
7950.53613861385  1.819762E-16
7951.72277227722  1.778044E-16
7952.90940594058  1.809615E-16
7954.09603960395  1.782308E-16
7955.28267326731  1.959062E-16
7956.46930693068  1.888669E-16
7957.65594059405  1.693693E-16
7958.84257425742  1.886440E-16
7960.02920792078  1.715687E-16
7961.21584158415  1.725618E-16
7962.40247524751  1.687194E-16
7963.58910891088  1.600458E-16
7964.77574257425  1.799500E-16
7965.96237623761  1.668387E-16
7967.14900990098  1.638512E-16
7968.33564356434  1.851421E-16
7969.52227722771  1.935376E-16
7970.70891089108  1.870717E-16
7971.89554455444  1.951550E-16
7973.08217821781  1.810769E-16
7974.26881188118  1.722070E-16
7975.45544554454  1.971194E-16
7976.64207920791  1.787225E-16
7977.82871287127  1.642974E-16
7979.01534653464  1.675684E-16
7980.20198019801  1.957160E-16
7981.38861386138  1.742658E-16
7982.57524752474  1.522524E-16
7983.76188118811  1.712515E-16
7984.94851485147  1.765063E-16
7986.13514851484  1.748709E-16
7987.32178217821  1.827470E-16
7988.50841584157  1.873329E-16
7989.69504950494  1.924984E-16
7990.8816831683  1.687353E-16
7992.06831683167  1.792990E-16
7993.25495049504  1.799225E-16
7994.4415841584  1.730182E-16
7995.62821782177  1.810343E-16
7996.81485148514  1.828034E-16
7998.0014851485  1.897721E-16
7999.18811881187  1.894773E-16
8000.37475247524  1.861524E-16
8001.5613861386  1.783054E-16
8002.74801980197  1.818947E-16
8003.93465346533  1.716242E-16
8005.1212871287  1.782032E-16
8006.30792079207  1.723284E-16
8007.49455445543  1.682838E-16
8008.6811881188  1.718795E-16
8009.86782178217  1.803698E-16
8011.05445544553  1.879596E-16
8012.2410891089  1.669043E-16
8013.42772277227  1.787086E-16
8014.61435643563  1.850112E-16
8015.800990099  1.869734E-16
8016.98762376237  1.904401E-16
8018.17425742573  1.905274E-16
8019.3608910891  1.860827E-16
8020.54752475246  1.855874E-16
8021.73415841583  1.959510E-16
8022.92079207919  2.010320E-16
8024.10742574256  2.086658E-16
8025.29405940593  2.110885E-16
8026.48069306929  2.062024E-16
8027.66732673266  1.898218E-16
8028.85396039603  1.661838E-16
8030.04059405939  1.827642E-16
8031.22722772276  1.926563E-16
8032.41386138613  1.843612E-16
8033.60049504949  1.816240E-16
8034.78712871286  1.770194E-16
8035.97376237622  1.699243E-16
8037.16039603959  1.760358E-16
8038.34702970296  1.937485E-16
8039.53366336632  1.928858E-16
8040.72029702969  1.840346E-16
8041.90693069306  1.893190E-16
8043.09356435642  2.076759E-16
8044.28019801979  2.035647E-16
8045.46683168315  1.819135E-16
8046.65346534652  2.017999E-16
8047.84009900989  2.056509E-16
8049.02673267325  2.086368E-16
8050.21336633662  2.042511E-16
8051.39999999999  1.884572E-16
8052.58663366335  2.014226E-16
8053.77326732672  2.068299E-16
8054.95990099008  2.021056E-16
8056.14653465345  1.923610E-16
8057.33316831682  1.836184E-16
8058.51980198018  1.871079E-16
8059.70643564355  1.749273E-16
8060.89306930692  1.871001E-16
8062.07970297028  1.987376E-16
8063.26633663365  1.944515E-16
8064.45297029702  1.867631E-16
8065.63960396038  1.726589E-16
8066.82623762375  1.722184E-16
8068.01287128711  1.882890E-16
8069.19950495048  1.873803E-16
8070.38613861385  1.664413E-16
8071.57277227721  1.771429E-16
8072.75940594058  1.917139E-16
8073.94603960394  1.902007E-16
8075.13267326731  1.861587E-16
8076.31930693068  1.873282E-16
8077.50594059404  1.918916E-16
8078.69257425741  2.065282E-16
8079.87920792078  1.882693E-16
8081.06584158414  1.825387E-16
8082.25247524751  1.834931E-16
8083.43910891088  1.782012E-16
8084.62574257424  1.884676E-16
8085.81237623761  1.764757E-16
8086.99900990098  1.789477E-16
8088.18564356434  1.749649E-16
8089.37227722771  1.666983E-16
8090.55891089107  1.707028E-16
8091.74554455444  1.707016E-16
8092.9321782178  1.750350E-16
8094.11881188117  1.666541E-16
8095.30544554454  1.551931E-16
8096.4920792079  1.717434E-16
8097.67871287127  1.582643E-16
8098.86534653464  1.503930E-16
8100.05198019801  1.704327E-16
8101.23861386137  1.772296E-16
8102.42524752474  1.762867E-16
8103.6118811881  1.800783E-16
8104.79851485147  1.794359E-16
8105.98514851484  1.842079E-16
8107.1717821782  1.705777E-16
8108.35841584157  1.532051E-16
8109.54504950493  1.766843E-16
8110.7316831683  1.843008E-16
8111.91831683167  1.736386E-16
8113.10495049503  1.744445E-16
8114.2915841584  1.740961E-16
8115.47821782177  1.725012E-16
8116.66485148513  1.525717E-16
8117.8514851485  1.674830E-16
8119.03811881187  1.666673E-16
8120.22475247523  1.541162E-16
8121.4113861386  1.590945E-16
8122.59801980196  1.625429E-16
8123.78465346533  1.754226E-16
8124.9712871287  1.743766E-16
8126.15792079206  1.592885E-16
8127.34455445543  1.640646E-16
8128.5311881188  1.632933E-16
8129.71782178216  1.830462E-16
8130.90445544553  1.665584E-16
8132.09108910889  1.722298E-16
8133.27772277226  1.658144E-16
8134.46435643563  1.874333E-16
8135.65099009899  1.646442E-16
8136.83762376236  1.650076E-16
8138.02425742573  1.787083E-16
8139.21089108909  1.627612E-16
8140.39752475246  1.579896E-16
8141.58415841582  1.570848E-16
8142.77079207919  1.407142E-16
8143.95742574256  1.729365E-16
8145.14405940592  1.878704E-16
8146.33069306929  1.652598E-16
8147.51732673266  1.601547E-16
8148.70396039602  1.466084E-16
8149.89059405939  1.434955E-16
8151.07722772276  1.779228E-16
8152.26386138612  1.744102E-16
8153.45049504949  1.706861E-16
8154.63712871286  1.816536E-16
8155.82376237622  1.678837E-16
8157.01039603959  1.726875E-16
8158.19702970295  1.595916E-16
8159.38366336632  1.480265E-16
8160.57029702968  1.623790E-16
8161.75693069305  1.468727E-16
8162.94356435642  1.506030E-16
8164.13019801978  1.743965E-16
8165.31683168315  1.482924E-16
8166.50346534652  1.754451E-16
8167.69009900988  1.710645E-16
8168.87673267325  1.596484E-16
8170.06336633662  1.645287E-16
8171.24999999998  1.667280E-16
8172.43663366335  1.595571E-16
8173.62326732671  1.716482E-16
8174.80990099008  1.828568E-16
8175.99653465345  1.491169E-16
8177.18316831681  1.663788E-16
8178.36980198018  1.396196E-16
8179.55643564355  1.581637E-16
8180.74306930691  1.606154E-16
8181.92970297028  1.730366E-16
8183.11633663365  1.642827E-16
8184.30297029701  1.679504E-16
8185.48960396038  1.608594E-16
8186.67623762375  1.632097E-16
8187.86287128711  1.609728E-16
8189.04950495048  1.711141E-16
8190.23613861384  1.706931E-16
8191.42277227721  1.610444E-16
8192.60940594058  1.738194E-16
8193.79603960394  1.697616E-16
8194.98267326731  1.705979E-16
8196.16930693067  1.695485E-16
8197.35594059404  1.572533E-16
8198.54257425741  1.612128E-16
8199.72920792077  1.662623E-16
8200.91584158414  1.537962E-16
8202.10247524751  1.523736E-16
8203.28910891087  1.619125E-16
8204.47574257424  1.462101E-16
8205.6623762376  1.504968E-16
8206.84900990097  1.367969E-16
8208.03564356434  1.644323E-16
8209.2222772277  1.639860E-16
8210.40891089107  1.576142E-16
8211.59554455444  1.436658E-16
8212.7821782178  1.776580E-16
8213.96881188117  1.509710E-16
8215.15544554454  1.672172E-16
8216.3420792079  1.731020E-16
8217.52871287127  1.537552E-16
8218.71534653463  1.489799E-16
8219.901980198  1.530686E-16
8221.08861386137  1.571902E-16
8222.27524752473  1.580566E-16
8223.4618811881  1.512528E-16
8224.64851485147  1.494315E-16
8225.83514851483  1.517608E-16
8227.0217821782  1.436144E-16
8228.20841584156  1.346693E-16
8229.39504950493  1.745000E-16
8230.5816831683  1.583677E-16
8231.76831683166  1.727339E-16
8232.95495049503  1.761990E-16
8234.1415841584  1.708837E-16
8235.32821782176  1.715876E-16
8236.51485148513  1.767751E-16
8237.7014851485  1.711295E-16
8238.88811881186  1.715330E-16
8240.07475247523  1.589251E-16
8241.26138613859  1.696025E-16
8242.44801980196  1.544309E-16
8243.63465346533  1.578336E-16
8244.82128712869  1.604873E-16
8246.00792079206  1.499460E-16
8247.19455445542  1.581681E-16
8248.38118811879  1.662611E-16
8249.56782178216  1.606784E-16
8250.75445544552  1.780922E-16
8251.94108910889  1.699696E-16
8253.12772277226  1.576663E-16
8254.31435643562  1.651112E-16
8255.50099009899  1.512745E-16
8256.68762376236  1.579252E-16
8257.87425742572  1.640531E-16
8259.06089108909  1.847109E-16
8260.24752475245  1.669190E-16
8261.43415841582  1.582058E-16
8262.62079207919  1.680177E-16
8263.80742574255  1.600671E-16
8264.99405940592  1.464393E-16
8266.18069306928  1.708183E-16
8267.36732673265  1.540436E-16
8268.55396039602  1.550780E-16
8269.74059405939  1.599281E-16
8270.92722772275  1.600565E-16
8272.11386138612  1.485959E-16
8273.30049504948  1.414217E-16
8274.48712871285  1.703146E-16
8275.67376237622  1.821373E-16
8276.86039603958  1.583775E-16
8278.04702970295  1.638723E-16
8279.23366336632  1.556038E-16
8280.42029702968  1.629871E-16
8281.60693069305  1.578063E-16
8282.79356435641  1.577891E-16
8283.98019801978  1.629308E-16
8285.16683168315  1.683074E-16
8286.35346534651  1.604173E-16
8287.54009900988  1.707687E-16
8288.72673267325  1.505343E-16
8289.91336633661  1.454363E-16
8291.09999999998  1.263669E-16
8292.28663366335  1.459319E-16
8293.47326732671  1.473380E-16
8294.65990099008  1.512820E-16
8295.84653465344  1.718683E-16
8297.03316831681  1.674374E-16
8298.21980198018  1.747726E-16
8299.40643564354  1.763912E-16
8300.59306930691  1.197799E-16
8301.77970297028  1.385193E-16
8302.96633663364  1.524819E-16
8304.15297029701  1.589686E-16
8305.33960396037  1.528383E-16
8306.52623762374  1.537288E-16
8307.71287128711  1.728188E-16
8308.89950495047  1.569274E-16
8310.08613861384  1.530723E-16
8311.2727722772  1.506647E-16
8312.45940594057  1.744331E-16
8313.64603960394  1.597799E-16
8314.8326732673  1.567899E-16
8316.01930693067  1.451444E-16
8317.20594059404  1.535446E-16
8318.3925742574  1.647077E-16
8319.57920792077  1.583040E-16
8320.76584158414  1.616395E-16
8321.9524752475  1.703280E-16
8323.13910891087  1.722577E-16
8324.32574257424  1.567753E-16
8325.5123762376  1.524764E-16
8326.69900990097  1.545952E-16
8327.88564356433  1.695433E-16
8329.0722772277  1.707439E-16
8330.25891089107  1.474088E-16
8331.44554455443  1.686562E-16
8332.6321782178  1.695851E-16
8333.81881188116  1.553736E-16
8335.00544554453  1.664226E-16
8336.1920792079  1.612258E-16
8337.37871287127  1.661486E-16
8338.56534653463  1.519587E-16
8339.751980198  1.703737E-16
8340.93861386136  1.851708E-16
8342.12524752473  1.681610E-16
8343.3118811881  1.704424E-16
8344.49851485146  1.629004E-16
8345.68514851483  1.528847E-16
8346.87178217819  1.319883E-16
8348.05841584156  1.512481E-16
8349.24504950493  1.721643E-16
8350.43168316829  1.723098E-16
8351.61831683166  1.708731E-16
8352.80495049503  1.691825E-16
8353.99158415839  1.530730E-16
8355.17821782176  1.592329E-16
8356.36485148513  1.681082E-16
8357.55148514849  1.503879E-16
8358.73811881186  1.562142E-16
8359.92475247523  1.543098E-16
8361.11138613859  1.565318E-16
8362.29801980196  1.532936E-16
8363.48465346532  1.438813E-16
8364.67128712869  1.772700E-16
8365.85792079206  1.668834E-16
8367.04455445542  1.528297E-16
8368.23118811879  1.653546E-16
8369.41782178215  1.757972E-16
8370.60445544552  1.673272E-16
8371.79108910889  1.402268E-16
8372.97772277225  1.619768E-16
8374.16435643562  1.663950E-16
8375.35099009899  1.660929E-16
8376.53762376235  1.669254E-16
8377.72425742572  1.711012E-16
8378.91089108908  1.861028E-16
8380.09752475245  1.892657E-16
8381.28415841582  1.730214E-16
8382.47079207918  1.644707E-16
8383.65742574255  1.688506E-16
8384.84405940592  1.622034E-16
8386.03069306928  1.569480E-16
8387.21732673265  1.734418E-16
8388.40396039602  1.828586E-16
8389.59059405938  1.691981E-16
8390.77722772275  1.714651E-16
8391.96386138611  1.786446E-16
8393.15049504948  1.772029E-16
8394.33712871285  1.852048E-16
8395.52376237621  1.843667E-16
8396.71039603958  1.860238E-16
8397.89702970295  2.049267E-16
8399.08366336631  1.875258E-16
8400.27029702968  1.569816E-16
8401.45693069304  1.532009E-16
8402.64356435641  1.717789E-16
8403.83019801978  1.684324E-16
8405.01683168315  1.724112E-16
8406.20346534651  1.481763E-16
8407.39009900988  1.523656E-16
8408.57673267324  1.666448E-16
8409.76336633661  1.667726E-16
8410.94999999998  1.741747E-16
8412.13663366334  1.802025E-16
8413.32326732671  1.773238E-16
8414.50990099007  1.964233E-16
8415.69653465344  1.840119E-16
8416.88316831681  1.592024E-16
8418.06980198017  1.445888E-16
8419.25643564354  1.515917E-16
8420.44306930691  1.602806E-16
8421.62970297027  1.792487E-16
8422.81633663364  1.711447E-16
8424.002970297  1.609139E-16
8425.18960396037  1.639745E-16
8426.37623762374  1.474764E-16
8427.56287128711  1.685256E-16
8428.74950495047  2.066086E-16
8429.93613861384  1.751223E-16
8431.1227722772  1.468225E-16
8432.30940594057  1.521573E-16
8433.49603960393  1.722799E-16
8434.6826732673  1.768947E-16
8435.86930693067  1.562775E-16
8437.05594059403  1.472733E-16
8438.2425742574  1.624092E-16
8439.42920792077  1.682781E-16
8440.61584158413  1.629235E-16
8441.8024752475  1.651289E-16
8442.98910891087  1.624511E-16
8444.17574257423  1.653168E-16
8445.3623762376  1.585972E-16
8446.54900990096  1.704283E-16
8447.73564356433  1.591318E-16
8448.9222772277  1.658642E-16
8450.10891089106  1.640776E-16
8451.29554455443  1.532660E-16
8452.4821782178  1.638437E-16
8453.66881188116  1.690483E-16
8454.85544554453  1.699336E-16
8456.04207920789  1.629907E-16
8457.22871287126  1.582676E-16
8458.41534653463  1.437001E-16
8459.60198019799  1.583611E-16
8460.78861386136  1.777267E-16
8461.97524752473  1.555961E-16
8463.16188118809  1.662221E-16
8464.34851485146  1.822901E-16
8465.53514851482  1.642647E-16
8466.72178217819  1.469410E-16
8467.90841584156  1.199915E-16
8469.09504950492  1.519257E-16
8470.28168316829  1.563553E-16
8471.46831683166  1.668749E-16
8472.65495049502  1.621954E-16
8473.84158415839  1.578142E-16
8475.02821782176  1.580441E-16
8476.21485148512  1.557178E-16
8477.40148514849  1.474447E-16
8478.58811881186  1.551097E-16
8479.77475247522  1.633413E-16
8480.96138613859  1.497553E-16
8482.14801980195  1.402687E-16
8483.33465346532  1.508503E-16
8484.52128712869  1.589632E-16
8485.70792079205  1.620396E-16
8486.89455445542  1.448395E-16
8488.08118811878  1.542932E-16
8489.26782178215  1.503690E-16
8490.45445544552  1.438886E-16
8491.64108910888  1.475099E-16
8492.82772277225  1.745992E-16
8494.01435643562  1.637833E-16
8495.20099009898  1.370141E-16
8496.38762376235  1.583513E-16
8497.57425742572  1.598230E-16
8498.76089108908  1.550372E-16
8499.94752475245  1.576825E-16
8501.13415841581  1.583497E-16
8502.32079207918  1.553415E-16
8503.50742574255  1.589504E-16
8504.69405940591  1.530507E-16
8505.88069306928  1.608482E-16
8507.06732673265  1.495672E-16
8508.25396039601  1.459869E-16
8509.44059405938  1.478954E-16
8510.62722772274  1.519427E-16
8511.81386138611  1.548700E-16
8513.00049504948  1.549014E-16
8514.18712871284  1.500949E-16
8515.37376237621  1.447238E-16
8516.56039603958  1.465430E-16
8517.74702970294  1.528639E-16
8518.93366336631  1.512713E-16
8520.12029702967  1.640177E-16
8521.30693069304  1.741937E-16
8522.49356435641  1.699772E-16
8523.68019801977  1.431308E-16
8524.86683168314  1.360075E-16
8526.05346534651  1.416347E-16
8527.24009900987  1.646738E-16
8528.42673267324  1.417330E-16
8529.61336633661  1.551534E-16
8530.79999999997  1.585301E-16
8531.98663366334  1.523250E-16
8533.1732673267  1.330642E-16
8534.35990099007  1.633612E-16
8535.54653465344  1.687595E-16
8536.7331683168  1.419132E-16
8537.91980198017  1.462666E-16
8539.10643564354  1.718879E-16
8540.2930693069  1.423580E-16
8541.47970297027  1.627759E-16
8542.66633663363  1.491558E-16
8543.852970297  1.638840E-16
8545.03960396037  1.432152E-16
8546.22623762374  1.682256E-16
8547.4128712871  1.560895E-16
8548.59950495047  1.527850E-16
8549.78613861383  1.483666E-16
8550.9727722772  1.294008E-16
8552.15940594057  1.433400E-16
8553.34603960393  1.622929E-16
8554.5326732673  1.556167E-16
8555.71930693066  1.428697E-16
8556.90594059403  1.529673E-16
8558.0925742574  1.701556E-16
8559.27920792076  1.613911E-16
8560.46584158413  1.584996E-16
8561.6524752475  1.525148E-16
8562.83910891086  1.420881E-16
8564.02574257423  1.579124E-16
8565.21237623759  1.611558E-16
8566.39900990096  1.682175E-16
8567.58564356433  1.622801E-16
8568.77227722769  1.494964E-16
8569.95891089106  1.521164E-16
8571.14554455443  1.467229E-16
8572.33217821779  1.623945E-16
8573.51881188116  1.537678E-16
8574.70544554453  1.426111E-16
8575.89207920789  1.470016E-16
8577.07871287126  1.508229E-16
8578.26534653462  1.531028E-16
8579.45198019799  1.547396E-16
8580.63861386136  1.598025E-16
8581.82524752472  1.862351E-16
8583.01188118809  1.685682E-16
8584.19851485146  1.565543E-16
8585.38514851482  1.395777E-16
8586.57178217819  1.513987E-16
8587.75841584155  1.547193E-16
8588.94504950492  1.505943E-16
8590.13168316829  1.497147E-16
8591.31831683165  1.533417E-16
8592.50495049502  1.459941E-16
8593.69158415838  1.454678E-16
8594.87821782175  1.632501E-16
8596.06485148512  1.681428E-16
8597.25148514849  1.495771E-16
8598.43811881185  1.746926E-16
8599.62475247522  1.497706E-16
8600.81138613858  1.573357E-16
8601.99801980195  1.465760E-16
8603.18465346532  1.446513E-16
8604.37128712868  1.556042E-16
8605.55792079205  1.543763E-16
8606.74455445541  1.375809E-16
8607.93118811878  1.352157E-16
8609.11782178215  1.477484E-16
8610.30445544551  1.534214E-16
8611.49108910888  1.647538E-16
8612.67772277225  1.554967E-16
8613.86435643561  1.681317E-16
8615.05099009898  1.629169E-16
8616.23762376235  1.542453E-16
8617.42425742571  1.573139E-16
8618.61089108908  1.544289E-16
8619.79752475245  1.554401E-16
8620.98415841581  1.478046E-16
8622.17079207918  1.525968E-16
8623.35742574254  1.584497E-16
8624.54405940591  1.596996E-16
8625.73069306928  1.410882E-16
8626.91732673264  1.325046E-16
8628.10396039601  1.481949E-16
8629.29059405937  1.359759E-16
8630.47722772274  1.517345E-16
8631.66386138611  1.701251E-16
8632.85049504947  1.499597E-16
8634.03712871284  1.636660E-16
8635.22376237621  1.539129E-16
8636.41039603957  1.373354E-16
8637.59702970294  1.704246E-16
8638.78366336631  1.577942E-16
8639.97029702967  1.214852E-16
8641.15693069304  1.470719E-16
8642.3435643564  1.803005E-16
8643.53019801977  1.609224E-16
8644.71683168314  1.419611E-16
8645.9034653465  1.549367E-16
8647.09009900987  1.545309E-16
8648.27673267324  1.364819E-16
8649.4633663366  1.451167E-16
8650.64999999997  1.570781E-16
8651.83663366333  1.588933E-16
8653.0232673267  1.582642E-16
8654.20990099007  1.626022E-16
8655.39653465343  1.470389E-16
8656.5831683168  1.505248E-16
8657.76980198017  1.509435E-16
8658.95643564353  1.348071E-16
8660.1430693069  1.492912E-16
8661.32970297026  1.541269E-16
8662.51633663363  1.479223E-16
8663.702970297  1.400522E-16
8664.88960396037  1.436894E-16
8666.07623762373  1.503710E-16
8667.2628712871  1.396233E-16
8668.44950495046  1.429744E-16
8669.63613861383  1.479035E-16
8670.82277227719  1.395895E-16
8672.00940594056  1.396482E-16
8673.19603960393  1.357173E-16
8674.38267326729  1.635056E-16
8675.56930693066  1.639095E-16
8676.75594059403  1.522497E-16
8677.94257425739  1.339079E-16
8679.12920792076  1.473054E-16
8680.31584158413  1.646679E-16
8681.50247524749  1.524710E-16
8682.68910891086  1.551210E-16
8683.87574257423  1.606936E-16
8685.06237623759  1.587887E-16
8686.24900990096  1.500228E-16
8687.43564356432  1.363598E-16
8688.62227722769  1.525940E-16
8689.80891089106  1.529140E-16
8690.99554455442  1.472068E-16
8692.18217821779  1.582735E-16
8693.36881188115  1.770842E-16
8694.55544554452  1.491761E-16
8695.74207920789  1.217854E-16
8696.92871287125  1.326016E-16
8698.11534653462  1.479148E-16
8699.30198019799  1.382448E-16
8700.48861386135  1.353249E-16
8701.67524752472  1.520072E-16
8702.86188118809  1.610006E-16
8704.04851485145  1.270508E-16
8705.23514851482  1.436723E-16
8706.42178217818  1.377583E-16
8707.60841584155  1.390420E-16
8708.79504950492  1.450619E-16
8709.98168316828  1.460570E-16
8711.16831683165  1.454144E-16
8712.35495049502  1.576973E-16
8713.54158415838  1.595513E-16
8714.72821782175  1.523284E-16
8715.91485148512  1.683158E-16
8717.10148514848  1.512839E-16
8718.28811881185  1.311420E-16
8719.47475247521  1.491830E-16
8720.66138613858  1.528590E-16
8721.84801980195  1.532032E-16
8723.03465346531  1.473514E-16
8724.22128712868  1.385335E-16
8725.40792079204  1.530109E-16
8726.59455445541  1.527218E-16
8727.78118811878  1.558643E-16
8728.96782178214  1.544860E-16
8730.15445544551  1.653272E-16
8731.34108910888  1.681701E-16
8732.52772277224  1.537449E-16
8733.71435643561  1.433544E-16
8734.90099009898  1.472789E-16
8736.08762376234  1.518836E-16
8737.27425742571  1.502924E-16
8738.46089108907  1.528528E-16
8739.64752475244  1.484071E-16
8740.83415841581  1.403950E-16
8742.02079207917  1.566145E-16
8743.20742574254  1.586468E-16
8744.39405940591  1.470698E-16
8745.58069306927  1.403031E-16
8746.76732673264  1.449372E-16
8747.953960396  1.381647E-16
8749.14059405937  1.519938E-16
8750.32722772274  1.462543E-16
8751.51386138611  1.380763E-16
8752.70049504947  1.376761E-16
8753.88712871284  1.441225E-16
8755.0737623762  1.522520E-16
8756.26039603957  1.306373E-16
8757.44702970293  1.310364E-16
8758.6336633663  1.509729E-16
8759.82029702967  1.456984E-16
8761.00693069303  1.682080E-16
8762.1935643564  1.452567E-16
8763.38019801977  1.368219E-16
8764.56683168313  1.552730E-16
8765.7534653465  1.278545E-16
8766.94009900987  1.739862E-16
8768.12673267323  1.644656E-16
8769.3133663366  1.275334E-16
8770.49999999996  1.206332E-16
8771.68663366333  1.475359E-16
8772.8732673267  1.451619E-16
8774.05990099006  1.324479E-16
8775.24653465343  1.414179E-16
8776.4331683168  1.328776E-16
8777.61980198016  1.398362E-16
8778.80643564353  1.393769E-16
8779.99306930689  1.339258E-16
8781.17970297026  1.263878E-16
8782.36633663363  1.382152E-16
8783.55297029699  1.554683E-16
8784.73960396036  1.331848E-16
8785.92623762373  1.406072E-16
8787.11287128709  1.502621E-16
8788.29950495046  1.290488E-16
8789.48613861383  1.182459E-16
8790.67277227719  1.458615E-16
8791.85940594056  1.563449E-16
8793.04603960392  1.207521E-16
8794.23267326729  1.384519E-16
8795.41930693066  1.536056E-16
8796.60594059402  1.410620E-16
8797.79257425739  1.290421E-16
8798.97920792076  1.289513E-16
8800.16584158412  1.434860E-16
8801.35247524749  1.334213E-16
8802.53910891085  1.334323E-16
8803.72574257422  1.271350E-16
8804.91237623759  1.452636E-16
8806.09900990095  1.624942E-16
8807.28564356432  1.420566E-16
8808.47227722769  1.309722E-16
8809.65891089105  1.635179E-16
8810.84554455442  1.427833E-16
8812.03217821779  1.115414E-16
8813.21881188115  1.412558E-16
8814.40544554452  1.560218E-16
8815.59207920788  1.523189E-16
8816.77871287125  1.360953E-16
8817.96534653462  1.435252E-16
8819.15198019798  1.372385E-16
8820.33861386135  1.193683E-16
8821.52524752472  1.335726E-16
8822.71188118808  1.237245E-16
8823.89851485145  1.351959E-16
8825.08514851481  1.216583E-16
8826.27178217818  1.386464E-16
8827.45841584155  1.317366E-16
8828.64504950491  1.041061E-16
8829.83168316828  1.209862E-16
8831.01831683165  1.313395E-16
8832.20495049501  1.406467E-16
8833.39158415838  1.447078E-16
8834.57821782175  1.336526E-16
8835.76485148511  1.556596E-16
8836.95148514848  1.621411E-16
8838.13811881184  1.312398E-16
8839.32475247521  1.298463E-16
8840.51138613858  1.370756E-16
8841.69801980194  1.598186E-16
8842.88465346531  1.555926E-16
8844.07128712867  1.300703E-16
8845.25792079204  1.334842E-16
8846.44455445541  1.365405E-16
8847.63118811877  1.465676E-16
8848.81782178214  1.418214E-16
8850.00445544551  1.365811E-16
8851.19108910887  1.265063E-16
8852.37772277224  1.284396E-16
8853.56435643561  1.343696E-16
8854.75099009897  1.345261E-16
8855.93762376234  1.505765E-16
8857.12425742571  1.599615E-16
8858.31089108907  1.398418E-16
8859.49752475244  1.384610E-16
8860.6841584158  1.425519E-16
8861.87079207917  1.408542E-16
8863.05742574254  1.377529E-16
8864.2440594059  1.304172E-16
8865.43069306927  1.302274E-16
8866.61732673263  1.486434E-16
8867.803960396  1.521524E-16
8868.99059405937  1.298132E-16
8870.17722772273  1.423931E-16
8871.3638613861  1.393168E-16
8872.55049504947  1.324732E-16
8873.73712871283  1.291825E-16
8874.9237623762  1.451599E-16
8876.11039603956  1.394715E-16
8877.29702970293  1.206076E-16
8878.4836633663  1.445624E-16
8879.67029702967  1.362276E-16
8880.85693069303  1.482096E-16
8882.0435643564  1.529147E-16
8883.23019801976  1.338584E-16
8884.41683168313  1.435358E-16
8885.6034653465  1.642621E-16
8886.79009900986  1.398490E-16
8887.97673267323  1.210837E-16
8889.16336633659  1.236089E-16
8890.34999999996  1.345877E-16
8891.53663366333  1.295261E-16
8892.72326732669  1.512714E-16
8893.90990099006  1.453000E-16
8895.09653465343  1.274831E-16
8896.28316831679  1.415418E-16
8897.46980198016  1.495518E-16
8898.65643564353  1.390724E-16
8899.84306930689  1.305649E-16
8901.02970297026  1.362686E-16
8902.21633663363  1.430166E-16
8903.40297029699  1.293474E-16
8904.58960396036  1.249159E-16
8905.77623762372  1.300586E-16
8906.96287128709  1.363675E-16
8908.14950495045  1.412496E-16
8909.33613861382  1.477311E-16
8910.52277227719  1.220327E-16
8911.70940594055  1.292021E-16
8912.89603960392  1.236233E-16
8914.08267326729  1.176598E-16
8915.26930693065  1.168771E-16
8916.45594059402  1.438170E-16
8917.64257425739  1.431974E-16
8918.82920792075  1.358383E-16
8920.01584158412  1.281200E-16
8921.20247524749  1.340518E-16
8922.38910891085  1.165346E-16
8923.57574257422  1.262585E-16
8924.76237623758  1.265021E-16
8925.94900990095  1.458013E-16
8927.13564356432  1.283240E-16
8928.32227722768  1.240309E-16
8929.50891089105  1.357130E-16
8930.69554455442  1.326321E-16
8931.88217821778  1.307985E-16
8933.06881188115  1.234596E-16
8934.25544554451  1.412958E-16
8935.44207920788  1.405230E-16
8936.62871287125  1.338024E-16
8937.81534653461  1.233194E-16
8939.00198019798  1.347317E-16
8940.18861386135  1.344281E-16
8941.37524752471  1.205697E-16
8942.56188118808  1.411179E-16
8943.74851485144  1.313688E-16
8944.93514851481  1.250309E-16
8946.12178217818  1.221141E-16
8947.30841584154  1.253810E-16
8948.49504950491  1.330989E-16
8949.68168316828  1.229290E-16
8950.86831683164  1.392862E-16
8952.05495049501  1.425284E-16
8953.24158415837  1.353001E-16
8954.42821782174  1.308723E-16
8955.61485148511  1.321079E-16
8956.80148514847  1.341216E-16
8957.98811881184  1.340333E-16
8959.17475247521  1.146682E-16
8960.36138613857  1.093589E-16
8961.54801980194  1.243894E-16
8962.73465346531  1.359512E-16
8963.92128712867  1.347266E-16
8965.10792079204  1.195347E-16
8966.29455445541  1.156827E-16
8967.48118811877  1.238206E-16
8968.66782178214  1.280487E-16
8969.8544554455  1.184815E-16
8971.04108910887  1.117252E-16
8972.22772277224  1.186955E-16
8973.4143564356  1.289131E-16
8974.60099009897  1.188876E-16
8975.78762376233  1.287947E-16
8976.9742574257  1.275479E-16
8978.16089108907  1.134769E-16
8979.34752475243  1.307763E-16
8980.5341584158  1.364997E-16
8981.72079207917  1.414115E-16
8982.90742574253  1.106519E-16
8984.0940594059  1.239166E-16
8985.28069306927  1.130864E-16
8986.46732673263  1.145209E-16
8987.653960396  1.204561E-16
8988.84059405936  1.012793E-16
8990.02722772273  1.091378E-16
8991.2138613861  9.508605E-17
8992.40049504946  1.127738E-16
8993.58712871283  1.127341E-16
8994.77376237619  1.446945E-16
8995.96039603956  1.153897E-16
8997.14702970293  1.110317E-16
8998.3336633663  1.198299E-16
8999.52029702966  1.444017E-16
9000.70693069303  1.304065E-16
9001.89356435639  1.243884E-16
9003.08019801976  1.282516E-16
9004.26683168313  1.302831E-16
9005.45346534649  1.397498E-16
9006.64009900986  1.176342E-16
9007.82673267322  1.007987E-16
9009.01336633659  1.254437E-16
9010.19999999996  1.282323E-16
9011.38663366332  1.101913E-16
9012.57326732669  1.315826E-16
9013.75990099006  1.388826E-16
9014.94653465342  1.182408E-16
9016.13316831679  1.097098E-16
9017.31980198015  1.064551E-16
9018.50643564352  1.116705E-16
9019.69306930689  1.314680E-16
9020.87970297025  1.311233E-16
9022.06633663362  1.203121E-16
9023.25297029699  1.253128E-16
9024.43960396035  1.169663E-16
9025.62623762372  1.035764E-16
9026.81287128709  1.068975E-16
9027.99950495045  1.144731E-16
9029.18613861382  1.132356E-16
9030.37277227718  1.184667E-16
9031.55940594055  1.110690E-16
9032.74603960392  1.210769E-16
9033.93267326728  1.190202E-16
9035.11930693065  9.708318E-17
9036.30594059402  1.145664E-16
9037.49257425738  1.282976E-16
9038.67920792075  1.313856E-16
9039.86584158411  1.105969E-16
9041.05247524748  1.290606E-16
9042.23910891085  1.196701E-16
9043.42574257421  1.175385E-16
9044.61237623758  1.270491E-16
9045.79900990094  1.298357E-16
9046.98564356431  1.139392E-16
9048.17227722768  1.122870E-16
9049.35891089105  1.342192E-16
9050.54554455441  1.483979E-16
9051.73217821778  1.250566E-16
9052.91881188114  1.052182E-16
9054.10544554451  1.231593E-16
9055.29207920788  1.248764E-16
9056.47871287124  1.301460E-16
9057.66534653461  1.261502E-16
9058.85198019798  1.298735E-16
9060.03861386134  1.169425E-16
9061.22524752471  1.026839E-16
9062.41188118807  1.013286E-16
9063.59851485144  1.249633E-16
9064.78514851481  1.510687E-16
9065.97178217817  1.268136E-16
9067.15841584154  9.926006E-17
9068.34504950491  1.125081E-16
9069.53168316827  1.234474E-16
9070.71831683164  1.172348E-16
9071.90495049501  1.085952E-16
9073.09158415837  1.195180E-16
9074.27821782174  1.177084E-16
9075.4648514851  1.217652E-16
9076.65148514847  1.003472E-16
9077.83811881184  1.017496E-16
9079.0247524752  1.127777E-16
9080.21138613857  1.238059E-16
9081.39801980194  1.348431E-16
9082.5846534653  1.458713E-16
9083.77128712867  1.339874E-16
9084.95792079203  1.228135E-16
9086.1445544554  1.033866E-16
9087.33118811877  9.941340E-17
9088.51782178213  1.171152E-16
9089.7044554455  1.123958E-16
9090.89108910887  1.093974E-16
9092.07772277223  1.147355E-16
9093.2643564356  1.171248E-16
9094.45099009897  1.108929E-16
9095.63762376233  1.100100E-16
9096.8242574257  1.204495E-16
9098.01089108906  1.216982E-16
9099.19752475243  9.490415E-17
9100.3841584158  9.067235E-17
9101.57079207916  1.123576E-16
9102.75742574253  1.279331E-16
9103.94405940589  1.207182E-16
9105.13069306926  9.534092E-17
9106.31732673263  1.140092E-16
9107.50396039599  1.129887E-16
9108.69059405936  9.391324E-17
9109.87722772273  9.816686E-17
9111.06386138609  1.337661E-16
9112.25049504946  1.120972E-16
9113.43712871282  1.195312E-16
9114.62376237619  1.145822E-16
9115.81039603956  1.147032E-16
9116.99702970293  8.694474E-17
9118.18366336629  7.671411E-17
9119.37029702966  9.392782E-17
9120.55693069302  1.241134E-16
9121.74356435639  9.007987E-17
9122.93019801976  9.484370E-17
9124.11683168312  9.664408E-17
9125.30346534649  1.275468E-16
9126.49009900985  1.229853E-16
9127.67673267322  1.021969E-16
9128.86336633659  1.026635E-16
9130.04999999995  1.118071E-16
9131.23663366332  1.032976E-16
9132.42326732669  1.173643E-16
9133.60990099005  1.144664E-16
9134.79653465342  1.149735E-16
9135.98316831679  1.139154E-16
9137.16980198015  1.013963E-16
9138.35643564352  1.121248E-16
9139.54306930689  1.334852E-16
9140.72970297025  1.008901E-16
9141.91633663362  9.674155E-17
9143.10297029698  1.116321E-16
9144.28960396035  1.188712E-16
9145.47623762372  1.090177E-16
9146.66287128708  1.042060E-16
9147.84950495045  1.197780E-16
9149.03613861381  1.316474E-16
9150.22277227718  1.240976E-16
9151.40940594055  8.188353E-17
9152.59603960391  8.646715E-17
9153.78267326728  1.189741E-16
9154.96930693065  9.798541E-17
9156.15594059401  9.958003E-17
9157.34257425738  1.100126E-16
9158.52920792075  1.059915E-16
9159.71584158411  8.871950E-17
9160.90247524748  1.135246E-16
9162.08910891085  1.387368E-16
9163.27574257421  1.004928E-16
9164.46237623758  9.898156E-17
9165.64900990094  9.526997E-17
9166.83564356431  9.067662E-17
9168.02227722768  1.192559E-16
9169.20891089104  1.162230E-16
9170.39554455441  1.100906E-16
9171.58217821777  1.063880E-16
9172.76881188114  1.026591E-16
9173.95544554451  7.212157E-17
9175.14207920787  1.028328E-16
9176.32871287124  1.065441E-16
9177.51534653461  1.107433E-16
9178.70198019797  9.586816E-17
9179.88861386134  9.479341E-17
9181.0752475247  1.172762E-16
9182.26188118807  1.062903E-16
9183.44851485144  8.737351E-17
9184.6351485148  1.172713E-16
9185.82178217817  1.265696E-16
9187.00841584154  9.709521E-17
9188.1950495049  1.124008E-16
9189.38168316827  1.178814E-16
9190.56831683164  1.208326E-16
9191.754950495  9.594670E-17
9192.94158415837  1.122712E-16
9194.12821782173  1.357909E-16
9195.3148514851  1.135799E-16
9196.50148514847  9.517845E-17
9197.68811881183  9.616411E-17
9198.8747524752  1.230221E-16
9200.06138613857  1.215918E-16
9201.24801980193  9.874422E-17
9202.4346534653  1.195288E-16
9203.62128712867  1.093695E-16
9204.80792079203  1.106784E-16
9205.9945544554  1.011112E-16
9207.18118811876  1.109137E-16
9208.36782178213  1.102794E-16
9209.5544554455  9.298319E-17
9210.74108910886  1.143906E-16
9211.92772277223  1.187713E-16
9213.1143564356  1.312929E-16
9214.30099009896  1.326263E-16
9215.48762376233  9.481922E-17
9216.67425742569  1.029524E-16
9217.86089108906  1.065540E-16
9219.04752475243  1.166933E-16
9220.23415841579  1.006063E-16
9221.42079207916  4.647338E-17
9222.60742574253  1.049274E-16
9223.79405940589  1.138955E-16
9224.98069306926  8.120797E-17
9226.16732673263  9.699071E-17
9227.35396039599  1.097014E-16
9228.54059405936  9.779227E-17
9229.72722772272  8.714309E-17
9230.91386138609  1.006930E-16
9232.10049504946  1.147244E-16
9233.28712871282  9.134321E-17
9234.47376237619  9.848815E-17
9235.66039603955  1.082607E-16
9236.84702970292  1.300634E-16
9238.03366336629  9.987651E-17
9239.22029702965  7.646845E-17
9240.40693069302  9.844781E-17
9241.59356435639  1.047242E-16
9242.78019801975  8.489114E-17
9243.96683168312  9.435823E-17
9245.15346534649  1.062707E-16
9246.34009900985  1.042893E-16
9247.52673267322  1.014154E-16
9248.71336633658  1.121222E-16
9249.89999999995  1.214107E-16
9251.08663366332  1.100717E-16
9252.27326732668  9.544093E-17
9253.45990099005  1.044635E-16
9254.64653465341  1.312031E-16
9255.83316831678  1.106121E-16
9257.01980198015  8.602663E-17
9258.20643564352  1.048601E-16
9259.39306930688  9.410278E-17
9260.57970297025  1.026280E-16
9261.76633663361  1.163590E-16
9262.95297029698  1.050166E-16
9264.13960396035  1.179889E-16
9265.32623762371  1.137493E-16
9266.51287128708  9.720205E-17
9267.69950495044  1.036391E-16
9268.88613861381  1.046229E-16
9270.07277227718  9.893924E-17
9271.25940594054  1.061876E-16
9272.44603960391  1.064373E-16
9273.63267326728  1.001286E-16
9274.81930693064  1.037153E-16
9276.00594059401  9.990179E-17
9277.19257425738  9.238682E-17
9278.37920792074  1.092589E-16
9279.56584158411  8.916525E-17
9280.75247524748  8.023537E-17
9281.93910891084  1.103421E-16
9283.12574257421  1.072823E-16
9284.31237623757  9.404903E-17
9285.49900990094  7.026079E-17
9286.68564356431  8.109303E-17
9287.87227722767  9.899334E-17
9289.05891089104  1.004465E-16
9290.2455445544  7.943813E-17
9291.43217821777  9.661416E-17
9292.61881188114  1.098369E-16
9293.8054455445  9.342973E-17
9294.99207920787  9.332615E-17
9296.17871287124  1.013233E-16
9297.3653465346  9.778576E-17
9298.55198019797  8.857578E-17
9299.73861386133  9.284401E-17
9300.9252475247  9.893928E-17
9302.11188118807  9.762941E-17
9303.29851485143  8.611330E-17
9304.4851485148  8.323542E-17
9305.67178217817  1.054077E-16
9306.85841584153  1.500249E-16
9308.0450495049  9.556767E-17
9309.23168316827  4.097299E-17
9310.41831683163  8.803346E-17
9311.604950495  8.089944E-17
9312.79158415837  8.534801E-17
9313.97821782173  1.125715E-16
9315.1648514851  3.399356E-17
9316.35148514846  1.943541E-17
9317.53811881183  6.260790E-17
9318.7247524752  8.172015E-17
9319.91138613856  1.089754E-16
9321.09801980193  9.990867E-17
9322.28465346529  6.386480E-17
9323.47128712866  1.040418E-16
9324.65792079203  7.822632E-17
9325.8445544554  6.013952E-17
9327.03118811876  6.965313E-17
9328.21782178213  8.826237E-17
9329.40445544549  1.120373E-16
9330.59108910886  8.791577E-17
9331.77772277223  8.555115E-17
9332.96435643559  5.997370E-17
9334.15099009896  6.654473E-17
9335.33762376232  9.134569E-17
9336.52425742569  7.644969E-17
9337.71089108906  1.143295E-16
9338.89752475242  1.233256E-16
9340.08415841579  8.260346E-17
9341.27079207916  6.744503E-17
9342.45742574252  6.016060E-17
9343.64405940589  9.047083E-17
9344.83069306926  7.616482E-17
9346.01732673262  6.014560E-17
9347.20396039599  9.779729E-17
9348.39059405935  1.015213E-16
9349.57722772272  8.348878E-17
9350.76386138609  8.402833E-17
9351.95049504945  9.434706E-17
9353.13712871282  7.900620E-17
9354.32376237619  4.420277E-17
9355.51039603955  7.571479E-17
9356.69702970292  1.010533E-16
9357.88366336628  1.051596E-16
9359.07029702965  8.735496E-17
9360.25693069302  8.900105E-17
9361.44356435638  1.087120E-16
9362.63019801975  1.041367E-16
9363.81683168311  7.902345E-17
9365.00346534648  7.342079E-17
9366.19009900985  1.012472E-16
9367.37673267321  7.411035E-17
9368.56336633658  6.918234E-17
9369.74999999995  7.630528E-17
9370.93663366331  8.665177E-17
9372.12326732668  1.237456E-16
9373.30990099005  9.306315E-17
9374.49653465341  1.085480E-16
9375.68316831678  1.099084E-16
9376.86980198015  1.027394E-16
9378.05643564351  5.189950E-17
9379.24306930688  7.311287E-17
9380.42970297024  1.179613E-16
9381.61633663361  6.264175E-17
9382.80297029698  7.397214E-17
9383.98960396034  1.147435E-16
9385.17623762371  1.150208E-16
9386.36287128707  9.389206E-17
9387.54950495044  8.594240E-17
9388.73613861381  1.027744E-16
9389.92277227717  1.175355E-16
9391.10940594054  9.807781E-17
9392.29603960391  9.846023E-17
9393.48267326728  1.018535E-16
9394.66930693064  1.107299E-16
9395.85594059401  8.548757E-17
9397.04257425737  9.666325E-17
9398.22920792074  1.059668E-16
9399.41584158411  8.803231E-17
9400.60247524747  7.601694E-17
9401.78910891084  1.008814E-16
9402.9757425742  1.039549E-16
9404.16237623757  1.051934E-16
9405.34900990093  9.695797E-17
9406.5356435643  9.937844E-17
9407.72227722767  1.100561E-16
9408.90891089103  1.023687E-16
9410.0955445544  8.733501E-17
9411.28217821777  1.008000E-16
9412.46881188113  1.196225E-16
9413.6554455445  1.088110E-16
9414.84207920787  9.012543E-17
9416.02871287123  1.025596E-16
9417.2153465346  1.170684E-16
9418.40198019797  1.030256E-16
9419.58861386133  9.378522E-17
9420.7752475247  7.892595E-17
9421.96188118806  9.382582E-17
9423.14851485143  1.053758E-16
9424.3351485148  9.478080E-17
9425.52178217816  7.747396E-17
9426.70841584153  7.114651E-17
9427.8950495049  3.932092E-17
9429.08168316826  5.367839E-17
9430.26831683163  1.130140E-16
9431.45495049499  1.161127E-16
9432.64158415836  9.544513E-17
9433.82821782173  8.972404E-17
9435.01485148509  1.138637E-16
9436.20148514846  1.110832E-16
9437.38811881183  7.406012E-17
9438.57475247519  7.496261E-17
9439.76138613856  1.225519E-16
9440.94801980192  5.602304E-17
9442.13465346529  2.037799E-17
9443.32128712866  5.331970E-17
9444.50792079202  1.017194E-16
9445.69455445539  1.014941E-16
9446.88118811876  7.704690E-17
9448.06782178212  1.009776E-16
9449.25445544549  8.721981E-17
9450.44108910886  8.816280E-17
9451.62772277222  6.744407E-17
9452.81435643559  7.293719E-17
9454.00099009895  1.040077E-16
9455.18762376232  7.395038E-17
9456.37425742569  7.187926E-17
9457.56089108905  9.928249E-17
9458.74752475242  1.310136E-16
9459.93415841579  7.633023E-17
9461.12079207915  3.435796E-17
9462.30742574252  8.329890E-17
9463.49405940589  7.948310E-17
9464.68069306925  8.957290E-17
9465.86732673262  9.118534E-17
9467.05396039598  8.498977E-17
9468.24059405935  1.043702E-16
9469.42722772272  6.031446E-17
9470.61386138608  6.486498E-17
9471.80049504945  1.096665E-16
9472.98712871281  1.176394E-16
9474.17376237618  1.035512E-16
9475.36039603955  9.020293E-17
9476.54702970291  9.265076E-17
9477.73366336628  1.265846E-16
9478.92029702965  4.240963E-17
9480.10693069301  3.171018E-17
9481.29356435638  9.491943E-17
9482.48019801975  9.398097E-17
9483.66683168311  5.510463E-17
9484.85346534648  7.859394E-17
9486.04009900985  7.162249E-17
9487.22673267321  8.104147E-17
9488.41336633658  6.818473E-17
9489.59999999994  8.612088E-17
9490.78663366331  7.104714E-17
9491.97326732667  1.086048E-16
9493.15990099004  8.285103E-17
9494.34653465341  7.176688E-17
9495.53316831678  9.462075E-17
9496.71980198014  1.004781E-16
9497.90643564351  8.294542E-17
9499.09306930687  5.843214E-17
9500.27970297024  9.752540E-17
9501.46633663361  8.672379E-17
9502.65297029697  9.743867E-17
9503.83960396034  1.073906E-16
9505.02623762371  9.563667E-17
9506.21287128707  7.056521E-17
9507.39950495044  6.462828E-17
9508.5861386138  7.996773E-17
9509.77277227717  1.009528E-16
9510.95940594054  7.180376E-17
9512.1460396039  4.425572E-17
9513.33267326727  7.396811E-17
9514.51930693064  8.367634E-17
9515.705940594  6.370068E-17
9516.89257425737  6.044476E-17
9518.07920792074  8.376472E-17
9519.2658415841  8.271601E-17
9520.45247524747  7.448212E-17
9521.63910891083  4.747410E-17
9522.8257425742  8.071088E-17
9524.01237623757  8.605930E-17
9525.19900990093  6.363365E-17
9526.3856435643  5.802801E-17
9527.57227722766  8.085251E-17
9528.75891089103  8.395847E-17
9529.9455445544  6.666909E-17
9531.13217821776  7.037679E-17
9532.31881188113  9.274311E-17
9533.5054455445  9.047617E-17
9534.69207920786  8.939383E-17
9535.87871287123  7.407190E-17
9537.0653465346  1.113504E-16
9538.25198019796  9.850501E-17
9539.43861386133  6.980626E-17
9540.62524752469  7.699831E-17
9541.81188118806  9.386467E-17
9542.99851485143  7.277515E-17
9544.18514851479  6.106464E-17
9545.37178217816  5.673467E-17
9546.55841584153  1.002331E-16
9547.74504950489  8.807003E-17
9548.93168316826  5.568561E-17
9550.11831683163  8.472256E-17
9551.30495049499  1.040092E-16
9552.49158415836  8.301012E-17
9553.67821782172  3.788067E-17
9554.86485148509  5.649237E-17
9556.05148514846  6.192206E-17
9557.23811881182  6.855762E-17
9558.42475247519  7.838017E-17
9559.61138613855  9.246249E-17
9560.79801980192  9.083954E-17
9561.98465346529  6.393636E-17
9563.17128712866  6.097493E-17
9564.35792079202  8.015972E-17
9565.54455445539  7.440461E-17
9566.73118811875  8.278586E-17
9567.91782178212  4.444580E-17
9569.10445544549  6.903432E-17
9570.29108910885  8.001963E-17
9571.47772277222  6.290793E-17
9572.66435643558  7.491435E-17
9573.85099009895  7.565729E-17
9575.03762376232  9.292201E-17
9576.22425742568  5.228378E-17
9577.41089108905  5.810387E-17
9578.59752475242  7.958084E-17
9579.78415841578  7.987500E-17
9580.97079207915  5.384752E-17
9582.15742574251  6.650763E-17
9583.34405940588  8.549617E-17
9584.53069306925  8.653682E-17
9585.71732673262  5.479581E-17
9586.90396039598  7.756389E-17
9588.09059405935  1.071947E-16
9589.27722772271  8.102704E-17
9590.46386138608  6.243160E-17
9591.65049504945  9.338293E-17
9592.83712871281  1.033787E-16
9594.02376237618  9.426959E-17
9595.21039603954  6.495454E-17
9596.39702970291  8.671766E-17
9597.58366336628  1.072560E-16
9598.77029702964  8.516386E-17
9599.95693069301  6.508914E-17
9601.14356435638  6.460537E-17
9602.33019801974  8.672371E-17
9603.51683168311  8.038564E-17
9604.70346534648  5.752727E-17
9605.89009900984  1.026691E-16
9607.07673267321  1.096159E-16
9608.26336633657  6.377623E-17
9609.44999999994  7.218603E-17
9610.6366336633  7.354845E-17
9611.82326732667  1.029024E-16
9613.00990099004  6.941343E-17
9614.19653465341  6.979127E-17
9615.38316831677  9.872158E-17
9616.56980198014  1.051473E-16
9617.7564356435  6.462094E-17
9618.94306930687  7.972101E-17
9620.12970297024  8.596526E-17
9621.3163366336  7.339012E-17
9622.50297029697  5.430928E-17
9623.68960396034  4.706899E-17
9624.8762376237  9.808780E-17
9626.06287128707  6.757982E-17
9627.24950495043  6.035476E-17
9628.4361386138  7.948698E-17
9629.62277227717  6.765605E-17
9630.80940594053  6.678197E-17
9631.9960396039  7.924548E-17
9633.18267326727  5.755646E-17
9634.36930693063  8.213564E-17
9635.555940594  6.972108E-17
9636.74257425737  7.388416E-17
9637.92920792073  6.371548E-17
9639.1158415841  8.026106E-17
9640.30247524746  8.500341E-17
9641.48910891083  6.203829E-17
9642.6757425742  9.737112E-17
9643.86237623756  1.194983E-16
9645.04900990093  8.127439E-17
9646.23564356429  7.676814E-17
9647.42227722766  9.310224E-17
9648.60891089103  8.314507E-17
9649.79554455439  7.153467E-17
9650.98217821776  4.735106E-17
9652.16881188113  8.063532E-17
9653.3554455445  8.514155E-17
9654.54207920786  5.336152E-17
9655.72871287123  7.904618E-17
9656.91534653459  9.742737E-17
9658.10198019796  7.365768E-17
9659.28861386132  6.902424E-17
9660.47524752469  6.929835E-17
9661.66188118806  8.785318E-17
9662.84851485142  8.373477E-17
9664.03514851479  7.329493E-17
9665.22178217816  7.175673E-17
9666.40841584152  7.833086E-17
9667.59504950489  6.429360E-17
9668.78168316825  6.591011E-17
9669.96831683162  9.620619E-17
9671.15495049499  7.673072E-17
9672.34158415836  6.825290E-17
9673.52821782172  6.889422E-17
9674.71485148509  7.990717E-17
9675.90148514845  7.534674E-17
9677.08811881182  9.607443E-17
9678.27475247518  6.360958E-17
9679.46138613855  8.137754E-17
9680.64801980192  1.225117E-16
9681.83465346528  8.264495E-17
9683.02128712865  4.199638E-17
9684.20792079202  6.671602E-17
9685.39455445538  9.539020E-17
9686.58118811875  8.266384E-17
9687.76782178212  6.667812E-17
9688.95445544548  9.543222E-17
9690.14108910885  8.517163E-17
9691.32772277222  4.707362E-17
9692.51435643558  7.658664E-17
9693.70099009895  6.942592E-17
9694.88762376231  7.247226E-17
9696.07425742568  7.316056E-17
9697.26089108905  7.736214E-17
9698.44752475241  8.453569E-17
9699.63415841578  4.753864E-17
9700.82079207915  3.247109E-17
9702.00742574251  5.376664E-17
9703.19405940588  1.004614E-16
9704.38069306925  9.292967E-17
9705.56732673261  5.701600E-17
9706.75396039598  8.942556E-17
9707.94059405934  9.667687E-17
9709.12722772271  1.012884E-16
9710.31386138607  7.288480E-17
9711.50049504944  7.875513E-17
9712.68712871281  1.086856E-16
9713.87376237617  8.583680E-17
9715.06039603954  6.796017E-17
9716.24702970291  9.220124E-17
9717.43366336627  1.009812E-16
9718.62029702964  1.053746E-16
9719.80693069301  8.166276E-17
9720.99356435637  8.638511E-17
9722.18019801974  9.146016E-17
9723.36683168311  7.972626E-17
9724.55346534647  6.315345E-17
9725.74009900984  9.524661E-17
9726.9267326732  1.030758E-16
9728.11336633657  7.673383E-17
9729.29999999993  7.367524E-17
9730.4866336633  6.949759E-17
9731.67326732667  1.016568E-16
9732.85990099004  1.027272E-16
9734.0465346534  7.108599E-17
9735.23316831677  8.519851E-17
9736.41980198013  1.002084E-16
9737.6064356435  5.141457E-17
9738.79306930687  4.699464E-17
9739.97970297024  1.123311E-16
9741.1663366336  1.302541E-16
9742.35297029697  1.007971E-16
9743.53960396033  9.198949E-17
9744.7262376237  1.235844E-16
9745.91287128706  8.944666E-17
9747.09950495043  5.629967E-17
9748.2861386138  6.117778E-17
9749.47277227716  8.120236E-17
9750.65940594053  9.397572E-17
9751.84603960389  4.988571E-17
9753.03267326726  8.274751E-17
9754.21930693063  8.855819E-17
9755.405940594  5.922108E-17
9756.59257425736  3.857331E-17
9757.77920792073  5.475240E-17
9758.96584158409  1.169103E-16
9760.15247524746  7.707682E-17
9761.33910891083  5.343464E-17
9762.52574257419  7.788166E-17
9763.71237623756  7.720086E-17
9764.89900990092  4.941291E-17
9766.08564356429  4.433110E-17
9767.27227722766  1.017396E-16
9768.45891089102  1.105475E-16
9769.64554455439  8.334145E-17
9770.83217821776  7.739975E-17
9772.01881188112  1.103195E-16
9773.20544554449  9.335149E-17
9774.39207920786  6.505127E-17
9775.57871287122  6.466518E-17
9776.76534653459  9.443453E-17
9777.95198019795  7.230268E-17
9779.13861386132  6.430427E-17
9780.32524752469  8.218182E-17
9781.51188118805  6.599771E-17
9782.69851485142  4.651193E-17
9783.88514851479  6.522688E-17
9785.07178217815  9.741743E-17
9786.25841584152  7.538794E-17
9787.44504950488  6.361319E-17
9788.63168316825  6.080747E-17
9789.81831683162  1.034200E-16
9791.00495049498  1.047792E-16
9792.19158415835  8.149925E-17
9793.37821782172  7.281036E-17
9794.56485148508  8.820132E-17
9795.75148514845  8.428456E-17
9796.93811881181  5.730627E-17
9798.12475247518  7.798218E-17
9799.31138613855  1.222974E-16
9800.49801980191  1.089026E-16
9801.68465346528  4.734512E-17
9802.87128712865  7.371135E-17
9804.05792079201  1.272802E-16
9805.24455445538  1.170794E-16
9806.43118811875  8.107401E-17
9807.61782178211  1.030046E-16
9808.80445544548  1.704479E-16
9809.99108910885  1.027473E-16
9811.17772277221  7.990517E-17
9812.36435643558  7.781117E-17
9813.55099009894  1.220576E-16
9814.73762376231  1.059702E-16
9815.92425742568  6.810335E-17
9817.11089108904  1.002458E-16
9818.29752475241  9.111663E-17
9819.48415841577  1.062263E-16
9820.67079207914  1.022486E-16
9821.85742574251  8.881573E-17
9823.04405940588  1.074886E-16
9824.23069306924  1.127326E-16
9825.41732673261  7.145532E-17
9826.60396039597  1.014361E-16
9827.79059405934  9.294130E-17
9828.97722772271  5.974837E-17
9830.16386138607  5.617549E-17
9831.35049504944  7.320783E-17
9832.5371287128  8.810872E-17
9833.72376237617  8.592570E-17
9834.91039603954  5.761385E-17
9836.0970297029  1.020842E-16
9837.28366336627  1.176356E-16
9838.47029702964  8.940582E-17
9839.656930693  6.265945E-17
9840.84356435637  1.419181E-16
9842.03019801974  1.355456E-16
9843.2168316831  5.454413E-17
9844.40346534647  8.058316E-17
9845.59009900983  1.688508E-16
9846.7767326732  1.138338E-16
9847.96336633657  8.972310E-17
9849.14999999993  1.170503E-16
9850.3366336633  1.050921E-16
9851.52326732667  1.479193E-16
9852.70990099003  9.443458E-17
9853.8965346534  1.250257E-16
9855.08316831676  1.094611E-16
9856.26980198013  7.352050E-17
9857.4564356435  4.807873E-17
9858.64306930686  9.512317E-17
9859.82970297023  1.292498E-16
9861.0163366336  1.215945E-16
9862.20297029696  8.750830E-17
9863.38960396033  1.260579E-16
9864.57623762369  1.303977E-16
9865.76287128706  4.081476E-17
9866.94950495043  5.083788E-17
9868.13613861379  1.191639E-16
9869.32277227716  1.318821E-16
9870.50940594053  1.247135E-16
9871.69603960389  9.379649E-17
9872.88267326726  9.076863E-17
9874.06930693063  6.037853E-17
9875.25594059399  8.681094E-17
9876.44257425736  1.086718E-16
9877.62920792072  1.489252E-16
9878.81584158409  1.236115E-16
9880.00247524746  7.836231E-17
9881.18910891082  1.087561E-16
9882.37574257419  1.541730E-16
9883.56237623755  1.449354E-16
9884.74900990092  8.381713E-17
9885.93564356429  1.125347E-16
9887.12227722765  1.538047E-16
9888.30891089102  1.309116E-16
9889.49554455439  8.234300E-17
9890.68217821776  9.837805E-17
9891.86881188112  1.645379E-16
9893.05544554449  9.764072E-17
9894.24207920785  9.306799E-17
9895.42871287122  1.214257E-16
9896.61534653459  1.242255E-16
9897.80198019795  9.083019E-17
9898.98861386132  7.122842E-17
9900.17524752468  9.667437E-17
9901.36188118805  1.243737E-16
9902.54851485142  7.978242E-17
9903.73514851478  7.652470E-17
9904.92178217815  8.244539E-17
9906.10841584151  7.797772E-17
9907.29504950488  1.024564E-16
9908.48168316825  1.033739E-16
9909.66831683162  1.003498E-16
9910.85495049498  1.125551E-16
9912.04158415835  9.834937E-17
9913.22821782171  4.101400E-17
9914.41485148508  1.893358E-16
9915.60148514845  7.747272E-17
9916.78811881181  9.113560E-17
9917.97475247518  1.146759E-16
9919.16138613854  1.297569E-16
9920.34801980191  8.996870E-17
9921.53465346528  7.377240E-17
9922.72128712864  6.084797E-17
9923.90792079201  1.089065E-16
9925.09455445538  7.430102E-17
9926.28118811874  1.161105E-16
9927.46782178211  1.390988E-16
9928.65445544547  1.483112E-16
9929.84108910884  3.536070E-17
9931.02772277221  4.635152E-17
9932.21435643557  1.427812E-16
9933.40099009894  1.965844E-16
9934.58762376231  1.093888E-16
9935.77425742567  9.810477E-17
9936.96089108904  1.253047E-16
9938.14752475241  7.416608E-17
9939.33415841577  7.091935E-17
9940.52079207914  1.078681E-16
9941.7074257425  1.779764E-16
9942.89405940587  6.063386E-17
9944.08069306924  8.721250E-17
9945.2673267326  1.804907E-16
9946.45396039597  9.854779E-17
9947.64059405934  6.979996E-17
9948.8272277227  1.488430E-16
9950.01386138607  1.375925E-16
9951.20049504943  1.269319E-16
9952.3871287128  8.642294E-17
9953.57376237617  8.502254E-17
9954.76039603953  1.324826E-16
9955.9470297029  2.037561E-16
9957.13366336627  5.378267E-18
9958.32029702963  4.018589E-17
9959.506930693  8.244944E-17
9960.69356435637  1.182124E-16
9961.88019801973  9.149048E-17
9963.0668316831  1.262777E-16
9964.25346534647  2.294442E-16
9965.44009900983  1.792103E-16
9966.6267326732  8.681783E-17
9967.81336633656  1.079404E-16
9968.99999999993  1.786372E-16
