3621.7789349351  9.487489E-17
3624.8131175662  7.899814E-17
3627.84730019729  7.512029E-17
3630.88148282838  1.274419E-16
3633.91566545948  1.035168E-16
3636.94984809057  9.289207E-17
3639.98403072166  8.280237E-17
3643.01821335276  8.413066E-17
3646.05239598385  6.602002E-17
3649.08657861494  1.033417E-16
3652.12076124604  9.935963E-17
3655.15494387713  7.731537E-17
3658.18912650822  1.019163E-16
3661.22330913932  1.046882E-16
3664.25749177041  1.099437E-16
3667.2916744015  8.280812E-17
3670.3258570326  9.501758E-17
3673.36003966369  1.200771E-16
3676.39422229478  1.182824E-16
3679.42840492587  1.174479E-16
3682.46258755697  1.296430E-16
3685.49677018806  1.106045E-16
3688.53095281915  1.335138E-16
3691.56513545025  8.937730E-17
3694.59931808134  1.152440E-16
3697.63350071243  1.204824E-16
3700.66768334353  7.279452E-17
3703.70186597462  1.172550E-16
3706.73604860571  1.558288E-16
3709.77023123681  1.145890E-16
3712.8044138679  1.115766E-16
3715.83859649899  1.267191E-16
3718.87277913009  1.091476E-16
3721.90696176118  9.699561E-17
3724.94114439227  1.274231E-16
3727.97532702337  1.720747E-16
3731.00950965446  1.336215E-16
3734.04369228555  1.192103E-16
3737.07787491665  6.885791E-17
3740.11205754774  1.010184E-16
3743.14624017883  1.208778E-16
3746.18042280993  7.027345E-17
3749.21460544102  7.121066E-17
3752.24878807211  9.471811E-17
3755.2829707032  9.667677E-17
3758.3171533343  8.781158E-17
3761.35133596539  9.768415E-17
3764.38551859648  1.265377E-16
3767.41970122758  1.210663E-16
3770.45388385867  1.191505E-16
3773.48806648976  1.308548E-16
3776.52224912086  1.301194E-16
3779.55643175195  1.147367E-16
3782.59061438304  8.197144E-17
3785.62479701414  8.285973E-17
3788.65897964523  1.218644E-16
3791.69316227632  1.307741E-16
3794.72734490742  1.028137E-16
3797.76152753851  1.018806E-16
3800.7957101696  1.081408E-16
3803.8298928007  1.173349E-16
3806.86407543179  1.299170E-16
3809.89825806288  1.249966E-16
3812.93244069397  1.382601E-16
3815.96662332507  1.365463E-16
3819.00080595616  1.107958E-16
3822.03498858726  1.242814E-16
3825.06917121835  1.286672E-16
3828.10335384944  1.134108E-16
3831.13753648054  1.427312E-16
3834.17171911163  1.310393E-16
3837.20590174272  1.293005E-16
3840.24008437381  1.105124E-16
3843.27426700491  1.327025E-16
3846.308449636  1.469448E-16
3849.34263226709  1.091440E-16
3852.37681489819  1.340353E-16
3855.41099752928  1.501000E-16
3858.44518016037  1.201657E-16
3861.47936279147  1.330968E-16
3864.51354542256  1.566971E-16
3867.54772805365  1.496005E-16
3870.58191068475  1.583859E-16
3873.61609331584  1.419305E-16
3876.65027594693  1.504180E-16
3879.68445857803  1.294262E-16
3882.71864120912  1.299568E-16
3885.75282384021  1.430239E-16
3888.78700647131  1.418266E-16
3891.8211891024  1.502386E-16
3894.85537173349  1.384230E-16
3897.88955436459  1.496793E-16
3900.92373699568  1.206959E-16
3903.95791962677  1.332617E-16
3906.99210225786  1.439754E-16
3910.02628488896  1.308476E-16
3913.06046752005  1.424141E-16
3916.09465015114  1.572499E-16
3919.12883278224  1.418880E-16
3922.16301541333  1.504688E-16
3925.19719804442  1.487213E-16
3928.23138067552  1.258435E-16
3931.26556330661  1.369785E-16
3934.2997459377  1.320198E-16
3937.3339285688  1.304974E-16
3940.36811119989  1.616197E-16
3943.40229383098  1.448833E-16
3946.43647646208  1.373329E-16
3949.47065909317  1.434569E-16
3952.50484172426  1.536538E-16
3955.53902435536  1.565536E-16
3958.57320698645  1.664351E-16
3961.60738961754  1.638393E-16
3964.64157224864  1.608123E-16
3967.67575487973  1.513209E-16
3970.70993751082  1.432401E-16
3973.74412014191  1.587876E-16
3976.77830277301  1.476808E-16
3979.8124854041  1.462507E-16
3982.84666803519  1.437450E-16
3985.88085066629  1.438153E-16
3988.91503329738  1.532955E-16
3991.94921592847  1.486278E-16
3994.98339855957  1.454002E-16
3998.01758119066  1.550745E-16
4001.05176382175  1.435705E-16
4004.08594645285  1.558650E-16
4007.12012908394  1.583589E-16
4010.15431171503  1.511865E-16
4013.18849434613  1.334245E-16
4016.22267697722  1.555242E-16
4019.25685960831  1.629109E-16
4022.29104223941  1.728463E-16
4025.3252248705  1.429899E-16
4028.35940750159  1.552523E-16
4031.39359013269  1.689642E-16
4034.42777276378  1.689829E-16
4037.46195539487  1.461845E-16
4040.49613802597  1.407768E-16
4043.53032065706  1.301481E-16
4046.56450328815  1.433951E-16
4049.59868591925  1.360984E-16
4052.63286855034  1.383354E-16
4055.66705118143  1.635909E-16
4058.70123381253  1.616001E-16
4061.73541644362  1.492853E-16
4064.76959907471  1.454263E-16
4067.8037817058  1.569617E-16
4070.8379643369  1.965760E-16
4073.87214696799  1.620523E-16
4076.90632959908  1.296868E-16
4079.94051223018  1.250841E-16
4082.97469486127  1.310650E-16
4086.00887749236  1.750643E-16
4089.04306012346  1.441890E-16
4092.07724275455  1.673628E-16
4095.11142538564  1.804771E-16
4098.14560801674  1.790291E-16
4101.17979064783  1.384545E-16
4104.21397327892  1.580931E-16
4107.24815591002  1.844243E-16
4110.28233854111  1.669193E-16
4113.3165211722  1.690385E-16
4116.3507038033  1.844316E-16
4119.38488643439  1.544030E-16
4122.41906906548  1.435733E-16
4125.45325169657  1.706767E-16
4128.48743432767  1.843284E-16
4131.52161695876  1.775610E-16
4134.55579958985  1.768073E-16
4137.58998222095  1.774578E-16
4140.62416485204  1.633239E-16
4143.65834748314  1.776821E-16
4146.69253011423  1.668890E-16
4149.72671274532  1.663043E-16
4152.76089537642  1.818715E-16
4155.79507800751  1.920221E-16
4158.8292606386  1.804450E-16
4161.86344326969  1.756931E-16
4164.89762590079  1.833045E-16
4167.93180853188  1.701843E-16
4170.96599116297  1.787056E-16
4174.00017379407  1.883085E-16
4177.03435642516  1.789702E-16
4180.06853905625  1.701872E-16
4183.10272168735  1.813794E-16
4186.13690431844  1.624296E-16
4189.17108694953  1.802862E-16
4192.20526958063  1.781819E-16
4195.23945221172  1.766270E-16
4198.27363484281  1.735758E-16
4201.30781747391  1.877814E-16
4204.342000105  1.843188E-16
4207.37618273609  1.741630E-16
4210.41036536719  1.718079E-16
4213.44454799828  1.594976E-16
4216.47873062937  1.603292E-16
4219.51291326046  1.793367E-16
4222.54709589156  1.953301E-16
4225.58127852265  2.001727E-16
4228.61546115375  1.839455E-16
4231.64964378484  1.944022E-16
4234.68382641593  1.939839E-16
4237.71800904702  1.733575E-16
4240.75219167812  1.819649E-16
4243.78637430921  1.855057E-16
4246.8205569403  1.928868E-16
4249.8547395714  1.839196E-16
4252.88892220249  1.940657E-16
4255.92310483358  1.903146E-16
4258.95728746468  1.755688E-16
4261.99147009577  1.885622E-16
4265.02565272686  1.846159E-16
4268.05983535796  1.943538E-16
4271.09401798905  1.945947E-16
4274.12820062014  1.553237E-16
4277.16238325124  1.695604E-16
4280.19656588233  2.005632E-16
4283.23074851342  1.925776E-16
4286.26493114452  1.773931E-16
4289.29911377561  1.653008E-16
4292.3332964067  1.752631E-16
4295.3674790378  1.867578E-16
4298.40166166889  1.905983E-16
4301.43584429998  1.927823E-16
4304.47002693107  1.893564E-16
4307.50420956217  1.690603E-16
4310.53839219326  1.845253E-16
4313.57257482435  1.957234E-16
4316.60675745545  1.756761E-16
4319.64094008654  1.583118E-16
4322.67512271763  1.775622E-16
4325.70930534873  1.768354E-16
4328.74348797982  1.756618E-16
4331.77767061091  1.721721E-16
4334.81185324201  1.685792E-16
4337.8460358731  1.820506E-16
4340.88021850419  1.710127E-16
4343.91440113529  1.669798E-16
4346.94858376638  1.833678E-16
4349.98276639747  1.729345E-16
4353.01694902857  1.698678E-16
4356.05113165966  1.671490E-16
4359.08531429075  1.733539E-16
4362.11949692185  1.612599E-16
4365.15367955294  1.548874E-16
4368.18786218403  1.591504E-16
4371.22204481512  1.577546E-16
4374.25622744622  1.580642E-16
4377.29041007731  1.864422E-16
4380.3245927084  1.629084E-16
4383.3587753395  1.777818E-16
4386.39295797059  1.627100E-16
4389.42714060168  1.799662E-16
4392.46132323278  1.791675E-16
4395.49550586387  1.608125E-16
4398.52968849496  1.535869E-16
4401.56387112606  1.558112E-16
4404.59805375715  1.738256E-16
4407.63223638824  1.582906E-16
4410.66641901934  1.770739E-16
4413.70060165043  1.776438E-16
4416.73478428152  1.706537E-16
4419.76896691262  1.624222E-16
4422.80314954371  1.869263E-16
4425.8373321748  1.644436E-16
4428.8715148059  1.755877E-16
4431.90569743699  1.890147E-16
4434.93988006808  1.753574E-16
4437.97406269918  1.712987E-16
4441.00824533027  1.711131E-16
4444.04242796136  1.827924E-16
4447.07661059245  1.707565E-16
4450.11079322355  1.721012E-16
4453.14497585464  1.858085E-16
4456.17915848573  1.899404E-16
4459.21334111683  1.941764E-16
4462.24752374792  1.899321E-16
4465.28170637902  1.885770E-16
4468.31588901011  1.925073E-16
4471.3500716412  1.833807E-16
4474.38425427229  1.799585E-16
4477.41843690339  1.843011E-16
4480.45261953448  1.801520E-16
4483.48680216557  1.897593E-16
4486.52098479667  1.939047E-16
4489.55516742776  1.860476E-16
4492.58935005885  1.767872E-16
4495.62353268995  1.753225E-16
4498.65771532104  1.658303E-16
4501.69189795213  1.719392E-16
4504.72608058323  1.688314E-16
4507.76026321432  1.742594E-16
4510.79444584541  1.824529E-16
4513.82862847651  1.813123E-16
4516.8628111076  1.661665E-16
4519.89699373869  1.639373E-16
4522.93117636979  1.648358E-16
4525.96535900088  1.739154E-16
4528.99954163197  1.718101E-16
4532.03372426307  1.656410E-16
4535.06790689416  1.673607E-16
4538.10208952525  1.692330E-16
4541.13627215634  1.793687E-16
4544.17045478744  1.969602E-16
4547.20463741853  1.827871E-16
4550.23882004962  1.784493E-16
4553.27300268072  1.779604E-16
4556.30718531181  1.740132E-16
4559.3413679429  1.656297E-16
4562.375550574  1.792258E-16
4565.40973320509  1.823148E-16
4568.44391583618  1.855765E-16
4571.47809846728  1.778157E-16
4574.51228109837  1.741532E-16
4577.54646372946  1.813591E-16
4580.58064636056  1.794989E-16
4583.61482899165  1.715598E-16
4586.64901162274  1.774917E-16
4589.68319425384  1.612517E-16
4592.71737688493  1.727059E-16
4595.75155951602  1.907488E-16
4598.78574214712  1.808148E-16
4601.81992477821  1.972147E-16
4604.8541074093  1.829461E-16
4607.88829004039  1.877967E-16
4610.92247267149  1.837114E-16
4613.95665530258  1.823799E-16
4616.99083793368  1.804223E-16
4620.02502056477  1.835362E-16
4623.05920319586  2.013685E-16
4626.09338582695  1.789416E-16
4629.12756845805  1.764628E-16
4632.16175108914  1.815155E-16
4635.19593372024  1.811164E-16
4638.23011635133  1.783039E-16
4641.26429898242  1.763496E-16
4644.29848161351  1.774565E-16
4647.33266424461  1.810481E-16
4650.3668468757  1.825448E-16
4653.40102950679  2.048414E-16
4656.43521213789  1.884678E-16
4659.46939476898  1.986069E-16
4662.50357740007  1.974566E-16
4665.53776003117  1.941297E-16
4668.57194266226  1.949469E-16
4671.60612529335  2.214834E-16
4674.64030792445  2.001837E-16
4677.67449055554  1.948764E-16
4680.70867318663  2.110928E-16
4683.74285581773  1.948842E-16
4686.77703844882  1.836679E-16
4689.81122107991  2.125653E-16
4692.845403711  2.084578E-16
4695.8795863421  2.062308E-16
4698.91376897319  2.181377E-16
4701.94795160429  2.178695E-16
4704.98213423538  1.924238E-16
4708.01631686647  2.041386E-16
4711.05049949756  2.128286E-16
4714.08468212866  2.036578E-16
4717.11886475975  2.047975E-16
4720.15304739084  2.038837E-16
4723.18723002194  1.934601E-16
4726.22141265303  2.038271E-16
4729.25559528412  2.037687E-16
4732.28977791522  1.955903E-16
4735.32396054631  2.005184E-16
4738.3581431774  1.980422E-16
4741.3923258085  2.015118E-16
4744.42650843959  2.117227E-16
4747.46069107068  2.122548E-16
4750.49487370178  2.146671E-16
4753.52905633287  2.074365E-16
4756.56323896396  1.898297E-16
4759.59742159506  1.857991E-16
4762.63160422615  1.900252E-16
4765.66578685724  2.055673E-16
4768.69996948834  1.971377E-16
4771.73415211943  2.040645E-16
4774.76833475052  2.018854E-16
4777.80251738161  1.986776E-16
4780.83670001271  2.019416E-16
4783.8708826438  2.021104E-16
4786.90506527489  2.095747E-16
4789.93924790599  2.200890E-16
4792.97343053708  2.137669E-16
4796.00761316817  2.230131E-16
4799.04179579927  2.061734E-16
4802.07597843036  1.935159E-16
4805.11016106145  2.115729E-16
4808.14434369255  1.950656E-16
4811.17852632364  1.989113E-16
4814.21270895473  2.110235E-16
4817.24689158583  1.963443E-16
4820.28107421692  1.921911E-16
4823.31525684801  2.037361E-16
4826.34943947911  2.027576E-16
4829.3836221102  2.013005E-16
4832.41780474129  1.990354E-16
4835.45198737239  2.072298E-16
4838.48617000348  2.065257E-16
4841.52035263457  1.970960E-16
4844.55453526566  1.970147E-16
4847.58871789676  1.927885E-16
4850.62290052785  1.953048E-16
4853.65708315895  2.040568E-16
4856.69126579004  1.918659E-16
4859.72544842113  1.909870E-16
4862.75963105222  1.865546E-16
4865.79381368332  1.960141E-16
4868.82799631441  1.949083E-16
4871.8621789455  1.985795E-16
4874.8963615766  1.979872E-16
4877.93054420769  2.050119E-16
4880.96472683878  2.026620E-16
4883.99890946988  1.942648E-16
4887.03309210097  1.826098E-16
4890.06727473206  1.961743E-16
4893.10145736316  2.050476E-16
4896.13563999425  1.922141E-16
4899.16982262534  1.838720E-16
4902.20400525644  1.825380E-16
4905.23818788753  1.769571E-16
4908.27237051862  1.862595E-16
4911.30655314972  1.969267E-16
4914.34073578081  1.938307E-16
4917.3749184119  2.073877E-16
4920.40910104299  1.957067E-16
4923.44328367409  1.906213E-16
4926.47746630518  1.851547E-16
4929.51164893627  1.981845E-16
4932.54583156737  1.859584E-16
4935.58001419846  1.897919E-16
4938.61419682956  1.996985E-16
4941.64837946065  1.863000E-16
4944.68256209174  1.992007E-16
4947.71674472283  1.854154E-16
4950.75092735393  1.738290E-16
4953.78510998502  1.974701E-16
4956.81929261611  1.948707E-16
4959.85347524721  1.861279E-16
4962.8876578783  1.862446E-16
4965.92184050939  1.848041E-16
4968.95602314049  1.978551E-16
4971.99020577158  2.129751E-16
4975.02438840267  1.951622E-16
4978.05857103377  2.005225E-16
4981.09275366486  2.136704E-16
4984.12693629595  2.024970E-16
4987.16111892705  2.098543E-16
4990.19530155814  2.071195E-16
4993.22948418923  2.320399E-16
4996.26366682032  2.550187E-16
4999.29784945142  2.553196E-16
5002.33203208251  2.805755E-16
5005.36621471361  2.630541E-16
5008.4003973447  2.318728E-16
5011.43457997579  2.287320E-16
5014.46876260688  2.077858E-16
5017.50294523798  2.069238E-16
5020.53712786907  2.192415E-16
5023.57131050016  2.380550E-16
5026.60549313126  2.025991E-16
5029.63967576235  1.930308E-16
5032.67385839344  2.047810E-16
5035.70804102454  2.122923E-16
5038.74222365563  2.025569E-16
5041.77640628673  2.117463E-16
5044.81058891782  2.143692E-16
5047.84477154891  2.034017E-16
5050.87895418  2.091535E-16
5053.9131368111  2.085526E-16
5056.94731944219  1.943226E-16
5059.98150207328  1.997241E-16
5063.01568470438  2.016044E-16
5066.04986733547  1.978496E-16
5069.08404996656  1.977332E-16
5072.11823259766  2.027778E-16
5075.15241522875  2.003129E-16
5078.18659785984  2.047346E-16
5081.22078049094  2.024157E-16
5084.25496312203  1.911268E-16
5087.28914575312  1.980471E-16
5090.32332838421  2.065547E-16
5093.35751101531  2.052036E-16
5096.3916936464  2.002117E-16
5099.4258762775  1.952278E-16
5102.46005890859  2.020539E-16
5105.49424153968  2.238100E-16
5108.52842417078  2.178554E-16
5111.56260680187  2.100095E-16
5114.59678943296  2.145473E-16
5117.63097206405  2.245520E-16
5120.66515469515  1.994449E-16
5123.69933732624  1.863823E-16
5126.73351995733  2.029385E-16
5129.76770258843  1.955011E-16
5132.80188521952  2.132315E-16
5135.83606785061  2.083965E-16
5138.87025048171  2.009113E-16
5141.9044331128  2.109337E-16
5144.93861574389  2.029926E-16
5147.97279837499  2.165672E-16
5151.00698100608  2.116141E-16
5154.04116363717  2.121057E-16
5157.07534626827  2.085221E-16
5160.10952889936  2.062383E-16
5163.14371153045  2.026261E-16
5166.17789416154  2.059052E-16
5169.21207679264  2.081865E-16
5172.24625942373  2.042176E-16
5175.28044205483  2.068691E-16
5178.31462468592  2.078575E-16
5181.34880731701  2.071924E-16
5184.3829899481  1.956827E-16
5187.4171725792  2.106843E-16
5190.45135521029  1.991028E-16
5193.48553784138  2.013962E-16
5196.51972047248  2.068036E-16
5199.55390310357  1.970978E-16
5202.58808573466  2.061887E-16
5205.62226836576  1.896114E-16
5208.65645099685  2.001557E-16
5211.69063362794  2.051770E-16
5214.72481625904  2.074818E-16
5217.75899889013  1.893210E-16
5220.79318152122  1.903690E-16
5223.82736415232  1.955388E-16
5226.86154678341  1.877290E-16
5229.8957294145  1.961191E-16
5232.9299120456  2.013999E-16
5235.96409467669  1.823023E-16
5238.99827730778  1.866826E-16
5242.03245993888  1.844300E-16
5245.06664256997  1.840941E-16
5248.10082520106  1.743955E-16
5251.13500783215  1.838763E-16
5254.16919046325  1.964142E-16
5257.20337309434  1.922299E-16
5260.23755572543  1.735171E-16
5263.27173835653  1.974246E-16
5266.30592098762  2.282213E-16
5269.34010361871  2.050244E-16
5272.37428624981  1.900575E-16
5275.4084688809  1.961100E-16
5278.44265151199  1.911056E-16
5281.47683414309  1.869071E-16
5284.51101677418  1.979219E-16
5287.54519940527  2.053988E-16
5290.57938203637  1.909064E-16
5293.61356466746  2.026879E-16
5296.64774729855  1.924759E-16
5299.68192992965  1.668241E-16
5302.71611256074  1.987669E-16
5305.75029519183  1.962414E-16
5308.78447782293  1.797346E-16
5311.81866045402  2.133620E-16
5314.85284308511  1.955180E-16
5317.88702571621  1.925604E-16
5320.9212083473  1.970603E-16
5323.95539097839  1.939779E-16
5326.98957360948  1.987036E-16
5330.02375624058  1.920317E-16
5333.05793887167  1.995246E-16
5336.09212150276  1.904880E-16
5339.12630413386  2.045767E-16
5342.16048676495  2.062497E-16
5345.19466939604  1.963667E-16
5348.22885202714  1.893942E-16
5351.26303465823  1.951177E-16
5354.29721728932  1.979631E-16
5357.33139992042  1.895777E-16
5360.36558255151  1.945709E-16
5363.3997651826  2.087517E-16
5366.4339478137  2.111583E-16
5369.46813044479  2.227648E-16
5372.50231307588  1.939563E-16
5375.53649570698  2.059743E-16
5378.57067833807  2.208999E-16
5381.60486096916  2.068453E-16
5384.63904360026  2.054976E-16
5387.67322623135  2.070464E-16
5390.70740886244  2.091428E-16
5393.74159149354  2.032406E-16
5396.77577412463  1.977836E-16
5399.80995675572  2.001788E-16
5402.84413938681  1.986695E-16
5405.87832201791  2.162325E-16
5408.912504649  2.016984E-16
5411.94668728009  1.990568E-16
5414.98086991119  2.116086E-16
5418.01505254228  2.112092E-16
5421.04923517337  1.936829E-16
5424.08341780447  2.085786E-16
5427.11760043556  2.065677E-16
5430.15178306665  1.935234E-16
5433.18596569775  1.956370E-16
5436.22014832884  2.187939E-16
5439.25433095993  1.976963E-16
5442.28851359103  2.107783E-16
5445.32269622212  2.017093E-16
5448.35687885321  1.995718E-16
5451.39106148431  2.078255E-16
5454.4252441154  2.160320E-16
5457.45942674649  2.072512E-16
5460.49360937758  2.011217E-16
5463.52779200868  2.018472E-16
5466.56197463977  2.212039E-16
5469.59615727087  2.116731E-16
5472.63033990196  1.952684E-16
5475.66452253305  2.051021E-16
5478.69870516414  2.052328E-16
5481.73288779524  2.133118E-16
5484.76707042633  2.124446E-16
5487.80125305743  2.048027E-16
5490.83543568852  2.042254E-16
5493.86961831961  2.180062E-16
5496.9038009507  2.086711E-16
5499.9379835818  1.999000E-16
5502.97216621289  2.109973E-16
5506.00634884398  2.108075E-16
5509.04053147508  2.142295E-16
5512.07471410617  2.070288E-16
5515.10889673726  2.173809E-16
5518.14307936836  2.045657E-16
5521.17726199945  2.038895E-16
5524.21144463054  2.093549E-16
5527.24562726164  2.061777E-16
5530.27980989273  1.950178E-16
5533.31399252382  2.287581E-16
5536.34817515492  2.084449E-16
5539.38235778601  2.024319E-16
5542.4165404171  2.037926E-16
5545.4507230482  2.053751E-16
5548.48490567929  2.127700E-16
5551.51908831038  1.982231E-16
5554.55327094148  2.019490E-16
5557.58745357257  2.075384E-16
5560.62163620366  2.021563E-16
5563.65581883475  2.087432E-16
5566.69000146585  2.026280E-16
5569.72418409694  2.263011E-16
5572.75836672804  2.054657E-16
5575.79254935913  1.653165E-16
5578.82673199022  1.544148E-16
5581.86091462131  1.713590E-16
5584.89509725241  2.036616E-16
5587.9292798835  2.036517E-16
5590.96346251459  1.974506E-16
5593.99764514569  2.006142E-16
5597.03182777678  1.986464E-16
5600.06601040787  1.923894E-16
5603.10019303897  1.935495E-16
5606.13437567006  1.980458E-16
5609.16855830115  2.066823E-16
5612.20274093225  2.068910E-16
5615.23692356334  1.995370E-16
5618.27110619443  2.019688E-16
5621.30528882553  2.085162E-16
5624.33947145662  2.101279E-16
5627.37365408771  2.119184E-16
5630.40783671881  1.918295E-16
5633.4420193499  2.076063E-16
5636.47620198099  2.135213E-16
5639.51038461209  2.099696E-16
5642.54456724318  2.002301E-16
5645.57874987427  1.942277E-16
5648.61293250536  1.938358E-16
5651.64711513646  1.909273E-16
5654.68129776755  2.016550E-16
5657.71548039865  2.031261E-16
5660.74966302974  1.993171E-16
5663.78384566083  2.028455E-16
5666.81802829192  1.978511E-16
5669.85221092302  1.967051E-16
5672.88639355411  2.081075E-16
5675.9205761852  2.155183E-16
5678.9547588163  1.982680E-16
5681.98894144739  2.051732E-16
5685.02312407848  2.069559E-16
5688.05730670958  1.991691E-16
5691.09148934067  2.029921E-16
5694.12567197176  1.991629E-16
5697.15985460286  1.985604E-16
5700.19403723395  2.014873E-16
5703.22821986504  2.026077E-16
5706.26240249614  2.080281E-16
5709.29658512723  1.992942E-16
5712.33076775832  1.982885E-16
5715.36495038941  1.926167E-16
5718.39913302051  1.908498E-16
5721.4333156516  2.026842E-16
5724.4674982827  1.966066E-16
5727.50168091379  1.751949E-16
5730.53586354488  1.784325E-16
5733.57004617597  1.840129E-16
5736.60422880707  1.941845E-16
5739.63841143816  1.936276E-16
5742.67259406925  1.908310E-16
5745.70677670035  1.972645E-16
5748.74095933144  1.995295E-16
5751.77514196253  1.938464E-16
5754.80932459363  1.847578E-16
5757.84350722472  1.909507E-16
5760.87768985581  1.924987E-16
5763.91187248691  1.921686E-16
5766.946055118  1.910137E-16
5769.98023774909  1.979999E-16
5773.01442038019  1.943413E-16
5776.04860301128  1.881677E-16
5779.08278564237  2.054662E-16
5782.11696827347  2.046215E-16
5785.15115090456  1.961806E-16
5788.18533353565  1.941676E-16
5791.21951616674  1.886395E-16
5794.25369879784  2.006597E-16
5797.28788142893  1.938241E-16
5800.32206406002  1.945525E-16
5803.35624669112  2.005830E-16
5806.39042932221  2.013984E-16
5809.4246119533  2.045625E-16
5812.4587945844  1.921688E-16
5815.49297721549  1.892232E-16
5818.52715984658  1.996632E-16
5821.56134247768  1.967683E-16
5824.59552510877  1.918373E-16
5827.62970773987  1.941167E-16
5830.66389037096  2.014660E-16
5833.69807300205  1.949820E-16
5836.73225563314  1.900587E-16
5839.76643826424  1.915383E-16
5842.80062089533  1.908872E-16
5845.83480352642  1.873455E-16
5848.86898615752  1.887847E-16
5851.90316878861  1.978298E-16
5854.9373514197  2.074424E-16
5857.9715340508  2.111008E-16
5861.00571668189  1.985151E-16
5864.03989931298  2.112789E-16
5867.07408194408  2.049583E-16
5870.10826457517  2.000753E-16
5873.14244720626  1.942332E-16
5876.17662983736  1.804733E-16
5879.21081246845  1.780860E-16
5882.24499509954  1.878811E-16
5885.27917773063  1.863680E-16
5888.31336036173  1.927193E-16
5891.34754299282  2.088846E-16
5894.38172562391  1.823374E-16
5897.41590825501  1.872167E-16
5900.4500908861  1.897251E-16
5903.48427351719  2.040890E-16
5906.51845614829  2.072224E-16
5909.55263877938  1.777651E-16
5912.58682141047  1.947388E-16
5915.62100404157  2.029502E-16
5918.65518667266  2.083981E-16
5921.68936930375  2.242250E-16
5924.72355193485  2.032383E-16
5927.75773456594  1.808198E-16
5930.79191719703  1.861315E-16
5933.82609982813  1.849902E-16
5936.86028245922  1.790421E-16
5939.89446509031  1.939423E-16
5942.9286477214  1.778683E-16
5945.9628303525  1.600866E-16
5948.99701298359  1.628344E-16
5952.03119561469  1.723484E-16
5955.06537824578  1.801278E-16
5958.09956087687  1.744620E-16
5961.13374350797  1.786259E-16
5964.16792613906  1.968430E-16
5967.20210877015  1.847883E-16
5970.23629140124  1.777382E-16
5973.27047403234  1.805236E-16
5976.30465666343  1.842876E-16
5979.33883929452  1.716437E-16
5982.37302192562  1.786933E-16
5985.40720455671  1.688673E-16
5988.4413871878  1.848887E-16
5991.4755698189  1.666524E-16
5994.50975244999  1.713819E-16
5997.54393508108  1.848675E-16
6000.57811771218  1.897091E-16
6003.61230034327  2.048727E-16
6006.64648297436  1.914184E-16
6009.68066560546  1.750311E-16
6012.71484823655  1.784496E-16
6015.74903086764  1.921238E-16
6018.78321349873  1.652369E-16
6021.81739612983  1.750133E-16
6024.85157876092  1.879178E-16
6027.88576139202  1.846966E-16
6030.91994402311  1.954400E-16
6033.9541266542  1.920339E-16
6036.98830928529  1.837706E-16
6040.02249191639  2.005355E-16
6043.05667454748  2.218039E-16
6046.09085717858  2.194735E-16
6049.12503980967  2.174747E-16
6052.15922244076  2.055614E-16
6055.19340507185  1.891933E-16
6058.22758770295  1.857438E-16
6061.26177033404  1.734717E-16
6064.29595296513  1.711596E-16
6067.33013559623  1.678216E-16
6070.36431822732  1.958698E-16
6073.39850085841  1.926557E-16
6076.43268348951  1.824608E-16
6079.4668661206  1.838696E-16
6082.50104875169  1.926209E-16
6085.53523138279  1.868875E-16
6088.56941401388  1.942733E-16
6091.60359664497  2.069611E-16
6094.63777927607  2.009922E-16
6097.67196190716  1.935989E-16
6100.70614453825  1.956357E-16
6103.74032716935  1.993650E-16
6106.77450980044  1.922821E-16
6109.80869243153  1.860700E-16
6112.84287506262  1.978567E-16
6115.87705769372  1.867591E-16
6118.91124032481  1.867410E-16
6121.94542295591  1.899460E-16
6124.979605587  1.893893E-16
6128.01378821809  1.985193E-16
6131.04797084918  1.902458E-16
6134.08215348028  1.871076E-16
6137.11633611137  1.986379E-16
6140.15051874246  2.053619E-16
6143.18470137356  2.049590E-16
6146.21888400465  2.046495E-16
6149.25306663574  1.839310E-16
6152.28724926684  1.904549E-16
6155.32143189793  2.049159E-16
6158.35561452902  1.869801E-16
6161.38979716012  1.851492E-16
6164.42397979121  1.959139E-16
6167.4581624223  1.973462E-16
6170.4923450534  1.990010E-16
6173.52652768449  2.027776E-16
6176.56071031558  1.875711E-16
6179.59489294667  1.919802E-16
6182.62907557777  1.907065E-16
6185.66325820886  1.830102E-16
6188.69744083995  1.895493E-16
6191.73162347105  2.019078E-16
6194.76580610214  2.016706E-16
6197.79998873323  1.799520E-16
6200.83417136433  1.972935E-16
6203.86835399542  2.086310E-16
6206.90253662651  1.852542E-16
6209.93671925761  1.915260E-16
6212.9709018887  1.960566E-16
6216.00508451979  1.886893E-16
6219.03926715089  1.976285E-16
6222.07344978198  2.054301E-16
6225.10763241307  2.042057E-16
6228.14181504417  1.965962E-16
6231.17599767526  1.934235E-16
6234.21018030635  1.840657E-16
6237.24436293745  1.792560E-16
6240.27854556854  1.789319E-16
6243.31272819963  1.781768E-16
6246.34691083073  1.905507E-16
6249.38109346182  1.892119E-16
6252.41527609291  1.849970E-16
6255.44945872401  1.783680E-16
6258.4836413551  1.849458E-16
6261.51782398619  1.728410E-16
6264.55200661728  1.728808E-16
6267.58618924838  1.791890E-16
6270.62037187947  1.828353E-16
6273.65455451056  1.880514E-16
6276.68873714166  1.880089E-16
6279.72291977275  1.791468E-16
6282.75710240384  1.793586E-16
6285.79128503494  1.912689E-16
6288.82546766603  1.836228E-16
6291.85965029712  1.728938E-16
6294.89383292822  1.947622E-16
6297.92801555931  1.925820E-16
6300.9621981904  1.756362E-16
6303.9963808215  1.872318E-16
6307.03056345259  1.762493E-16
6310.06474608368  1.777459E-16
6313.09892871478  1.954117E-16
6316.13311134587  1.821266E-16
6319.16729397696  1.753160E-16
6322.20147660806  1.813417E-16
6325.23565923915  1.866736E-16
6328.26984187024  1.790404E-16
6331.30402450133  1.934138E-16
6334.33820713243  1.865760E-16
6337.37238976352  1.736014E-16
6340.40657239462  1.763674E-16
6343.44075502571  1.836929E-16
6346.4749376568  1.904998E-16
6349.50912028789  1.755000E-16
6352.54330291899  1.805081E-16
6355.57748555008  2.048637E-16
6358.61166818117  1.923515E-16
6361.64585081227  1.956022E-16
6364.68003344336  1.898437E-16
6367.71421607445  1.812956E-16
6370.74839870555  1.715002E-16
6373.78258133664  1.804350E-16
6376.81676396773  1.910620E-16
6379.85094659883  1.846104E-16
6382.88512922992  1.922193E-16
6385.91931186101  1.869560E-16
6388.95349449211  1.884945E-16
6391.9876771232  1.828082E-16
6395.02185975429  1.850393E-16
6398.05604238539  1.790237E-16
6401.09022501648  1.816208E-16
6404.12440764757  1.863150E-16
6407.15859027867  1.827978E-16
6410.19277290976  1.769377E-16
6413.22695554085  1.822471E-16
6416.26113817195  1.631351E-16
6419.29532080304  1.773846E-16
6422.32950343413  1.856946E-16
6425.36368606522  1.856181E-16
6428.39786869632  1.815091E-16
6431.43205132741  1.777388E-16
6434.4662339585  1.977885E-16
6437.5004165896  1.755545E-16
6440.53459922069  1.646222E-16
6443.56878185178  1.796362E-16
6446.60296448288  1.935372E-16
6449.63714711397  1.813365E-16
6452.67132974506  1.682442E-16
6455.70551237616  1.852676E-16
6458.73969500725  1.605140E-16
6461.77387763834  1.690638E-16
6464.80806026944  1.571601E-16
6467.84224290053  1.679414E-16
6470.87642553162  1.747659E-16
6473.91060816272  1.834891E-16
6476.94479079381  1.741912E-16
6479.9789734249  1.753448E-16
6483.01315605599  1.845712E-16
6486.04733868709  1.887722E-16
6489.08152131818  1.751632E-16
6492.11570394928  1.791670E-16
6495.14988658037  1.777272E-16
6498.18406921146  1.673919E-16
6501.21825184255  1.664608E-16
6504.25243447365  1.824440E-16
6507.28661710474  1.835393E-16
6510.32079973583  1.743012E-16
6513.35498236693  1.726948E-16
6516.38916499802  1.814685E-16
6519.42334762911  1.755591E-16
6522.45753026021  1.794353E-16
6525.4917128913  1.834778E-16
6528.5258955224  1.953228E-16
6531.56007815349  1.857255E-16
6534.59426078458  1.831920E-16
6537.62844341567  1.736159E-16
6540.66262604677  1.753290E-16
6543.69680867786  1.865412E-16
6546.73099130895  1.810328E-16
6549.76517394005  1.695203E-16
6552.79935657114  1.873174E-16
6555.83353920223  1.932794E-16
6558.86772183333  1.781705E-16
6561.90190446442  2.054520E-16
6564.93608709551  1.739200E-16
6567.97026972661  1.749932E-16
6571.0044523577  1.779301E-16
6574.03863498879  1.771713E-16
6577.07281761989  1.930128E-16
6580.10700025098  1.707291E-16
6583.14118288207  1.877880E-16
6586.17536551317  1.861439E-16
6589.20954814426  1.719999E-16
6592.24373077535  1.792539E-16
6595.27791340645  1.728426E-16
6598.31209603754  1.802092E-16
6601.34627866863  1.758338E-16
6604.38046129972  1.734123E-16
6607.41464393082  1.683824E-16
6610.44882656191  1.704551E-16
6613.483009193  1.752788E-16
6616.5171918241  1.740548E-16
6619.55137445519  1.760151E-16
6622.58555708628  1.844452E-16
6625.61973971738  1.654161E-16
6628.65392234847  1.849855E-16
6631.68810497956  1.901621E-16
6634.72228761066  1.795739E-16
6637.75647024175  1.803096E-16
6640.79065287284  1.967620E-16
6643.82483550394  1.820754E-16
6646.85901813503  1.694283E-16
6649.89320076612  1.966523E-16
6652.92738339722  1.939488E-16
6655.96156602831  1.719313E-16
6658.9957486594  1.615766E-16
6662.0299312905  1.887675E-16
6665.06411392159  1.892827E-16
6668.09829655268  1.880411E-16
6671.13247918377  1.859351E-16
6674.16666181487  1.848801E-16
6677.20084444596  1.829732E-16
6680.23502707705  1.847470E-16
6683.26920970815  1.856490E-16
6686.30339233924  1.804729E-16
6689.33757497033  1.843533E-16
6692.37175760143  1.969630E-16
6695.40594023252  1.937176E-16
6698.44012286361  1.804664E-16
6701.47430549471  1.864030E-16
6704.5084881258  1.936385E-16
6707.54267075689  1.931171E-16
6710.57685338799  1.809785E-16
6713.61103601908  1.920304E-16
6716.64521865017  1.898517E-16
6719.67940128127  2.029109E-16
6722.71358391236  2.019840E-16
6725.74776654345  2.091655E-16
6728.78194917455  2.026436E-16
6731.81613180564  2.307812E-16
6734.85031443673  2.370374E-16
6737.88449706782  2.711238E-16
6740.91867969892  3.002133E-16
6743.95286233001  3.149278E-16
6746.9870449611  4.150106E-16
6750.0212275922  5.463790E-16
6753.05541022329  6.400036E-16
6756.08959285438  5.721927E-16
6759.12377548548  3.719306E-16
6762.15795811657  2.827825E-16
6765.19214074766  2.610004E-16
6768.22632337876  2.554968E-16
6771.26050600985  2.787228E-16
6774.29468864094  2.816454E-16
6777.32887127204  2.191108E-16
6780.36305390313  2.062810E-16
6783.39723653422  2.021729E-16
6786.43141916532  1.939514E-16
6789.46560179641  1.931015E-16
6792.4997844275  1.928328E-16
6795.5339670586  1.827340E-16
6798.56814968969  1.937231E-16
6801.60233232078  1.845334E-16
6804.63651495188  1.741333E-16
6807.67069758297  1.689706E-16
6810.70488021406  1.572249E-16
6813.73906284516  1.818391E-16
6816.77324547625  1.775002E-16
6819.80742810734  1.660609E-16
6822.84161073844  1.764521E-16
6825.87579336953  1.715721E-16
6828.90997600062  1.816649E-16
6831.94415863171  1.735799E-16
6834.97834126281  1.692420E-16
6838.0125238939  1.721105E-16
6841.046706525  1.632519E-16
6844.08088915609  1.865504E-16
6847.11507178718  1.738519E-16
6850.14925441827  1.724912E-16
6853.18343704937  1.662663E-16
6856.21761968046  1.693206E-16
6859.25180231155  1.500292E-16
6862.28598494265  1.679466E-16
6865.32016757374  1.405010E-16
6868.35435020483  1.243629E-16
6871.38853283593  1.426116E-16
6874.42271546702  1.299918E-16
6877.45689809811  1.418102E-16
6880.49108072921  1.626124E-16
6883.5252633603  1.638093E-16
6886.55944599139  1.396429E-16
6889.59362862248  1.558231E-16
6892.62781125358  1.552425E-16
6895.66199388467  1.721612E-16
6898.69617651577  1.665700E-16
6901.73035914686  1.665335E-16
6904.76454177795  1.854088E-16
6907.79872440904  2.013830E-16
6910.83290704014  1.886298E-16
6913.86708967123  1.680657E-16
6916.90127230232  1.722063E-16
6919.93545493342  1.785238E-16
6922.96963756451  1.847809E-16
6926.0038201956  1.869911E-16
6929.0380028267  1.612282E-16
6932.07218545779  1.591699E-16
6935.10636808888  1.691982E-16
6938.14055071998  1.708291E-16
6941.17473335107  1.505966E-16
6944.20891598216  1.730578E-16
6947.24309861326  1.634404E-16
6950.27728124435  1.426303E-16
6953.31146387544  1.453191E-16
6956.34564650654  1.703280E-16
6959.37982913763  1.703055E-16
6962.41401176872  1.554679E-16
6965.44819439982  1.588418E-16
6968.48237703091  1.619229E-16
6971.516559662  1.722702E-16
6974.5507422931  1.803470E-16
6977.58492492419  1.681666E-16
6980.61910755528  1.797947E-16
6983.65329018637  1.570840E-16
6986.68747281747  1.542990E-16
6989.72165544856  1.605197E-16
6992.75583807965  1.572536E-16
6995.79002071075  1.586174E-16
6998.82420334184  1.606816E-16
7001.85838597293  1.628129E-16
7004.89256860403  1.584029E-16
7007.92675123512  1.516692E-16
7010.96093386621  1.616550E-16
7013.99511649731  1.694175E-16
7017.0292991284  1.766585E-16
7020.06348175949  1.658271E-16
7023.09766439059  1.673434E-16
7026.13184702168  1.592707E-16
7029.16602965277  1.618739E-16
7032.20021228387  1.490991E-16
7035.23439491496  1.675768E-16
7038.26857754605  1.672238E-16
7041.30276017714  1.622911E-16
7044.33694280824  1.635413E-16
7047.37112543933  1.771951E-16
7050.40530807043  1.580318E-16
7053.43949070152  1.602210E-16
7056.47367333261  1.813771E-16
7059.50785596371  1.692806E-16
7062.5420385948  1.589375E-16
7065.57622122589  1.580764E-16
7068.61040385699  1.665269E-16
7071.64458648808  1.523198E-16
7074.67876911917  1.629746E-16
7077.71295175026  1.660356E-16
7080.74713438136  1.656488E-16
7083.78131701245  1.589907E-16
7086.81549964354  1.770592E-16
7089.84968227464  1.563952E-16
7092.88386490573  1.677007E-16
7095.91804753682  1.883619E-16
7098.95223016792  1.715033E-16
7101.98641279901  1.640967E-16
7105.0205954301  1.492076E-16
7108.0547780612  1.512387E-16
7111.08896069229  1.356756E-16
7114.12314332338  1.350291E-16
7117.15732595448  1.471081E-16
7120.19150858557  1.556421E-16
7123.22569121666  1.422094E-16
7126.25987384776  1.572109E-16
7129.29405647885  1.559861E-16
7132.32823910994  1.631556E-16
7135.36242174103  1.466806E-16
7138.39660437213  1.576377E-16
7141.43078700322  1.559324E-16
7144.46496963431  1.565530E-16
7147.49915226541  1.504048E-16
7150.5333348965  1.388982E-16
7153.56751752759  1.428656E-16
7156.60170015869  1.509102E-16
7159.63588278978  1.389813E-16
7162.67006542087  1.443043E-16
7165.70424805197  1.444592E-16
7168.73843068306  1.396859E-16
7171.77261331415  1.302714E-16
7174.80679594525  1.457357E-16
7177.84097857634  1.445500E-16
7180.87516120743  1.517407E-16
7183.90934383853  1.510414E-16
7186.94352646962  1.431067E-16
7189.97770910071  1.345316E-16
7193.01189173181  1.216868E-16
7196.0460743629  1.185715E-16
7199.08025699399  1.278427E-16
7202.11443962509  1.363962E-16
7205.14862225618  1.319256E-16
7208.18280488727  1.391300E-16
7211.21698751836  1.476455E-16
7214.25117014946  1.595266E-16
7217.28535278055  1.619787E-16
7220.31953541165  1.579987E-16
7223.35371804274  1.562335E-16
7226.38790067383  1.529567E-16
7229.42208330492  1.623462E-16
7232.45626593602  1.483713E-16
7235.49044856711  1.282069E-16
7238.5246311982  1.293870E-16
7241.5588138293  1.475685E-16
7244.59299646039  1.619808E-16
7247.62717909148  1.546846E-16
7250.66136172258  1.490135E-16
7253.69554435367  1.416379E-16
7256.72972698476  1.655483E-16
7259.76390961586  1.526964E-16
7262.79809224695  1.351093E-16
7265.83227487804  1.620391E-16
7268.86645750914  1.636864E-16
7271.90064014023  2.006472E-16
7274.93482277132  1.731235E-16
7277.96900540241  1.682034E-16
7281.00318803351  1.410791E-16
7284.0373706646  1.439878E-16
7287.07155329569  1.601252E-16
7290.10573592679  1.404574E-16
7293.13991855788  1.349302E-16
7296.17410118898  1.475497E-16
7299.20828382007  1.475459E-16
7302.24246645116  1.431657E-16
7305.27664908226  1.457828E-16
7308.31083171335  1.527409E-16
7311.34501434444  1.492222E-16
7314.37919697553  1.295169E-16
7317.41337960663  1.413113E-16
7320.44756223772  1.456265E-16
7323.48174486881  1.477531E-16
7326.51592749991  1.452795E-16
7329.550110131  1.480514E-16
7332.58429276209  1.554565E-16
7335.61847539319  1.636949E-16
7338.65265802428  1.681194E-16
7341.68684065537  1.613599E-16
7344.72102328647  1.551344E-16
7347.75520591756  1.520626E-16
7350.78938854865  1.777430E-16
7353.82357117975  1.799534E-16
7356.85775381084  1.521348E-16
7359.89193644193  1.786497E-16
7362.92611907303  1.472679E-16
7365.96030170412  1.322576E-16
7368.99448433521  1.309564E-16
7372.0286669663  1.542747E-16
7375.0628495974  1.391031E-16
7378.09703222849  1.482454E-16
7381.13121485958  1.504090E-16
7384.16539749068  1.485381E-16
7387.19958012177  1.279052E-16
7390.23376275286  1.410981E-16
7393.26794538396  1.550454E-16
7396.30212801505  1.397331E-16
7399.33631064614  1.503854E-16
7402.37049327724  1.571000E-16
7405.40467590833  1.418443E-16
7408.43885853942  1.477139E-16
7411.47304117052  1.628771E-16
7414.50722380161  1.537455E-16
7417.5414064327  1.469449E-16
7420.5755890638  1.569232E-16
7423.60977169489  1.574325E-16
7426.64395432598  1.653481E-16
7429.67813695708  1.556399E-16
7432.71231958817  1.482450E-16
7435.74650221926  1.617270E-16
7438.78068485036  1.431632E-16
7441.81486748145  1.578601E-16
7444.84905011254  1.475885E-16
7447.88323274363  1.389505E-16
7450.91741537473  1.412741E-16
7453.95159800582  1.397816E-16
7456.98578063691  1.410535E-16
7460.01996326801  1.397662E-16
7463.0541458991  1.434260E-16
7466.08832853019  1.548840E-16
7469.12251116129  1.470855E-16
7472.15669379238  1.511729E-16
7475.19087642348  1.535267E-16
7478.22505905457  1.719992E-16
7481.25924168566  1.801451E-16
7484.29342431675  1.619160E-16
7487.32760694785  1.555417E-16
7490.36178957894  1.630694E-16
7493.39597221003  1.657405E-16
7496.43015484113  1.509182E-16
7499.46433747222  1.531055E-16
7502.49852010331  1.469915E-16
7505.5327027344  1.489599E-16
7508.5668853655  1.550178E-16
7511.60106799659  1.379553E-16
7514.63525062769  1.462458E-16
7517.66943325878  1.630952E-16
7520.70361588987  1.449968E-16
7523.73779852096  1.458037E-16
7526.77198115206  1.547200E-16
7529.80616378315  1.588922E-16
7532.84034641425  1.590316E-16
7535.87452904534  1.642234E-16
7538.90871167643  1.489228E-16
7541.94289430753  1.477093E-16
7544.97707693862  1.507449E-16
7548.01125956971  1.557315E-16
7551.0454422008  1.470169E-16
7554.0796248319  1.465372E-16
7557.11380746299  1.547505E-16
7560.14799009408  1.443551E-16
7563.18217272518  1.645600E-16
7566.21635535627  1.648078E-16
7569.25053798736  1.452294E-16
7572.28472061846  1.377358E-16
7575.31890324955  1.045657E-16
7578.35308588064  1.257126E-16
7581.38726851174  1.505961E-16
7584.42145114283  1.511610E-16
7587.45563377392  1.311064E-16
7590.48981640502  1.223321E-16
7593.52399903611  1.132424E-16
7596.5581816672  9.563613E-17
7599.59236429829  7.682508E-17
7602.62654692939  4.384137E-17
7605.66072956048  4.918888E-17
7608.69491219158  5.076393E-17
7611.72909482267  6.958284E-17
7614.76327745376  8.040259E-17
7617.79746008485  9.539767E-17
7620.83164271595  1.037750E-16
7623.86582534704  9.991892E-17
7626.90000797813  8.334168E-17
7629.93419060923  9.368444E-17
7632.96837324032  7.554433E-17
7636.00255587141  8.888923E-17
7639.03673850251  1.052589E-16
7642.0709211336  1.089753E-16
7645.10510376469  1.137266E-16
7648.13928639579  9.555107E-17
7651.17346902688  1.030302E-16
7654.20765165797  1.139661E-16
7657.24183428907  1.280797E-16
7660.27601692016  1.307262E-16
7663.31019955125  1.231964E-16
7666.34438218235  1.104528E-16
7669.37856481344  1.271781E-16
7672.41274744453  1.356957E-16
7675.44693007563  1.462289E-16
7678.48111270672  1.450224E-16
7681.51529533781  1.388345E-16
7684.54947796891  1.434983E-16
7687.5836606  1.221143E-16
7690.61784323109  1.396542E-16
7693.65202586218  1.606452E-16
7696.68620849328  1.520875E-16
7699.72039112437  1.510152E-16
7702.75457375546  1.627780E-16
7705.78875638656  1.409520E-16
7708.82293901765  1.612915E-16
7711.85712164874  1.964275E-16
7714.89130427984  1.663445E-16
7717.92548691093  1.368193E-16
7720.95966954202  1.411104E-16
7723.99385217312  1.605428E-16
7727.02803480421  1.257265E-16
7730.0622174353  1.559506E-16
7733.0964000664  1.380496E-16
7736.13058269749  1.134151E-16
7739.16476532858  1.259735E-16
7742.19894795968  1.415077E-16
7745.23313059077  1.234847E-16
7748.26731322186  1.453143E-16
7751.30149585296  1.745691E-16
7754.33567848405  1.917864E-16
7757.36986111514  1.504921E-16
7760.40404374623  1.471878E-16
7763.43822637733  1.280378E-16
7766.47240900842  1.507275E-16
7769.50659163952  1.305326E-16
7772.54077427061  1.423841E-16
7775.5749569017  1.453408E-16
7778.60913953279  1.452005E-16
7781.64332216389  1.322585E-16
7784.67750479498  1.432273E-16
7787.71168742607  1.345598E-16
7790.74587005717  1.422364E-16
7793.78005268826  1.452929E-16
7796.81423531935  1.343782E-16
7799.84841795045  1.143800E-16
7802.88260058154  1.322945E-16
7805.91678321263  1.322106E-16
7808.95096584373  1.350198E-16
7811.98514847482  1.429316E-16
7815.01933110591  1.203982E-16
7818.05351373701  1.194336E-16
7821.0876963681  1.321132E-16
7824.12187899919  1.598471E-16
7827.15606163029  1.422628E-16
7830.19024426138  1.136367E-16
7833.22442689247  1.109457E-16
7836.25860952356  1.580218E-16
7839.29279215466  1.605223E-16
7842.32697478575  1.537209E-16
7845.36115741684  1.413860E-16
7848.39534004794  1.496209E-16
7851.42952267903  1.461955E-16
7854.46370531012  1.346828E-16
7857.49788794122  1.484776E-16
7860.53207057231  9.637960E-17
7863.5662532034  1.101911E-16
7866.6004358345  1.205620E-16
7869.63461846559  1.203310E-16
7872.66880109668  1.037895E-16
7875.70298372778  1.310098E-16
7878.73716635887  1.098894E-16
7881.77134898996  1.296389E-16
7884.80553162106  1.155465E-16
7887.83971425215  1.134575E-16
7890.87389688324  1.334522E-16
7893.90807951433  1.366433E-16
7896.94226214543  1.325409E-16
7899.97644477652  1.325823E-16
7903.01062740762  1.264681E-16
7906.04481003871  1.240423E-16
7909.0789926698  1.707397E-16
7912.11317530089  1.210933E-16
7915.14735793199  1.199701E-16
7918.18154056308  1.201519E-16
7921.21572319418  9.629748E-17
7924.24990582527  1.099564E-16
7927.28408845636  1.207683E-16
7930.31827108745  1.288488E-16
7933.35245371855  1.163977E-16
7936.38663634964  1.359859E-16
7939.42081898073  1.621144E-16
7942.45500161183  1.283460E-16
7945.48918424292  1.357265E-16
7948.52336687401  1.397416E-16
7951.55754950511  1.338358E-16
7954.5917321362  1.441776E-16
7957.62591476729  1.545636E-16
7960.66009739839  1.111116E-16
7963.69428002948  1.248402E-16
7966.72846266057  1.310749E-16
7969.76264529166  1.532324E-16
7972.79682792276  1.496578E-16
7975.83101055385  1.462512E-16
7978.86519318494  1.282386E-16
7981.89937581604  1.301146E-16
7984.93355844713  1.311641E-16
7987.96774107823  1.435760E-16
7991.00192370932  1.394432E-16
7994.03610634041  1.493027E-16
7997.07028897151  1.237015E-16
8000.1044716026  1.191081E-16
8003.13865423369  1.238714E-16
8006.17283686478  1.178539E-16
8009.20701949588  1.094425E-16
8012.24120212697  1.284574E-16
8015.27538475806  1.271140E-16
8018.30956738916  1.397379E-16
8021.34375002025  1.547623E-16
8024.37793265134  1.125299E-16
8027.41211528243  1.225834E-16
8030.44629791353  1.301994E-16
8033.48048054462  1.346137E-16
8036.51466317572  1.337430E-16
8039.54884580681  1.543799E-16
8042.5830284379  1.599009E-16
8045.617211069  1.390125E-16
8048.65139370009  1.261248E-16
8051.68557633118  1.192188E-16
8054.71975896228  1.464161E-16
8057.75394159337  1.290865E-16
8060.78812422446  1.407442E-16
8063.82230685555  1.441003E-16
8066.85648948665  1.388642E-16
8069.89067211774  1.184839E-16
8072.92485474884  1.244499E-16
8075.95903737993  1.322239E-16
8078.99322001102  1.380643E-16
8082.02740264211  1.316890E-16
8085.06158527321  1.311058E-16
8088.0957679043  1.261662E-16
8091.12995053539  1.346784E-16
8094.16413316649  1.460231E-16
8097.19831579758  1.432348E-16
8100.23249842867  1.164132E-16
8103.26668105976  1.277883E-16
8106.30086369086  1.475311E-16
8109.33504632195  1.629587E-16
8112.36922895305  1.608277E-16
8115.40341158414  1.384488E-16
8118.43759421523  1.232341E-16
8121.47177684633  1.276383E-16
8124.50595947742  1.500764E-16
8127.54014210851  1.346456E-16
8130.57432473961  1.462102E-16
8133.6085073707  1.402728E-16
8136.64269000179  1.397287E-16
8139.67687263289  1.073322E-16
8142.71105526398  1.373766E-16
8145.74523789507  1.206086E-16
8148.77942052616  1.065661E-16
8151.81360315726  1.129309E-16
8154.84778578835  1.200428E-16
8157.88196841944  1.163320E-16
8160.91615105054  9.062167E-17
8163.95033368163  1.050775E-16
8166.98451631272  1.345297E-16
8170.01869894382  9.320526E-17
8173.05288157491  1.111403E-16
8176.08706420601  1.056396E-16
8179.1212468371  1.424194E-16
8182.15542946819  1.112255E-16
8185.18961209928  1.113999E-16
8188.22379473038  1.344605E-16
8191.25797736147  1.459884E-16
8194.29215999256  1.307361E-16
8197.32634262366  1.188214E-16
8200.36052525475  1.219041E-16
8203.39470788584  1.275766E-16
8206.42889051694  1.337240E-16
8209.46307314803  1.473215E-16
8212.49725577912  1.263901E-16
8215.53143841021  1.293853E-16
8218.56562104131  1.388067E-16
8221.5998036724  1.185121E-16
8224.6339863035  9.593237E-17
8227.66816893459  1.052086E-16
8230.70235156568  1.207253E-16
8233.73653419677  1.084657E-16
8236.77071682787  1.108109E-16
8239.80489945896  1.332858E-16
8242.83908209005  1.153348E-16
8245.87326472115  1.254822E-16
8248.90744735224  1.613686E-16
8251.94162998333  1.586472E-16
8254.97581261443  1.504424E-16
8258.00999524552  1.609159E-16
8261.04417787661  1.347579E-16
8264.07836050771  1.457128E-16
8267.1125431388  1.258911E-16
8270.14672576989  1.255629E-16
8273.18090840098  1.044924E-16
8276.21509103208  1.569314E-16
8279.24927366317  1.358185E-16
8282.28345629427  9.666601E-17
8285.31763892536  1.230708E-16
8288.35182155645  1.137871E-16
8291.38600418755  1.200346E-16
8294.42018681864  9.960826E-17
8297.45436944973  1.001454E-16
8300.48855208083  1.421054E-16
8303.52273471192  1.232728E-16
8306.55691734301  1.585443E-16
8309.59109997411  1.434928E-16
8312.6252826052  1.267551E-16
8315.65946523629  1.109686E-16
8318.69364786738  9.373287E-17
8321.72783049848  7.897162E-17
8324.76201312957  1.082667E-16
8327.79619576066  8.702435E-17
8330.83037839176  1.110690E-16
8333.86456102285  1.037034E-16
8336.89874365394  8.296858E-17
8339.93292628504  8.839779E-17
8342.96710891613  9.432354E-17
8346.00129154722  8.310582E-17
8349.03547417832  5.086931E-17
8352.06965680941  1.060231E-16
8355.1038394405  1.310310E-16
8358.1380220716  1.294616E-16
8361.17220470269  1.399953E-16
8364.20638733378  1.816741E-16
8367.24056996487  1.905361E-16
8370.27475259597  1.648111E-16
8373.30893522706  1.433634E-16
8376.34311785815  1.555009E-16
8379.37730048925  1.585246E-16
8382.41148312034  1.495415E-16
8385.44566575144  1.500270E-16
8388.47984838253  1.714057E-16
8391.51403101362  1.197325E-16
8394.54821364472  1.611373E-16
8397.58239627581  1.576233E-16
8400.6165789069  7.214060E-17
8403.65076153799  5.494285E-17
8406.68494416909  9.666711E-17
8409.71912680018  1.064148E-16
8412.75330943127  1.499664E-16
8415.78749206237  1.069171E-16
8418.82167469346  8.420790E-17
8421.85585732455  1.325327E-16
8424.89003995565  7.875569E-17
8427.92422258674  1.069574E-16
8430.95840521783  1.589844E-16
8433.99258784893  1.850742E-16
8437.02677048002  1.622953E-16
8440.06095311111  1.612439E-16
8443.09513574221  1.392779E-16
8446.1293183733  1.101618E-16
8449.16350100439  1.555886E-16
8452.19768363548  1.416633E-16
8455.23186626658  1.508991E-16
8458.26604889767  1.420471E-16
8461.30023152876  1.147521E-16
8464.33441415986  1.145904E-16
8467.36859679095  1.121393E-16
8470.40277942204  9.013943E-17
8473.43696205314  7.891554E-17
8476.47114468423  1.008387E-16
8479.50532731533  1.075528E-16
8482.53950994642  1.250814E-16
8485.57369257751  1.227050E-16
8488.6078752086  8.903600E-17
8491.6420578397  1.153577E-16
8494.67624047079  1.345135E-16
8497.71042310188  1.249784E-16
8500.74460573298  8.977926E-17
8503.77878836407  1.160755E-16
8506.81297099516  1.484121E-16
8509.84715362626  1.269566E-16
8512.88133625735  1.002280E-16
8515.91551888844  8.725290E-17
8518.94970151954  1.058026E-16
8521.98388415063  1.184778E-16
8525.01806678172  1.271635E-16
8528.05224941281  1.290372E-16
8531.08643204391  1.383175E-16
8534.120614675  1.282297E-16
8537.1547973061  1.426412E-16
8540.18897993719  9.337274E-17
8543.22316256828  1.199980E-16
8546.25734519937  1.669508E-16
8549.29152783047  1.307246E-16
8552.32571046156  1.159788E-16
8555.35989309265  1.128512E-16
8558.39407572375  8.784994E-17
8561.42825835484  1.406155E-16
8564.46244098593  1.348650E-16
8567.49662361703  1.126803E-16
8570.53080624812  1.254884E-16
8573.56498887921  1.084568E-16
8576.59917151031  1.106393E-16
8579.6333541414  8.862033E-17
8582.66753677249  1.131317E-16
8585.70171940358  1.090630E-16
8588.73590203468  1.073339E-16
8591.77008466577  1.000050E-16
8594.80426729687  9.432856E-17
8597.83844992796  1.213852E-16
8600.87263255905  9.070436E-17
8603.90681519015  7.591375E-17
8606.94099782124  9.317749E-17
8609.97518045233  1.526671E-16
8613.00936308342  1.061116E-16
8616.04354571452  1.150794E-16
8619.07772834561  1.300352E-16
8622.1119109767  1.437469E-16
8625.1460936078  1.483799E-16
8628.18027623889  1.235467E-16
8631.21445886999  7.958207E-17
8634.24864150108  7.338527E-17
8637.28282413217  9.205260E-17
8640.31700676327  8.876468E-17
8643.35118939436  8.618973E-17
8646.38537202545  1.536134E-16
8649.41955465654  6.551740E-17
8652.45373728764  9.361258E-17
8655.48791991873  8.429491E-17
8658.52210254982  9.078270E-17
8661.55628518092  8.746196E-17
8664.59046781201  1.559107E-16
8667.6246504431  1.903418E-16
8670.6588330742  1.526065E-16
8673.69301570529  1.357756E-16
8676.72719833638  1.331205E-16
8679.76138096747  1.357408E-16
8682.79556359857  8.713519E-17
8685.82974622966  1.339604E-16
8688.86392886076  1.605035E-16
8691.89811149185  1.620125E-16
8694.93229412294  1.151879E-16
8697.96647675403  1.302913E-16
8701.00065938513  1.330217E-16
8704.03484201622  9.028432E-17
8707.06902464731  1.377518E-16
8710.10320727841  9.936937E-17
8713.1373899095  9.703871E-17
8716.17157254059  9.586473E-17
8719.20575517169  8.768887E-17
8722.23993780278  1.179029E-16
8725.27412043387  1.171898E-16
8728.30830306497  9.556747E-17
8731.34248569606  9.813544E-17
8734.37666832715  1.277382E-16
8737.41085095825  1.166156E-16
8740.44503358934  8.594614E-17
8743.47921622043  9.391183E-17
8746.51339885153  9.707916E-17
8749.54758148262  8.671486E-17
8752.58176411371  9.726350E-17
8755.61594674481  1.097385E-16
8758.6501293759  1.151319E-16
8761.68431200699  1.128808E-16
8764.71849463809  1.749839E-16
8767.75267726918  1.236557E-16
8770.78685990027  1.257686E-16
8773.82104253137  1.167320E-16
8776.85522516246  5.796937E-17
8779.88940779355  6.133842E-17
8782.92359042464  1.071205E-16
8785.95777305574  8.723882E-17
8788.99195568683  9.427735E-17
8792.02613831792  7.671567E-17
8795.06032094902  7.588605E-17
8798.09450358011  8.400464E-17
8801.1286862112  8.514564E-17
8804.1628688423  8.743359E-17
8807.19705147339  9.168765E-17
8810.23123410448  1.367485E-16
8813.26541673558  1.398563E-16
8816.29959936667  1.082170E-16
8819.33378199776  1.241837E-16
8822.36796462886  1.699179E-16
8825.40214725995  1.565717E-16
8828.43632989104  1.035435E-16
8831.47051252213  1.280187E-16
8834.50469515323  1.191345E-16
8837.53887778432  1.197930E-16
8840.57306041542  1.026973E-16
8843.60724304651  1.301029E-16
8846.6414256776  1.217872E-16
8849.6756083087  8.386138E-17
8852.70979093979  1.031378E-16
8855.74397357088  8.230117E-17
8858.77815620197  9.826424E-17
8861.81233883307  1.007695E-16
8864.84652146416  6.998774E-17
8867.88070409525  7.499293E-17
8870.91488672635  3.507191E-17
8873.94906935744  6.392671E-17
8876.98325198853  7.952158E-17
8880.01743461963  6.230180E-17
8883.05161725072  1.047595E-16
8886.08579988182  1.455504E-16
8889.11998251291  1.853929E-16
8892.154165144  1.565140E-16
8895.18834777509  1.024139E-16
8898.22253040619  1.068437E-16
8901.25671303728  9.255094E-17
8904.29089566837  7.772497E-17
8907.32507829947  1.115077E-16
8910.35926093056  9.650140E-17
8913.39344356165  1.614389E-16
8916.42762619274  1.322359E-16
8919.46180882384  1.202054E-16
8922.49599145493  3.785490E-17
8925.53017408602  2.834867E-17
8928.56435671712  8.485721E-17
8931.59853934821  8.865422E-17
8934.6327219793  5.417459E-17
8937.6669046104  8.389222E-17
8940.70108724149  1.121694E-16
8943.73526987259  5.575703E-17
8946.76945250368  9.533033E-17
8949.80363513477  1.175559E-16
8952.83781776586  7.712970E-17
8955.87200039696  8.790967E-17
8958.90618302805  1.186166E-16
8961.94036565914  8.091773E-17
8964.97454829024  1.065672E-16
8968.00873092133  1.228329E-16
8971.04291355242  1.056374E-16
8974.07709618352  8.792115E-17
8977.11127881461  8.390118E-17
8980.1454614457  6.869444E-17
8983.1796440768  5.067493E-17
8986.21382670789  9.259190E-17
8989.24800933898  1.333829E-16
8992.28219197007  1.325655E-16
8995.31637460117  1.585462E-16
8998.35055723226  4.966151E-17
9001.38473986335  8.907526E-17
9004.41892249445  8.630205E-17
9007.45310512554  6.844390E-17
9010.48728775664  7.389287E-17
9013.52147038773  5.462379E-17
9016.55565301882  5.598076E-17
9019.58983564992  7.884171E-17
9022.62401828101  9.110778E-17
9025.6582009121  6.646411E-17
9028.69238354319  4.432783E-17
9031.72656617429  1.035799E-16
9034.76074880538  1.272486E-16
9037.79493143647  1.008484E-16
9040.82911406757  8.034950E-17
9043.86329669866  6.401123E-17
9046.89747932975  9.431249E-17
9049.93166196084  8.539123E-17
9052.96584459194  8.427678E-17
9056.00002722303  1.355217E-16
9059.03420985413  6.655178E-17
9062.06839248522  2.423920E-17
9065.10257511631  6.363370E-17
9068.13675774741  5.854757E-17
9071.1709403785  6.691222E-17
9074.20512300959  6.851448E-17
9077.23930564069  7.906806E-17
9080.27348827178  1.409628E-16
9083.30767090287  1.213978E-16
9086.34185353396  8.597793E-17
9089.37603616506  7.265251E-17
9092.41021879615  4.314777E-17
9095.44440142725  2.581846E-17
9098.47858405834  6.858299E-17
9101.51276668943  1.110183E-16
9104.54694932052  1.278366E-16
9107.58113195162  6.818343E-17
9110.61531458271  1.194714E-16
9113.6494972138  1.011482E-16
9116.6836798449  6.320097E-17
9119.71786247599  4.653830E-17
9122.75204510708  1.074561E-16
9125.78622773818  9.464258E-17
9128.82041036927  9.337158E-17
9131.85459300036  7.856166E-17
9134.88877563146  5.858192E-17
9137.92295826255  6.910883E-17
9140.95714089364  8.837505E-17
9143.99132352474  8.493937E-17
9147.02550615583  6.901271E-17
9150.05968878692  5.981939E-17
9153.09387141802  8.122127E-17
9156.12805404911  6.774448E-17
9159.1622366802  6.622070E-17
9162.1964193113  1.045829E-16
9165.23060194239  6.487578E-17
9168.26478457348  7.504456E-17
9171.29896720457  7.118746E-17
9174.33314983567  4.966260E-17
9177.36733246676  5.487793E-17
9180.40151509785  6.799341E-17
9183.43569772895  7.826510E-17
9186.46988036004  4.251675E-17
9189.50406299113  4.684784E-17
9192.53824562223  3.511774E-17
9195.57242825332  5.909527E-17
9198.60661088442  4.174318E-17
9201.64079351551  4.373598E-17
9204.6749761466  5.010387E-17
9207.70915877769  7.732880E-17
9210.74334140879  7.234878E-17
9213.77752403988  7.530398E-17
9216.81170667097  5.327495E-17
9219.84588930207  8.967427E-17
9222.88007193316  7.901898E-17
9225.91425456425  5.818764E-17
9228.94843719535  8.781654E-17
9231.98261982644  5.745925E-17
9235.01680245753  6.862290E-17
9238.05098508862  7.454186E-17
9241.08516771972  7.210101E-17
9244.11935035081  1.176073E-16
9247.15353298191  1.220108E-16
9250.187715613  9.589864E-17
9253.22189824409  1.105376E-16
9256.25608087518  1.295803E-16
9259.29026350628  9.042915E-17
9262.32444613737  8.396305E-17
9265.35862876846  5.008257E-17
9268.39281139956  9.382808E-17
9271.42699403065  1.238891E-16
9274.46117666174  9.678255E-17
9277.49535929284  9.319633E-17
9280.52954192393  1.060213E-16
9283.56372455502  8.925143E-17
9286.59790718612  6.954049E-17
9289.63208981721  5.746656E-17
9292.6662724483  3.493375E-17
9295.7004550794  6.045220E-17
9298.73463771049  6.605346E-17
9301.76882034158  1.431557E-16
9304.80300297268  1.022198E-16
9307.83718560377  1.035858E-16
9310.87136823486  3.146696E-17
9313.90555086595  4.075768E-17
9316.93973349705  -4.480266E-17
9319.97391612814  -3.355045E-18
9323.00809875924  3.775726E-17
9326.04228139033  8.248648E-17
9329.07646402142  -2.345752E-17
9332.11064665252  -2.486178E-17
9335.14482928361  4.075931E-17
9338.1790119147  -7.592593E-19
9341.21319454579  1.698603E-19
9344.24737717689  3.067485E-18
9347.28155980798  1.228420E-17
9350.31574243907  5.630948E-17
9353.34992507017  4.026051E-17
9356.38410770126  -3.768105E-18
9359.41829033235  4.251326E-17
9362.45247296345  4.178780E-17
9365.48665559454  1.179530E-17
9368.52083822563  5.871969E-17
9371.55502085673  -4.675133E-17
9374.58920348782  -6.910588E-17
9377.62338611891  1.418316E-16
9380.65756875001  1.822990E-16
9383.6917513811  1.222629E-16
9386.72593401219  7.312363E-17
9389.76011664328  7.344537E-17
9392.79429927438  6.050308E-17
9395.82848190547  6.662664E-17
9398.86266453656  8.665809E-17
9401.89684716766  8.926449E-17
9404.93102979875  4.149331E-17
9407.96521242985  4.598098E-17
9410.99939506094  8.700521E-18
9414.03357769203  2.726564E-17
9417.06776032312  1.088002E-16
9420.10194295422  1.134610E-16
9423.13612558531  4.144487E-17
9426.1703082164  3.510186E-17
9429.2044908475  5.050257E-17
9432.23867347859  3.411322E-17
9435.27285610968  -4.802036E-17
9438.30703874078  7.582027E-17
9441.34122137187  1.226625E-16
9444.37540400296  1.594213E-16
9447.40958663406  6.825548E-17
9450.44376926515  -3.422612E-19
9453.47795189624  7.775564E-17
9456.51213452734  4.435672E-17
9459.54631715843  7.727079E-17
9462.58049978952  8.827933E-17
9465.61468242062  4.977474E-17
9468.64886505171  4.057173E-17
9471.6830476828  7.036264E-18
9474.71723031389  6.650138E-17
9477.75141294499  7.519074E-17
9480.78559557608  7.303437E-17
9483.81977820717  9.333196E-17
9486.85396083827  5.962706E-17
9489.88814346936  5.325692E-17
9492.92232610045  1.863986E-17
9495.95650873155  3.739528E-17
9498.99069136264  5.476433E-17
9502.02487399374  2.505663E-17
9505.05905662483  6.179596E-17
9508.09323925592  9.293308E-17
9511.12742188701  3.689864E-17
9514.16160451811  2.519997E-17
9517.1957871492  6.441085E-17
9520.22996978029  2.571899E-17
9523.26415241139  4.668336E-17
9526.29833504248  4.921832E-17
9529.33251767357  2.124781E-17
9532.36670030467  7.507753E-17
9535.40088293576  9.284330E-17
9538.43506556685  2.826968E-17
9541.46924819795  7.974435E-17
9544.50343082904  1.482748E-16
9547.53761346013  6.814076E-17
9550.57179609122  7.261393E-17
9553.60597872232  4.449020E-17
9556.64016135341  5.558280E-17
9559.6743439845  3.853564E-17
9562.7085266156  3.526906E-18
9565.74270924669  3.521889E-17
9568.77689187778  8.168453E-17
9571.81107450888  3.699792E-17
9574.84525713997  5.149291E-17
9577.87943977106  7.021425E-17
9580.91362240216  4.139366E-17
9583.94780503325  7.731904E-18
9586.98198766434  9.238779E-17
9590.01617029544  2.731314E-17
9593.05035292653  1.021224E-16
9596.08453555762  1.982909E-17
9599.11871818872  1.623699E-17
9602.15290081981  6.078044E-17
9605.1870834509  7.260656E-17
9608.22126608199  6.494501E-17
9611.25544871309  2.559578E-17
9614.28963134418  3.051907E-17
9617.32381397528  1.198248E-17
9620.35799660637  5.251216E-17
9623.39217923746  6.867584E-17
9626.42636186856  6.462270E-17
9629.46054449965  2.386997E-17
9632.49472713074  4.419523E-17
9635.52890976183  4.765473E-17
9638.56309239293  5.223602E-17
9641.59727502402  9.121293E-17
9644.63145765511  5.163980E-17
9647.66564028621  6.445856E-17
9650.6998229173  6.411083E-17
9653.7340055484  8.424455E-17
9656.76818817949  8.225540E-17
9659.80237081058  9.874732E-17
9662.83655344167  5.962084E-17
9665.87073607277  3.566220E-17
9668.90491870386  1.234456E-16
9671.93910133495  9.863579E-17
9674.97328396605  1.654147E-16
9678.00746659714  1.601842E-18
9681.04164922823  2.599600E-17
9684.07583185932  1.055771E-16
9687.11001449042  3.113750E-17
9690.14419712151  -4.222376E-17
9693.17837975261  2.930041E-17
9696.2125623837  3.633941E-17
9699.24674501479  4.137319E-17
9702.28092764588  -9.983752E-18
9705.31511027698  3.306887E-17
9708.34929290807  1.597738E-18
9711.38347553917  -1.293562E-17
9714.41765817026  4.073918E-17
9717.45184080135  5.846463E-17
9720.48602343244  8.350103E-17
9723.52020606354  7.294165E-17
9726.55438869463  5.277072E-17
9729.58857132572  5.107353E-17
9732.62275395682  1.103995E-16
9735.65693658791  3.175295E-17
9738.691119219  3.920557E-18
9741.7253018501  1.145292E-16
9744.75948448119  4.465164E-17
9747.79366711228  1.113657E-16
9750.82784974338  1.104624E-16
9753.86203237447  -2.587438E-17
9756.89621500556  6.368037E-17
9759.93039763666  5.295080E-17
9762.96458026775  6.176148E-17
9765.99876289884  2.478116E-17
9769.03294552994  5.662146E-17
9772.06712816103  1.458291E-16
9775.10131079212  9.681534E-17
9778.13549342322  6.391539E-17
9781.16967605431  2.527609E-17
9784.2038586854  3.961415E-17
9787.2380413165  1.029150E-16
9790.27222394759  5.801689E-17
9793.30640657868  -3.072592E-17
9796.34058920977  -2.236448E-17
9799.37477184087  1.937906E-17
9802.40895447196  3.530565E-17
9805.44313710305  5.466849E-18
9808.47731973415  1.282337E-18
9811.51150236524  4.033804E-17
9814.54568499633  -4.724946E-18
9817.57986762743  5.259332E-17
9820.61405025852  1.341603E-17
9823.64823288961  7.517434E-17
9826.68241552071  3.299556E-17
9829.7165981518  4.508332E-17
9832.75078078289  5.501391E-17
