        4000   1.059e-18
        4003   1.113e-18
        4005   1.267e-18
        4008   1.387e-18
        4010   1.514e-18
        4013   1.308e-18
        4016   1.319e-18
        4018   1.464e-18
        4021   1.464e-18
        4023   1.505e-18
        4026   1.486e-18
        4028   1.417e-18
        4031   1.362e-18
        4034   1.622e-18
        4036    1.45e-18
        4039   1.478e-18
        4041   1.534e-18
        4044   1.537e-18
        4047   1.523e-18
        4049   1.244e-18
        4052   1.221e-18
        4054   7.876e-19
        4057   6.914e-19
        4059   6.098e-19
        4062   7.268e-19
        4065   6.865e-19
        4067   1.028e-18
        4070   1.239e-18
        4072   1.319e-18
        4075   1.368e-18
        4078   1.162e-18
        4080   1.052e-18
        4083   7.178e-19
        4085   9.023e-19
        4088   8.472e-19
        4090   7.966e-19
        4093   9.117e-19
        4096   1.062e-18
        4098   1.322e-18
        4101    1.45e-18
        4103   1.357e-18
        4106   1.436e-18
        4109   1.411e-18
        4111   1.361e-18
        4114   1.259e-18
        4116   1.107e-18
        4119   1.233e-18
        4121   1.226e-18
        4124    1.25e-18
        4127   1.172e-18
        4129   1.321e-18
        4132   1.442e-18
        4134   1.483e-18
        4137   1.328e-18
        4140   1.236e-18
        4142   1.335e-18
        4145   1.271e-18
        4147   1.196e-18
        4150   1.172e-18
        4152   1.328e-18
        4155   1.492e-18
        4158     1.3e-18
        4160   1.033e-18
        4163    6.81e-19
        4165   6.826e-19
        4168   7.829e-19
        4171   6.624e-19
        4173   9.106e-19
        4176   1.235e-18
        4178   1.609e-18
        4181   1.658e-18
        4184   1.704e-18
        4186   1.804e-18
        4189   1.606e-18
        4191   1.263e-18
        4194   1.032e-18
        4196   1.107e-18
        4199   1.007e-18
        4202   8.876e-19
        4204   1.121e-18
        4207   1.445e-18
        4209   1.559e-18
        4212   1.333e-18
        4215   1.344e-18
        4217   1.685e-18
        4220   1.812e-18
        4222   1.641e-18
        4225   1.685e-18
        4227   1.882e-18
        4230   1.702e-18
        4233   1.556e-18
        4235   1.279e-18
        4238   1.489e-18
        4240    1.76e-18
        4243   1.904e-18
        4246   2.202e-18
        4248   2.232e-18
        4251   2.376e-18
        4253   2.172e-18
        4256   1.745e-18
        4258   1.229e-18
        4261    8.33e-19
        4264    7.87e-19
        4266   6.411e-19
        4269    6.49e-19
        4271   7.799e-19
        4274   1.011e-18
        4277   1.191e-18
        4279   1.049e-18
        4282   1.106e-18
        4284   1.259e-18
        4287   1.432e-18
        4289   1.487e-18
        4292   1.474e-18
        4295   1.427e-18
        4297   1.459e-18
        4300   1.232e-18
        4302   6.916e-19
        4305   4.968e-19
        4308   4.285e-19
        4310   3.352e-19
        4313     1.7e-19
        4315   2.373e-19
        4318   6.038e-19
        4321   6.179e-19
        4323   6.056e-19
        4326   6.862e-19
        4328   6.292e-19
        4331   4.336e-19
        4333   1.907e-19
        4336   1.511e-19
        4339   3.083e-19
        4341   4.353e-19
        4344   3.411e-19
        4346   5.577e-19
        4349   8.149e-19
        4352   9.426e-19
        4354   8.914e-19
        4357   8.807e-19
        4359   1.106e-18
        4362   7.507e-19
        4364   4.088e-19
        4367   3.999e-19
        4370   3.201e-19
        4372   1.067e-19
        4375  -1.048e-19
        4377   2.275e-19
        4380   5.202e-19
        4383   5.506e-19
        4385   5.822e-19
        4388   7.472e-19
        4390   7.187e-19
        4393   6.056e-19
        4395     5.5e-19
        4398   6.791e-19
        4401   8.019e-19
        4403   8.021e-19
        4406   1.085e-18
        4408   1.098e-18
        4411   1.034e-18
        4414   7.829e-19
        4416   6.093e-19
        4419   5.074e-19
        4421   3.703e-19
        4424   3.111e-19
        4426   4.533e-19
        4429   4.037e-19
        4432   1.675e-19
        4434   2.884e-19
        4437   3.078e-19
        4439   2.521e-19
        4442   1.301e-19
        4445   3.136e-19
        4447   6.661e-19
        4450   5.574e-19
        4452   3.638e-19
        4455   3.492e-19
        4457   3.293e-19
        4460   1.802e-19
        4463  -5.757e-20
        4465  -2.218e-19
        4468   1.313e-19
        4470   4.509e-19
        4473   5.474e-19
        4476   7.292e-19
        4478   9.382e-19
        4481   9.375e-19
        4483   6.495e-19
        4486   5.372e-19
        4489   5.643e-19
        4491   4.182e-19
        4494   2.637e-19
        4496   5.323e-19
        4499   7.251e-19
        4501   6.968e-19
        4504    6.99e-19
        4507   7.259e-19
        4509   8.419e-19
        4512    7.93e-19
        4514    9.19e-19
        4517   1.159e-18
        4520   1.267e-18
        4522   1.505e-18
        4525   1.535e-18
        4527    1.47e-18
        4530   1.325e-18
        4532   1.061e-18
        4535   1.002e-18
        4538   8.679e-19
        4540       9e-19
        4543   8.856e-19
        4545   7.277e-19
        4548   8.266e-19
        4551   1.039e-18
        4553   1.187e-18
        4556   1.229e-18
        4558    1.37e-18
        4561   1.524e-18
        4563   1.374e-18
        4566   8.871e-19
        4569   4.976e-19
        4571   4.463e-19
        4574   4.117e-19
        4576   4.174e-19
        4579   5.959e-19
        4582   7.153e-19
        4584   8.602e-19
        4587   9.701e-19
        4589   9.135e-19
        4592   8.449e-19
        4594   7.521e-19
        4597   7.358e-19
        4600   7.205e-19
        4602   6.504e-19
        4605   7.253e-19
        4607   9.921e-19
        4610   1.183e-18
        4613   1.293e-18
        4615   1.374e-18
        4618   1.334e-18
        4620   1.384e-18
        4623   1.279e-18
        4626   1.154e-18
        4628   1.121e-18
        4631   9.506e-19
        4633   8.898e-19
        4636   8.792e-19
        4638   8.355e-19
        4641    7.23e-19
        4644   8.314e-19
        4646   1.111e-18
        4649   1.261e-18
        4651   1.286e-18
        4654   1.165e-18
        4657    1.09e-18
        4659   7.794e-19
        4662   5.612e-19
        4664   3.616e-19
        4667   3.595e-19
        4669   5.351e-19
        4672    6.19e-19
        4675    6.77e-19
        4677   6.084e-19
        4680   6.082e-19
        4682   4.497e-19
        4685   1.449e-19
        4688   1.446e-19
        4690   2.322e-19
        4693    1.19e-19
        4695  -5.469e-20
        4698   4.114e-21
        4700   3.282e-19
        4703   4.456e-19
        4706   6.335e-19
        4708   1.036e-18
        4711    1.45e-18
        4713   1.531e-18
        4716   1.421e-18
        4719   1.343e-18
        4721   1.145e-18
        4724   8.746e-19
        4726   6.533e-19
        4729   6.478e-19
        4731   7.401e-19
        4734   7.112e-19
        4737   7.035e-19
        4739   6.504e-19
        4742   5.541e-19
        4744   4.254e-19
        4747   3.503e-19
        4750   4.025e-19
        4752   5.082e-19
        4755   7.466e-19
        4757   9.331e-19
        4760   8.845e-19
        4762   8.177e-19
        4765   7.734e-19
        4768   6.815e-19
        4770   6.192e-19
        4773   5.101e-19
        4775   5.569e-19
        4778   6.208e-19
        4781   6.721e-19
        4783   6.609e-19
        4786   7.371e-19
        4788   7.606e-19
        4791   7.534e-19
        4794   6.969e-19
        4796   6.566e-19
        4799   7.202e-19
        4801   4.272e-19
        4804   4.918e-19
        4806   3.829e-19
        4809   2.877e-19
        4812   1.508e-19
        4814   1.858e-19
        4817   3.864e-19
        4819   3.654e-21
        4822  -1.946e-19
        4825   -1.28e-19
        4827   2.265e-19
        4830   3.576e-19
        4832   4.656e-19
        4835   7.796e-19
        4837   1.131e-18
        4840   1.308e-18
        4843   1.151e-18
        4845   1.047e-18
        4848   1.054e-18
        4850   1.072e-18
        4853   9.114e-19
        4856   8.183e-19
        4858   8.082e-19
        4861   9.121e-19
        4863   9.511e-19
        4866   9.091e-19
        4868    1.04e-18
        4871   1.146e-18
        4874    1.21e-18
        4876   1.181e-18
        4879   1.239e-18
        4881   1.393e-18
        4884   1.665e-18
        4887   1.703e-18
        4889   1.602e-18
        4892   1.494e-18
        4894    1.43e-18
        4897    1.45e-18
        4899   1.198e-18
        4902   1.065e-18
        4905   1.037e-18
        4907   1.011e-18
        4910   9.645e-19
        4912   8.704e-19
        4915   8.039e-19
        4918   7.076e-19
        4920   7.689e-19
        4923   5.727e-19
        4925   3.296e-19
        4928   2.768e-19
        4930   3.163e-19
        4933   3.365e-19
        4936     2.9e-19
        4938   3.206e-19
        4941   2.732e-19
        4943   3.531e-19
        4946   5.887e-19
        4949   7.617e-19
        4951   8.077e-19
        4954   1.068e-18
        4956   1.514e-18
        4959   1.566e-18
        4962   1.435e-18
        4964    1.32e-18
        4967   1.308e-18
        4969   1.386e-18
        4972    1.34e-18
        4974   1.361e-18
        4977   1.203e-18
        4980   1.096e-18
        4982   1.165e-18
        4985   1.151e-18
        4987    1.09e-18
        4990   1.221e-18
        4993    1.45e-18
        4995   1.601e-18
        4998   1.491e-18
        5000   1.376e-18
        5003   1.384e-18
        5005    1.23e-18
        5008   1.185e-18
        5011   1.142e-18
        5013   1.255e-18
        5016    1.28e-18
        5018   1.089e-18
        5021   1.102e-18
        5024    1.07e-18
        5026   1.056e-18
        5029   9.511e-19
        5031   8.674e-19
        5034    9.03e-19
        5036   7.872e-19
        5039    6.67e-19
        5042   6.431e-19
        5044   5.986e-19
        5047   5.049e-19
        5049   5.447e-19
        5052    7.19e-19
        5055   7.024e-19
        5057   7.745e-19
        5060   1.007e-18
        5062   1.309e-18
        5065   1.309e-18
        5067   1.101e-18
        5070   1.197e-18
        5073   1.286e-18
        5075   1.307e-18
        5078   1.222e-18
        5080    1.21e-18
        5083   1.305e-18
        5086   1.409e-18
        5088   1.347e-18
        5091   1.211e-18
        5093   1.214e-18
        5096    1.36e-18
        5099   1.459e-18
        5101    1.41e-18
        5104   1.359e-18
        5106   1.355e-18
        5109    1.37e-18
        5111   1.193e-18
        5114   1.087e-18
        5117   1.093e-18
        5119   1.215e-18
        5122   1.272e-18
        5124   1.128e-18
        5127   9.954e-19
        5130   8.901e-19
        5132   8.856e-19
        5135    8.65e-19
        5137   8.096e-19
        5140   9.445e-19
        5142   1.179e-18
        5145   1.256e-18
        5148   1.193e-18
        5150   1.157e-18
        5153   1.232e-18
        5155   1.249e-18
        5158   1.291e-18
        5161   1.343e-18
        5163   1.493e-18
        5166   1.595e-18
        5168   1.548e-18
        5171   1.541e-18
        5173     1.6e-18
        5176   1.614e-18
        5179   1.491e-18
        5181   1.494e-18
        5184   1.637e-18
        5186   1.655e-18
        5189   1.634e-18
        5192   1.652e-18
        5194   1.648e-18
        5197   1.636e-18
        5199   1.549e-18
        5202   1.548e-18
        5204   1.559e-18
        5207   1.653e-18
        5210    1.68e-18
        5212   1.398e-18
        5215   1.342e-18
        5217   1.412e-18
        5220   1.328e-18
        5223   1.303e-18
        5225   1.458e-18
        5228   1.634e-18
        5230   1.655e-18
        5233   1.593e-18
        5235   1.542e-18
        5238   1.492e-18
        5241     1.4e-18
        5243   1.413e-18
        5246   1.341e-18
        5248    1.42e-18
        5251    1.62e-18
        5254   1.676e-18
        5256   1.661e-18
        5259   1.667e-18
        5261   1.737e-18
        5264   1.704e-18
        5267    1.72e-18
        5269   1.782e-18
        5272   1.818e-18
        5274   1.891e-18
        5277   2.016e-18
        5279    1.94e-18
        5282   1.787e-18
        5285   1.724e-18
        5287   1.729e-18
        5290   1.816e-18
        5292   1.897e-18
        5295   1.954e-18
        5298   1.926e-18
        5300   1.864e-18
        5303   1.833e-18
        5305   1.731e-18
        5308   1.701e-18
        5310   1.755e-18
        5313   1.805e-18
        5316   1.801e-18
        5318   1.795e-18
        5321   1.836e-18
        5323   1.692e-18
        5326   1.638e-18
        5329    1.79e-18
        5331   1.967e-18
        5334   2.153e-18
        5336    2.23e-18
        5339   2.305e-18
        5341   2.335e-18
        5344   2.287e-18
        5347   2.206e-18
        5349   2.105e-18
        5352   2.027e-18
        5354   1.983e-18
        5357   2.023e-18
        5360   2.083e-18
        5362   2.095e-18
        5365   2.113e-18
        5367   2.144e-18
        5370    2.22e-18
        5372    2.25e-18
        5375   2.213e-18
        5378   2.284e-18
        5380   2.258e-18
        5383   2.296e-18
        5385   2.327e-18
        5388   2.308e-18
        5391   2.258e-18
        5393    2.19e-18
        5396   2.325e-18
        5398   2.277e-18
        5401   2.235e-18
        5404   2.226e-18
        5406   2.188e-18
        5409   2.006e-18
        5411   1.819e-18
        5414   1.783e-18
        5416   1.692e-18
        5419   1.731e-18
        5422   1.812e-18
        5424   1.779e-18
        5427    1.64e-18
        5429   1.539e-18
        5432   1.507e-18
        5435   1.484e-18
        5437   1.539e-18
        5440   1.804e-18
        5442   2.116e-18
        5445    2.31e-18
        5447   2.482e-18
        5450   2.511e-18
        5453   2.478e-18
        5455   2.524e-18
        5458   2.459e-18
        5460   2.452e-18
        5463   2.421e-18
        5466   2.462e-18
        5468   2.504e-18
        5471   2.489e-18
        5473   2.518e-18
        5476   2.545e-18
        5478     2.6e-18
        5481   2.607e-18
        5484   2.617e-18
        5486   2.648e-18
        5489   2.541e-18
        5491   2.478e-18
        5494   2.305e-18
        5497   1.986e-18
        5499   1.656e-18
        5502     1.5e-18
        5504   1.657e-18
        5507   1.723e-18
        5509   1.937e-18
        5512   2.255e-18
        5515   2.427e-18
        5517   2.574e-18
        5520    2.55e-18
        5522   2.574e-18
        5525   2.558e-18
        5528   2.585e-18
        5530    2.77e-18
        5533    2.78e-18
        5535   2.788e-18
        5538   2.796e-18
        5540   2.813e-18
        5543   2.778e-18
        5546   2.935e-18
        5548   3.105e-18
        5551   3.017e-18
        5553   2.971e-18
        5556   2.884e-18
        5559   2.923e-18
        5561   2.837e-18
        5564   2.735e-18
        5566   2.973e-18
        5569    3.18e-18
        5572   3.213e-18
        5574   3.264e-18
        5577   3.084e-18
        5579   2.967e-18
        5582   2.862e-18
        5584   2.783e-18
        5587   2.849e-18
        5590   2.877e-18
        5592   3.124e-18
        5595   3.165e-18
        5597   3.136e-18
        5600    3.09e-18
        5603   3.134e-18
        5605   3.154e-18
        5608   3.047e-18
        5610   3.024e-18
        5613   3.003e-18
        5615   2.991e-18
        5618   3.064e-18
        5621   3.053e-18
        5623   3.071e-18
        5626   3.212e-18
        5628   3.244e-18
        5631   3.207e-18
        5634    3.14e-18
        5636   3.135e-18
        5639   3.225e-18
        5641   3.281e-18
        5644   3.367e-18
        5646    3.52e-18
        5649   3.673e-18
        5652   3.839e-18
        5654   3.855e-18
        5657   3.779e-18
        5659   3.717e-18
        5662   3.577e-18
        5665   3.465e-18
        5667   3.325e-18
        5670   3.273e-18
        5672    3.24e-18
        5675   3.287e-18
        5677   3.537e-18
        5680   3.668e-18
        5683    3.77e-18
        5685   3.768e-18
        5688   3.854e-18
        5690   3.795e-18
        5693   3.573e-18
        5696   3.484e-18
        5698   3.435e-18
        5701   3.426e-18
        5703   3.409e-18
        5706   3.521e-18
        5709   3.691e-18
        5711     3.7e-18
        5714    3.61e-18
        5716   3.615e-18
        5719   3.612e-18
        5721   3.579e-18
        5724   3.468e-18
        5727   3.367e-18
        5729   3.447e-18
        5732    3.52e-18
        5734   3.622e-18
        5737   3.643e-18
        5740   3.748e-18
        5742   3.845e-18
        5745   3.761e-18
        5747   3.599e-18
        5750   3.418e-18
        5752   3.307e-18
        5755   3.141e-18
        5758   3.105e-18
        5760   3.246e-18
        5763   3.433e-18
        5765    3.51e-18
        5768   3.639e-18
        5771   3.851e-18
        5773   3.828e-18
        5776     3.7e-18
        5778   3.468e-18
        5781   3.492e-18
        5783   3.467e-18
        5786   3.309e-18
        5789    3.27e-18
        5791   3.339e-18
        5794   3.581e-18
        5796   3.618e-18
        5799   3.626e-18
        5802    3.77e-18
        5804   4.029e-18
        5807   4.149e-18
        5809   4.091e-18
        5812   4.008e-18
        5814   4.026e-18
        5817   4.036e-18
        5820   3.874e-18
        5822   3.721e-18
        5825   3.723e-18
        5827   3.711e-18
        5830   3.628e-18
        5833   3.554e-18
        5835   3.522e-18
        5838   3.561e-18
        5840   3.651e-18
        5843    3.69e-18
        5845   3.663e-18
        5848    3.64e-18
        5851    3.73e-18
        5853   3.799e-18
        5856   3.757e-18
        5858   3.775e-18
        5861   3.877e-18
        5864   3.904e-18
        5866   3.851e-18
        5869   3.762e-18
        5871   3.699e-18
        5874   3.642e-18
        5877   3.568e-18
        5879   3.457e-18
        5882   3.236e-18
        5884   3.284e-18
        5887   3.437e-18
        5889   3.641e-18
        5892   3.712e-18
        5895   3.714e-18
        5897   3.948e-18
        5900   3.997e-18
        5902   3.913e-18
        5905   3.806e-18
        5908   3.878e-18
        5910   4.005e-18
        5913   3.963e-18
        5915   3.719e-18
        5918   3.598e-18
        5920   3.539e-18
        5923   3.397e-18
        5926   3.316e-18
        5928   3.434e-18
        5931   3.686e-18
        5933   3.703e-18
        5936   3.594e-18
        5939   3.557e-18
        5941   3.542e-18
        5944   3.354e-18
        5946   3.305e-18
        5949   3.411e-18
        5951    3.54e-18
        5954   3.684e-18
        5957   3.728e-18
        5959   3.754e-18
        5962   3.643e-18
        5964   3.563e-18
        5967   3.532e-18
        5970    3.41e-18
        5972   3.373e-18
        5975   3.381e-18
        5977   3.387e-18
        5980   3.292e-18
        5982    3.21e-18
        5985   3.263e-18
        5988   3.294e-18
        5990    3.23e-18
        5993   3.176e-18
        5995   3.229e-18
        5998   3.326e-18
        6001   3.385e-18
        6003    3.44e-18
        6006   3.519e-18
        6008   3.573e-18
        6011   3.503e-18
        6013    3.44e-18
        6016   3.432e-18
        6019   3.417e-18
        6021   3.436e-18
        6024   3.339e-18
        6026   3.327e-18
        6029   3.273e-18
        6032   3.156e-18
        6034   3.068e-18
        6037    3.02e-18
        6039    3.16e-18
        6042   3.224e-18
        6045    3.23e-18
        6047   3.246e-18
        6050   3.334e-18
        6052   3.337e-18
        6055   3.264e-18
        6057    3.37e-18
        6060   3.458e-18
        6063   3.434e-18
        6065   3.309e-18
        6068   3.344e-18
        6070   3.366e-18
        6073   3.206e-18
        6076   3.129e-18
        6078   3.184e-18
        6081   3.281e-18
        6083   3.231e-18
        6086   3.185e-18
        6088   3.166e-18
        6091   3.158e-18
        6094   3.094e-18
        6096   2.936e-18
        6099   2.837e-18
        6101   2.729e-18
        6104   2.606e-18
        6107   2.501e-18
        6109    2.54e-18
        6112   2.665e-18
        6114   2.648e-18
        6117   2.783e-18
        6119   3.028e-18
        6122   3.232e-18
        6125   3.232e-18
        6127   3.117e-18
        6130   3.114e-18
        6132   3.033e-18
        6135   2.969e-18
        6138   2.914e-18
        6140   2.778e-18
        6143    2.77e-18
        6145   2.814e-18
        6148   2.847e-18
        6150   2.789e-18
        6153   2.648e-18
        6156   2.759e-18
        6158   2.817e-18
        6161   2.791e-18
        6163   2.801e-18
        6166   2.866e-18
        6169   2.971e-18
        6171   2.925e-18
        6174   2.923e-18
        6176   2.921e-18
        6179   2.849e-18
        6182   2.765e-18
        6184   2.725e-18
        6187   2.703e-18
        6189    2.59e-18
        6192   2.511e-18
        6194   2.537e-18
        6197   2.593e-18
        6200   2.677e-18
        6202   2.776e-18
        6205   2.957e-18
        6207   3.092e-18
        6210   3.053e-18
        6213   3.067e-18
        6215   3.077e-18
        6218   3.104e-18
        6220   3.111e-18
        6223   3.128e-18
        6225   3.212e-18
        6228   3.207e-18
        6231   3.142e-18
        6233   3.113e-18
        6236   3.094e-18
        6238   3.257e-18
        6241   3.396e-18
        6244   3.428e-18
        6246   3.469e-18
        6249   3.353e-18
        6251   3.165e-18
        6254   2.987e-18
        6256    2.95e-18
        6259   2.989e-18
        6262   2.965e-18
        6264    3.01e-18
        6267   3.153e-18
        6269    3.26e-18
        6272   3.291e-18
        6275   3.382e-18
        6277    3.38e-18
        6280   3.532e-18
        6282   3.622e-18
        6285   3.635e-18
        6287   3.671e-18
        6290   3.619e-18
        6293   3.555e-18
        6295    3.41e-18
        6298   3.334e-18
        6300   3.267e-18
        6303   3.122e-18
        6306   3.043e-18
        6308   3.079e-18
        6311   3.043e-18
        6313   2.932e-18
        6316   2.778e-18
        6318   2.733e-18
        6321    2.65e-18
        6324   2.713e-18
        6326    2.72e-18
        6329   2.778e-18
        6331    2.97e-18
        6334    3.03e-18
        6337    3.04e-18
        6339   2.919e-18
        6342   2.906e-18
        6344     2.9e-18
        6347   2.752e-18
        6350   2.663e-18
        6352   2.752e-18
        6355   2.872e-18
        6357   2.995e-18
        6360   3.152e-18
        6362   3.281e-18
        6365   3.324e-18
        6368   3.189e-18
        6370   3.015e-18
        6373   2.842e-18
        6375   2.601e-18
        6378   2.367e-18
        6381   2.305e-18
        6383   2.473e-18
        6386   2.611e-18
        6388   2.592e-18
        6391   2.688e-18
        6393   2.807e-18
        6396   2.819e-18
        6399   2.637e-18
        6401   2.621e-18
        6404   2.725e-18
        6406    2.69e-18
        6409   2.671e-18
        6412   2.717e-18
        6414   2.749e-18
        6417   2.601e-18
        6419   2.415e-18
        6422   2.259e-18
        6424   2.108e-18
        6427   1.966e-18
        6430   1.906e-18
        6432   1.979e-18
        6435   2.137e-18
        6437   2.287e-18
        6440   2.407e-18
        6443   2.524e-18
        6445    2.69e-18
        6448   2.766e-18
        6450   2.794e-18
        6453   2.757e-18
        6455   2.765e-18
        6458   2.747e-18
        6461    2.62e-18
        6463   2.524e-18
        6466   2.454e-18
        6468   2.535e-18
        6471    2.62e-18
        6474   2.767e-18
        6476   2.859e-18
        6479   2.859e-18
        6481   3.158e-18
        6484   3.168e-18
        6487   3.092e-18
        6489    2.97e-18
        6492   2.913e-18
        6494   2.967e-18
        6497    2.72e-18
        6499   2.645e-18
        6502   2.658e-18
        6505   2.656e-18
        6507    2.67e-18
        6510   2.678e-18
        6512   2.669e-18
        6515   2.637e-18
        6518   2.521e-18
        6520   2.502e-18
        6523   2.502e-18
        6525   2.438e-18
        6528   2.425e-18
        6530    2.55e-18
        6533   2.659e-18
        6536   2.723e-18
        6538   2.721e-18
        6541   2.785e-18
        6543   2.824e-18
        6546   2.785e-18
        6549   2.716e-18
        6551   2.533e-18
        6554   2.357e-18
        6556   2.273e-18
        6559     2.2e-18
        6561   2.141e-18
        6564   2.207e-18
        6567   2.361e-18
        6569   2.512e-18
        6572   2.551e-18
        6574   2.562e-18
        6577   2.487e-18
        6580   2.468e-18
        6582   2.627e-18
        6585   2.801e-18
        6587   2.835e-18
        6590   2.846e-18
        6592   2.917e-18
        6595   2.922e-18
        6598   2.722e-18
        6600   2.539e-18
        6603   2.555e-18
        6605   2.632e-18
        6608   2.671e-18
        6611   2.616e-18
        6613   2.605e-18
        6616   2.558e-18
        6618   2.423e-18
        6621    2.28e-18
        6623   2.242e-18
        6626   2.312e-18
        6629    2.36e-18
        6631   2.381e-18
        6634   2.482e-18
        6636    2.63e-18
        6639   2.595e-18
        6642   2.369e-18
        6644   2.151e-18
        6647   2.175e-18
        6649   2.244e-18
        6652   2.169e-18
        6655    2.15e-18
        6657   2.284e-18
        6660   2.489e-18
        6662   2.519e-18
        6665   2.387e-18
        6667   2.372e-18
        6670   2.491e-18
        6673   2.563e-18
        6675    2.45e-18
        6678   2.341e-18
        6680    2.51e-18
        6683   2.632e-18
        6686   2.461e-18
        6688   2.346e-18
        6691   2.432e-18
        6693   2.537e-18
        6696   2.401e-18
        6698   2.222e-18
        6701   2.295e-18
        6704   2.404e-18
        6706   2.389e-18
        6709    2.39e-18
        6711   2.458e-18
        6714   2.525e-18
        6717   2.573e-18
        6719   2.574e-18
        6722   2.619e-18
        6724   2.595e-18
        6727   2.477e-18
        6729    2.41e-18
        6732   2.383e-18
        6735   2.342e-18
        6737   2.269e-18
        6740   2.383e-18
        6742   2.539e-18
        6745   2.563e-18
        6748   2.575e-18
        6750    2.55e-18
        6753   2.495e-18
        6755   2.385e-18
        6758   2.318e-18
        6760   2.389e-18
        6763   2.431e-18
        6766    2.48e-18
        6768   2.602e-18
        6771   2.687e-18
        6773   2.806e-18
        6776   2.854e-18
        6779   2.769e-18
        6781   2.746e-18
        6784   2.754e-18
        6786   2.697e-18
        6789   2.624e-18
        6791   2.628e-18
        6794   2.758e-18
        6797   2.881e-18
        6799   2.924e-18
        6802   3.017e-18
        6804   3.089e-18
        6807   3.082e-18
        6810   3.108e-18
        6812   3.121e-18
        6815   3.091e-18
        6817   2.974e-18
        6820   2.875e-18
        6823   2.906e-18
        6825   2.893e-18
        6828   2.851e-18
        6830   2.869e-18
        6833   2.964e-18
        6835   3.005e-18
        6838   2.978e-18
        6841   2.982e-18
        6843    2.99e-18
        6846   2.915e-18
        6848   2.942e-18
        6851    3.02e-18
        6854   2.963e-18
        6856   3.035e-18
        6859   3.248e-18
        6861   3.415e-18
        6864   3.305e-18
        6866   3.187e-18
        6869   3.213e-18
        6872   3.149e-18
        6874   2.826e-18
        6877    2.63e-18
        6879   2.633e-18
        6882   2.754e-18
        6885   2.924e-18
        6887   2.916e-18
        6890   2.975e-18
        6892   3.004e-18
        6895    2.97e-18
        6897   2.952e-18
        6900   2.846e-18
        6903   2.779e-18
        6905   2.912e-18
        6908   3.086e-18
        6910   3.173e-18
        6913   3.135e-18
        6916   3.089e-18
        6918   3.071e-18
        6921   2.874e-18
        6923   2.585e-18
        6926   2.516e-18
        6928   2.524e-18
        6931   2.531e-18
        6934   2.586e-18
        6936   2.738e-18
        6939   2.866e-18
        6941   2.855e-18
        6944   2.855e-18
        6947   2.823e-18
        6949   2.743e-18
        6952   2.899e-18
        6954   2.958e-18
        6957   2.996e-18
        6960   2.955e-18
        6962   2.967e-18
        6965   3.035e-18
        6967   2.852e-18
        6970   2.842e-18
        6972   2.861e-18
        6975   2.546e-18
        6978   2.496e-18
        6980    2.55e-18
        6983   2.496e-18
        6985   2.394e-18
        6988   2.314e-18
        6991   2.653e-18
        6993   2.775e-18
        6996   2.761e-18
        6998   2.822e-18
        7001   2.915e-18
        7003   3.014e-18
        7006   3.031e-18
        7009   3.042e-18
        7011   3.095e-18
        7014   3.197e-18
        7016   3.312e-18
        7019   3.275e-18
        7022   3.182e-18
        7024   3.115e-18
        7027   3.014e-18
        7029   2.994e-18
        7032   2.545e-18
        7034   2.433e-18
        7037   2.576e-18
        7040   2.668e-18
        7042   2.743e-18
        7045   2.699e-18
        7047   3.109e-18
        7050   3.321e-18
        7053   3.287e-18
        7055   3.247e-18
        7058   3.265e-18
        7060   3.275e-18
        7063   3.234e-18
        7065    3.11e-18
        7068   2.997e-18
        7071   2.986e-18
        7073   2.944e-18
        7076    2.94e-18
        7078   2.983e-18
        7081   3.035e-18
        7084   3.179e-18
        7086   3.175e-18
        7089    3.04e-18
        7091    2.92e-18
        7094   2.813e-18
        7096   2.866e-18
        7099   2.872e-18
        7102   2.813e-18
        7104    2.89e-18
        7107    3.02e-18
        7109   3.104e-18
        7112   3.005e-18
        7115   2.854e-18
        7117   2.801e-18
        7120   2.728e-18
        7122   2.641e-18
        7125   2.605e-18
        7128   2.635e-18
        7130   2.763e-18
        7133   2.854e-18
        7135   2.957e-18
        7138   3.045e-18
        7140   3.085e-18
        7143   3.124e-18
        7146   3.138e-18
        7148   3.215e-18
        7151   3.222e-18
        7153   3.186e-18
        7156   3.217e-18
        7159   3.297e-18
        7161   3.367e-18
        7164    3.39e-18
        7166   3.419e-18
        7169   3.429e-18
        7171   3.471e-18
        7174   3.594e-18
        7177   3.521e-18
        7179   3.603e-18
        7182   3.731e-18
        7184   3.905e-18
        7187   4.079e-18
        7190    4.17e-18
        7192    4.38e-18
        7195   4.459e-18
        7197     4.5e-18
        7200    4.39e-18
        7202   4.177e-18
        7205   3.987e-18
        7208   3.812e-18
        7210   3.577e-18
        7213   3.428e-18
        7215   3.422e-18
        7218   3.451e-18
        7221   3.397e-18
        7223   3.486e-18
        7226   3.515e-18
        7228   3.518e-18
        7231   3.506e-18
        7233    3.47e-18
        7236   3.463e-18
        7239   3.334e-18
        7241   3.332e-18
        7244   3.342e-18
        7246   3.343e-18
        7249   3.348e-18
        7252   3.352e-18
        7254   3.356e-18
        7257    3.36e-18
        7259   3.364e-18
        7262   3.368e-18
        7265   3.372e-18
        7267   3.375e-18
        7270    3.38e-18
        7272   3.382e-18
        7275   3.389e-18
        7277   3.388e-18
        7280   3.384e-18
        7283   3.437e-18
        7285   3.564e-18
        7288    3.62e-18
        7290   3.653e-18
        7293   3.717e-18
        7296   3.855e-18
        7298   3.817e-18
        7301   3.614e-18
        7303   3.599e-18
        7306   3.583e-18
        7308   3.481e-18
        7311   3.469e-18
        7314   3.577e-18
        7316   3.609e-18
        7319   3.479e-18
        7321    3.55e-18
        7324   3.588e-18
        7327   3.412e-18
        7329   3.381e-18
        7332   3.473e-18
        7334   3.649e-18
        7337   3.642e-18
        7339   3.556e-18
        7342   3.499e-18
        7345   3.385e-18
        7347   3.366e-18
        7350   3.333e-18
        7352   3.375e-18
        7355   3.597e-18
        7358   3.732e-18
        7360   3.733e-18
        7363    3.69e-18
        7365   3.619e-18
        7368   3.304e-18
        7370   3.418e-18
        7373   3.456e-18
        7376   3.476e-18
        7378   3.522e-18
        7381   3.546e-18
        7383   3.612e-18
        7386   3.413e-18
        7389   3.327e-18
        7391   3.251e-18
        7394   3.209e-18
        7396   3.261e-18
        7399   3.344e-18
        7401   3.473e-18
        7404   3.501e-18
        7407    3.44e-18
        7409   3.573e-18
        7412   3.582e-18
        7414   3.631e-18
        7417   3.482e-18
        7420   3.503e-18
        7422   3.665e-18
        7425   3.567e-18
        7427   3.525e-18
        7430   3.541e-18
        7433   3.538e-18
        7435    3.54e-18
        7438   3.541e-18
        7440   3.541e-18
        7443   3.205e-18
        7445   3.243e-18
        7448   3.286e-18
        7451   3.208e-18
        7453   3.232e-18
        7456   3.346e-18
        7458   3.713e-18
        7461   3.645e-18
        7464   3.608e-18
        7466   3.618e-18
        7469   3.496e-18
        7471   3.358e-18
        7474    3.33e-18
        7476   3.501e-18
        7479   3.549e-18
        7482   3.428e-18
        7484   3.322e-18
        7487   3.219e-18
        7489   3.109e-18
        7492    2.87e-18
        7495   2.728e-18
        7497   2.853e-18
        7500   3.033e-18
        7502   3.146e-18
        7505   3.161e-18
        7507   3.152e-18
        7510   3.176e-18
        7513   3.178e-18
        7515   3.203e-18
        7518    3.23e-18
        7520   3.266e-18
        7523     3.3e-18
        7526   3.282e-18
        7528   3.272e-18
        7531   3.199e-18
        7533   3.138e-18
        7536   3.179e-18
        7538   3.239e-18
        7541   3.256e-18
        7544   3.186e-18
        7546   3.132e-18
        7549   3.092e-18
        7551   3.129e-18
        7554   3.195e-18
        7557   3.113e-18
        7559   3.013e-18
        7562   2.986e-18
        7564   3.024e-18
        7567   2.935e-18
        7570   2.746e-18
        7572   2.803e-18
        7575   3.075e-18
        7577   3.291e-18
        7580   3.349e-18
        7582   3.431e-18
        7585    3.57e-18
        7588    3.65e-18
        7590   3.609e-18
        7593   3.531e-18
        7595   3.512e-18
        7598   3.484e-18
        7601   3.468e-18
        7603   3.465e-18
        7606   3.463e-18
        7608   3.458e-18
        7611   3.455e-18
        7613   3.451e-18
        7616   3.447e-18
        7619   3.443e-18
        7621   3.439e-18
        7624   3.435e-18
        7626   3.431e-18
        7629   3.426e-18
        7632   3.422e-18
        7634   3.417e-18
        7637   3.413e-18
        7639   3.408e-18
        7642   3.404e-18
        7644   3.399e-18
        7647   3.394e-18
        7650   3.389e-18
        7652   3.384e-18
        7655   3.379e-18
        7657   3.374e-18
        7660   3.369e-18
        7663    3.54e-18
        7665   3.682e-18
        7668   3.807e-18
        7670   3.926e-18
        7673   4.039e-18
        7675   4.164e-18
        7678   4.131e-18
        7681   4.137e-18
        7683   4.171e-18
        7686   4.136e-18
        7688   4.014e-18
        7691    3.92e-18
        7694   3.774e-18
        7696   3.608e-18
        7699   3.431e-18
        7701   3.467e-18
        7704   3.528e-18
        7706    3.57e-18
        7709   3.493e-18
        7712   3.326e-18
        7714   3.419e-18
        7717    3.34e-18
        7719   3.098e-18
        7722   2.914e-18
        7725   3.023e-18
        7727   3.117e-18
        7730   2.937e-18
        7732   2.938e-18
        7735   3.113e-18
        7738   3.086e-18
        7740   2.875e-18
        7743   2.887e-18
        7745   3.103e-18
        7748   3.187e-18
        7750   3.255e-18
        7753   3.355e-18
        7756   3.413e-18
        7758   3.362e-18
        7761   3.121e-18
        7763    2.85e-18
        7766   2.817e-18
        7769   2.687e-18
        7771   2.614e-18
        7774   2.517e-18
        7776   2.379e-18
        7779   2.381e-18
        7781   2.218e-18
        7784   2.158e-18
        7787   2.144e-18
        7789   2.104e-18
        7792   2.204e-18
        7794   2.306e-18
        7797   2.454e-18
        7800   2.608e-18
        7802   2.763e-18
        7805   2.962e-18
        7807   3.064e-18
        7810   3.036e-18
        7812   2.873e-18
        7815   2.836e-18
        7818   2.758e-18
        7820   2.719e-18
        7823   2.713e-18
        7825   2.786e-18
        7828   2.961e-18
        7831   3.118e-18
        7833   3.248e-18
        7836     3.3e-18
        7838    3.29e-18
        7841   3.043e-18
        7843   2.806e-18
        7846   2.627e-18
        7849   2.558e-18
        7851   2.647e-18
        7854   2.792e-18
        7856   3.015e-18
        7859    3.18e-18
        7862   3.182e-18
        7864   3.324e-18
        7867   3.195e-18
        7869   3.076e-18
        7872   2.878e-18
        7874    2.82e-18
        7877   2.853e-18
        7880   2.688e-18
        7882   2.673e-18
        7885   2.631e-18
        7887   2.716e-18
        7890   2.806e-18
        7893   2.922e-18
        7895   2.866e-18
        7898   2.769e-18
        7900   2.719e-18
        7903   2.608e-18
        7906   2.309e-18
        7908   2.149e-18
        7911   2.163e-18
        7913   2.191e-18
        7916   2.268e-18
        7918   2.564e-18
        7921   2.936e-18
        7924   3.018e-18
        7926   3.042e-18
        7929   3.066e-18
        7931   3.037e-18
        7934   2.887e-18
        7937   2.789e-18
        7939   2.839e-18
        7942   2.881e-18
        7944   2.954e-18
        7947   2.971e-18
        7949     2.9e-18
        7952   2.791e-18
        7955   2.716e-18
        7957   2.727e-18
        7960   2.824e-18
        7962   2.947e-18
        7965    3.09e-18
        7968   3.272e-18
        7970    3.33e-18
        7973   3.166e-18
        7975   2.935e-18
        7978    2.87e-18
        7980   2.904e-18
        7983   2.749e-18
        7986   2.714e-18
        7988   3.036e-18
        7991   3.274e-18
        7993   3.188e-18
        7996   3.074e-18
        7999     3.1e-18
        8001   2.992e-18
        8004   2.662e-18
        8006   2.351e-18
        8009   2.151e-18
        8011   1.993e-18
        8014    1.94e-18
        8017   1.932e-18
        8019   1.898e-18
        8022   1.907e-18
        8024   1.843e-18
        8027   1.729e-18
        8030   1.605e-18
        8032   1.505e-18
        8035   1.433e-18
        8037   1.365e-18
        8040   1.546e-18
        8043   1.808e-18
        8045   2.048e-18
        8048   2.257e-18
        8050   2.289e-18
        8053   2.331e-18
        8055   2.269e-18
        8058   2.102e-18
        8061   2.006e-18
        8063   1.894e-18
        8066   1.925e-18
        8068   1.936e-18
        8071   1.906e-18
        8074   1.994e-18
        8076   1.928e-18
        8079   1.822e-18
        8081   1.938e-18
        8084   2.019e-18
        8086   2.108e-18
        8089   2.105e-18
        8092   2.109e-18
        8094   2.199e-18
        8097   2.164e-18
        8099   2.142e-18
        8102   2.356e-18
        8105   2.296e-18
        8107    2.21e-18
        8110   2.122e-18
        8112   2.051e-18
        8115   2.075e-18
        8117    1.75e-18
        8120   1.693e-18
        8123   1.797e-18
        8125   1.986e-18
        8128   2.038e-18
        8130    2.05e-18
        8133     2.2e-18
        8136   2.189e-18
        8138   2.057e-18
        8141   2.006e-18
        8143   2.136e-18
        8146   2.201e-18
        8148    2.12e-18
        8151   2.275e-18
        8154   2.513e-18
        8156   2.352e-18
        8159   2.093e-18
        8161   2.026e-18
        8164   2.044e-18
        8167    2.03e-18
        8169   1.909e-18
        8172   2.074e-18
        8174     2.3e-18
        8177   2.341e-18
        8179   2.318e-18
        8182   2.258e-18
        8185   2.304e-18
        8187   2.359e-18
        8190   2.395e-18
        8192   2.251e-18
        8195   2.283e-18
        8198    2.29e-18
        8200   2.359e-18
        8203   2.528e-18
        8205   2.589e-18
        8208   2.686e-18
        8211   2.671e-18
        8213   2.717e-18
        8216   2.574e-18
        8218   2.293e-18
        8221   2.001e-18
        8223   1.866e-18
        8226   1.879e-18
        8229   1.787e-18
        8231    1.79e-18
        8234   1.821e-18
        8236   1.939e-18
        8239   2.055e-18
        8242   1.984e-18
        8244   1.951e-18
        8247   2.018e-18
        8249   2.075e-18
        8252   2.089e-18
        8254   2.061e-18
        8257   2.038e-18
        8260   2.052e-18
        8262   1.982e-18
        8265   1.912e-18
        8267   1.862e-18
        8270   1.845e-18
        8273   1.817e-18
        8275   1.819e-18
        8278   1.812e-18
        8280   1.703e-18
        8283   1.764e-18
        8285   1.783e-18
        8288   1.891e-18
        8291   1.985e-18
        8293   2.179e-18
        8296   2.357e-18
        8298   2.264e-18
        8301   2.279e-18
        8304   2.363e-18
        8306    2.45e-18
        8309   2.283e-18
        8311   2.152e-18
        8314   2.239e-18
        8316   2.301e-18
        8319   2.175e-18
        8322   1.955e-18
        8324   1.858e-18
        8327   1.797e-18
        8329   1.653e-18
        8332   1.459e-18
        8335   1.383e-18
        8337   1.536e-18
        8340   1.693e-18
        8342   1.927e-18
        8345   2.083e-18
        8348    2.15e-18
        8350   2.215e-18
        8353    2.09e-18
        8355   1.969e-18
        8358   1.859e-18
        8360   1.838e-18
        8363   1.976e-18
        8366   2.164e-18
        8368   2.295e-18
        8371   2.282e-18
        8373   2.161e-18
        8376   1.997e-18
        8379   1.842e-18
        8381   1.719e-18
        8384   1.721e-18
        8386   1.764e-18
        8389   1.771e-18
        8391   1.794e-18
        8394   2.001e-18
        8397   2.075e-18
        8399    1.97e-18
        8402   2.104e-18
        8404   2.348e-18
        8407   2.528e-18
        8410   2.433e-18
        8412   2.462e-18
        8415   2.572e-18
        8417   2.441e-18
        8420    2.28e-18
        8422   2.165e-18
        8425    2.14e-18
        8428   2.167e-18
        8430   2.227e-18
        8433   2.321e-18
        8435   2.511e-18
        8438   2.673e-18
        8441   2.646e-18
        8443   2.434e-18
        8446   2.276e-18
        8448   2.162e-18
        8451   1.916e-18
        8453   1.901e-18
        8456   2.081e-18
        8459   2.111e-18
        8461   2.186e-18
        8464    2.46e-18
        8466   2.716e-18
        8469   2.682e-18
        8472   2.534e-18
        8474   2.569e-18
        8477   2.565e-18
        8479   2.365e-18
        8482   2.193e-18
        8484   2.109e-18
        8487    2.15e-18
        8490   2.333e-18
        8492   2.391e-18
        8495   2.431e-18
        8497   2.475e-18
        8500   2.569e-18
