5680.  -3.036386E-15
5681.12908982748  1.577352E-15
5682.25817965497  2.850489E-15
5683.38726948245  1.547494E-16
5684.51635930994  -2.319699E-15
5685.64544913742  1.639553E-15
5686.7745389649  3.479780E-16
5687.90362879239  -4.573107E-16
5689.03271861987  5.522520E-16
5690.16180844735  8.449477E-16
5691.29089827484  -4.925109E-16
5692.41998810232  8.780575E-16
5693.5490779298  1.369689E-15
5694.67816775729  2.592627E-16
5695.80725758477  -1.475574E-15
5696.93634741225  -1.384190E-15
5698.06543723974  2.325156E-15
5699.19452706722  1.106859E-15
5700.32361689471  -3.046607E-16
5701.45270672219  4.191378E-16
5702.58179654967  9.819314E-16
5703.71088637716  5.094430E-16
5704.83997620464  2.768048E-16
5705.96906603212  4.033171E-16
5707.09815585961  8.189729E-16
5708.22724568709  -3.057738E-17
5709.35633551457  4.200180E-16
5710.48542534206  9.174542E-16
5711.61451516954  9.466133E-16
5712.74360499702  9.185712E-16
5713.87269482451  2.440638E-16
5715.00178465199  1.168501E-15
5716.13087447948  7.407348E-16
5717.25996430696  -2.514325E-16
5718.38905413444  2.912599E-16
5719.51814396193  5.492401E-16
5720.64723378941  2.786242E-16
5721.77632361689  6.145170E-16
5722.90541344438  9.981231E-16
5724.03450327186  5.433577E-16
5725.16359309934  -2.105944E-17
5726.29268292683  3.873096E-16
5727.42177275431  1.012636E-15
5728.55086258179  6.513419E-16
5729.67995240928  9.816782E-17
5730.80904223676  4.503009E-16
5731.93813206425  8.797492E-16
5733.06722189173  4.262920E-16
5734.19631171921  3.154205E-16
5735.3254015467  3.271367E-16
5736.45449137418  4.482018E-16
5737.58358120166  4.931442E-16
5738.71267102915  7.148584E-16
5739.84176085663  8.435682E-16
5740.97085068411  3.492898E-16
5742.0999405116  2.131778E-16
5743.22903033908  8.287608E-16
5744.35812016657  9.108734E-16
5745.48720999405  2.733916E-16
5746.61629982153  2.058675E-16
5747.74538964902  6.517470E-16
5748.8744794765  8.818504E-16
5750.00356930398  5.863935E-16
5751.13265913147  5.597456E-16
5752.26174895895  5.920039E-16
5753.39083878643  5.115411E-16
5754.51992861392  6.699662E-16
5755.6490184414  7.760232E-16
5756.77810826888  6.044134E-16
5757.90719809637  2.462131E-16
5759.03628792385  5.169486E-16
5760.16537775134  7.601540E-16
5761.29446757882  6.269926E-16
5762.4235574063  2.892580E-16
5763.55264723379  4.011754E-16
5764.68173706127  7.797701E-16
5765.81082688875  8.317180E-16
5766.93991671624  4.340867E-16
5768.06900654372  4.643408E-16
5769.1980963712  7.199300E-16
5770.32718619869  5.828842E-16
5771.45627602617  4.586448E-16
5772.58536585366  5.288369E-16
5773.71445568114  5.586475E-16
5774.84354550862  4.003969E-16
5775.97263533611  5.780410E-16
5777.10172516359  6.725705E-16
5778.23081499107  5.238247E-16
5779.35990481856  4.135787E-16
5780.48899464604  5.747637E-16
5781.61808447352  7.083247E-16
5782.74717430101  4.569870E-16
5783.87626412849  4.942631E-16
5785.00535395598  5.830964E-16
5786.13444378346  6.020012E-16
5787.26353361094  5.379990E-16
5788.39262343842  5.564437E-16
5789.52171326591  6.140133E-16
5790.65080309339  5.585069E-16
5791.77989292088  5.320848E-16
5792.90898274836  6.011664E-16
5794.03807257584  6.230248E-16
5795.16716240333  5.736165E-16
5796.29625223081  4.577221E-16
5797.4253420583  5.656868E-16
5798.55443188578  7.051041E-16
5799.68352171326  5.686280E-16
5800.81261154075  4.576418E-16
5801.94170136823  5.515264E-16
5803.07079119571  6.398428E-16
5804.1998810232  6.226951E-16
5805.32897085068  6.359246E-16
5806.45806067816  6.574157E-16
5807.58715050565  6.363530E-16
5808.71624033313  4.713626E-16
5809.84533016061  5.764725E-16
5810.9744199881  6.389657E-16
5812.10350981558  5.977972E-16
5813.23259964307  5.031284E-16
5814.36168947055  5.294693E-16
5815.49077929803  6.436952E-16
5816.61986912552  5.775254E-16
5817.748958953  5.092029E-16
5818.87804878048  5.459733E-16
5820.00713860797  5.656952E-16
5821.13622843545  5.330754E-16
5822.26531826293  5.914444E-16
5823.39440809042  5.985705E-16
5824.5234979179  5.431395E-16
5825.65258774538  5.028889E-16
5826.78167757287  5.567549E-16
5827.91076740035  6.263702E-16
5829.03985722784  5.563998E-16
5830.16894705532  4.668492E-16
5831.2980368828  5.718174E-16
5832.42712671029  6.274996E-16
5833.55621653777  6.219437E-16
5834.68530636525  5.290621E-16
5835.81439619274  5.836969E-16
5836.94348602022  6.092237E-16
5838.0725758477  5.985261E-16
5839.20166567519  5.958640E-16
5840.33075550267  6.208386E-16
5841.45984533016  5.560701E-16
5842.58893515764  5.319633E-16
5843.71802498512  6.162456E-16
5844.84711481261  6.217822E-16
5845.97620464009  5.481276E-16
5847.10529446757  5.330394E-16
5848.23438429506  6.395848E-16
5849.36347412254  5.995642E-16
5850.49256395002  5.257046E-16
5851.62165377751  5.767331E-16
5852.75074360499  6.034949E-16
5853.87983343247  6.018754E-16
5855.00892325996  5.658765E-16
5856.13801308744  5.535366E-16
5857.26710291493  5.309208E-16
5858.39619274241  5.569557E-16
5859.52528256989  6.023642E-16
5860.65437239738  5.702189E-16
5861.78346222486  5.871608E-16
5862.91255205234  5.240311E-16
5864.04164187983  5.169501E-16
5865.17073170731  6.109659E-16
5866.29982153479  5.963781E-16
5867.42891136228  5.315394E-16
5868.55800118976  5.415793E-16
5869.68709101725  5.869749E-16
5870.81618084473  5.970744E-16
5871.94527067221  5.663620E-16
5873.0743604997  5.806545E-16
5874.20345032718  6.001283E-16
5875.33254015466  5.946078E-16
5876.46162998215  5.637491E-16
5877.59071980963  5.692712E-16
5878.71980963711  5.902670E-16
5879.8488994646  5.622585E-16
5880.97798929208  5.652881E-16
5882.10707911957  5.858015E-16
5883.23616894705  6.094467E-16
5884.36525877453  5.833106E-16
5885.49434860202  5.621314E-16
5886.6234384295  5.969678E-16
5887.75252825698  5.807916E-16
5888.88161808447  5.258903E-16
5890.01070791195  5.703467E-16
5891.13979773943  5.832230E-16
5892.26888756692  5.630149E-16
5893.3979773944  5.746618E-16
5894.52706722188  6.069399E-16
5895.65615704937  6.142159E-16
5896.78524687685  5.853430E-16
5897.91433670434  5.603892E-16
5899.04342653182  5.944988E-16
5900.1725163593  6.257429E-16
5901.30160618679  5.976126E-16
5902.43069601427  5.778207E-16
5903.55978584175  5.778667E-16
5904.68887566924  5.993697E-16
5905.81796549672  5.774376E-16
5906.9470553242  5.771453E-16
5908.07614515169  5.342686E-16
5909.20523497917  5.729905E-16
5910.33432480666  5.748307E-16
5911.46341463414  5.971513E-16
5912.59250446162  6.083887E-16
5913.72159428911  5.584296E-16
5914.85068411659  5.486610E-16
5915.97977394407  6.031760E-16
5917.10886377156  5.939446E-16
5918.23795359904  5.970076E-16
5919.36704342652  5.686738E-16
5920.49613325401  5.746615E-16
5921.62522308149  5.986940E-16
5922.75431290897  6.128967E-16
5923.88340273646  5.868543E-16
5925.01249256394  5.720728E-16
5926.14158239143  5.893500E-16
5927.27067221891  6.067283E-16
5928.39976204639  6.165415E-16
5929.52885187388  6.055893E-16
5930.65794170136  5.487768E-16
5931.78703152884  5.813463E-16
5932.91612135633  5.733126E-16
5934.04521118381  6.001281E-16
5935.1743010113  6.000629E-16
5936.30339083878  6.073308E-16
5937.43248066626  5.894058E-16
5938.56157049374  6.031563E-16
5939.69066032123  5.794419E-16
5940.81975014871  5.952430E-16
5941.9488399762  6.074831E-16
5943.07792980368  5.752152E-16
5944.20701963116  6.010185E-16
5945.33610945865  5.937454E-16
5946.46519928613  5.910987E-16
5947.59428911362  5.661606E-16
5948.7233789411  5.409263E-16
5949.85246876858  5.661132E-16
5950.98155859607  5.700528E-16
5952.11064842355  5.553140E-16
5953.23973825103  5.572008E-16
5954.36882807852  5.637490E-16
5955.497917906  5.737679E-16
5956.62700773348  5.565850E-16
5957.75609756097  5.686919E-16
5958.88518738845  5.780154E-16
5960.01427721593  5.630191E-16
5961.14336704342  5.324629E-16
5962.2724568709  5.419818E-16
5963.40154669838  5.393218E-16
5964.53063652587  5.333555E-16
5965.65972635335  5.299033E-16
5966.78881618084  5.434227E-16
5967.91790600832  5.631685E-16
5969.0469958358  5.515524E-16
5970.17608566329  5.459487E-16
5971.30517549077  5.692418E-16
5972.43426531825  5.575149E-16
5973.56335514574  5.357201E-16
5974.69244497322  5.424090E-16
5975.8215348007  5.454329E-16
5976.95062462819  5.220068E-16
5978.07971445567  5.057227E-16
5979.20880428316  5.491150E-16
5980.33789411064  5.693235E-16
5981.46698393812  5.536458E-16
5982.59607376561  5.216773E-16
5983.72516359309  5.495764E-16
5984.85425342057  5.578899E-16
5985.98334324806  5.555132E-16
5987.11243307554  5.547974E-16
5988.24152290302  5.449363E-16
5989.37061273051  5.338288E-16
5990.49970255799  5.576564E-16
5991.62879238548  5.693115E-16
5992.75788221296  5.732020E-16
5993.88697204044  5.460987E-16
5995.01606186793  5.443549E-16
5996.14515169541  5.794777E-16
5997.27424152289  5.720128E-16
5998.40333135038  5.657349E-16
5999.53242117786  5.795798E-16
6000.66151100534  5.977111E-16
6001.79060083283  6.103913E-16
6002.91969066031  5.844171E-16
6004.04878048779  5.662362E-16
6005.17787031528  5.723384E-16
6006.30696014276  5.793421E-16
6007.43604997025  5.846645E-16
6008.56513979773  5.803381E-16
6009.69422962521  6.033269E-16
6010.8233194527  5.582388E-16
6011.95240928018  5.690804E-16
6013.08149910766  5.944780E-16
6014.21058893515  5.852087E-16
6015.33967876263  5.708355E-16
6016.46876859011  5.526664E-16
6017.5978584176  5.798037E-16
6018.72694824508  5.962134E-16
6019.85603807256  5.720369E-16
6020.98512790005  5.653707E-16
6022.11421772753  5.898224E-16
6023.24330755502  5.926635E-16
6024.3723973825  5.738966E-16
6025.50148720998  5.827698E-16
6026.63057703747  5.842097E-16
6027.75966686495  5.705940E-16
6028.88875669243  5.661477E-16
6030.01784651992  5.764607E-16
6031.1469363474  5.900316E-16
6032.27602617488  5.702434E-16
6033.40511600237  5.629897E-16
6034.53420582985  5.693638E-16
6035.66329565733  5.862832E-16
6036.79238548482  5.798911E-16
6037.9214753123  5.304321E-16
6039.05056513978  5.657024E-16
6040.17965496727  5.822901E-16
6041.30874479475  5.942025E-16
6042.43783462224  5.872867E-16
6043.56692444972  5.829141E-16
6044.6960142772  5.806273E-16
6045.82510410469  5.763290E-16
6046.95419393217  5.604607E-16
6048.08328375965  5.778113E-16
6049.21237358714  5.789204E-16
6050.34146341462  5.549029E-16
6051.47055324211  5.537839E-16
6052.59964306959  5.753367E-16
6053.72873289707  5.715077E-16
6054.85782272456  5.658303E-16
6055.98691255204  5.773764E-16
6057.11600237952  5.803649E-16
6058.24509220701  5.795773E-16
6059.37418203449  5.666309E-16
6060.50327186197  5.749199E-16
6061.63236168946  5.686223E-16
6062.76145151694  5.445897E-16
6063.89054134442  5.575442E-16
6065.01963117191  5.637346E-16
6066.14872099939  5.615702E-16
6067.27781082688  5.317585E-16
6068.40690065436  5.818125E-16
6069.53599048184  5.755370E-16
6070.66508030933  5.889900E-16
6071.79417013681  5.664042E-16
6072.92325996429  5.726559E-16
6074.05234979178  5.738142E-16
6075.18143961926  5.802524E-16
6076.31052944674  5.791861E-16
6077.43961927423  5.887322E-16
6078.56870910171  5.810867E-16
6079.69779892919  5.596989E-16
6080.82688875668  5.449401E-16
6081.95597858416  5.999176E-16
6083.08506841165  5.941279E-16
6084.21415823913  5.565067E-16
6085.34324806661  5.558384E-16
6086.4723378941  5.810477E-16
6087.60142772158  5.808992E-16
6088.73051754906  5.922167E-16
6089.85960737655  5.866839E-16
6090.98869720403  5.781458E-16
6092.11778703151  5.705944E-16
6093.246876859  5.860762E-16
6094.37596668648  5.779903E-16
6095.50505651397  5.520528E-16
6096.63414634145  5.889023E-16
6097.76323616893  5.912758E-16
6098.89232599642  5.709697E-16
6100.0214158239  5.608987E-16
6101.15050565138  5.504472E-16
6102.27959547887  5.635236E-16
6103.40868530635  5.792773E-16
6104.53777513383  5.589921E-16
6105.66686496132  5.605567E-16
6106.7959547888  5.498536E-16
6107.92504461629  5.605654E-16
6109.05413444377  5.751192E-16
6110.18322427125  5.781200E-16
6111.31231409874  5.613458E-16
6112.44140392622  5.792805E-16
6113.5704937537  5.749130E-16
6114.69958358119  5.573828E-16
6115.82867340867  5.749208E-16
6116.95776323615  5.765739E-16
6118.08685306364  5.722314E-16
6119.21594289112  5.602356E-16
6120.34503271861  5.797449E-16
6121.47412254609  5.767851E-16
6122.60321237357  5.582646E-16
6123.73230220106  5.437134E-16
6124.86139202854  5.461197E-16
6125.99048185602  5.682195E-16
6127.11957168351  5.662606E-16
6128.24866151099  5.397618E-16
6129.37775133847  5.614261E-16
6130.50684116596  5.765585E-16
6131.63593099344  5.666573E-16
6132.76502082093  5.852075E-16
6133.89411064841  5.552522E-16
6135.02320047589  5.688656E-16
6136.15229030337  5.596342E-16
6137.28138013086  5.668329E-16
6138.41046995834  5.601684E-16
6139.53955978583  5.585318E-16
6140.66864961331  5.512597E-16
6141.79773944079  5.473715E-16
6142.92682926828  5.750048E-16
6144.05591909576  5.706604E-16
6145.18500892324  5.549958E-16
6146.31409875073  5.608296E-16
6147.44318857821  5.566926E-16
6148.57227840569  5.607891E-16
6149.70136823318  5.553423E-16
6150.83045806066  5.746931E-16
6151.95954788815  5.560224E-16
6153.08863771563  5.547576E-16
6154.21772754311  5.612268E-16
6155.3468173706  5.616102E-16
6156.47590719808  5.575594E-16
6157.60499702556  5.594842E-16
6158.73408685305  5.673515E-16
6159.86317668053  5.757812E-16
6160.99226650801  5.527428E-16
6162.1213563355  5.550350E-16
6163.25044616298  5.464530E-16
6164.37953599047  5.466139E-16
6165.50862581795  5.514066E-16
6166.63771564543  5.650608E-16
6167.76680547292  5.769879E-16
6168.8958953004  5.455622E-16
6170.02498512788  5.315710E-16
6171.15407495537  5.378300E-16
6172.28316478285  5.567117E-16
6173.41225461033  5.539757E-16
6174.54134443782  5.535225E-16
6175.6704342653  5.403375E-16
6176.79952409278  5.618439E-16
6177.92861392027  5.609225E-16
6179.05770374775  5.540788E-16
6180.18679357524  5.698983E-16
6181.31588340272  5.822933E-16
6182.4449732302  5.615308E-16
6183.57406305769  5.694337E-16
6184.70315288517  5.775155E-16
6185.83224271265  5.682315E-16
6186.96133254014  5.336729E-16
6188.09042236762  5.458071E-16
6189.2195121951  5.842018E-16
6190.34860202259  5.671961E-16
6191.47769185007  5.558161E-16
6192.60678167756  5.469670E-16
6193.73587150504  5.620730E-16
6194.86496133252  5.746322E-16
6195.99405116001  5.693577E-16
6197.12314098749  5.607909E-16
6198.25223081497  5.546918E-16
6199.38132064246  5.353667E-16
6200.51041046994  5.608259E-16
6201.63950029743  5.636846E-16
6202.76859012491  5.693937E-16
6203.89767995239  5.674420E-16
6205.02676977987  5.628002E-16
6206.15585960736  5.547631E-16
6207.28494943484  5.765030E-16
6208.41403926233  5.557530E-16
6209.54312908981  5.666010E-16
6210.67221891729  5.647351E-16
6211.80130874478  5.631666E-16
6212.93039857226  5.755428E-16
6214.05948839974  5.622251E-16
6215.18857822723  5.632209E-16
6216.31766805471  5.598391E-16
6217.4467578822  5.540578E-16
6218.57584770968  5.533674E-16
6219.70493753716  5.599126E-16
6220.83402736465  5.681751E-16
6221.96311719213  5.458307E-16
6223.09220701961  5.349554E-16
6224.2212968471  5.521993E-16
6225.35038667458  5.717397E-16
6226.47947650206  5.495953E-16
6227.60856632955  5.446708E-16
6228.73765615703  5.476034E-16
6229.86674598451  5.573018E-16
6230.995835812  5.680155E-16
6232.12492563948  5.811248E-16
6233.25401546697  5.639062E-16
6234.38310529445  5.452024E-16
6235.51219512193  5.530740E-16
6236.64128494942  5.506590E-16
6237.7703747769  5.378878E-16
6238.89946460438  5.369590E-16
6240.02855443187  5.278462E-16
6241.15764425935  5.337030E-16
6242.28673408683  5.448790E-16
6243.41582391432  5.483388E-16
6244.5449137418  5.500001E-16
6245.67400356928  5.576662E-16
6246.80309339677  5.651777E-16
6247.93218322425  5.637906E-16
6249.06127305174  5.650651E-16
6250.19036287922  5.717392E-16
6251.3194527067  5.604506E-16
6252.44854253419  5.623216E-16
6253.57763236167  5.689171E-16
6254.70672218915  5.907259E-16
6255.83581201664  5.645211E-16
6256.96490184412  5.493596E-16
6258.09399167161  5.594632E-16
6259.22308149909  5.834947E-16
6260.35217132657  5.553779E-16
6261.48126115406  5.407951E-16
6262.61035098154  5.513951E-16
6263.73944080902  5.872318E-16
6264.86853063651  5.623401E-16
6265.99762046399  5.683243E-16
6267.12671029147  5.560565E-16
6268.25580011896  5.567942E-16
6269.38488994644  5.450054E-16
6270.51397977392  5.382487E-16
6271.64306960141  5.536074E-16
6272.77215942889  5.596239E-16
6273.90124925637  5.387971E-16
6275.03033908386  5.408660E-16
6276.15942891134  5.447160E-16
6277.28851873883  5.391870E-16
6278.41760856631  5.183873E-16
6279.54669839379  5.164853E-16
6280.67578822128  5.388805E-16
6281.80487804876  5.352875E-16
6282.93396787624  5.460582E-16
6284.06305770373  5.568436E-16
6285.19214753121  5.473874E-16
6286.32123735869  5.459189E-16
6287.45032718618  5.482022E-16
6288.57941701366  5.518620E-16
6289.70850684115  5.604558E-16
6290.83759666863  5.399168E-16
6291.96668649611  5.281076E-16
6293.0957763236  5.358364E-16
6294.22486615108  5.480431E-16
6295.35395597856  5.318614E-16
6296.48304580605  5.316326E-16
6297.61213563353  5.331214E-16
6298.74122546101  5.264642E-16
6299.8703152885  5.359338E-16
6300.99940511598  5.368138E-16
6302.12849494347  5.441034E-16
6303.25758477095  5.312912E-16
6304.38667459843  5.164019E-16
6305.51576442592  5.363058E-16
6306.6448542534  5.276086E-16
6307.77394408088  5.216172E-16
6308.90303390837  5.182949E-16
6310.03212373585  5.118683E-16
6311.16121356333  5.240255E-16
6312.29030339082  5.377921E-16
6313.4193932183  5.442886E-16
6314.54848304579  5.307071E-16
6315.67757287327  5.165885E-16
6316.80666270075  5.048394E-16
6317.93575252824  5.302686E-16
6319.06484235572  5.387915E-16
6320.1939321832  5.399519E-16
6321.32302201069  5.289843E-16
6322.45211183817  5.057710E-16
6323.58120166565  5.357991E-16
6324.71029149314  5.506816E-16
6325.83938132062  5.346371E-16
6326.9684711481  5.112548E-16
6328.09756097559  5.359040E-16
6329.22665080307  5.486790E-16
6330.35574063056  5.210264E-16
6331.48483045804  5.060839E-16
6332.61392028552  5.004911E-16
6333.74301011301  5.281519E-16
6334.87209994049  5.167740E-16
6336.00118976797  5.375652E-16
6337.13027959546  5.449016E-16
6338.25936942294  5.355158E-16
6339.38845925042  5.352935E-16
6340.51754907791  5.312266E-16
6341.64663890539  5.350731E-16
6342.77572873287  5.450534E-16
6343.90481856036  5.370251E-16
6345.03390838784  5.596938E-16
6346.16299821533  5.881043E-16
6347.29208804281  5.782636E-16
6348.42117787029  5.626250E-16
6349.55026769778  5.768438E-16
6350.67935752526  5.762222E-16
6351.80844735274  5.722613E-16
6352.93753718023  5.766583E-16
6354.06662700771  5.775594E-16
6355.19571683519  5.567899E-16
6356.32480666268  5.508537E-16
6357.45389649016  5.544985E-16
6358.58298631764  5.650208E-16
6359.71207614513  5.683858E-16
6360.84116597261  5.530045E-16
6361.9702558001  5.434033E-16
6363.09934562758  5.625460E-16
6364.22843545506  5.617430E-16
6365.35752528255  5.550621E-16
6366.48661511003  5.443293E-16
6367.61570493751  5.435567E-16
6368.744794765  5.395574E-16
6369.87388459248  5.373507E-16
6371.00297441996  5.418232E-16
6372.13206424745  5.557467E-16
6373.26115407493  5.331549E-16
6374.39024390242  5.367004E-16
6375.5193337299  5.219736E-16
6376.64842355738  5.053060E-16
6377.77751338487  5.225233E-16
6378.90660321235  5.260357E-16
6380.03569303983  5.412155E-16
6381.16478286732  5.243946E-16
6382.2938726948  5.195021E-16
6383.42296252228  5.301291E-16
6384.55205234977  5.373669E-16
6385.68114217725  5.132591E-16
6386.81023200473  4.991701E-16
6387.93932183222  5.139782E-16
6389.0684116597  5.272771E-16
6390.19750148719  5.156273E-16
6391.32659131467  5.126421E-16
6392.45568114215  5.197944E-16
6393.58477096964  5.286762E-16
6394.71386079712  5.154123E-16
6395.8429506246  4.981222E-16
6396.97204045209  5.086462E-16
6398.10113027957  5.230974E-16
6399.23022010705  5.161248E-16
6400.35930993454  5.169153E-16
6401.48839976202  5.140842E-16
6402.6174895895  5.112955E-16
6403.74657941699  5.043492E-16
6404.87566924447  5.050590E-16
6406.00475907196  5.155445E-16
6407.13384889944  5.228762E-16
6408.26293872692  5.168498E-16
6409.39202855441  5.046072E-16
6410.52111838189  5.230378E-16
6411.65020820937  5.262473E-16
6412.77929803686  5.166008E-16
6413.90838786434  4.903727E-16
6415.03747769182  5.080806E-16
6416.16656751931  5.220081E-16
6417.29565734679  5.154668E-16
6418.42474717428  5.128023E-16
6419.55383700176  5.114650E-16
6420.68292682924  5.080702E-16
6421.81201665673  4.946166E-16
6422.94110648421  5.103541E-16
6424.07019631169  4.849165E-16
6425.19928613918  4.883388E-16
6426.32837596666  4.916484E-16
6427.45746579414  5.000728E-16
6428.58655562163  5.018454E-16
6429.71564544911  4.757102E-16
6430.8447352766  4.709425E-16
6431.97382510408  5.002295E-16
6433.10291493156  5.029086E-16
6434.23200475904  5.007230E-16
6435.36109458653  4.920410E-16
6436.49018441401  4.723807E-16
6437.6192742415  4.845064E-16
6438.74836406898  4.763784E-16
6439.87745389646  4.727607E-16
6441.00654372395  4.595166E-16
6442.13563355143  4.555806E-16
6443.26472337891  4.535103E-16
6444.3938132064  4.595931E-16
6445.52290303388  4.617674E-16
6446.65199286137  4.674105E-16
6447.78108268885  4.579484E-16
6448.91017251633  4.700899E-16
6450.03926234382  4.856519E-16
6451.1683521713  4.936822E-16
6452.29744199878  5.027720E-16
6453.42653182627  4.982049E-16
6454.55562165375  5.087499E-16
6455.68471148123  4.977951E-16
6456.81380130872  4.874679E-16
6457.9428911362  4.994837E-16
6459.07198096369  4.943292E-16
6460.20107079117  4.959849E-16
6461.33016061865  4.907444E-16
6462.45925044614  4.872489E-16
6463.58834027362  4.960653E-16
6464.7174301011  4.845025E-16
6465.84651992859  4.733734E-16
6466.97560975607  4.701394E-16
6468.10469958356  4.666193E-16
6469.23378941104  4.724206E-16
6470.36287923852  4.806323E-16
6471.491969066  4.899959E-16
6472.62105889349  5.059635E-16
6473.75014872097  4.941729E-16
6474.87923854846  4.931963E-16
6476.00832837594  5.131763E-16
6477.13741820342  5.220093E-16
6478.26650803091  5.239543E-16
6479.39559785839  4.969069E-16
6480.52468768587  5.012638E-16
6481.65377751336  5.093176E-16
6482.78286734084  5.124252E-16
6483.91195716833  5.108154E-16
6485.04104699581  5.107086E-16
6486.17013682329  5.101697E-16
6487.29922665078  5.092114E-16
6488.42831647826  4.947377E-16
6489.55740630574  5.090908E-16
6490.68649613323  5.195622E-16
6491.81558596071  5.009496E-16
6492.94467578819  4.936087E-16
6494.07376561568  5.076067E-16
6495.20285544316  5.002684E-16
6496.33194527064  4.963376E-16
6497.46103509813  5.003378E-16
6498.59012492561  4.930063E-16
6499.7192147531  5.155768E-16
6500.84830458058  4.949400E-16
6501.97739440806  4.793673E-16
6503.10648423555  5.046641E-16
6504.23557406303  5.073116E-16
6505.36466389051  4.855053E-16
6506.493753718  4.931129E-16
6507.62284354548  4.960147E-16
6508.75193337296  4.901881E-16
6509.88102320045  5.107865E-16
6511.01011302793  5.029834E-16
6512.13920285541  5.090661E-16
6513.2682926829  4.991673E-16
6514.39738251038  4.887436E-16
6515.52647233787  5.030542E-16
6516.65556216535  5.046260E-16
6517.78465199283  5.070158E-16
6518.91374182032  5.048964E-16
6520.0428316478  5.114446E-16
6521.17192147528  5.167679E-16
6522.30101130277  5.106528E-16
6523.43010113025  5.148893E-16
6524.55919095773  5.334150E-16
6525.68828078522  5.178343E-16
6526.8173706127  4.970377E-16
6527.94646044019  5.143967E-16
6529.07555026767  5.119446E-16
6530.20464009515  5.144440E-16
6531.33372992264  5.019211E-16
6532.46281975012  5.095188E-16
6533.5919095776  5.269421E-16
6534.72099940509  5.189455E-16
6535.85008923257  5.168084E-16
6536.97917906005  5.121365E-16
6538.10826888754  5.213981E-16
6539.23735871502  5.199908E-16
6540.3664485425  5.348427E-16
6541.49553836999  5.265664E-16
6542.62462819747  5.236252E-16
6543.75371802496  5.087720E-16
6544.88280785244  5.149815E-16
6546.01189767992  5.212871E-16
6547.14098750741  5.204570E-16
6548.27007733489  5.051881E-16
6549.39916716237  4.973874E-16
6550.52825698986  5.088556E-16
6551.65734681734  4.852817E-16
6552.78643664482  4.727161E-16
6553.91552647231  4.610882E-16
6555.04461629979  4.812064E-16
6556.17370612727  4.984682E-16
6557.30279595476  4.967194E-16
6558.43188578224  5.226992E-16
6559.56097560973  5.286794E-16
6560.69006543721  5.393691E-16
6561.81915526469  5.430506E-16
6562.94824509218  5.380792E-16
6564.07733491966  5.257765E-16
6565.20642474714  5.445318E-16
6566.33551457463  5.433261E-16
6567.46460440211  5.342344E-16
6568.59369422959  5.400747E-16
6569.72278405708  5.477444E-16
6570.85187388456  5.319162E-16
6571.98096371205  5.213779E-16
6573.11005353953  5.110900E-16
6574.23914336701  5.065626E-16
6575.3682331945  5.127495E-16
6576.49732302198  5.141726E-16
6577.62641284946  5.196449E-16
6578.75550267695  5.189189E-16
6579.88459250443  5.199316E-16
6581.01368233191  5.132913E-16
6582.1427721594  5.227833E-16
6583.27186198688  5.172721E-16
6584.40095181437  5.078444E-16
6585.53004164185  5.041178E-16
6586.65913146933  5.173868E-16
6587.78822129682  4.964787E-16
6588.9173111243  5.031093E-16
6590.04640095178  5.163321E-16
6591.17549077927  5.186608E-16
6592.30458060675  5.123584E-16
6593.43367043423  5.054079E-16
6594.56276026172  5.103134E-16
6595.6918500892  4.986591E-16
6596.82093991669  4.948841E-16
6597.95002974417  5.127499E-16
6599.07911957165  5.092446E-16
6600.20820939914  5.186778E-16
6601.33729922662  5.099803E-16
6602.4663890541  5.022805E-16
6603.59547888159  5.173244E-16
6604.72456870907  5.152356E-16
6605.85365853655  4.997386E-16
6606.98274836404  5.043873E-16
6608.11183819152  5.193022E-16
6609.240928019  5.250926E-16
6610.37001784649  4.945587E-16
6611.49910767397  4.892941E-16
6612.62819750146  5.096869E-16
6613.75728732894  4.956857E-16
6614.88637715642  4.968410E-16
6616.01546698391  5.000815E-16
6617.14455681139  4.909933E-16
6618.27364663887  5.106280E-16
6619.40273646636  5.129439E-16
6620.53182629384  5.076862E-16
6621.66091612132  5.408730E-16
6622.79000594881  5.381223E-16
6623.91909577629  5.306540E-16
6625.04818560377  5.397800E-16
6626.17727543126  5.347150E-16
6627.30636525874  5.351330E-16
6628.43545508623  5.352671E-16
6629.56454491371  5.344844E-16
6630.69363474119  5.506662E-16
6631.82272456868  5.378957E-16
6632.95181439616  5.463827E-16
6634.08090422364  5.473682E-16
6635.20999405113  5.509318E-16
6636.33908387861  5.500566E-16
6637.46817370609  5.445381E-16
6638.59726353358  5.440722E-16
6639.72635336106  5.630738E-16
6640.85544318855  5.667257E-16
6641.98453301603  5.495177E-16
6643.11362284351  5.617573E-16
6644.242712671  5.803180E-16
6645.37180249848  5.900698E-16
6646.50089232596  5.828068E-16
6647.62998215345  6.008436E-16
6648.75907198093  6.142651E-16
6649.88816180842  6.195725E-16
6651.0172516359  6.291172E-16
6652.14634146338  6.466904E-16
6653.27543129087  6.555155E-16
6654.40452111835  6.464397E-16
6655.53361094583  6.396029E-16
6656.66270077332  6.322677E-16
6657.7917906008  6.140717E-16
6658.92088042828  6.200102E-16
6660.04997025577  6.413402E-16
6661.17906008325  6.791026E-16
6662.30814991073  7.336270E-16
6663.43723973822  8.003398E-16
6664.5663295657  8.742946E-16
6665.69541939319  9.293154E-16
6666.82450922067  9.813627E-16
6667.95359904815  1.008548E-15
6669.08268887564  1.021006E-15
6670.21177870312  1.047715E-15
6671.3408685306  1.079699E-15
6672.46995835809  1.107182E-15
6673.59904818557  1.136990E-15
6674.72813801305  1.157662E-15
6675.85722784054  1.098284E-15
6676.98631766802  1.029147E-15
6678.1154074955  9.826431E-16
6679.24449732299  9.362551E-16
6680.37358715047  9.086288E-16
6681.50267697796  8.716317E-16
6682.63176680544  8.604910E-16
6683.76085663292  8.229551E-16
6684.8899464604  7.819731E-16
6686.01903628789  7.635603E-16
6687.14812611537  7.546249E-16
6688.27721594286  7.321951E-16
6689.40630577034  7.150254E-16
6690.53539559782  6.836347E-16
6691.66448542531  6.647505E-16
6692.79357525279  6.789323E-16
6693.92266508027  6.844982E-16
6695.05175490776  7.079354E-16
6696.18084473524  6.837049E-16
6697.30993456273  6.516753E-16
6698.43902439021  6.246152E-16
6699.56811421769  6.233890E-16
6700.69720404518  6.310926E-16
6701.82629387266  6.118724E-16
6702.95538370014  5.891091E-16
6704.08447352763  5.823572E-16
6705.21356335511  5.810277E-16
6706.34265318259  5.785855E-16
6707.47174301008  5.583758E-16
6708.60083283756  5.461767E-16
6709.72992266505  5.393416E-16
6710.85901249253  5.508380E-16
6711.98810232001  5.426174E-16
6713.1171921475  5.478945E-16
6714.24628197498  5.577973E-16
6715.37537180246  5.342800E-16
6716.50446162995  5.262646E-16
6717.63355145743  5.151089E-16
6718.76264128492  5.110820E-16
6719.8917311124  5.186197E-16
6721.02082093988  5.086133E-16
6722.14991076736  4.978249E-16
6723.27900059485  5.153212E-16
6724.40809042233  5.217431E-16
6725.53718024981  5.190089E-16
6726.6662700773  5.052737E-16
6727.79535990478  4.937438E-16
6728.92444973227  4.957564E-16
6730.05353955975  4.879474E-16
6731.18262938723  4.905290E-16
6732.31171921472  4.942939E-16
6733.4408090422  4.828549E-16
6734.56989886969  4.817945E-16
6735.69898869717  4.802916E-16
6736.82807852465  4.967921E-16
6737.95716835213  4.721761E-16
6739.08625817962  4.452053E-16
6740.2153480071  4.606451E-16
6741.34443783458  4.804077E-16
6742.47352766207  4.869108E-16
6743.60261748955  4.794230E-16
6744.73170731704  4.636468E-16
6745.86079714452  4.655082E-16
6746.989886972  4.739406E-16
6748.11897679949  4.630098E-16
6749.24806662697  4.638031E-16
6750.37715645445  4.596234E-16
6751.50624628194  4.605908E-16
6752.63533610942  4.549472E-16
6753.76442593691  4.671328E-16
6754.89351576439  4.641364E-16
6756.02260559187  4.520239E-16
6757.15169541936  4.476265E-16
6758.28078524684  4.592708E-16
6759.40987507432  4.638150E-16
6760.53896490181  4.642481E-16
6761.66805472929  4.633074E-16
6762.79714455677  4.574098E-16
6763.92623438426  4.528928E-16
6765.05532421174  4.526031E-16
6766.18441403922  4.537555E-16
6767.31350386671  4.551241E-16
6768.44259369419  4.584670E-16
6769.57168352168  4.626216E-16
6770.70077334916  4.592842E-16
6771.82986317664  4.583424E-16
6772.95895300413  4.450588E-16
6774.08804283161  4.481731E-16
6775.21713265909  4.520006E-16
6776.34622248658  4.601722E-16
6777.47531231406  4.630705E-16
6778.60440214154  4.595653E-16
6779.73349196903  4.364401E-16
6780.86258179651  4.444866E-16
6781.991671624  4.525452E-16
6783.12076145148  4.362354E-16
6784.24985127896  4.651451E-16
6785.37894110645  4.392656E-16
6786.50803093393  4.512279E-16
6787.63712076141  4.512102E-16
6788.7662105889  4.548537E-16
6789.89530041638  4.579675E-16
6791.02439024386  4.481365E-16
6792.15348007135  4.403224E-16
6793.28256989883  4.489082E-16
6794.41165972631  4.561599E-16
6795.5407495538  4.582641E-16
6796.66983938128  4.480511E-16
6797.79892920877  4.443953E-16
6798.92801903625  4.588015E-16
6800.05710886373  4.549236E-16
6801.18619869122  4.358396E-16
6802.3152885187  4.377950E-16
6803.44437834618  4.534326E-16
6804.57346817367  4.533735E-16
6805.70255800115  4.443923E-16
6806.83164782863  4.400898E-16
6807.96073765612  4.369778E-16
6809.0898274836  4.540422E-16
6810.21891731109  4.500678E-16
6811.34800713857  4.359399E-16
6812.47709696605  4.336542E-16
6813.60618679354  4.584689E-16
6814.73527662102  4.479010E-16
6815.8643664485  4.465524E-16
6816.99345627599  4.452241E-16
6818.12254610347  4.287591E-16
6819.25163593095  4.392487E-16
6820.38072575844  4.495672E-16
6821.50981558592  4.589116E-16
6822.6389054134  4.568102E-16
6823.76799524089  4.448799E-16
6824.89708506837  4.534484E-16
6826.02617489586  4.397910E-16
6827.15526472334  4.422169E-16
6828.28435455082  4.239467E-16
6829.41344437831  4.501167E-16
6830.54253420579  4.703320E-16
6831.67162403328  4.573239E-16
6832.80071386076  4.366361E-16
6833.92980368824  4.218134E-16
6835.05889351572  4.229468E-16
6836.18798334321  4.390989E-16
6837.31707317069  4.452863E-16
6838.44616299818  4.327445E-16
6839.57525282566  4.325289E-16
6840.70434265314  4.430919E-16
6841.83343248063  4.441755E-16
6842.96252230811  4.474803E-16
6844.09161213559  4.426989E-16
6845.22070196308  4.534581E-16
6846.34979179056  4.517812E-16
6847.47888161805  4.412766E-16
6848.60797144553  4.461614E-16
6849.73706127301  4.390055E-16
6850.8661511005  4.323624E-16
6851.99524092798  4.231503E-16
6853.12433075546  4.369642E-16
6854.25342058295  4.427042E-16
6855.38251041043  4.464974E-16
6856.51160023791  4.477409E-16
6857.6406900654  4.444854E-16
6858.76977989288  4.414022E-16
6859.89886972036  4.416784E-16
6861.02795954785  4.299634E-16
6862.15704937533  4.258500E-16
6863.28613920282  4.340411E-16
6864.4152290303  4.405089E-16
6865.54431885778  4.485007E-16
6866.67340868527  4.652087E-16
6867.80249851275  4.592353E-16
6868.93158834023  4.451344E-16
6870.06067816772  4.489304E-16
6871.1897679952  4.376083E-16
6872.31885782268  4.295048E-16
6873.44794765017  4.294329E-16
6874.57703747765  4.492709E-16
6875.70612730513  4.603357E-16
6876.83521713262  4.399972E-16
6877.9643069601  4.246391E-16
6879.09339678759  4.344461E-16
6880.22248661507  4.321692E-16
6881.35157644255  4.166832E-16
6882.48066627004  4.241862E-16
6883.60975609752  4.382614E-16
6884.738845925  4.503428E-16
6885.86793575249  4.355790E-16
6886.99702557997  4.372295E-16
6888.12611540745  4.226145E-16
6889.25520523494  4.305718E-16
6890.38429506242  4.394744E-16
6891.5133848899  4.269846E-16
6892.64247471739  4.324322E-16
6893.77156454487  4.290697E-16
6894.90065437236  4.303856E-16
6896.02974419984  4.387657E-16
6897.15883402732  4.296326E-16
6898.28792385481  4.354701E-16
6899.41701368229  4.341151E-16
6900.54610350977  4.204440E-16
6901.67519333726  4.301227E-16
6902.80428316474  4.440846E-16
6903.93337299222  4.296375E-16
6905.06246281971  4.201140E-16
6906.19155264719  4.320330E-16
6907.32064247468  4.290647E-16
6908.44973230216  4.297550E-16
6909.57882212964  4.380754E-16
6910.70791195713  4.351732E-16
6911.83700178461  4.355024E-16
6912.96609161209  4.226531E-16
6914.09518143958  4.266119E-16
6915.22427126706  4.392218E-16
6916.35336109454  4.276728E-16
6917.48245092203  4.336970E-16
6918.61154074951  4.421808E-16
6919.74063057699  4.470835E-16
6920.86972040448  4.424515E-16
6921.99881023196  4.344614E-16
6923.12790005945  4.379412E-16
6924.25698988693  4.261198E-16
6925.38607971441  4.248015E-16
6926.5151695419  4.208263E-16
6927.64425936938  4.351400E-16
6928.77334919686  4.403510E-16
6929.90243902435  4.253170E-16
6931.03152885183  4.319480E-16
6932.16061867932  4.299059E-16
6933.2897085068  4.391786E-16
6934.41879833428  4.309166E-16
6935.54788816176  4.179325E-16
6936.67697798925  4.311716E-16
6937.80606781673  4.358137E-16
6938.93515764422  4.347258E-16
6940.0642474717  4.191808E-16
6941.19333729918  4.294289E-16
6942.32242712667  4.329418E-16
6943.45151695415  4.147311E-16
6944.58060678163  4.100006E-16
6945.70969660912  4.272388E-16
6946.8387864366  4.328933E-16
6947.96787626409  4.379646E-16
6949.09696609157  4.335418E-16
6950.22605591905  4.431396E-16
6951.35514574654  4.521285E-16
6952.48423557402  4.351393E-16
6953.6133254015  4.408260E-16
6954.74241522899  4.306945E-16
6955.87150505647  4.351053E-16
6957.00059488395  4.273248E-16
6958.12968471144  4.134934E-16
6959.25877453892  4.352351E-16
6960.38786436641  4.281147E-16
6961.51695419389  4.276263E-16
6962.64604402137  4.232754E-16
6963.77513384886  4.382783E-16
6964.90422367634  4.392132E-16
6966.03331350382  4.325512E-16
6967.16240333131  4.358412E-16
6968.29149315879  4.270800E-16
6969.42058298628  4.245765E-16
6970.54967281376  4.238220E-16
6971.67876264124  4.165862E-16
6972.80785246872  4.336121E-16
6973.93694229621  4.173851E-16
6975.06603212369  4.182050E-16
6976.19512195118  4.186104E-16
6977.32421177866  4.260167E-16
6978.45330160614  4.365822E-16
6979.58239143363  4.358474E-16
6980.71148126111  4.299000E-16
6981.84057108859  4.299000E-16
6982.96966091608  4.315768E-16
6984.09875074356  4.242884E-16
6985.22784057105  4.193913E-16
6986.35693039853  4.224416E-16
6987.48602022601  4.304203E-16
6988.61511005349  4.195600E-16
6989.74419988098  4.070457E-16
6990.87328970846  4.091376E-16
6992.00237953595  4.253624E-16
6993.13146936343  4.360000E-16
6994.26055919091  4.217028E-16
6995.3896490184  4.199009E-16
6996.51873884588  4.151788E-16
6997.64782867336  4.285692E-16
6998.77691850085  4.188133E-16
6999.90600832833  4.151362E-16
7001.03509815582  4.211669E-16
7002.1641879833  4.159561E-16
7003.29327781078  4.179903E-16
7004.42236763826  4.317426E-16
7005.55145746575  4.190187E-16
7006.68054729323  4.165908E-16
7007.80963712072  4.163298E-16
7008.9387269482  4.298117E-16
7010.06781677568  4.219325E-16
7011.19690660317  4.024566E-16
7012.32599643065  4.040734E-16
7013.45508625813  4.074999E-16
7014.58417608562  4.120101E-16
7015.7132659131  4.151113E-16
7016.84235574059  4.105750E-16
7017.97144556807  4.142931E-16
7019.10053539555  4.068394E-16
7020.22962522304  4.185186E-16
7021.35871505052  4.258081E-16
7022.487804878  4.164861E-16
7023.61689470549  4.221551E-16
7024.74598453297  4.209956E-16
7025.87507436045  4.256191E-16
7027.00416418794  4.287995E-16
7028.13325401542  4.275925E-16
7029.26234384291  4.151907E-16
7030.39143367039  4.153803E-16
7031.52052349787  4.068846E-16
7032.64961332536  4.202027E-16
7033.77870315284  4.207978E-16
7034.90779298032  4.225432E-16
7036.03688280781  4.242907E-16
7037.16597263529  4.242129E-16
7038.29506246277  4.229711E-16
7039.42415229025  4.183119E-16
7040.55324211774  4.222678E-16
7041.68233194522  4.128301E-16
7042.81142177271  4.123824E-16
7043.94051160019  4.112578E-16
7045.06960142768  4.072830E-16
7046.19869125516  4.092068E-16
7047.32778108264  4.162902E-16
7048.45687091013  4.218902E-16
7049.58596073761  4.299767E-16
7050.71505056509  4.043992E-16
7051.84414039258  4.011864E-16
7052.97323022006  4.081148E-16
7054.10232004754  4.237398E-16
7055.23140987503  4.129098E-16
7056.36049970251  4.028622E-16
7057.48958952999  4.050462E-16
7058.61867935748  4.149536E-16
7059.74776918496  4.233103E-16
7060.87685901244  4.121103E-16
7062.00594883993  3.789085E-16
7063.13503866741  4.220719E-16
7064.2641284949  4.305396E-16
7065.39321832238  4.096718E-16
7066.52230814986  3.927630E-16
7067.65139797735  4.154037E-16
7068.78048780483  4.098368E-16
7069.90957763231  4.158295E-16
7071.0386674598  4.143082E-16
7072.16775728728  4.086747E-16
7073.29684711476  4.153885E-16
7074.42593694225  3.966918E-16
7075.55502676973  4.168469E-16
7076.68411659721  4.227820E-16
7077.8132064247  4.062254E-16
7078.94229625218  3.998482E-16
7080.07138607967  4.053233E-16
7081.20047590715  4.235842E-16
7082.32956573463  4.189872E-16
7083.45865556212  4.013331E-16
7084.5877453896  3.897809E-16
7085.71683521708  4.079687E-16
7086.84592504457  4.154067E-16
7087.97501487205  4.112128E-16
7089.10410469953  3.953740E-16
7090.23319452702  3.910068E-16
7091.3622843545  4.126659E-16
7092.49137418199  4.084443E-16
7093.62046400947  4.025764E-16
7094.74955383695  4.082362E-16
7095.87864366444  4.008302E-16
7097.00773349192  3.943837E-16
7098.1368233194  3.762871E-16
7099.26591314689  3.805625E-16
7100.39500297437  4.004559E-16
7101.52409280185  4.121959E-16
7102.65318262934  3.919705E-16
7103.78227245682  3.875260E-16
7104.91136228431  4.067589E-16
7106.04045211179  3.935721E-16
7107.16954193927  3.894378E-16
7108.29863176676  3.911043E-16
7109.42772159424  3.908236E-16
7110.55681142172  3.882162E-16
7111.68590124921  3.975443E-16
7112.81499107669  4.057892E-16
7113.94408090417  3.973703E-16
7115.07317073166  3.950953E-16
7116.20226055914  3.927003E-16
7117.33135038663  4.036469E-16
7118.46044021411  3.973284E-16
7119.58953004159  3.951274E-16
7120.71861986908  3.980801E-16
7121.84770969656  4.065697E-16
7122.97679952404  4.000806E-16
7124.10588935153  3.900693E-16
7125.23497917901  4.036731E-16
7126.36406900649  4.066187E-16
7127.49315883398  3.950567E-16
7128.62224866146  3.934916E-16
7129.75133848894  3.941706E-16
7130.88042831643  3.973773E-16
7132.00951814391  4.044634E-16
7133.1386079714  3.922042E-16
7134.26769779888  3.886717E-16
7135.39678762636  3.936118E-16
7136.52587745385  3.990616E-16
7137.65496728133  4.011220E-16
7138.78405710881  3.974720E-16
7139.9131469363  4.056700E-16
7141.04223676378  4.042280E-16
7142.17132659126  3.913142E-16
7143.30041641875  3.943688E-16
7144.42950624623  3.859515E-16
7145.55859607372  3.832092E-16
7146.6876859012  3.887327E-16
7147.81677572868  3.912591E-16
7148.94586555617  4.042591E-16
7150.07495538365  3.992557E-16
7151.20404521113  3.788347E-16
7152.33313503862  3.833339E-16
7153.4622248661  3.958403E-16
7154.59131469358  3.889105E-16
7155.72040452107  3.870511E-16
7156.84949434855  3.837339E-16
7157.97858417604  3.842316E-16
7159.10767400352  3.826237E-16
7160.236763831  3.933423E-16
7161.36585365849  3.963285E-16
7162.49494348597  3.793551E-16
7163.62403331345  3.804887E-16
7164.75312314094  3.809966E-16
7165.88221296842  3.876755E-16
7167.0113027959  3.970950E-16
7168.14039262339  4.094898E-16
7169.26948245087  3.799178E-16
7170.39857227835  3.757892E-16
7171.52766210584  3.917730E-16
7172.65675193332  3.918828E-16
7173.78584176081  3.747548E-16
7174.91493158829  3.945220E-16
7176.04402141577  4.084905E-16
7177.17311124325  3.807228E-16
7178.30220107074  3.727548E-16
7179.43129089822  3.893839E-16
7180.56038072571  4.036450E-16
7181.68947055319  3.898398E-16
7182.81856038068  3.892731E-16
7183.94765020816  4.108856E-16
7185.07674003564  4.244518E-16
7186.20582986312  4.032876E-16
7187.33491969061  3.902324E-16
7188.46400951809  3.753849E-16
7189.59309934558  3.920619E-16
7190.72218917306  3.880426E-16
7191.85127900054  3.933467E-16
7192.98036882803  4.024023E-16
7194.10945865551  3.992326E-16
7195.23854848299  3.882894E-16
7196.36763831048  3.967781E-16
7197.49672813796  3.982705E-16
7198.62581796545  4.060815E-16
7199.75490779293  4.223177E-16
7200.88399762041  3.991918E-16
7202.0130874479  3.931441E-16
7203.14217727538  3.793979E-16
7204.27126710286  3.960278E-16
7205.40035693035  3.945555E-16
7206.52944675783  3.815013E-16
7207.65853658531  3.880018E-16
7208.7876264128  3.812597E-16
7209.91671624028  3.793848E-16
7211.04580606776  3.762246E-16
7212.17489589525  3.880597E-16
7213.30398572273  3.729152E-16
7214.43307555021  3.843768E-16
7215.5621653777  3.808215E-16
7216.69125520518  3.765390E-16
7217.82034503267  3.842218E-16
7218.94943486015  3.743868E-16
7220.07852468763  3.703588E-16
7221.20761451512  3.831915E-16
7222.3367043426  3.965872E-16
7223.46579417008  3.716136E-16
7224.59488399757  3.771566E-16
7225.72397382505  3.891005E-16
7226.85306365253  3.810457E-16
7227.98215348002  3.797781E-16
7229.1112433075  3.826850E-16
7230.24033313499  3.842501E-16
7231.36942296247  3.739078E-16
7232.49851278995  3.822797E-16
7233.62760261744  3.923840E-16
7234.75669244492  4.002171E-16
7235.8857822724  3.805118E-16
7237.01487209989  3.688874E-16
7238.14396192737  3.821665E-16
7239.27305175485  3.951136E-16
7240.40214158234  4.001748E-16
7241.53123140982  3.753859E-16
7242.66032123731  3.594617E-16
7243.78941106479  3.766841E-16
7244.91850089227  3.843388E-16
7246.04759071976  3.907886E-16
7247.17668054724  3.726238E-16
7248.30577037472  3.772405E-16
7249.43486020221  3.815771E-16
7250.56395002969  3.877873E-16
7251.69303985717  3.962588E-16
7252.82212968466  4.026105E-16
7253.95121951214  3.838681E-16
7255.08030933962  3.723142E-16
7256.20939916711  3.881658E-16
7257.33848899459  4.021579E-16
7258.46757882208  3.870828E-16
7259.59666864956  3.684291E-16
7260.72575847704  3.825286E-16
7261.85484830453  3.878732E-16
7262.98393813201  3.947147E-16
7264.11302795949  3.896910E-16
7265.24211778698  3.712662E-16
7266.37120761446  3.779561E-16
7267.50029744195  3.712349E-16
7268.62938726943  3.681041E-16
7269.75847709691  3.814571E-16
7270.8875669244  3.746057E-16
7272.01665675188  3.686781E-16
7273.14574657936  3.756908E-16
7274.27483640685  3.816355E-16
7275.40392623433  3.863505E-16
7276.53301606181  3.890680E-16
7277.6621058893  3.838522E-16
7278.79119571678  3.667491E-16
7279.92028554426  3.746200E-16
7281.04937537175  3.697864E-16
7282.17846519923  3.743277E-16
7283.30755502672  3.713036E-16
7284.4366448542  3.720189E-16
7285.56573468168  3.790592E-16
7286.69482450917  3.738845E-16
7287.82391433665  3.783777E-16
7288.95300416413  3.813650E-16
7290.08209399162  3.774112E-16
7291.2111838191  3.755672E-16
7292.34027364658  3.740658E-16
7293.46936347407  3.776502E-16
7294.59845330155  3.768060E-16
7295.72754312903  3.697962E-16
7296.85663295652  3.745652E-16
7297.985722784  3.865795E-16
7299.11481261149  3.738149E-16
7300.24390243897  3.757168E-16
7301.37299226645  3.735194E-16
7302.50208209394  3.856045E-16
7303.63117192142  3.916086E-16
7304.7602617489  3.832318E-16
7305.88935157639  3.868086E-16
7307.01844140387  3.787374E-16
7308.14753123135  3.802226E-16
7309.27662105884  3.734247E-16
7310.40571088632  3.712428E-16
7311.53480071381  3.838510E-16
7312.66389054129  3.928596E-16
7313.79298036877  3.825965E-16
7314.92207019626  3.726345E-16
7316.05116002374  3.801874E-16
7317.18024985122  3.893442E-16
7318.30933967871  3.738403E-16
7319.43842950619  3.738670E-16
7320.56751933367  3.670486E-16
7321.69660916116  3.743087E-16
7322.82569898864  3.919624E-16
7323.95478881612  3.680241E-16
7325.08387864361  3.701107E-16
7326.21296847109  3.644576E-16
7327.34205829857  3.560440E-16
7328.47114812606  3.620239E-16
7329.60023795354  3.862642E-16
7330.72932778103  3.812163E-16
7331.85841760851  3.710192E-16
7332.98750743599  3.666478E-16
7334.11659726348  3.759149E-16
7335.24568709096  3.742058E-16
7336.37477691844  3.683761E-16
7337.50386674593  3.553981E-16
7338.63295657341  3.692954E-16
7339.7620464009  3.758777E-16
7340.89113622838  3.774829E-16
7342.02022605586  3.765333E-16
7343.14931588335  3.906060E-16
7344.27840571083  3.924301E-16
7345.40749553831  3.774957E-16
7346.5365853658  3.813781E-16
7347.66567519328  3.830759E-16
7348.79476502077  3.856227E-16
7349.92385484825  3.858917E-16
7351.05294467573  3.838220E-16
7352.18203450321  3.828264E-16
7353.3111243307  3.693058E-16
7354.44021415818  3.671791E-16
7355.56930398567  3.773792E-16
7356.69839381315  3.831469E-16
7357.82748364063  3.741075E-16
7358.95657346812  3.782300E-16
7360.0856632956  3.910400E-16
7361.21475312308  3.773048E-16
7362.34384295057  3.632227E-16
7363.47293277805  3.561668E-16
7364.60202260554  3.560394E-16
7365.73111243302  3.663523E-16
7366.8602022605  3.640686E-16
7367.98929208798  3.621514E-16
7369.11838191547  3.723182E-16
7370.24747174295  3.871613E-16
7371.37656157043  3.807145E-16
7372.50565139792  3.686662E-16
7373.6347412254  3.627786E-16
7374.76383105289  3.723788E-16
7375.89292088037  3.700705E-16
7377.02201070785  3.876615E-16
7378.15110053534  3.801270E-16
7379.28019036282  3.777678E-16
7380.40928019031  3.759806E-16
7381.53837001779  3.756082E-16
7382.66745984527  3.619893E-16
7383.79654967276  3.708865E-16
7384.92563950024  3.904259E-16
7386.05472932772  3.724366E-16
7387.1838191552  3.645109E-16
7388.31290898269  3.747787E-16
7389.44199881017  3.797002E-16
7390.57108863766  3.810844E-16
7391.70017846514  3.597451E-16
7392.82926829262  3.691482E-16
7393.95835812011  3.716591E-16
7395.08744794759  3.695766E-16
7396.21653777507  3.615102E-16
7397.34562760256  3.725258E-16
7398.47471743004  3.789749E-16
7399.60380725753  3.676418E-16
7400.73289708501  3.642285E-16
7401.86198691249  3.741407E-16
7402.99107673998  3.805345E-16
7404.12016656746  3.812724E-16
7405.24925639494  3.819610E-16
7406.37834622243  3.697832E-16
7407.50743604991  3.856481E-16
7408.63652587739  3.896058E-16
7409.76561570488  3.774714E-16
7410.89470553236  3.692018E-16
7412.02379535984  3.761246E-16
7413.15288518733  3.915593E-16
7414.28197501481  3.923852E-16
7415.4110648423  3.924452E-16
7416.54015466978  3.917589E-16
7417.66924449726  3.721983E-16
7418.79833432475  3.718152E-16
7419.92742415223  3.574593E-16
7421.05651397971  3.794897E-16
7422.1856038072  3.919086E-16
7423.31469363468  3.736513E-16
7424.44378346216  3.834804E-16
7425.57287328965  4.013428E-16
7426.70196311713  3.852031E-16
7427.83105294462  3.732146E-16
7428.9601427721  3.858614E-16
7430.08923259958  3.674700E-16
7431.21832242707  3.591939E-16
7432.34741225455  3.730077E-16
7433.47650208203  3.661762E-16
7434.60559190952  3.633389E-16
7435.734681737  3.822401E-16
7436.86377156448  3.873801E-16
7437.99286139197  3.901011E-16
7439.12195121945  4.025508E-16
7440.25104104694  3.869690E-16
7441.38013087442  3.765470E-16
7442.5092207019  3.780260E-16
7443.63831052939  3.942426E-16
7444.76740035687  3.955985E-16
7445.89649018435  3.816924E-16
7447.02558001184  3.704572E-16
7448.15466983932  3.850104E-16
7449.2837596668  3.944486E-16
7450.41284949429  3.763448E-16
7451.54193932177  3.630013E-16
7452.67102914926  3.786023E-16
7453.80011897674  3.794232E-16
7454.92920880422  3.695884E-16
7456.05829863171  3.701415E-16
7457.18738845919  3.734646E-16
7458.31647828667  3.707387E-16
7459.44556811416  3.647998E-16
7460.57465794164  3.650487E-16
7461.70374776912  3.886347E-16
7462.83283759661  3.827581E-16
7463.96192742409  3.680703E-16
7465.09101725157  3.531924E-16
7466.22010707906  3.667822E-16
7467.34919690654  3.757410E-16
7468.47828673402  3.786761E-16
7469.60737656151  3.827844E-16
7470.73646638899  3.825435E-16
7471.86555621648  3.571002E-16
7472.99464604396  3.594822E-16
7474.12373587144  3.573223E-16
7475.25282569893  3.687996E-16
7476.38191552641  3.752162E-16
7477.51100535389  3.741782E-16
7478.64009518138  3.741064E-16
7479.76918500886  3.720090E-16
7480.89827483634  3.581681E-16
7482.02736466383  3.609150E-16
7483.15645449131  3.635694E-16
7484.2855443188  3.700038E-16
7485.41463414628  3.808092E-16
7486.54372397376  3.673057E-16
7487.67281380125  3.797571E-16
7488.80190362873  3.694237E-16
7489.93099345621  3.527335E-16
7491.0600832837  3.629167E-16
7492.18917311118  3.664556E-16
7493.31826293866  3.727806E-16
7494.44735276615  3.854726E-16
7495.57644259363  3.720371E-16
7496.70553242112  3.581492E-16
7497.8346222486  3.618494E-16
7498.96371207608  3.720162E-16
7500.09280190357  3.828469E-16
7501.22189173105  3.659443E-16
7502.35098155853  3.595602E-16
7503.48007138602  3.702716E-16
7504.6091612135  3.770352E-16
7505.73825104098  3.722448E-16
7506.86734086847  3.686740E-16
7507.99643069595  3.593055E-16
7509.12552052344  3.404481E-16
7510.25461035092  3.527738E-16
7511.3837001784  3.798200E-16
7512.51279000589  3.865987E-16
7513.64187983337  3.637057E-16
7514.77096966085  3.585103E-16
7515.90005948834  3.663505E-16
7517.02914931582  3.668057E-16
7518.1582391433  3.654981E-16
7519.28732897079  3.512045E-16
7520.41641879827  3.628738E-16
7521.54550862575  3.738808E-16
7522.67459845324  3.657948E-16
7523.80368828072  3.529758E-16
7524.9327781082  3.670695E-16
7526.06186793569  3.667449E-16
7527.19095776317  3.498326E-16
7528.32004759066  3.580430E-16
7529.44913741814  3.615015E-16
7530.57822724562  3.596982E-16
7531.70731707311  3.444508E-16
7532.83640690059  3.480528E-16
7533.96549672808  3.641501E-16
7535.09458655556  3.652229E-16
7536.22367638304  3.568800E-16
7537.35276621052  3.533670E-16
7538.48185603801  3.668435E-16
7539.61094586549  3.669063E-16
7540.74003569298  3.578658E-16
7541.86912552046  3.537944E-16
7542.99821534794  3.587004E-16
7544.12730517543  3.626279E-16
7545.25639500291  3.529163E-16
7546.38548483039  3.531907E-16
7547.51457465788  3.599072E-16
7548.64366448536  3.581573E-16
7549.77275431284  3.489737E-16
7550.90184414033  3.526692E-16
7552.03093396781  3.628376E-16
7553.1600237953  3.567389E-16
7554.28911362278  3.667204E-16
7555.41820345026  3.612260E-16
7556.54729327775  3.617308E-16
7557.67638310523  3.652922E-16
7558.80547293271  3.586901E-16
7559.9345627602  3.590212E-16
7561.06365258768  3.588696E-16
7562.19274241516  3.462054E-16
7563.32183224265  3.473848E-16
7564.45092207013  3.421490E-16
7565.58001189762  3.557926E-16
7566.7091017251  3.734971E-16
7567.83819155258  3.550988E-16
7568.96728138007  3.535397E-16
7570.09637120755  3.620966E-16
7571.22546103503  3.545442E-16
7572.35455086252  3.545740E-16
7573.48364069  3.520573E-16
7574.61273051748  3.446395E-16
7575.74182034497  3.664527E-16
7576.87091017245  3.315239E-16
7577.99999999994  3.473763E-16
