3780.  -1.053432E-17
3782.46108416681  2.721190E-17
3784.92216833362  9.003904E-19
3787.38325250044  -7.949561E-18
3789.84433666725  2.461018E-17
3792.30542083406  2.177779E-17
3794.76650500087  1.600652E-17
3797.22758916769  6.917406E-17
3799.6886733345  1.146529E-16
3802.14975750131  9.693534E-17
3804.61084166813  2.117927E-18
3807.07192583494  3.641856E-17
3809.53301000175  -1.874869E-17
3811.99409416856  4.766675E-17
3814.45517833538  6.397041E-18
3816.91626250219  1.888085E-17
3819.377346669  4.058387E-17
3821.83843083581  6.907386E-17
3824.29951500263  8.309442E-17
3826.76059916944  4.944609E-17
3829.22168333625  1.056807E-17
3831.68276750306  6.569427E-18
3834.14385166988  -9.470708E-18
3836.60493583669  3.483281E-17
3839.0660200035  3.953850E-17
3841.52710417032  -2.546516E-17
3843.98818833713  -2.661870E-18
3846.44927250394  5.565419E-17
3848.91035667075  8.365929E-17
3851.37144083757  1.307311E-17
3853.83252500438  8.467021E-17
3856.29360917119  -6.501935E-17
3858.754693338  4.376192E-17
3861.21577750482  8.651956E-17
3863.67686167163  3.194825E-17
3866.13794583844  6.647463E-17
3868.59903000525  5.230370E-17
3871.06011417207  5.096317E-17
3873.52119833888  8.737629E-17
3875.98228250569  4.499266E-17
3878.4433666725  2.989077E-17
3880.90445083932  3.398618E-17
3883.36553500613  6.388527E-17
3885.82661917294  4.457466E-17
3888.28770333975  8.309515E-17
3890.74878750657  9.092765E-17
3893.20987167338  6.099092E-17
3895.67095584019  1.473677E-17
3898.132040007  8.926477E-17
3900.59312417382  7.870478E-17
3903.05420834063  9.100358E-17
3905.51529250744  2.437694E-17
3907.97637667425  8.644136E-18
3910.43746084107  9.098552E-17
3912.89854500788  6.781254E-17
3915.35962917469  4.760184E-17
3917.82071334151  4.017928E-17
3920.28179750832  8.829135E-17
3922.74288167513  1.048048E-16
3925.20396584194  1.194831E-16
3927.66505000876  1.138854E-16
3930.12613417557  9.371753E-17
3932.58721834238  6.052482E-17
3935.04830250919  1.138443E-16
3937.50938667601  1.089387E-16
3939.97047084282  1.002585E-16
3942.43155500963  7.909514E-17
3944.89263917644  1.084314E-16
3947.35372334326  8.249551E-17
3949.81480751007  9.138826E-17
3952.27589167688  9.701198E-17
3954.73697584369  8.504095E-17
3957.19806001051  4.900010E-17
3959.65914417732  1.434701E-16
3962.12022834413  6.480812E-17
3964.58131251095  1.042434E-16
3967.04239667776  1.161608E-16
3969.50348084457  9.066138E-17
3971.96456501138  7.036332E-17
3974.4256491782  1.008471E-16
3976.88673334501  1.129306E-16
3979.34781751182  1.542817E-16
3981.80890167863  1.153393E-16
3984.26998584545  1.405057E-16
3986.73107001226  7.727289E-17
3989.19215417907  1.216396E-16
3991.65323834588  9.067410E-17
3994.1143225127  1.219648E-16
3996.57540667951  6.789174E-17
3999.03649084632  1.116545E-16
4001.49757501313  1.196865E-16
4003.95865917995  8.942979E-17
4006.41974334676  1.157358E-16
4008.88082751357  1.716825E-16
4011.34191168038  1.487050E-16
4013.8029958472  1.448052E-16
4016.26408001401  1.505614E-16
4018.72516418082  1.563831E-16
4021.18624834764  1.315954E-16
4023.64733251445  1.244084E-16
4026.10841668126  1.381986E-16
4028.56950084807  8.724973E-17
4031.03058501488  1.196968E-16
4033.4916691817  1.462541E-16
4035.95275334851  1.240650E-16
4038.41383751532  8.075810E-17
4040.87492168214  1.074826E-16
4043.33600584895  1.917142E-16
4045.79709001576  1.458886E-16
4048.25817418257  1.701513E-16
4050.71925834939  1.842071E-16
4053.1803425162  1.442486E-16
4055.64142668301  1.061591E-16
4058.10251084982  1.510489E-16
4060.56359501664  1.551952E-16
4063.02467918345  1.363735E-16
4065.48576335026  1.563679E-16
4067.94684751707  1.597519E-16
4070.40793168389  1.452185E-16
4072.8690158507  1.532606E-16
4075.33010001751  2.038191E-16
4077.79118418433  1.299792E-16
4080.25226835114  1.885466E-16
4082.71335251795  2.040919E-16
4085.17443668476  1.671251E-16
4087.63552085158  1.854225E-16
4090.09660501839  1.889655E-16
4092.5576891852  1.792140E-16
4095.01877335201  1.941487E-16
4097.47985751883  2.286663E-16
4099.94094168564  2.070511E-16
4102.40202585245  1.708766E-16
4104.86311001926  1.324780E-16
4107.32419418608  1.547725E-16
4109.78527835289  2.199678E-16
4112.2463625197  1.976752E-16
4114.70744668651  1.940730E-16
4117.16853085333  1.976006E-16
4119.62961502014  2.066452E-16
4122.09069918695  2.060971E-16
4124.55178335376  2.079788E-16
4127.01286752058  1.653501E-16
4129.47395168739  2.248479E-16
4131.9350358542  2.499362E-16
4134.39612002101  2.238386E-16
4136.85720418783  2.246403E-16
4139.31828835464  2.238155E-16
4141.77937252145  1.901899E-16
4144.24045668827  2.360760E-16
4146.70154085508  2.175286E-16
4149.16262502189  1.994690E-16
4151.6237091887  2.553896E-16
4154.08479335552  2.209437E-16
4156.54587752233  1.895671E-16
4159.00696168914  2.118715E-16
4161.46804585595  2.400412E-16
4163.92913002277  2.473056E-16
4166.39021418958  2.521951E-16
4168.85129835639  2.365532E-16
4171.3123825232  2.264572E-16
4173.77346669002  2.271330E-16
4176.23455085683  2.614005E-16
4178.69563502364  2.377366E-16
4181.15671919045  2.734406E-16
4183.61780335727  2.550825E-16
4186.07888752408  2.529228E-16
4188.53997169089  2.547321E-16
4191.0010558577  2.575916E-16
4193.46214002452  2.437095E-16
4195.92322419133  2.424315E-16
4198.38430835814  2.590449E-16
4200.84539252496  2.697871E-16
4203.30647669177  2.711699E-16
4205.76756085858  2.338802E-16
4208.22864502539  2.519232E-16
4210.68972919221  2.366017E-16
4213.15081335902  2.506387E-16
4215.61189752583  2.623227E-16
4218.07298169264  2.217060E-16
4220.53406585946  2.412526E-16
4222.99515002627  2.610061E-16
4225.45623419308  2.864607E-16
4227.91731835989  2.620848E-16
4230.37840252671  2.411066E-16
4232.83948669352  2.637579E-16
4235.30057086033  2.594512E-16
4237.76165502714  2.759578E-16
4240.22273919396  2.739871E-16
4242.68382336077  2.455935E-16
4245.14490752758  2.703906E-16
4247.60599169439  2.459897E-16
4250.06707586121  2.705193E-16
4252.52816002802  2.809895E-16
4254.98924419483  2.630042E-16
4257.45032836165  2.640709E-16
4259.91141252846  2.322589E-16
4262.37249669527  2.209904E-16
4264.83358086208  2.250387E-16
4267.29466502889  2.665943E-16
4269.75574919571  2.578594E-16
4272.21683336252  2.659937E-16
4274.67791752933  2.841781E-16
4277.13900169615  2.826443E-16
4279.60008586296  2.499472E-16
4282.06117002977  2.707206E-16
4284.52225419658  2.649799E-16
4286.9833383634  2.811268E-16
4289.44442253021  2.707185E-16
4291.90550669702  2.847210E-16
4294.36659086383  2.933442E-16
4296.82767503065  2.463963E-16
4299.28875919746  2.806580E-16
4301.74984336427  2.622204E-16
4304.21092753108  2.416965E-16
4306.6720116979  2.691554E-16
4309.13309586471  2.840050E-16
4311.59418003152  2.879345E-16
4314.05526419833  2.849590E-16
4316.51634836515  2.945517E-16
4318.97743253196  3.131400E-16
4321.43851669877  3.174106E-16
4323.89960086559  2.930076E-16
4326.3606850324  2.529223E-16
4328.82176919921  2.413631E-16
4331.28285336602  2.747140E-16
4333.74393753284  2.740950E-16
4336.20502169965  2.931860E-16
4338.66610586646  2.814032E-16
4341.12719003327  2.815464E-16
4343.58827420009  2.875142E-16
4346.0493583669  2.963442E-16
4348.51044253371  2.998231E-16
4350.97152670052  3.039684E-16
4353.43261086734  3.024988E-16
4355.89369503415  3.218021E-16
4358.35477920096  2.994889E-16
4360.81586336777  2.928035E-16
4363.27694753459  3.112532E-16
4365.7380317014  3.068854E-16
4368.19911586821  3.050176E-16
4370.66020003502  2.997141E-16
4373.12128420184  2.954981E-16
4375.58236836865  3.366953E-16
4378.04345253546  3.195337E-16
4380.50453670228  3.243482E-16
4382.96562086909  3.456631E-16
4385.4267050359  3.524645E-16
4387.88778920271  3.120233E-16
4390.34887336953  3.310490E-16
4392.80995753634  3.518242E-16
4395.27104170315  3.639810E-16
4397.73212586996  3.275464E-16
4400.19321003678  3.579701E-16
4402.65429420359  3.549773E-16
4405.1153783704  4.012874E-16
4407.57646253721  4.077756E-16
4410.03754670403  3.815392E-16
4412.49863087084  3.959851E-16
4414.95971503765  4.088849E-16
4417.42079920446  4.119052E-16
4419.88188337128  4.203492E-16
4422.34296753809  3.922965E-16
4424.8040517049  3.607621E-16
4427.26513587172  3.706029E-16
4429.72622003853  3.989192E-16
4432.18730420534  3.770286E-16
4434.64838837215  3.565175E-16
4437.10947253897  3.577394E-16
4439.57055670578  3.920202E-16
4442.03164087259  3.940483E-16
4444.4927250394  3.791057E-16
4446.95380920622  3.808210E-16
4449.41489337303  3.776157E-16
4451.87597753984  3.778455E-16
4454.33706170665  3.870982E-16
4456.79814587346  3.642389E-16
4459.25923004028  3.662199E-16
4461.72031420709  3.684294E-16
4464.1813983739  3.608588E-16
4466.64248254072  3.993116E-16
4469.10356670753  3.763314E-16
4471.56465087434  3.721078E-16
4474.02573504115  3.774266E-16
4476.48681920797  3.625410E-16
4478.94790337478  3.750940E-16
4481.40898754159  3.841489E-16
4483.87007170841  3.649143E-16
4486.33115587522  3.740893E-16
4488.79224004203  3.719629E-16
4491.25332420884  3.589330E-16
4493.71440837565  3.924398E-16
4496.17549254247  3.962570E-16
4498.63657670928  3.914617E-16
4501.09766087609  3.812028E-16
4503.5587450429  4.071046E-16
4506.01982920972  4.127206E-16
4508.48091337653  3.829122E-16
4510.94199754334  4.053733E-16
4513.40308171016  4.171430E-16
4515.86416587697  4.121950E-16
4518.32525004378  4.008243E-16
4520.78633421059  4.384146E-16
4523.24741837741  3.952224E-16
4525.70850254422  3.809402E-16
4528.16958671103  3.954024E-16
4530.63067087784  4.144160E-16
4533.09175504466  3.977529E-16
4535.55283921147  3.604055E-16
4538.01392337828  3.941370E-16
4540.47500754509  4.132116E-16
4542.93609171191  3.774689E-16
4545.39717587872  3.773143E-16
4547.85826004553  4.003366E-16
4550.31934421234  3.836365E-16
4552.78042837916  4.070900E-16
4555.24151254597  4.328983E-16
4557.70259671278  4.171710E-16
4560.1636808796  3.952798E-16
4562.62476504641  3.912462E-16
4565.08584921322  3.851514E-16
4567.54693338003  4.127313E-16
4570.00801754685  4.514111E-16
4572.46910171366  4.382384E-16
4574.93018588047  4.176403E-16
4577.39127004728  4.003968E-16
4579.8523542141  4.160132E-16
4582.31343838091  4.062375E-16
4584.77452254772  4.212462E-16
4587.23560671453  4.187043E-16
4589.69669088135  4.216283E-16
4592.15777504816  4.227032E-16
4594.61885921497  4.254951E-16
4597.07994338178  4.159672E-16
4599.5410275486  4.014891E-16
4602.00211171541  4.089142E-16
4604.46319588222  3.941999E-16
4606.92428004904  3.911607E-16
4609.38536421585  3.889066E-16
4611.84644838266  4.189613E-16
4614.30753254947  4.225855E-16
4616.76861671628  4.175805E-16
4619.2297008831  4.064962E-16
4621.69078504991  4.200918E-16
4624.15186921672  4.080177E-16
4626.61295338354  3.876330E-16
4629.07403755035  4.008112E-16
4631.53512171716  4.070323E-16
4633.99620588397  4.316080E-16
4636.45729005079  4.280359E-16
4638.9183742176  4.215602E-16
4641.37945838441  4.146562E-16
4643.84054255122  4.331856E-16
4646.30162671804  4.363523E-16
4648.76271088485  4.211675E-16
4651.22379505166  4.213798E-16
4653.68487921847  3.995770E-16
4656.14596338529  4.139407E-16
4658.6070475521  4.252829E-16
4661.06813171891  4.157904E-16
4663.52921588573  3.789696E-16
4665.99030005254  4.110501E-16
4668.45138421935  4.255392E-16
4670.91246838616  4.252294E-16
4673.37355255297  4.152061E-16
4675.83463671979  4.125632E-16
4678.2957208866  4.306411E-16
4680.75680505341  4.164414E-16
4683.21788922023  4.045242E-16
4685.67897338704  3.974766E-16
4688.14005755385  4.464632E-16
4690.60114172066  4.306424E-16
4693.06222588748  4.197097E-16
4695.52331005429  4.112576E-16
4697.9843942211  3.948801E-16
4700.44547838791  4.151248E-16
4702.90656255473  4.035688E-16
4705.36764672154  4.385139E-16
4707.82873088835  4.084615E-16
4710.28981505516  4.186066E-16
4712.75089922198  4.213626E-16
4715.21198338879  3.985492E-16
4717.6730675556  4.145304E-16
4720.13415172242  4.132577E-16
4722.59523588923  4.101386E-16
4725.05632005604  4.098186E-16
4727.51740422285  4.112305E-16
4729.97848838966  4.169933E-16
4732.43957255648  4.121814E-16
4734.90065672329  4.198790E-16
4737.3617408901  4.136641E-16
4739.82282505691  4.008666E-16
4742.28390922373  4.024812E-16
4744.74499339054  4.091062E-16
4747.20607755735  4.020339E-16
4749.66716172417  4.109917E-16
4752.12824589098  4.363970E-16
4754.58933005779  4.052557E-16
4757.0504142246  4.253790E-16
4759.51149839142  4.279947E-16
4761.97258255823  4.160453E-16
4764.43366672504  4.117146E-16
4766.89475089185  4.040775E-16
4769.35583505867  4.269221E-16
4771.81691922548  4.095569E-16
4774.27800339229  4.076909E-16
4776.7390875591  4.244403E-16
4779.20017172592  4.154916E-16
4781.66125589273  4.143886E-16
4784.12234005954  4.043540E-16
4786.58342422636  3.870042E-16
4789.04450839317  4.258568E-16
4791.50559255998  4.267180E-16
4793.96667672679  4.144825E-16
4796.42776089361  4.471488E-16
4798.88884506042  4.077143E-16
4801.34992922723  4.109762E-16
4803.81101339404  4.022051E-16
4806.27209756086  4.469348E-16
4808.73318172767  4.245661E-16
4811.19426589448  4.093673E-16
4813.65535006129  4.436229E-16
4816.11643422811  4.041613E-16
4818.57751839492  4.109499E-16
4821.03860256173  4.407445E-16
4823.49968672854  4.051217E-16
4825.96077089536  3.888003E-16
4828.42185506217  4.139846E-16
4830.88293922898  4.017749E-16
4833.34402339579  4.395358E-16
4835.80510756261  4.258945E-16
4838.26619172942  4.173357E-16
4840.72727589623  4.329558E-16
4843.18836006304  4.353100E-16
4845.64944422986  4.027830E-16
4848.11052839667  3.989904E-16
4850.57161256348  4.245847E-16
4853.0326967303  4.205540E-16
4855.49378089711  4.308931E-16
4857.95486506392  4.126850E-16
4860.41594923073  4.110267E-16
4862.87703339755  4.281572E-16
4865.33811756436  4.227604E-16
4867.79920173117  4.322774E-16
4870.26028589798  4.064828E-16
4872.7213700648  4.163322E-16
4875.18245423161  4.173565E-16
4877.64353839842  4.191925E-16
4880.10462256523  4.499327E-16
4882.56570673205  4.173793E-16
4885.02679089886  4.117657E-16
4887.48787506567  4.355667E-16
4889.94895923249  4.467635E-16
4892.4100433993  4.146389E-16
4894.87112756611  4.394930E-16
4897.33221173292  4.455453E-16
4899.79329589973  4.360314E-16
4902.25438006655  4.545586E-16
4904.71546423336  4.552306E-16
4907.17654840017  4.433475E-16
4909.63763256698  4.597813E-16
4912.0987167338  4.611887E-16
4914.55980090061  4.566914E-16
4917.02088506742  4.788829E-16
4919.48196923423  4.973213E-16
4921.94305340105  4.880047E-16
4924.40413756786  5.190293E-16
4926.86522173467  5.032076E-16
4929.32630590149  5.142449E-16
4931.7873900683  5.131497E-16
4934.24847423511  5.120452E-16
4936.70955840192  5.551314E-16
4939.17064256874  6.343530E-16
4941.63172673555  6.598804E-16
4944.09281090236  6.600303E-16
4946.55389506917  6.265080E-16
4949.01497923599  5.807277E-16
4951.4760634028  5.760634E-16
4953.93714756961  5.356213E-16
4956.39823173642  5.288469E-16
4958.85931590324  5.346658E-16
4961.32040007005  5.274114E-16
4963.78148423686  5.007898E-16
4966.24256840368  4.503022E-16
4968.70365257049  4.764488E-16
4971.1647367373  4.729889E-16
4973.62582090411  4.817702E-16
4976.08690507093  4.429114E-16
4978.54798923774  4.512167E-16
4981.00907340455  4.462559E-16
4983.47015757136  4.485244E-16
4985.93124173818  4.688765E-16
4988.39232590499  4.344016E-16
4990.8534100718  4.268125E-16
4993.31449423861  4.278548E-16
4995.77557840543  4.327549E-16
4998.23666257224  4.162969E-16
5000.69774673905  4.164652E-16
5003.15883090586  4.427962E-16
5005.61991507268  4.412622E-16
5008.08099923949  4.472051E-16
5010.5420834063  4.406522E-16
5013.00316757311  4.282001E-16
5015.46425173993  4.080255E-16
5017.92533590674  4.516100E-16
5020.38642007355  4.495111E-16
5022.84750424036  4.330537E-16
5025.30858840718  4.253050E-16
5027.76967257399  4.038837E-16
5030.2307567408  3.960177E-16
5032.69184090762  4.095349E-16
5035.15292507443  4.130196E-16
5037.61400924124  4.243763E-16
5040.07509340805  4.244383E-16
5042.53617757487  4.197380E-16
5044.99726174168  4.038884E-16
5047.45834590849  4.069729E-16
5049.9194300753  4.274350E-16
5052.38051424212  4.089881E-16
5054.84159840893  4.148580E-16
5057.30268257574  4.225849E-16
5059.76376674255  4.047876E-16
5062.22485090937  4.001444E-16
5064.68593507618  4.278187E-16
5067.14701924299  4.153964E-16
5069.6081034098  4.129600E-16
5072.06918757662  4.153594E-16
5074.53027174343  4.205388E-16
5076.99135591024  3.969448E-16
5079.45244007705  4.323443E-16
5081.91352424387  4.158655E-16
5084.37460841068  4.261939E-16
5086.83569257749  4.007558E-16
5089.29677674431  4.222640E-16
5091.75786091112  4.251493E-16
5094.21894507793  3.999466E-16
5096.68002924474  4.165383E-16
5099.14111341156  4.368302E-16
5101.60219757837  4.399286E-16
5104.06328174518  4.105812E-16
5106.52436591199  4.366431E-16
5108.98545007881  4.392969E-16
5111.44653424562  3.901480E-16
5113.90761841243  4.057160E-16
5116.36870257924  4.099138E-16
5118.82978674606  4.108132E-16
5121.29087091287  4.067703E-16
5123.75195507968  4.179084E-16
5126.2130392465  4.261346E-16
5128.67412341331  4.277182E-16
5131.13520758012  4.337790E-16
5133.59629174693  4.153703E-16
5136.05737591375  4.240257E-16
5138.51846008056  4.375081E-16
5140.97954424737  4.332565E-16
5143.44062841418  4.111957E-16
5145.901712581  4.110169E-16
5148.36279674781  4.004614E-16
5150.82388091462  4.120446E-16
5153.28496508143  4.068872E-16
5155.74604924825  4.124223E-16
5158.20713341506  4.233125E-16
5160.66821758187  4.165467E-16
5163.12930174868  4.293032E-16
5165.5903859155  3.904452E-16
5168.05147008231  3.870722E-16
5170.51255424912  4.183987E-16
5172.97363841593  4.097882E-16
5175.43472258275  4.073555E-16
5177.89580674956  4.206833E-16
5180.35689091637  3.997244E-16
5182.81797508318  4.052572E-16
5185.27905925  3.934865E-16
5187.74014341681  4.023415E-16
5190.20122758362  3.714114E-16
5192.66231175044  4.225682E-16
5195.12339591725  3.972177E-16
5197.58448008406  4.029487E-16
5200.04556425087  4.100673E-16
5202.50664841768  4.250801E-16
5204.9677325845  4.165020E-16
5207.42881675131  3.941406E-16
5209.88990091812  3.867736E-16
5212.35098508494  4.059759E-16
5214.81206925175  4.312865E-16
5217.27315341856  4.170081E-16
5219.73423758537  3.941611E-16
5222.19532175219  3.797048E-16
5224.656405919  3.987988E-16
5227.11749008581  4.034270E-16
5229.57857425262  3.899988E-16
5232.03965841944  3.921698E-16
5234.50074258625  3.785813E-16
5236.96182675306  3.784634E-16
5239.42291091987  4.006435E-16
5241.88399508669  4.067752E-16
5244.3450792535  4.176230E-16
5246.80616342031  4.049786E-16
5249.26724758713  3.859938E-16
5251.72833175394  4.119995E-16
5254.18941592075  4.094261E-16
5256.65050008756  4.190071E-16
5259.11158425438  4.110327E-16
5261.57266842119  3.994244E-16
5264.033752588  3.714971E-16
5266.49483675481  4.189824E-16
5268.95592092163  4.322777E-16
5271.41700508844  3.983647E-16
5273.87808925525  3.809587E-16
5276.33917342206  4.515702E-16
5278.80025758888  3.963793E-16
5281.26134175569  3.967989E-16
5283.7224259225  3.784725E-16
5286.18351008931  3.878737E-16
5288.64459425613  3.891844E-16
5291.10567842294  3.530418E-16
5293.56676258975  3.788360E-16
5296.02784675656  3.846688E-16
5298.48893092338  3.772233E-16
5300.95001509019  3.828586E-16
5303.411099257  3.677277E-16
5305.87218342382  3.648690E-16
5308.33326759063  3.856939E-16
5310.79435175744  3.954875E-16
5313.25543592425  3.779076E-16
5315.71652009106  3.760145E-16
5318.17760425788  3.988443E-16
5320.63868842469  3.827449E-16
5323.0997725915  3.732630E-16
5325.56085675832  3.527792E-16
5328.02194092513  3.768643E-16
5330.48302509194  3.808999E-16
5332.94410925875  3.736850E-16
5335.40519342557  3.904582E-16
5337.86627759238  3.708005E-16
5340.32736175919  3.608580E-16
5342.788445926  3.810528E-16
5345.24953009282  3.691821E-16
5347.71061425963  3.538273E-16
5350.17169842644  3.517911E-16
5352.63278259325  3.787149E-16
5355.09386676007  4.043277E-16
5357.55495092688  3.866969E-16
5360.01603509369  3.707782E-16
5362.47711926051  3.682977E-16
5364.93820342732  3.721741E-16
5367.39928759413  3.656714E-16
5369.86037176094  3.675317E-16
5372.32145592775  3.815624E-16
5374.78254009457  3.581777E-16
5377.24362426138  3.663119E-16
5379.70470842819  3.644432E-16
5382.16579259501  3.658331E-16
5384.62687676182  3.443216E-16
5387.08796092863  3.506824E-16
5389.54904509544  3.702370E-16
5392.01012926226  3.972250E-16
5394.47121342907  3.725131E-16
5396.93229759588  3.717191E-16
5399.39338176269  3.884438E-16
5401.85446592951  3.546776E-16
5404.31555009632  3.579397E-16
5406.77663426313  3.652628E-16
5409.23771842994  3.693915E-16
5411.69880259676  3.860100E-16
5414.15988676357  3.533290E-16
5416.62097093038  3.544643E-16
5419.08205509719  3.591842E-16
5421.54313926401  3.731875E-16
5424.00422343082  3.688193E-16
5426.46530759763  3.523409E-16
5428.92639176444  3.583057E-16
5431.38747593126  3.600890E-16
5433.84856009807  3.440961E-16
5436.30964426488  3.667171E-16
5438.77072843169  3.767021E-16
5441.23181259851  3.679387E-16
5443.69289676532  3.453377E-16
5446.15398093213  3.438799E-16
5448.61506509895  3.481860E-16
5451.07614926576  3.373658E-16
5453.53723343257  3.232288E-16
5455.99831759938  3.341727E-16
5458.4594017662  3.359916E-16
5460.92048593301  3.502814E-16
5463.38157009982  3.429299E-16
5465.84265426663  3.228678E-16
5468.30373843345  3.599269E-16
5470.76482260026  3.690681E-16
5473.22590676707  3.494021E-16
5475.68699093389  3.472275E-16
5478.1480751007  3.340069E-16
5480.60915926751  3.300807E-16
5483.07024343432  3.337160E-16
5485.53132760113  3.458792E-16
5487.99241176795  3.505535E-16
5490.45349593476  3.565451E-16
5492.91458010157  3.340716E-16
5495.37566426838  3.475137E-16
5497.8367484352  3.443579E-16
5500.29783260201  3.305249E-16
5502.75891676882  3.191724E-16
5505.22000093564  3.274719E-16
5507.68108510245  3.332762E-16
5510.14216926926  3.451212E-16
5512.60325343607  3.353909E-16
5515.06433760289  3.295977E-16
5517.5254217697  3.330392E-16
5519.98650593651  3.413383E-16
5522.44759010332  3.406436E-16
5524.90867427014  3.506302E-16
5527.36975843695  3.369269E-16
5529.83084260376  3.340031E-16
5532.29192677057  3.191172E-16
5534.75301093739  3.066074E-16
5537.2140951042  3.217661E-16
5539.67517927101  3.336225E-16
5542.13626343782  3.306094E-16
5544.59734760464  3.291781E-16
5547.05843177145  3.272227E-16
5549.51951593826  3.306091E-16
5551.98060010507  3.407046E-16
5554.44168427189  3.308240E-16
5556.9027684387  3.274826E-16
5559.36385260551  3.384211E-16
5561.82493677233  3.297500E-16
5564.28602093914  3.261805E-16
5566.74710510595  3.298471E-16
5569.20818927276  3.179956E-16
5571.66927343958  3.380655E-16
5574.13035760639  3.520219E-16
5576.5914417732  3.363755E-16
5579.05252594001  3.374863E-16
5581.51361010683  3.204848E-16
5583.97469427364  3.131764E-16
5586.43577844045  3.445559E-16
5588.89686260727  3.553404E-16
5591.35794677408  3.407886E-16
5593.81903094089  3.316578E-16
5596.2801151077  3.482305E-16
5598.74119927451  3.325045E-16
5601.20228344133  3.145288E-16
5603.66336760814  3.195423E-16
5606.12445177495  3.295009E-16
5608.58553594176  3.516194E-16
5611.04662010858  3.278534E-16
5613.50770427539  3.296934E-16
5615.9687884422  3.289105E-16
5618.42987260902  3.261056E-16
5620.89095677583  3.265912E-16
5623.35204094264  3.194485E-16
5625.81312510945  3.205768E-16
5628.27420927627  3.307050E-16
5630.73529344308  3.117031E-16
5633.19637760989  3.029437E-16
5635.6574617767  3.167832E-16
5638.11854594352  3.176957E-16
5640.57963011033  3.248129E-16
5643.04071427714  3.078098E-16
5645.50179844395  3.206262E-16
5647.96288261077  3.161124E-16
5650.42396677758  3.133993E-16
5652.88505094439  3.097770E-16
5655.3461351112  2.992331E-16
5657.80721927802  3.150515E-16
5660.26830344483  3.094706E-16
5662.72938761164  3.013385E-16
5665.19047177845  3.057502E-16
5667.65155594527  3.072335E-16
5670.11264011208  2.947804E-16
5672.57372427889  3.308817E-16
5675.03480844571  3.260467E-16
5677.49589261252  3.146003E-16
5679.95697677933  3.038319E-16
5682.41806094614  3.093683E-16
5684.87914511296  2.969120E-16
5687.34022927977  3.063587E-16
5689.80131344658  3.392797E-16
5692.26239761339  3.247598E-16
5694.72348178021  3.118614E-16
5697.18456594702  3.153216E-16
5699.64565011383  3.120999E-16
5702.10673428064  3.113273E-16
5704.56781844746  3.182250E-16
5707.02890261427  3.116401E-16
5709.48998678108  3.131384E-16
5711.95107094789  2.975779E-16
5714.41215511471  3.053434E-16
5716.87323928152  3.213726E-16
5719.33432344833  3.123340E-16
5721.79540761514  2.988621E-16
5724.25649178196  2.993463E-16
5726.71757594877  2.870463E-16
5729.17866011558  3.013552E-16
5731.6397442824  3.109817E-16
5734.10082844921  3.048402E-16
5736.56191261602  3.118177E-16
5739.02299678283  3.018885E-16
5741.48408094965  3.093639E-16
5743.94516511646  3.080270E-16
5746.40624928327  3.123995E-16
5748.86733345008  3.082687E-16
5751.3284176169  2.895270E-16
5753.78950178371  3.071744E-16
5756.25058595052  3.122609E-16
5758.71167011733  2.983882E-16
5761.17275428415  3.050556E-16
5763.63383845096  3.259983E-16
5766.09492261777  3.086822E-16
5768.55600678459  3.081715E-16
5771.0170909514  3.035552E-16
5773.47817511821  3.028562E-16
5775.93925928502  3.107153E-16
5778.40034345183  2.950963E-16
5780.86142761865  2.847002E-16
5783.32251178546  2.967504E-16
5785.78359595227  3.059006E-16
5788.24468011909  3.060475E-16
5790.7057642859  3.223136E-16
5793.16684845271  3.212470E-16
5795.62793261952  3.014388E-16
5798.08901678633  3.041038E-16
5800.55010095315  3.039820E-16
5803.01118511996  3.037364E-16
5805.47226928677  3.110381E-16
5807.93335345359  2.887635E-16
5810.3944376204  3.029369E-16
5812.85552178721  3.136408E-16
5815.31660595402  3.039770E-16
5817.77769012084  3.183623E-16
5820.23877428765  3.232186E-16
5822.69985845446  3.017498E-16
5825.16094262127  2.986035E-16
5827.62202678809  3.059196E-16
5830.0831109549  3.028467E-16
5832.54419512171  3.171199E-16
5835.00527928852  3.083892E-16
5837.46636345534  3.077049E-16
5839.92744762215  3.315751E-16
5842.38853178896  3.083887E-16
5844.84961595578  3.004366E-16
5847.31070012259  3.112018E-16
5849.7717842894  3.009786E-16
5852.23286845621  2.843407E-16
5854.69395262303  3.054030E-16
5857.15503678984  2.990474E-16
5859.61612095665  2.842071E-16
5862.07720512346  2.925473E-16
5864.53828929028  2.980513E-16
5866.99937345709  3.289087E-16
5869.4604576239  3.261381E-16
5871.92154179071  3.038006E-16
5874.38262595753  3.103844E-16
5876.84371012434  3.144126E-16
5879.30479429115  2.976778E-16
5881.76587845796  2.981087E-16
5884.22696262478  3.187451E-16
5886.68804679159  3.242242E-16
5889.1491309584  3.202959E-16
5891.61021512521  2.937417E-16
5894.07129929203  2.948032E-16
5896.53238345884  3.061570E-16
5898.99346762565  2.981257E-16
5901.45455179246  3.057154E-16
5903.91563595928  3.042431E-16
5906.37672012609  3.144591E-16
5908.8378042929  3.176420E-16
5911.29888845971  3.329811E-16
5913.75997262653  3.292379E-16
5916.22105679334  3.101276E-16
5918.68214096015  3.051695E-16
5921.14322512697  3.054150E-16
5923.60430929378  3.183350E-16
5926.06539346059  3.046803E-16
5928.5264776274  3.132663E-16
5930.98756179422  3.297874E-16
5933.44864596103  3.352205E-16
5935.90973012784  3.157036E-16
5938.37081429465  3.139226E-16
5940.83189846147  3.227254E-16
5943.29298262828  3.362345E-16
5945.75406679509  3.433113E-16
5948.2151509619  3.380409E-16
5950.67623512872  3.330901E-16
5953.13731929553  3.343163E-16
5955.59840346234  3.426922E-16
5958.05948762916  3.587677E-16
5960.52057179597  3.315490E-16
5962.98165596278  3.162490E-16
5965.44274012959  3.275502E-16
5967.90382429641  3.342441E-16
5970.36490846322  3.621833E-16
5972.82599263003  3.816675E-16
5975.28707679684  3.637751E-16
5977.74816096365  3.556981E-16
5980.20924513047  3.728974E-16
5982.67032929728  3.559716E-16
5985.13141346409  3.648683E-16
5987.59249763091  3.307225E-16
5990.05358179772  3.329777E-16
5992.51466596453  3.188126E-16
5994.97575013134  3.350830E-16
5997.43683429816  3.368844E-16
5999.89791846497  3.267722E-16
6002.35900263178  3.150949E-16
6004.82008679859  3.219240E-16
6007.28117096541  3.157210E-16
6009.74225513222  3.208681E-16
6012.20333929903  3.353022E-16
6014.66442346584  3.128129E-16
6017.12550763266  3.175332E-16
6019.58659179947  3.286518E-16
6022.04767596628  3.197996E-16
6024.50876013309  3.193035E-16
6026.96984429991  3.333284E-16
6029.43092846672  3.207780E-16
6031.89201263353  3.098574E-16
6034.35309680035  3.125893E-16
6036.81418096716  3.286086E-16
6039.27526513397  3.146291E-16
6041.73634930078  3.142905E-16
6044.1974334676  3.342636E-16
6046.65851763441  3.141431E-16
6049.11960180122  3.030449E-16
6051.58068596803  2.990089E-16
6054.04177013485  3.109543E-16
6056.50285430166  3.086135E-16
6058.96393846847  3.130766E-16
6061.42502263528  3.458384E-16
6063.8861068021  3.480231E-16
6066.34719096891  3.006556E-16
6068.80827513572  3.178378E-16
6071.26935930254  3.047543E-16
6073.73044346935  3.046297E-16
6076.19152763616  3.146677E-16
6078.65261180297  3.211168E-16
6081.11369596978  3.204362E-16
6083.5747801366  3.143471E-16
6086.03586430341  3.249679E-16
6088.49694847022  3.172022E-16
6090.95803263703  3.068637E-16
6093.41911680385  3.149710E-16
6095.88020097066  3.097037E-16
6098.34128513747  3.138657E-16
6100.80236930429  3.141379E-16
6103.2634534711  2.944494E-16
6105.72453763791  2.887070E-16
6108.18562180472  3.259379E-16
6110.64670597153  3.282242E-16
6113.10779013835  3.209283E-16
6115.56887430516  3.459589E-16
6118.02995847197  3.098133E-16
6120.49104263879  3.198566E-16
6122.9521268056  3.192332E-16
6125.41321097241  3.062862E-16
6127.87429513922  2.880135E-16
6130.33537930604  3.036043E-16
6132.79646347285  2.877396E-16
6135.25754763966  2.905548E-16
6137.71863180648  3.029956E-16
6140.17971597329  3.151005E-16
6142.6408001401  2.926582E-16
6145.10188430691  2.815611E-16
6147.56296847372  2.999109E-16
6150.02405264054  3.013629E-16
6152.48513680735  2.934798E-16
6154.94622097416  3.041072E-16
6157.40730514097  2.978796E-16
6159.86838930779  3.084293E-16
6162.3294734746  3.019778E-16
6164.79055764141  3.032335E-16
6167.25164180823  3.129278E-16
6169.71272597504  3.084178E-16
6172.17381014185  2.869823E-16
6174.63489430866  2.911997E-16
6177.09597847548  2.991195E-16
6179.55706264229  3.070510E-16
6182.0181468091  3.215302E-16
6184.47923097591  3.189869E-16
6186.94031514273  3.132412E-16
6189.40139930954  3.188782E-16
6191.86248347635  2.838561E-16
6194.32356764316  3.037353E-16
6196.78465180998  2.985912E-16
6199.24573597679  2.970717E-16
6201.7068201436  2.986033E-16
6204.16790431041  3.023162E-16
6206.62898847723  3.023652E-16
6209.09007264404  3.053348E-16
6211.55115681085  2.873503E-16
6214.01224097767  2.760248E-16
6216.47332514448  2.871287E-16
6218.93440931129  2.870077E-16
6221.3954934781  2.810557E-16
6223.85657764492  3.036665E-16
6226.31766181173  3.031425E-16
6228.77874597854  2.995345E-16
6231.23983014535  2.936953E-16
6233.70091431216  2.952058E-16
6236.16199847898  2.920432E-16
6238.62308264579  2.937916E-16
6241.0841668126  2.921936E-16
6243.54525097942  3.023372E-16
6246.00633514623  2.957449E-16
6248.46741931304  2.906521E-16
6250.92850347985  2.900079E-16
6253.38958764667  2.905496E-16
6255.85067181348  2.921145E-16
6258.31175598029  2.887361E-16
6260.7728401471  3.230858E-16
6263.23392431392  3.249848E-16
6265.69500848073  3.199528E-16
6268.15609264754  3.087557E-16
6270.61717681435  3.004408E-16
6273.07826098117  2.992908E-16
6275.53934514798  3.025879E-16
6278.00042931479  2.974413E-16
6280.4615134816  3.101219E-16
6282.92259764842  3.094131E-16
6285.38368181523  2.882028E-16
6287.84476598204  2.966645E-16
6290.30585014886  3.215904E-16
6292.76693431567  2.943644E-16
6295.22801848248  2.902822E-16
6297.68910264929  3.132491E-16
6300.15018681611  3.125242E-16
6302.61127098292  3.042122E-16
6305.07235514973  2.970847E-16
6307.53343931654  2.807959E-16
6309.99452348336  2.852538E-16
6312.45560765017  2.850883E-16
6314.91669181698  2.825375E-16
6317.37777598379  3.103248E-16
6319.83886015061  3.180023E-16
6322.29994431742  3.021735E-16
6324.76102848423  3.127216E-16
6327.22211265105  2.934998E-16
6329.68319681786  2.780711E-16
6332.14428098467  2.892169E-16
6334.60536515148  2.969400E-16
6337.06644931829  3.040096E-16
6339.52753348511  3.139802E-16
6341.98861765192  2.927350E-16
6344.44970181873  2.914427E-16
6346.91078598554  3.077442E-16
6349.37187015236  3.136975E-16
6351.83295431917  2.959473E-16
6354.29403848598  2.874769E-16
6356.7551226528  2.899106E-16
6359.21620681961  2.797858E-16
6361.67729098642  2.923461E-16
6364.13837515323  3.126618E-16
6366.59945932005  2.924402E-16
6369.06054348686  2.876666E-16
6371.52162765367  2.970914E-16
6373.98271182048  2.888049E-16
6376.4437959873  2.990538E-16
6378.90488015411  3.155703E-16
6381.36596432092  3.154295E-16
6383.82704848773  3.079009E-16
6386.28813265455  3.029389E-16
6388.74921682136  2.966108E-16
6391.21030098817  2.848869E-16
6393.67138515499  3.096929E-16
6396.1324693218  2.932147E-16
6398.59355348861  3.215758E-16
6401.05463765542  3.135941E-16
6403.51572182223  3.044983E-16
6405.97680598905  3.132617E-16
6408.43789015586  3.040793E-16
6410.89897432267  3.183133E-16
6413.36005848949  3.125653E-16
6415.8211426563  2.981937E-16
6418.28222682311  3.079667E-16
6420.74331098992  3.175648E-16
6423.20439515674  3.234202E-16
6425.66547932355  3.081854E-16
6428.12656349036  3.016599E-16
6430.58764765718  2.934316E-16
6433.04873182399  2.905269E-16
6435.5098159908  2.914150E-16
6437.97090015761  2.951778E-16
6440.43198432442  2.947005E-16
6442.89306849124  2.809953E-16
6445.35415265805  2.960699E-16
6447.81523682486  2.945656E-16
6450.27632099167  2.998429E-16
6452.73740515849  3.124078E-16
6455.1984893253  3.016106E-16
6457.65957349211  2.911414E-16
6460.12065765892  3.047690E-16
6462.58174182574  2.924908E-16
6465.04282599255  2.982497E-16
6467.50391015936  3.024960E-16
6469.96499432618  3.039415E-16
6472.42607849299  3.213243E-16
6474.8871626598  3.020550E-16
6477.34824682661  3.001145E-16
6479.80933099343  3.203420E-16
6482.27041516024  2.874517E-16
6484.73149932705  3.123760E-16
6487.19258349386  3.063686E-16
6489.65366766068  2.988093E-16
6492.11475182749  3.052649E-16
6494.5758359943  3.056169E-16
6497.03692016111  2.913738E-16
6499.49800432793  3.084159E-16
6501.95908849474  2.761911E-16
6504.42017266155  2.918534E-16
6506.88125682837  2.752863E-16
6509.34234099518  2.707809E-16
6511.80342516199  3.073965E-16
6514.2645093288  3.042443E-16
6516.72559349561  2.973880E-16
6519.18667766243  3.119444E-16
6521.64776182924  2.961357E-16
6524.10884599605  3.086297E-16
6526.56993016286  3.077002E-16
6529.03101432968  2.963182E-16
6531.49209849649  3.067983E-16
6533.9531826633  2.893396E-16
6536.41426683012  2.859151E-16
6538.87535099693  2.978570E-16
6541.33643516374  3.031908E-16
6543.79751933055  3.106751E-16
6546.25860349737  3.182249E-16
6548.71968766418  3.057942E-16
6551.18077183099  3.118082E-16
6553.64185599781  3.306205E-16
6556.10294016462  3.073121E-16
6558.56402433143  3.021363E-16
6561.02510849824  3.321710E-16
6563.48619266505  3.494957E-16
6565.94727683187  3.175705E-16
6568.40836099868  2.948553E-16
6570.86944516549  3.085174E-16
6573.3305293323  3.274915E-16
6575.79161349912  3.047563E-16
6578.25269766593  3.014235E-16
6580.71378183274  3.119667E-16
6583.17486599956  3.103639E-16
6585.63595016637  3.154841E-16
6588.09703433318  2.828496E-16
6590.55811849999  3.053242E-16
6593.01920266681  3.155356E-16
6595.48028683362  3.283718E-16
6597.94137100043  3.217827E-16
6600.40245516724  3.305646E-16
6602.86353933406  3.298991E-16
6605.32462350087  3.362713E-16
6607.78570766768  3.492817E-16
6610.2467918345  3.278007E-16
6612.70787600131  3.090185E-16
6615.16896016812  3.272774E-16
6617.63004433493  3.409232E-16
6620.09112850174  3.248969E-16
6622.55221266856  3.369223E-16
6625.01329683537  3.214163E-16
6627.47438100218  3.655703E-16
6629.93546516899  3.673670E-16
6632.39654933581  3.727917E-16
6634.85763350262  3.609483E-16
6637.31871766943  3.726242E-16
6639.77980183625  3.977377E-16
6642.24088600306  3.838567E-16
6644.70197016987  4.005820E-16
6647.16305433668  4.061001E-16
6649.6241385035  4.123049E-16
6652.08522267031  4.384762E-16
6654.54630683712  4.370536E-16
6657.00739100393  4.593171E-16
6659.46847517075  4.807991E-16
6661.92955933756  5.211617E-16
6664.39064350437  5.693251E-16
6666.85172767118  5.881014E-16
6669.312811838  6.540566E-16
6671.77389600481  6.818543E-16
6674.23498017162  6.522673E-16
6676.69606433844  6.076642E-16
6679.15714850525  5.629988E-16
6681.61823267206  5.129993E-16
6684.07931683887  4.849807E-16
6686.54040100568  5.026033E-16
6689.0014851725  4.699442E-16
6691.46256933931  4.414913E-16
6693.92365350612  4.303187E-16
6696.38473767294  4.299830E-16
6698.84582183975  4.050062E-16
6701.30690600656  4.184215E-16
6703.76799017337  4.180901E-16
6706.22907434019  4.260473E-16
6708.690158507  4.223231E-16
6711.15124267381  3.885857E-16
6713.61232684062  3.640888E-16
6716.07341100743  3.763507E-16
6718.53449517425  3.722453E-16
6720.99557934106  3.423916E-16
6723.45666350787  3.490196E-16
6725.91774767469  3.407322E-16
6728.3788318415  3.372962E-16
6730.83991600831  3.372830E-16
6733.30100017513  3.556194E-16
6735.76208434194  3.418249E-16
6738.22316850875  3.586385E-16
6740.68425267556  3.750547E-16
6743.14533684237  3.699154E-16
6745.60642100919  3.128453E-16
6748.067505176  3.539827E-16
6750.52858934281  3.500963E-16
6752.98967350962  3.371812E-16
6755.45075767644  3.385390E-16
6757.91184184325  3.270164E-16
6760.37292601006  3.052602E-16
6762.83401017688  3.144333E-16
6765.29509434369  3.344583E-16
6767.7561785105  3.360416E-16
6770.21726267731  3.583983E-16
6772.67834684413  3.494767E-16
6775.13943101094  3.474519E-16
6777.60051517775  3.309346E-16
6780.06159934456  3.187581E-16
6782.52268351138  3.075420E-16
6784.98376767819  3.606349E-16
6787.444851845  3.633820E-16
6789.90593601181  3.279781E-16
6792.36702017863  3.327516E-16
6794.82810434544  3.194905E-16
6797.28918851225  3.326883E-16
6799.75027267906  3.562044E-16
6802.21135684588  3.249568E-16
6804.67244101269  3.305700E-16
6807.1335251795  3.528204E-16
6809.59460934631  2.996696E-16
6812.05569351313  3.295737E-16
6814.51677767994  3.284513E-16
6816.97786184675  3.131806E-16
6819.43894601356  3.104553E-16
6821.90003018038  3.201781E-16
6824.36111434719  3.252095E-16
6826.822198514  3.204406E-16
6829.28328268082  3.339422E-16
6831.74436684763  3.360512E-16
6834.20545101444  3.002586E-16
6836.66653518125  2.942263E-16
6839.12761934807  3.217257E-16
6841.58870351488  3.115980E-16
6844.04978768169  3.087930E-16
6846.5108718485  3.196445E-16
6848.97195601532  2.850950E-16
6851.43304018213  2.960171E-16
6853.89412434894  2.941459E-16
6856.35520851575  3.316356E-16
6858.81629268257  3.169523E-16
6861.27737684938  2.843979E-16
6863.73846101619  3.277364E-16
6866.19954518301  3.080231E-16
6868.66062934982  2.767136E-16
6871.12171351663  2.814836E-16
6873.58279768344  2.857241E-16
6876.04388185026  3.308920E-16
6878.50496601707  2.775359E-16
6880.96605018388  2.726549E-16
6883.42713435069  2.839313E-16
6885.88821851751  3.178845E-16
6888.34930268432  2.945872E-16
6890.81038685113  3.138659E-16
6893.27147101794  3.011730E-16
6895.73255518476  3.147789E-16
6898.19363935157  3.106290E-16
6900.65472351838  3.065995E-16
6903.11580768519  3.099496E-16
6905.57689185201  3.105447E-16
6908.03797601882  2.962774E-16
6910.49906018563  2.975347E-16
6912.96014435244  3.122878E-16
6915.42122851926  2.980140E-16
6917.88231268607  2.683950E-16
6920.34339685288  3.032828E-16
6922.80448101969  3.191055E-16
6925.26556518651  2.964600E-16
6927.72664935332  3.032452E-16
6930.18773352013  3.194863E-16
6932.64881768694  2.938891E-16
6935.10990185376  2.899806E-16
6937.57098602057  3.083368E-16
6940.03207018738  3.056292E-16
6942.4931543542  3.076738E-16
6944.95423852101  3.224143E-16
6947.41532268782  3.164500E-16
6949.87640685463  3.225261E-16
6952.33749102145  3.234579E-16
6954.79857518826  3.000620E-16
6957.25965935507  3.143566E-16
6959.72074352188  3.228365E-16
6962.1818276887  3.214032E-16
6964.64291185551  3.208682E-16
6967.10399602232  3.065599E-16
6969.56508018913  3.158638E-16
6972.02616435595  2.895051E-16
6974.48724852276  3.152522E-16
6976.94833268957  3.192838E-16
6979.40941685638  2.922049E-16
6981.8705010232  2.935042E-16
6984.33158519001  3.130217E-16
6986.79266935682  3.267512E-16
6989.25375352364  3.015053E-16
6991.71483769045  2.861321E-16
6994.17592185726  2.906411E-16
6996.63700602407  3.283052E-16
6999.09809019088  3.231307E-16
7001.5591743577  3.044844E-16
7004.02025852451  3.014856E-16
7006.48134269132  3.278101E-16
7008.94242685814  3.061811E-16
7011.40351102495  2.958860E-16
7013.86459519176  3.142227E-16
7016.32567935857  3.337229E-16
7018.78676352539  3.162065E-16
7021.2478476922  3.201891E-16
7023.70893185901  3.122570E-16
7026.17001602583  3.030628E-16
7028.63110019264  3.071995E-16
7031.09218435945  3.068560E-16
7033.55326852626  2.900043E-16
7036.01435269307  3.068120E-16
7038.47543685989  3.143697E-16
7040.9365210267  3.014583E-16
7043.39760519351  3.194803E-16
7045.85868936033  2.928616E-16
7048.31977352714  3.049594E-16
7050.78085769395  3.224714E-16
7053.24194186076  3.117811E-16
7055.70302602758  2.953320E-16
7058.16411019439  2.881961E-16
7060.6251943612  3.032668E-16
7063.08627852801  3.145803E-16
7065.54736269483  3.001719E-16
7068.00844686164  3.180682E-16
7070.46953102845  3.155818E-16
7072.93061519526  2.970268E-16
7075.39169936208  3.198613E-16
7077.85278352889  3.490219E-16
7080.3138676957  3.329333E-16
7082.77495186251  3.383923E-16
7085.23603602933  3.178315E-16
7087.69712019614  2.987060E-16
7090.15820436295  2.925457E-16
7092.61928852976  3.153614E-16
7095.08037269658  3.202369E-16
7097.54145686339  3.198801E-16
7100.0025410302  3.248771E-16
7102.46362519702  3.079389E-16
7104.92470936383  3.159338E-16
7107.38579353064  2.980962E-16
7109.84687769745  3.027105E-16
7112.30796186427  3.391662E-16
7114.76904603108  3.261749E-16
7117.23013019789  3.213206E-16
7119.6912143647  3.248736E-16
7122.15229853152  3.315896E-16
7124.61338269833  2.921062E-16
7127.07446686514  2.837785E-16
7129.53555103195  3.455727E-16
7131.99663519877  3.704246E-16
7134.45771936558  2.959784E-16
7136.91880353239  2.808196E-16
7139.37988769921  3.255441E-16
7141.84097186602  2.955795E-16
7144.30205603283  3.215607E-16
7146.76314019964  3.083802E-16
7149.22422436645  3.030872E-16
7151.68530853327  3.222878E-16
7154.14639270008  3.027780E-16
7156.60747686689  2.893049E-16
7159.0685610337  3.224882E-16
7161.52964520052  3.358710E-16
7163.99072936733  3.335119E-16
7166.45181353414  3.183907E-16
7168.91289770095  2.863725E-16
7171.37398186777  2.848937E-16
7173.83506603458  2.846269E-16
7176.29615020139  3.106448E-16
7178.75723436821  3.255703E-16
7181.21831853502  3.385992E-16
7183.67940270183  3.552072E-16
7186.14048686864  3.275568E-16
7188.60157103545  3.058813E-16
7191.06265520227  3.013938E-16
7193.52373936908  2.700115E-16
7195.98482353589  3.454404E-16
7198.44590770271  3.447439E-16
7200.90699186952  3.094095E-16
7203.36807603633  3.367653E-16
7205.82916020314  3.093567E-16
7208.29024436996  2.929968E-16
7210.75132853677  2.863714E-16
7213.21241270358  3.113010E-16
7215.67349687039  3.083884E-16
7218.13458103721  3.251067E-16
7220.59566520402  3.004211E-16
7223.05674937083  2.943245E-16
7225.51783353765  3.138148E-16
7227.97891770446  3.105657E-16
7230.44000187127  2.939215E-16
7232.90108603808  2.923626E-16
7235.3621702049  2.803709E-16
7237.82325437171  2.796907E-16
7240.28433853852  2.437513E-16
7242.74542270533  3.167578E-16
7245.20650687215  3.357128E-16
7247.66759103896  2.731677E-16
7250.12867520577  2.730281E-16
7252.58975937258  3.140528E-16
7255.0508435394  3.129900E-16
7257.51192770621  3.091917E-16
7259.97301187302  2.873547E-16
7262.43409603983  2.831395E-16
7264.89518020665  2.618401E-16
7267.35626437346  3.219007E-16
7269.81734854027  3.456832E-16
7272.27843270708  3.112127E-16
7274.7395168739  2.923812E-16
7277.20060104071  3.103805E-16
7279.66168520752  2.862167E-16
7282.12276937433  2.960002E-16
7284.58385354115  3.053876E-16
7287.04493770796  2.867563E-16
7289.50602187477  3.032599E-16
