3788.  4.173264E-16
3788.64849755416  5.930684E-16
3789.29699510832  1.071820E-15
3789.94549266247  7.079972E-16
3790.59399021663  3.000206E-16
3791.24248777079  4.352073E-16
3791.89098532495  1.014516E-15
3792.53948287911  6.533996E-16
3793.18798043326  3.434258E-16
3793.83647798742  6.852839E-16
3794.48497554158  6.805725E-16
3795.13347309574  5.278186E-16
3795.78197064989  4.351818E-16
3796.43046820405  9.837827E-16
3797.07896575821  7.185976E-16
3797.72746331237  4.742273E-16
3798.37596086653  7.646512E-16
3799.02445842068  8.798096E-16
3799.67295597484  4.570587E-16
3800.321453529  2.090390E-16
3800.96995108316  7.504617E-16
3801.61844863732  9.610617E-16
3802.26694619147  4.286130E-16
3802.91544374563  3.975662E-16
3803.56394129979  9.215594E-16
3804.21243885395  6.252392E-16
3804.86093640811  2.942263E-16
3805.50943396226  6.746137E-16
3806.15793151642  5.373080E-16
3806.80642907058  2.380675E-16
3807.45492662474  4.084474E-16
3808.1034241789  7.562160E-16
3808.75192173305  6.802440E-16
3809.40041928721  4.132139E-16
3810.04891684137  5.194713E-16
3810.69741439553  8.999720E-16
3811.34591194969  7.191587E-16
3811.99440950384  3.111166E-16
3812.642907058  6.266075E-16
3813.29140461216  7.659573E-16
3813.93990216632  3.000338E-16
3814.58839972047  2.513531E-16
3815.23689727463  6.500421E-16
3815.88539482879  5.302204E-16
3816.53389238295  2.577079E-16
3817.18238993711  4.163014E-16
3817.83088749126  7.583575E-16
3818.47938504542  5.308101E-16
3819.12788259958  3.520179E-16
3819.77638015374  4.956147E-16
3820.4248777079  7.558515E-16
3821.07337526206  2.721565E-16
3821.72187281621  4.902527E-16
3822.37037037037  8.061084E-16
3823.01886792453  7.678157E-16
3823.66736547869  4.941056E-16
3824.31586303284  5.983713E-16
3824.964360587  7.723457E-16
3825.61285814116  7.293602E-16
3826.26135569532  5.606597E-16
3826.90985324948  7.802740E-16
3827.55835080363  7.559967E-16
3828.20684835779  5.600382E-16
3828.85534591195  4.678368E-16
3829.50384346611  9.480272E-16
3830.15234102026  8.178543E-16
3830.80083857442  6.378824E-16
3831.44933612858  6.574407E-16
3832.09783368274  9.064398E-16
3832.7463312369  7.115687E-16
3833.39482879105  5.963865E-16
3834.04332634521  8.354735E-16
3834.69182389937  9.312920E-16
3835.34032145353  7.569438E-16
3835.98881900769  6.946241E-16
3836.63731656185  6.760787E-16
3837.285814116  9.768594E-16
3837.93431167016  5.176483E-16
3838.58280922432  5.958843E-16
3839.23130677848  8.561243E-16
3839.87980433263  7.510128E-16
3840.52830188679  5.716745E-16
3841.17679944095  7.570671E-16
3841.82529699511  9.216532E-16
3842.47379454927  6.956814E-16
3843.12229210342  6.823291E-16
3843.77078965758  9.938847E-16
3844.41928721174  7.806416E-16
3845.0677847659  6.198852E-16
3845.71628232006  7.324107E-16
3846.36477987421  8.490046E-16
3847.01327742837  6.212981E-16
3847.66177498253  6.878538E-16
3848.31027253669  8.957136E-16
3848.95877009085  1.055461E-15
3849.607267645  6.499232E-16
3850.25576519916  6.274274E-16
3850.90426275332  9.830427E-16
3851.55276030748  9.389740E-16
3852.20125786164  6.155321E-16
3852.84975541579  7.087514E-16
3853.49825296995  7.790244E-16
3854.14675052411  6.582205E-16
3854.79524807827  5.815755E-16
3855.44374563243  7.858256E-16
3856.09224318658  7.629120E-16
3856.74074074074  7.552761E-16
3857.3892382949  7.052660E-16
3858.03773584906  9.698199E-16
3858.68623340321  1.011769E-15
3859.33473095737  6.793230E-16
3859.98322851153  8.117783E-16
3860.63172606569  9.722147E-16
3861.28022361985  9.433602E-16
3861.928721174  7.174068E-16
3862.57721872816  8.498002E-16
3863.22571628232  9.009100E-16
3863.87421383648  7.419424E-16
3864.52271139064  6.668465E-16
3865.17120894479  9.493432E-16
3865.81970649895  8.268248E-16
3866.46820405311  6.330541E-16
3867.11670160727  7.931529E-16
3867.76519916143  9.148575E-16
3868.41369671558  7.610211E-16
3869.06219426974  3.958458E-16
3869.7106918239  6.124818E-16
3870.35918937806  8.154702E-16
3871.00768693222  5.838718E-16
3871.65618448637  5.900283E-16
3872.30468204053  7.461361E-16
3872.95317959469  7.252464E-16
3873.60167714885  4.868168E-16
3874.25017470301  5.697705E-16
3874.89867225716  7.818794E-16
3875.54716981132  8.521763E-16
3876.19566736548  5.659314E-16
3876.84416491964  6.011488E-16
3877.49266247379  7.820476E-16
3878.14116002795  6.631511E-16
3878.78965758211  6.028785E-16
3879.43815513627  7.133446E-16
3880.08665269043  7.736551E-16
3880.73515024458  5.881223E-16
3881.38364779874  5.218010E-16
3882.0321453529  8.155606E-16
3882.68064290706  7.674755E-16
3883.32914046122  5.405350E-16
3883.97763801537  6.130555E-16
3884.62613556953  7.887201E-16
3885.27463312369  6.447085E-16
3885.92313067785  5.976178E-16
3886.57162823201  7.469943E-16
3887.22012578616  7.949827E-16
3887.86862334032  6.456169E-16
3888.51712089448  6.075420E-16
3889.16561844864  7.413308E-16
3889.81411600279  7.943942E-16
3890.46261355695  5.809049E-16
3891.11111111111  6.151502E-16
3891.75960866527  7.550647E-16
3892.40810621943  5.594912E-16
3893.05660377358  4.744734E-16
3893.70510132774  6.363509E-16
3894.3535988819  7.366744E-16
3895.00209643606  4.507995E-16
3895.65059399022  5.818599E-16
3896.29909154437  7.984743E-16
3896.94758909853  8.484225E-16
3897.59608665269  5.693306E-16
3898.24458420685  6.487189E-16
3898.89308176101  9.570765E-16
3899.54157931516  8.250759E-16
3900.19007686932  5.765153E-16
3900.83857442348  6.731343E-16
3901.48707197764  8.880717E-16
3902.1355695318  7.984878E-16
3902.78406708595  6.825135E-16
3903.43256464011  8.650140E-16
3904.08106219427  7.685810E-16
3904.72955974843  7.570045E-16
3905.37805730259  7.006216E-16
3906.02655485674  8.978711E-16
3906.6750524109  7.510935E-16
3907.32354996506  5.692835E-16
3907.97204751922  7.649377E-16
3908.62054507337  9.381158E-16
3909.26904262753  7.465477E-16
3909.91754018169  6.206829E-16
3910.56603773585  7.179786E-16
3911.21453529001  8.956742E-16
3911.86303284416  6.926549E-16
3912.51153039832  5.656231E-16
3913.16002795248  8.188255E-16
3913.80852550664  8.032039E-16
3914.4570230608  7.076618E-16
3915.10552061495  7.339736E-16
3915.75401816911  8.836603E-16
3916.40251572327  8.017876E-16
3917.05101327743  6.127694E-16
3917.69951083159  7.349730E-16
3918.34800838574  8.630275E-16
3918.9965059399  8.454550E-16
3919.64500349406  6.951779E-16
3920.29350104822  8.072734E-16
3920.94199860238  8.975243E-16
3921.59049615653  6.960373E-16
3922.23899371069  6.746939E-16
3922.88749126485  8.619377E-16
3923.53598881901  8.592261E-16
3924.18448637317  7.189961E-16
3924.83298392732  7.655527E-16
3925.48148148148  9.400967E-16
3926.12997903564  9.638655E-16
3926.7784765898  8.050772E-16
3927.42697414396  8.280099E-16
3928.07547169811  9.170216E-16
3928.72396925227  8.074389E-16
3929.37246680643  7.308005E-16
3930.02096436059  8.781794E-16
3930.66946191475  8.006972E-16
3931.3179594689  7.142933E-16
3931.96645702306  7.401077E-16
3932.61495457722  9.065721E-16
3933.26345213138  7.689399E-16
3933.91194968553  5.907520E-16
3934.56044723969  6.498496E-16
3935.20894479385  7.790695E-16
3935.85744234801  7.540942E-16
3936.50593990217  6.714227E-16
3937.15443745632  7.835196E-16
3937.80293501048  8.134325E-16
3938.45143256464  7.443657E-16
3939.0999301188  5.962760E-16
3939.74842767296  8.228303E-16
3940.39692522711  8.183750E-16
3941.04542278127  6.760894E-16
3941.69392033543  7.215153E-16
3942.34241788959  8.565867E-16
3942.99091544375  6.890606E-16
3943.6394129979  5.760042E-16
3944.28791055206  7.322146E-16
3944.93640810622  7.658847E-16
3945.58490566038  6.421451E-16
3946.23340321454  4.100227E-16
3946.88190076869  6.057163E-16
3947.53039832285  7.832861E-16
3948.17889587701  6.139721E-16
3948.82739343117  4.560924E-16
3949.47589098532  6.780232E-16
3950.12438853948  7.660054E-16
3950.77288609364  6.332516E-16
3951.4213836478  6.843979E-16
3952.06988120196  8.338314E-16
3952.71837875611  8.636033E-16
3953.36687631027  6.758854E-16
3954.01537386443  7.342421E-16
3954.66387141859  8.674787E-16
3955.31236897275  7.018505E-16
3955.9608665269  5.430566E-16
3956.60936408106  6.787722E-16
3957.25786163522  7.788151E-16
3957.90635918938  6.220935E-16
3958.55485674354  4.945964E-16
3959.20335429769  6.707733E-16
3959.85185185185  7.744165E-16
3960.50034940601  5.926600E-16
3961.14884696017  6.413124E-16
3961.79734451433  7.813265E-16
3962.44584206848  7.122375E-16
3963.09433962264  6.579349E-16
3963.7428371768  7.408734E-16
3964.39133473096  9.252128E-16
3965.03983228512  7.202804E-16
3965.68832983927  6.485766E-16
3966.33682739343  7.946788E-16
3966.98532494759  8.479283E-16
3967.63382250175  6.808369E-16
3968.2823200559  6.507306E-16
3968.93081761006  8.047620E-16
3969.57931516422  7.574531E-16
3970.22781271838  6.215466E-16
3970.87631027254  5.734288E-16
3971.52480782669  7.571039E-16
3972.17330538085  7.245762E-16
3972.82180293501  4.918016E-16
3973.47030048917  5.870778E-16
3974.11879804333  7.883026E-16
3974.76729559748  7.330828E-16
3975.41579315164  6.345799E-16
3976.0642907058  6.996262E-16
3976.71278825996  7.580523E-16
3977.36128581412  7.815599E-16
3978.00978336827  7.731929E-16
3978.65828092243  8.721726E-16
3979.30677847659  8.332093E-16
3979.95527603075  7.094998E-16
3980.60377358491  7.241317E-16
3981.25227113906  8.505361E-16
3981.90076869322  7.508285E-16
3982.54926624738  5.779060E-16
3983.19776380154  6.834752E-16
3983.8462613557  8.629304E-16
3984.49475890985  7.095295E-16
3985.14325646401  5.907355E-16
3985.79175401817  6.293619E-16
3986.44025157233  7.742222E-16
3987.08874912648  7.350215E-16
3987.73724668064  5.662541E-16
3988.3857442348  6.439414E-16
3989.03424178896  5.903516E-16
3989.68273934312  4.767852E-16
3990.33123689727  4.429501E-16
3990.97973445143  5.556484E-16
3991.62823200559  4.915469E-16
3992.27672955975  3.763672E-16
3992.92522711391  4.700008E-16
3993.57372466806  6.963449E-16
3994.22222222222  6.120859E-16
3994.87071977638  4.815877E-16
3995.51921733054  6.288073E-16
3996.1677148847  8.009944E-16
3996.81621243885  6.452531E-16
3997.46470999301  5.912503E-16
3998.11320754717  7.622340E-16
3998.76170510133  7.632380E-16
3999.41020265549  5.840804E-16
4000.05870020964  5.310591E-16
4000.7071977638  6.773353E-16
4001.35569531796  7.000630E-16
4002.00419287212  7.084807E-16
4002.65269042628  7.664128E-16
4003.30118798043  8.299252E-16
4003.94968553459  9.239871E-16
4004.59818308875  7.179800E-16
4005.24668064291  7.563815E-16
4005.89517819706  8.980914E-16
4006.54367575122  8.237271E-16
4007.19217330538  6.447593E-16
4007.84067085954  8.229799E-16
4008.4891684137  8.732837E-16
4009.13766596785  7.898370E-16
4009.78616352201  6.540510E-16
4010.43466107617  7.939871E-16
4011.08315863033  8.014500E-16
4011.73165618449  6.857479E-16
4012.38015373864  6.450232E-16
4013.0286512928  8.162415E-16
4013.67714884696  7.922004E-16
4014.32564640112  7.259577E-16
4014.97414395528  7.375339E-16
4015.62264150943  9.018099E-16
4016.27113906359  7.928445E-16
4016.91963661775  6.565469E-16
4017.56813417191  7.065975E-16
4018.21663172606  7.396069E-16
4018.86512928022  7.166018E-16
4019.51362683438  6.304689E-16
4020.16212438854  7.089317E-16
4020.8106219427  7.760965E-16
4021.45911949686  6.317542E-16
4022.10761705101  5.822940E-16
4022.75611460517  7.332684E-16
4023.40461215933  7.255652E-16
4024.05310971349  5.504638E-16
4024.70160726764  4.767662E-16
4025.3501048218  6.326291E-16
4025.99860237596  5.287632E-16
4026.64709993012  4.065146E-16
4027.29559748428  3.475589E-16
4027.94409503843  4.648900E-16
4028.59259259259  4.228624E-16
4029.24109014675  3.783206E-16
4029.88958770091  4.880635E-16
4030.53808525507  6.297042E-16
4031.18658280923  6.013460E-16
4031.83508036338  5.640809E-16
4032.48357791754  7.050165E-16
4033.1320754717  7.991717E-16
4033.78057302585  7.313883E-16
4034.42907058001  6.378694E-16
4035.07756813417  7.195065E-16
4035.72606568833  7.846788E-16
4036.37456324249  6.805367E-16
4037.02306079665  6.529155E-16
4037.6715583508  8.554800E-16
4038.32005590496  8.690354E-16
4038.96855345912  7.727118E-16
4039.61705101328  8.074351E-16
4040.26554856744  8.230708E-16
4040.91404612159  8.061569E-16
4041.56254367575  7.053988E-16
4042.21104122991  7.687172E-16
4042.85953878407  8.683177E-16
4043.50803633822  8.510216E-16
4044.15653389238  7.587432E-16
4044.80503144654  7.825052E-16
4045.4535290007  9.320782E-16
4046.10202655486  8.815636E-16
4046.75052410901  7.342801E-16
4047.39902166317  8.609275E-16
4048.04751921733  9.308432E-16
4048.69601677149  8.158410E-16
4049.34451432565  7.474085E-16
4049.9930118798  9.001880E-16
4050.64150943396  8.759294E-16
4051.29000698812  7.389080E-16
4051.93850454228  7.523776E-16
4052.58700209644  9.064085E-16
4053.23549965059  8.399686E-16
4053.88399720475  7.578581E-16
4054.53249475891  7.975564E-16
4055.18099231307  9.361791E-16
4055.82948986723  8.456115E-16
4056.47798742138  6.893286E-16
4057.12648497554  8.168759E-16
4057.7749825297  8.695116E-16
4058.42348008386  8.220959E-16
4059.07197763801  7.846992E-16
4059.72047519217  8.575928E-16
4060.36897274633  9.369103E-16
4061.01747030049  7.569738E-16
4061.66596785465  6.726753E-16
4062.31446540881  8.609532E-16
4062.96296296296  8.502746E-16
4063.61146051712  7.736166E-16
4064.25995807128  6.990167E-16
4064.90845562544  7.880590E-16
4065.5569531796  8.392021E-16
4066.20545073375  7.710387E-16
4066.85394828791  7.298216E-16
4067.50244584207  8.560305E-16
4068.15094339623  7.844098E-16
4068.79944095038  6.817215E-16
4069.44793850454  8.097629E-16
4070.0964360587  8.181896E-16
4070.74493361286  7.445293E-16
4071.39343116701  6.273427E-16
4072.04192872117  7.464260E-16
4072.69042627533  8.322989E-16
4073.33892382949  7.092840E-16
4073.98742138365  6.363973E-16
4074.63591893781  7.485176E-16
4075.28441649196  8.602278E-16
4075.93291404612  7.426752E-16
4076.58141160028  7.472551E-16
4077.22990915444  8.609460E-16
4077.8784067086  8.276944E-16
4078.52690426275  7.589048E-16
4079.17540181691  8.331982E-16
4079.82389937107  8.909427E-16
4080.47239692523  7.420659E-16
4081.12089447939  7.267235E-16
4081.76939203354  7.541958E-16
4082.4178895877  8.634384E-16
4083.06638714186  8.129900E-16
4083.71488469602  6.804920E-16
4084.36338225017  7.454049E-16
4085.01187980433  8.041813E-16
4085.66037735849  7.333996E-16
4086.30887491265  6.284503E-16
4086.95737246681  7.063269E-16
4087.60587002096  7.470913E-16
4088.25436757512  7.157763E-16
4088.90286512928  7.064393E-16
4089.55136268344  8.358637E-16
4090.1998602376  8.001894E-16
4090.84835779175  7.130220E-16
4091.49685534591  7.987278E-16
4092.14535290007  8.156119E-16
4092.79385045423  7.671147E-16
4093.44234800839  7.097633E-16
4094.09084556254  7.336093E-16
4094.7393431167  8.756972E-16
4095.38784067086  8.756830E-16
4096.03633822502  7.434829E-16
4096.68483577917  7.645818E-16
4097.33333333333  8.529858E-16
4097.98183088749  7.766059E-16
4098.63032844165  6.869266E-16
4099.27882599581  7.495483E-16
4099.92732354996  8.345389E-16
4100.57582110412  8.082595E-16
4101.22431865828  7.278196E-16
4101.87281621244  7.853426E-16
4102.5213137666  8.340724E-16
4103.16981132075  7.231567E-16
4103.81830887491  7.140109E-16
4104.46680642907  8.178358E-16
4105.11530398323  9.013381E-16
4105.76380153739  7.452354E-16
4106.41229909154  6.868720E-16
4107.0607966457  7.785069E-16
4107.70929419986  8.318909E-16
4108.35779175402  8.010904E-16
4109.00628930818  7.454317E-16
4109.65478686233  8.981166E-16
4110.30328441649  8.472296E-16
4110.95178197065  7.023297E-16
4111.60027952481  7.404554E-16
4112.24877707897  8.367429E-16
4112.89727463312  7.405481E-16
4113.54577218728  6.639651E-16
4114.19426974144  6.760924E-16
4114.8427672956  7.849094E-16
4115.49126484976  7.513839E-16
4116.13976240391  6.831731E-16
4116.78825995807  7.660487E-16
4117.43675751223  7.985171E-16
4118.08525506639  7.964092E-16
4118.73375262054  7.411430E-16
4119.3822501747  7.975068E-16
4120.03074772886  8.165934E-16
4120.67924528302  7.667267E-16
4121.32774283718  7.513037E-16
4121.97624039133  7.814005E-16
4122.62473794549  8.176666E-16
4123.27323549965  7.371521E-16
4123.92173305381  6.438501E-16
4124.57023060797  7.202618E-16
4125.21872816212  7.857611E-16
4125.86722571628  6.992531E-16
4126.51572327044  6.652554E-16
4127.1642208246  7.436135E-16
4127.81271837876  7.829438E-16
4128.46121593291  7.029789E-16
4129.10971348707  7.013610E-16
4129.75821104123  7.470667E-16
4130.40670859539  7.184416E-16
4131.05520614955  6.868102E-16
4131.7037037037  7.029358E-16
4132.35220125786  7.296522E-16
4133.00069881202  7.535160E-16
4133.64919636618  6.448376E-16
4134.29769392034  6.942674E-16
4134.94619147449  7.695322E-16
4135.59468902865  7.077130E-16
4136.24318658281  6.604595E-16
4136.89168413697  7.960210E-16
4137.54018169112  8.035148E-16
4138.18867924528  6.934389E-16
4138.83717679944  7.292505E-16
4139.4856743536  8.106467E-16
4140.13417190776  8.370548E-16
4140.78266946192  8.215854E-16
4141.43116701607  7.706371E-16
4142.07966457023  8.222771E-16
4142.72816212439  7.913561E-16
4143.37665967855  7.561178E-16
4144.0251572327  8.293945E-16
4144.67365478686  9.461657E-16
4145.32215234102  8.410696E-16
4145.97064989518  8.079906E-16
4146.61914744934  8.326567E-16
4147.26764500349  9.052103E-16
4147.91614255765  8.199837E-16
4148.56464011181  7.639300E-16
4149.21313766597  8.418559E-16
4149.86163522013  8.280039E-16
4150.51013277428  8.137924E-16
4151.15863032844  7.774409E-16
4151.8071278826  8.508893E-16
4152.45562543676  8.800956E-16
4153.10412299091  8.200493E-16
4153.75262054507  8.233929E-16
4154.40111809923  7.849495E-16
4155.04961565339  8.164385E-16
4155.69811320755  7.902461E-16
4156.34661076171  7.667102E-16
4156.99510831586  8.232687E-16
4157.64360587002  7.953292E-16
4158.29210342418  7.336922E-16
4158.94060097834  7.420745E-16
4159.58909853249  8.456663E-16
4160.23759608665  7.857208E-16
4160.88609364081  6.244434E-16
4161.53459119497  6.176656E-16
4162.18308874913  7.132908E-16
4162.83158630328  6.484742E-16
4163.48008385744  6.128185E-16
4164.1285814116  6.686718E-16
4164.77707896576  7.755915E-16
4165.42557651992  7.837145E-16
4166.07407407407  7.908701E-16
4166.72257162823  8.967132E-16
4167.37106918239  9.191969E-16
4168.01956673655  8.879979E-16
4168.6680642907  8.275373E-16
4169.31656184486  9.815552E-16
4169.96505939902  9.618556E-16
4170.61355695318  9.462852E-16
4171.26205450734  8.631842E-16
4171.91055206149  8.362671E-16
4172.55904961565  8.737508E-16
4173.20754716981  8.833003E-16
4173.85604472397  8.103285E-16
4174.50454227813  9.346507E-16
4175.15303983229  9.653049E-16
4175.80153738644  8.483969E-16
4176.4500349406  8.174599E-16
4177.09853249476  8.551946E-16
4177.74703004892  8.582007E-16
4178.39552760307  8.622403E-16
4179.04402515723  8.914722E-16
4179.69252271139  9.240796E-16
4180.34102026555  8.604696E-16
4180.98951781971  7.971112E-16
4181.63801537386  8.418343E-16
4182.28651292802  9.147186E-16
4182.93501048218  8.311676E-16
4183.58350803634  7.715444E-16
4184.2320055905  7.539973E-16
4184.88050314465  7.783617E-16
4185.52900069881  7.658512E-16
4186.17749825297  6.806890E-16
4186.82599580713  7.503857E-16
4187.47449336129  8.832181E-16
4188.12299091544  8.095830E-16
4188.7714884696  7.263336E-16
4189.41998602376  7.656013E-16
4190.06848357792  7.923499E-16
4190.71698113207  7.892870E-16
4191.36547868623  7.321966E-16
4192.01397624039  7.600788E-16
4192.66247379455  7.740754E-16
4193.31097134871  7.700931E-16
4193.95946890286  7.627116E-16
4194.60796645702  8.537858E-16
4195.25646401118  8.663372E-16
4195.90496156534  8.007191E-16
4196.5534591195  7.810148E-16
4197.20195667365  8.469408E-16
4197.85045422781  8.170098E-16
4198.49895178197  7.991772E-16
4199.14744933613  7.165346E-16
4199.79594689029  8.201053E-16
4200.44444444445  7.476577E-16
4201.0929419986  7.291334E-16
4201.74143955276  7.221393E-16
4202.38993710692  8.151363E-16
4203.03843466108  8.254729E-16
4203.68693221523  7.518480E-16
4204.33542976939  7.685012E-16
4204.98392732355  8.045130E-16
4205.63242487771  8.016558E-16
4206.28092243187  7.745745E-16
4206.92941998602  7.555573E-16
4207.57791754018  8.076695E-16
4208.22641509434  7.542598E-16
4208.8749126485  7.013846E-16
4209.52341020265  7.745959E-16
4210.17190775681  7.838420E-16
4210.82040531097  7.438218E-16
4211.46890286513  7.144308E-16
4212.11740041929  7.433718E-16
4212.76589797344  8.483060E-16
4213.4143955276  7.040984E-16
4214.06289308176  6.858293E-16
4214.71139063592  7.150524E-16
4215.35988819008  8.282533E-16
4216.00838574423  8.037856E-16
4216.65688329839  6.960287E-16
4217.30538085255  7.341373E-16
4217.95387840671  8.239831E-16
4218.60237596087  7.743754E-16
4219.25087351502  7.462516E-16
4219.89937106918  8.455358E-16
4220.54786862334  7.541359E-16
4221.1963661775  7.117311E-16
4221.84486373166  7.237766E-16
4222.49336128581  7.786354E-16
4223.14185883997  7.900329E-16
4223.79035639413  6.752147E-16
4224.43885394829  6.576689E-16
4225.08735150245  7.326277E-16
4225.7358490566  7.785845E-16
4226.38434661076  6.690023E-16
4227.03284416492  7.086420E-16
4227.68134171908  7.789815E-16
4228.32983927323  7.833267E-16
4228.97833682739  7.128832E-16
4229.62683438155  6.900498E-16
4230.27533193571  7.727823E-16
4230.92382948987  7.623528E-16
4231.57232704402  7.557041E-16
4232.22082459818  7.004713E-16
4232.86932215234  7.799862E-16
4233.5178197065  7.134238E-16
4234.16631726066  6.448651E-16
4234.81481481481  6.073759E-16
4235.46331236897  7.078833E-16
4236.11180992313  6.534432E-16
4236.76030747729  5.857130E-16
4237.40880503144  5.790814E-16
4238.0573025856  7.066509E-16
4238.70580013976  6.716533E-16
4239.35429769392  6.156773E-16
4240.00279524808  6.402506E-16
4240.65129280224  7.109432E-16
4241.29979035639  6.595561E-16
4241.94828791055  6.457673E-16
4242.59678546471  6.702497E-16
4243.24528301887  7.385786E-16
4243.89378057303  7.815430E-16
4244.54227812718  7.007995E-16
4245.19077568134  7.658930E-16
4245.8392732355  8.870410E-16
4246.48777078966  8.276980E-16
4247.13626834381  8.049820E-16
4247.78476589797  8.834562E-16
4248.43326345213  8.947216E-16
4249.08176100629  8.371470E-16
4249.73025856045  8.355915E-16
4250.3787561146  9.315102E-16
4251.02725366876  8.923774E-16
4251.67575122292  8.302013E-16
4252.32424877708  8.197516E-16
4252.97274633124  8.660150E-16
4253.62124388539  8.467164E-16
4254.26974143955  8.165915E-16
4254.91823899371  8.051388E-16
4255.56673654787  7.638546E-16
4256.21523410203  8.626553E-16
4256.86373165618  8.404437E-16
4257.51222921034  8.109121E-16
4258.1607267645  7.968245E-16
4258.80922431866  7.841926E-16
4259.45772187282  7.576803E-16
4260.10621942697  7.907175E-16
4260.75471698113  8.823880E-16
4261.40321453529  8.493718E-16
4262.05171208945  7.572989E-16
4262.7002096436  7.363976E-16
4263.34870719776  7.551158E-16
4263.99720475192  8.224974E-16
4264.64570230608  7.235402E-16
4265.29419986024  7.364751E-16
4265.9426974144  7.750830E-16
4266.59119496855  7.337336E-16
4267.23969252271  6.940289E-16
4267.88819007687  7.218180E-16
4268.53668763103  6.737464E-16
4269.18518518519  6.809194E-16
4269.83368273934  6.773231E-16
4270.4821802935  7.178099E-16
4271.13067784766  7.735119E-16
4271.77917540182  6.980160E-16
4272.42767295598  6.960978E-16
4273.07617051013  7.368704E-16
4273.72466806429  7.821781E-16
4274.37316561845  7.227292E-16
4275.02166317261  6.797772E-16
4275.67016072676  7.143027E-16
4276.31865828092  7.923690E-16
4276.96715583508  7.638470E-16
4277.61565338924  7.382942E-16
4278.2641509434  7.526970E-16
4278.91264849755  7.548179E-16
4279.56114605171  7.449566E-16
4280.20964360587  7.203139E-16
4280.85814116003  7.373671E-16
4281.50663871418  7.620899E-16
4282.15513626834  7.837627E-16
4282.8036338225  8.149864E-16
4283.45213137666  8.115152E-16
4284.10062893082  7.478273E-16
4284.74912648498  7.601854E-16
4285.39762403913  7.774362E-16
4286.04612159329  7.923860E-16
4286.69461914745  7.598003E-16
4287.34311670161  7.113454E-16
4287.99161425576  7.197018E-16
4288.64011180992  7.709863E-16
4289.28860936408  7.858072E-16
4289.93710691824  7.241290E-16
4290.5856044724  6.910991E-16
4291.23410202655  7.693367E-16
4291.88259958071  7.930054E-16
4292.53109713487  7.177578E-16
4293.17959468903  6.524067E-16
4293.82809224319  7.285629E-16
4294.47658979734  6.778709E-16
4295.1250873515  6.115196E-16
4295.77358490566  6.215913E-16
4296.42208245982  6.704255E-16
4297.07058001398  6.368755E-16
4297.71907756813  6.150455E-16
4298.36757512229  6.413490E-16
4299.01607267645  6.958654E-16
4299.66457023061  7.189810E-16
4300.31306778477  7.028772E-16
4300.96156533892  7.345032E-16
4301.61006289308  7.923793E-16
4302.25856044724  7.358780E-16
4302.9070580014  7.023897E-16
4303.55555555556  7.121381E-16
4304.20405310971  7.592634E-16
4304.85255066387  7.337048E-16
4305.50104821803  7.484455E-16
4306.14954577219  7.111486E-16
4306.79804332634  7.387578E-16
4307.4465408805  7.462143E-16
4308.09503843466  7.075508E-16
4308.74353598882  7.557913E-16
4309.39203354298  7.365176E-16
4310.04053109714  7.506775E-16
4310.68902865129  7.188832E-16
4311.33752620545  7.939545E-16
4311.98602375961  8.215472E-16
4312.63452131377  7.789074E-16
4313.28301886792  7.451988E-16
4313.93151642208  8.206287E-16
4314.58001397624  9.036229E-16
4315.2285115304  8.152590E-16
4315.87700908456  7.899666E-16
4316.52550663871  8.143314E-16
4317.17400419287  8.420301E-16
4317.82250174703  8.240734E-16
4318.47099930119  7.861759E-16
4319.11949685534  8.015685E-16
4319.7679944095  7.956067E-16
4320.41649196366  8.328362E-16
4321.06498951782  7.873485E-16
4321.71348707198  7.990521E-16
4322.36198462614  7.837901E-16
4323.01048218029  7.312548E-16
4323.65897973445  7.440952E-16
4324.30747728861  8.261630E-16
4324.95597484277  8.216791E-16
4325.60447239692  7.397226E-16
4326.25296995108  7.597216E-16
4326.90146750524  7.694166E-16
4327.5499650594  8.250950E-16
4328.19846261356  7.591722E-16
4328.84696016771  7.407955E-16
4329.49545772187  8.459965E-16
4330.14395527603  7.738303E-16
4330.79245283019  7.774434E-16
4331.44095038435  7.546342E-16
4332.0894479385  8.388228E-16
4332.73794549266  8.297114E-16
4333.38644304682  7.724936E-16
4334.03494060098  7.689522E-16
4334.68343815514  8.206599E-16
4335.33193570929  7.797549E-16
4335.98043326345  7.522903E-16
4336.62893081761  7.456990E-16
4337.27742837177  8.075633E-16
4337.92592592593  7.872958E-16
4338.57442348008  7.371407E-16
4339.22292103424  7.227909E-16
4339.8714185884  7.812960E-16
4340.51991614256  7.925395E-16
4341.16841369672  7.182263E-16
4341.81691125087  7.069244E-16
4342.46540880503  7.934172E-16
4343.11390635919  7.715262E-16
4343.76240391335  7.481305E-16
4344.4109014675  7.602435E-16
4345.05939902166  7.950979E-16
4345.70789657582  7.819835E-16
4346.35639412998  7.359160E-16
4347.00489168413  7.474241E-16
4347.65338923829  7.792020E-16
4348.30188679245  7.569071E-16
4348.95038434661  7.074563E-16
4349.59888190077  7.440213E-16
4350.24737945493  7.659830E-16
4350.89587700908  7.076368E-16
4351.54437456324  6.768487E-16
4352.1928721174  6.745968E-16
4352.84136967156  6.773452E-16
4353.48986722572  6.386922E-16
4354.13836477987  5.442827E-16
4354.78686233403  5.791633E-16
4355.43535988819  6.656767E-16
4356.08385744235  6.790713E-16
4356.73235499651  5.965208E-16
4357.38085255066  5.619541E-16
4358.02935010482  6.504838E-16
4358.67784765898  6.713164E-16
4359.32634521314  6.025184E-16
4359.9748427673  5.904811E-16
4360.62334032145  6.491819E-16
4361.27183787561  6.206586E-16
4361.92033542977  5.663480E-16
4362.56883298393  6.023513E-16
4363.21733053808  6.449897E-16
4363.86582809224  5.951225E-16
4364.5143256464  5.297991E-16
4365.16282320056  5.624054E-16
4365.81132075472  5.964514E-16
4366.45981830888  5.357816E-16
4367.10831586303  5.202671E-16
4367.75681341719  5.563963E-16
4368.40531097135  6.105949E-16
4369.05380852551  6.468262E-16
4369.70230607966  6.047450E-16
4370.35080363382  6.582836E-16
4370.99930118798  6.592642E-16
4371.64779874214  6.530762E-16
4372.2962962963  6.321532E-16
4372.94479385045  6.714735E-16
4373.59329140461  7.836313E-16
4374.24178895877  7.171979E-16
4374.89028651293  6.938672E-16
4375.53878406709  7.265176E-16
4376.18728162124  7.661018E-16
4376.8357791754  6.728499E-16
4377.48427672956  6.659051E-16
4378.13277428372  6.566734E-16
4378.78127183788  6.803394E-16
4379.42976939203  6.748869E-16
4380.07826694619  6.266298E-16
4380.72676450035  6.753448E-16
4381.37526205451  7.280951E-16
4382.02375960866  7.125471E-16
4382.67225716282  7.082351E-16
4383.32075471698  7.348253E-16
4383.96925227114  7.691918E-16
4384.6177498253  7.733094E-16
4385.26624737945  7.482587E-16
4385.91474493361  7.764863E-16
4386.56324248777  8.016867E-16
4387.21174004193  7.690765E-16
4387.86023759609  7.592487E-16
4388.50873515024  7.629500E-16
4389.1572327044  7.795292E-16
4389.80573025856  7.761385E-16
4390.45422781272  7.722380E-16
4391.10272536688  7.658294E-16
4391.75122292103  7.312212E-16
4392.39972047519  7.548210E-16
4393.04821802935  7.346769E-16
4393.69671558351  7.976236E-16
4394.34521313767  8.425353E-16
4394.99371069182  8.051185E-16
4395.64220824598  6.678890E-16
4396.29070580014  7.591452E-16
4396.9392033543  7.809814E-16
4397.58770090845  7.395257E-16
4398.23619846261  7.247053E-16
4398.88469601677  7.478997E-16
4399.53319357093  7.590973E-16
4400.18169112509  6.897370E-16
4400.83018867925  6.819128E-16
4401.4786862334  7.257432E-16
4402.12718378756  6.846466E-16
4402.77568134172  5.794667E-16
4403.42417889588  5.507658E-16
4404.07267645003  5.685854E-16
4404.72117400419  5.808537E-16
4405.36967155835  5.450888E-16
4406.01816911251  5.456440E-16
4406.66666666667  6.559788E-16
4407.31516422082  7.115824E-16
4407.96366177498  7.309156E-16
4408.61215932914  7.589579E-16
4409.2606568833  7.660533E-16
4409.90915443746  7.909154E-16
4410.55765199161  8.123397E-16
4411.20614954577  8.111819E-16
4411.85464709993  8.361629E-16
4412.50314465409  8.719209E-16
4413.15164220825  8.847496E-16
4413.8001397624  8.449596E-16
4414.44863731656  8.777624E-16
4415.09713487072  8.335451E-16
4415.74563242488  7.406844E-16
4416.39412997903  7.167935E-16
4417.04262753319  7.404484E-16
4417.69112508735  7.254902E-16
4418.33962264151  6.746226E-16
4418.98812019567  7.019709E-16
4419.63661774983  7.472330E-16
4420.28511530398  7.991904E-16
4420.93361285814  7.839336E-16
4421.5821104123  7.801273E-16
4422.23060796646  8.390109E-16
4422.87910552061  8.270198E-16
4423.52760307477  8.115871E-16
4424.17610062893  8.063122E-16
4424.82459818309  8.721018E-16
4425.47309573725  8.541979E-16
4426.1215932914  8.275146E-16
4426.77009084556  8.217221E-16
4427.41858839972  8.512536E-16
4428.06708595388  8.566520E-16
4428.71558350803  7.872570E-16
4429.36408106219  7.718922E-16
4430.01257861635  7.656808E-16
4430.66107617051  7.857348E-16
4431.30957372467  7.578598E-16
4431.95807127883  7.160368E-16
4432.60656883298  7.430480E-16
4433.25506638714  7.287549E-16
4433.9035639413  7.076344E-16
4434.55206149546  6.924883E-16
4435.20055904961  7.203375E-16
4435.84905660377  7.518010E-16
4436.49755415793  7.230671E-16
4437.14605171209  6.865460E-16
4437.79454926625  7.473074E-16
4438.44304682041  7.695111E-16
4439.09154437456  7.267276E-16
4439.74004192872  7.125639E-16
4440.38853948288  6.892031E-16
4441.03703703704  7.376365E-16
4441.68553459119  7.219378E-16
4442.33403214535  7.298468E-16
4442.98252969951  7.434084E-16
4443.63102725367  7.380459E-16
4444.27952480783  7.364954E-16
4444.92802236198  7.363523E-16
4445.57651991614  7.812640E-16
4446.2250174703  7.806131E-16
4446.87351502446  7.237047E-16
4447.52201257862  6.734542E-16
4448.17051013277  7.003252E-16
4448.81900768693  6.949917E-16
4449.46750524109  6.812607E-16
4450.11600279525  6.391860E-16
4450.76450034941  6.423075E-16
4451.41299790356  6.646777E-16
4452.06149545772  6.677089E-16
4452.70999301188  6.444067E-16
4453.35849056604  6.688387E-16
4454.00698812019  7.295705E-16
4454.65548567435  6.921479E-16
4455.30398322851  6.992748E-16
4455.95248078267  7.621583E-16
4456.60097833683  7.428224E-16
4457.24947589098  6.814128E-16
4457.89797344514  6.971223E-16
4458.5464709993  6.885424E-16
4459.19496855346  6.838855E-16
4459.84346610762  6.433680E-16
4460.49196366177  5.894797E-16
4461.14046121593  6.016974E-16
4461.78895877009  6.767027E-16
4462.43745632425  6.737584E-16
4463.08595387841  6.516789E-16
4463.73445143256  7.168390E-16
4464.38294898672  7.138511E-16
4465.03144654088  6.986412E-16
4465.67994409504  7.045925E-16
4466.32844164919  7.451282E-16
4466.97693920335  6.959136E-16
4467.62543675751  6.986415E-16
4468.27393431167  7.255173E-16
4468.92243186583  7.626072E-16
4469.57092941999  8.024088E-16
4470.21942697414  7.747276E-16
4470.8679245283  7.382819E-16
4471.51642208246  8.427418E-16
4472.16491963662  8.457172E-16
4472.81341719078  7.719974E-16
4473.46191474493  7.524154E-16
4474.11041229909  8.171741E-16
4474.75890985325  7.959665E-16
4475.40740740741  7.508591E-16
4476.05590496157  7.192497E-16
4476.70440251572  7.284369E-16
4477.35290006988  7.529833E-16
4478.00139762404  7.643569E-16
4478.6498951782  7.101134E-16
4479.29839273235  7.328498E-16
4479.94689028651  7.502034E-16
4480.59538784067  6.850033E-16
4481.24388539483  6.697154E-16
4481.89238294899  6.800431E-16
4482.54088050314  6.643411E-16
4483.1893780573  6.299197E-16
4483.83787561146  6.103322E-16
4484.48637316562  6.581014E-16
4485.13487071978  6.850818E-16
4485.78336827393  6.832569E-16
4486.43186582809  6.971731E-16
4487.08036338225  7.441498E-16
4487.72886093641  8.167191E-16
4488.37735849057  7.748031E-16
4489.02585604472  7.500138E-16
4489.67435359888  8.108489E-16
4490.32285115304  8.710948E-16
4490.9713487072  8.382989E-16
4491.61984626135  8.351042E-16
4492.26834381551  8.242412E-16
4492.91684136967  7.975753E-16
4493.56533892383  8.092775E-16
4494.21383647799  8.287847E-16
4494.86233403214  8.322692E-16
4495.5108315863  8.141780E-16
4496.15932914046  7.861059E-16
4496.80782669462  7.506288E-16
4497.45632424878  7.851807E-16
4498.10482180294  8.338651E-16
4498.75331935709  7.115607E-16
4499.40181691125  7.114561E-16
4500.05031446541  7.710510E-16
4500.69881201957  7.823291E-16
4501.34730957372  8.000584E-16
4501.99580712788  7.563753E-16
4502.64430468204  7.552983E-16
4503.2928022362  7.253222E-16
4503.94129979036  7.314448E-16
4504.58979734451  7.192428E-16
4505.23829489867  6.920857E-16
4505.88679245283  7.507591E-16
4506.53529000699  6.987038E-16
4507.18378756115  6.882417E-16
4507.8322851153  7.002646E-16
4508.48078266946  6.810604E-16
4509.12928022362  6.367426E-16
4509.77777777778  6.192677E-16
4510.42627533193  6.572878E-16
4511.07477288609  6.962381E-16
4511.72327044025  6.538491E-16
4512.37176799441  6.345635E-16
4513.02026554857  6.727421E-16
4513.66876310272  6.917931E-16
4514.31726065688  7.677995E-16
4514.96575821104  7.167962E-16
4515.6142557652  6.904222E-16
4516.26275331936  7.082553E-16
4516.91125087351  8.036491E-16
4517.55974842767  7.323073E-16
4518.20824598183  7.268051E-16
4518.85674353599  7.220554E-16
4519.50524109015  7.550296E-16
4520.1537386443  7.138746E-16
4520.80223619846  7.690064E-16
4521.45073375262  8.290582E-16
4522.09923130678  7.895047E-16
4522.74772886094  7.193080E-16
4523.39622641509  7.441749E-16
4524.04472396925  8.018054E-16
4524.69322152341  8.039005E-16
4525.34171907757  7.468954E-16
4525.99021663172  7.102755E-16
4526.63871418588  7.425995E-16
4527.28721174004  7.861517E-16
4527.9357092942  7.302716E-16
4528.58420684836  7.058422E-16
4529.23270440252  7.320421E-16
4529.88120195667  7.316741E-16
4530.52969951083  7.160502E-16
4531.17819706499  6.971009E-16
4531.82669461915  7.266179E-16
4532.4751921733  6.767455E-16
4533.12368972746  6.766033E-16
4533.77218728162  6.553533E-16
4534.42068483578  6.828749E-16
4535.06918238994  6.509033E-16
4535.71767994409  6.166498E-16
4536.36617749825  5.912973E-16
4537.01467505241  6.598989E-16
4537.66317260657  7.281252E-16
4538.31167016072  6.637508E-16
4538.96016771488  6.702152E-16
4539.60866526904  7.329254E-16
4540.2571628232  6.975448E-16
4540.90566037736  6.554863E-16
4541.55415793152  6.797543E-16
4542.20265548567  7.443996E-16
4542.85115303983  7.813435E-16
4543.49965059399  7.447487E-16
4544.14814814815  7.394473E-16
4544.79664570231  7.259693E-16
4545.44514325646  7.471514E-16
4546.09364081062  7.352440E-16
4546.74213836478  6.898500E-16
4547.39063591894  6.801807E-16
4548.0391334731  6.584758E-16
4548.68763102725  6.613272E-16
4549.33612858141  6.513831E-16
4549.98462613557  7.007181E-16
4550.63312368973  6.881580E-16
4551.28162124388  6.729833E-16
4551.93011879804  6.580710E-16
4552.5786163522  6.836980E-16
4553.22711390636  7.698338E-16
4553.87561146052  6.989495E-16
4554.52410901467  6.687258E-16
4555.17260656883  6.547756E-16
4555.82110412299  6.713918E-16
4556.46960167715  7.045660E-16
4557.11809923131  6.290974E-16
4557.76659678546  5.924662E-16
4558.41509433962  6.538705E-16
4559.06359189378  6.545020E-16
4559.71208944794  6.379323E-16
4560.3605870021  6.732122E-16
4561.00908455625  6.910585E-16
4561.65758211041  6.998931E-16
4562.30607966457  6.725652E-16
4562.95457721873  7.253396E-16
4563.60307477288  7.141959E-16
4564.25157232704  6.805860E-16
4564.9000698812  7.020057E-16
4565.54856743536  7.215003E-16
4566.19706498952  7.403127E-16
4566.84556254367  7.188728E-16
4567.49406009783  6.551107E-16
4568.14255765199  6.646712E-16
4568.79105520615  6.720391E-16
4569.43955276031  6.733189E-16
4570.08805031447  6.599331E-16
4570.73654786862  6.771866E-16
4571.38504542278  7.004724E-16
4572.03354297694  7.169386E-16
4572.6820405311  7.341110E-16
4573.33053808525  6.838395E-16
4573.97903563941  6.509502E-16
4574.62753319357  6.250619E-16
4575.27603074773  6.273514E-16
4575.92452830189  6.356026E-16
4576.57302585604  6.600218E-16
4577.2215234102  6.559328E-16
4577.87002096436  6.377678E-16
4578.51851851852  6.783699E-16
4579.16701607268  7.111086E-16
4579.81551362683  6.949549E-16
4580.46401118099  6.934518E-16
4581.11250873515  6.707816E-16
4581.76100628931  7.019054E-16
4582.40950384347  6.873651E-16
4583.05800139762  6.467086E-16
4583.70649895178  6.233317E-16
4584.35499650594  6.727156E-16
4585.0034940601  6.806263E-16
4585.65199161426  6.585538E-16
4586.30048916841  6.493150E-16
4586.94898672257  6.245972E-16
4587.59748427673  6.280264E-16
4588.24598183089  6.000387E-16
4588.89447938504  5.996470E-16
4589.5429769392  6.234588E-16
4590.19147449336  6.259076E-16
4590.83997204752  5.972677E-16
4591.48846960168  5.649625E-16
4592.13696715583  6.441080E-16
4592.78546470999  6.884368E-16
4593.43396226415  7.329311E-16
4594.08245981831  7.005708E-16
4594.73095737247  7.850692E-16
4595.37945492662  8.023910E-16
4596.02795248078  7.701563E-16
4596.67645003494  7.424742E-16
4597.3249475891  7.500797E-16
4597.97344514326  7.839342E-16
4598.62194269741  7.386711E-16
4599.27044025157  7.267152E-16
4599.91893780573  7.354564E-16
4600.56743535989  7.459728E-16
4601.21593291405  7.001751E-16
4601.8644304682  6.353600E-16
4602.51292802236  6.847378E-16
4603.16142557652  6.736225E-16
4603.80992313068  6.586913E-16
4604.45842068484  6.914100E-16
4605.10691823899  6.939117E-16
4605.75541579315  7.568479E-16
4606.40391334731  7.077121E-16
4607.05241090147  7.022337E-16
4607.70090845563  7.202158E-16
4608.34940600978  7.485176E-16
4608.99790356394  7.449837E-16
4609.6464011181  6.917196E-16
4610.29489867226  7.006639E-16
4610.94339622641  7.260386E-16
4611.59189378057  7.263275E-16
4612.24039133473  7.111057E-16
4612.88888888889  7.174148E-16
4613.53738644305  6.851643E-16
4614.1858839972  6.725791E-16
4614.83438155136  6.235915E-16
4615.48287910552  6.499330E-16
4616.13137665968  6.306876E-16
4616.77987421384  5.623163E-16
4617.42837176799  5.365694E-16
4618.07686932215  5.719970E-16
4618.72536687631  6.326784E-16
4619.37386443047  5.975818E-16
4620.02236198463  6.241376E-16
4620.67085953878  5.926772E-16
4621.31935709294  6.664493E-16
4621.9678546471  6.891174E-16
4622.61635220126  6.428972E-16
4623.26484975541  5.956235E-16
4623.91334730957  5.921092E-16
4624.56184486373  6.176337E-16
4625.21034241789  6.129618E-16
4625.85883997205  6.250526E-16
4626.5073375262  6.457540E-16
4627.15583508036  5.802497E-16
4627.80433263452  6.111629E-16
4628.45283018868  6.553259E-16
4629.10132774284  7.216205E-16
4629.74982529699  6.836832E-16
4630.39832285115  6.570628E-16
4631.04682040531  6.369191E-16
4631.69531795947  6.487062E-16
4632.34381551363  6.922020E-16
4632.99231306778  6.961400E-16
4633.64081062194  6.444091E-16
4634.2893081761  7.203191E-16
4634.93780573026  7.324212E-16
4635.58630328441  7.300053E-16
4636.23480083857  6.919189E-16
4636.88329839273  7.217261E-16
4637.53179594689  7.287275E-16
4638.18029350105  7.257307E-16
4638.82879105521  7.003401E-16
4639.47728860936  6.771849E-16
4640.12578616352  6.820926E-16
4640.77428371768  6.635558E-16
4641.42278127184  6.380532E-16
4642.071278826  6.877578E-16
4642.71977638015  6.867386E-16
4643.36827393431  6.383512E-16
4644.01677148847  6.327097E-16
4644.66526904263  6.653000E-16
4645.31376659678  7.070271E-16
4645.96226415094  6.950961E-16
4646.6107617051  7.097264E-16
4647.25925925926  7.116937E-16
4647.90775681342  7.033302E-16
4648.55625436757  6.833283E-16
4649.20475192173  7.041962E-16
4649.85324947589  6.673587E-16
4650.50174703005  6.742685E-16
4651.15024458421  6.479705E-16
4651.79874213836  6.017741E-16
4652.44723969252  5.942137E-16
4653.09573724668  6.084176E-16
4653.74423480084  5.920332E-16
4654.392732355  6.327390E-16
4655.04122990915  7.061800E-16
4655.68972746331  7.186576E-16
4656.33822501747  6.818849E-16
4656.98672257163  6.544106E-16
4657.63522012579  6.996541E-16
4658.28371767994  7.364567E-16
4658.9322152341  7.389044E-16
4659.58071278826  7.059266E-16
4660.22921034242  7.623628E-16
4660.87770789657  8.068945E-16
4661.52620545073  8.185163E-16
4662.17470300489  7.842062E-16
4662.82320055905  7.807584E-16
4663.47169811321  8.014411E-16
4664.12019566736  8.240380E-16
4664.76869322152  8.562557E-16
4665.41719077568  8.717118E-16
4666.06568832984  8.383068E-16
4666.714185884  8.241707E-16
4667.36268343815  8.199548E-16
4668.01118099231  8.263212E-16
4668.65967854647  8.704168E-16
4669.30817610063  8.235173E-16
4669.95667365479  8.094897E-16
4670.60517120894  8.002981E-16
4671.2536687631  8.118647E-16
4671.90216631726  8.010168E-16
4672.55066387142  7.884435E-16
4673.19916142558  7.605849E-16
4673.84765897973  8.132330E-16
4674.49615653389  8.351397E-16
4675.14465408805  7.966303E-16
4675.79315164221  7.769915E-16
4676.44164919637  7.772975E-16
4677.09014675052  7.992687E-16
4677.73864430468  7.875457E-16
4678.38714185884  7.573994E-16
4679.035639413  7.845917E-16
4679.68413696716  7.419033E-16
4680.33263452131  7.795928E-16
4680.98113207547  7.256379E-16
4681.62962962963  7.530485E-16
4682.27812718379  7.925542E-16
4682.92662473794  7.533180E-16
4683.5751222921  7.045298E-16
4684.22361984626  7.201953E-16
4684.87211740042  7.479743E-16
4685.52061495458  7.082566E-16
4686.16911250873  6.596167E-16
4686.81761006289  6.742964E-16
4687.46610761705  6.905076E-16
4688.11460517121  6.882797E-16
4688.76310272537  6.264380E-16
4689.41160027952  6.292413E-16
4690.06009783368  6.627754E-16
4690.70859538784  6.329396E-16
4691.357092942  6.597581E-16
4692.00559049616  6.414107E-16
4692.65408805031  7.065452E-16
4693.30258560447  6.969895E-16
4693.95108315863  7.313350E-16
4694.59958071279  7.452832E-16
4695.24807826695  7.257251E-16
4695.8965758211  7.025709E-16
4696.54507337526  6.912670E-16
4697.19357092942  6.649311E-16
4697.84206848358  6.669780E-16
4698.49056603773  6.747922E-16
4699.13906359189  6.388471E-16
4699.78756114605  6.542328E-16
4700.43605870021  7.276897E-16
4701.08455625437  7.141933E-16
4701.73305380852  7.104426E-16
4702.38155136268  6.701053E-16
4703.03004891684  6.752637E-16
4703.678546471  7.240120E-16
4704.32704402516  7.389292E-16
4704.97554157931  7.630775E-16
4705.62403913347  7.365360E-16
4706.27253668763  7.530367E-16
4706.92103424179  7.669972E-16
4707.56953179595  7.898745E-16
4708.2180293501  7.978457E-16
4708.86652690426  7.606879E-16
4709.51502445842  7.834913E-16
4710.16352201258  8.170934E-16
4710.81201956674  8.444334E-16
4711.46051712089  8.108977E-16
4712.10901467505  7.959780E-16
4712.75751222921  7.667490E-16
4713.40600978337  7.654763E-16
4714.05450733753  7.778816E-16
4714.70300489168  7.646268E-16
4715.35150244584  7.577087E-16
4716.  6.272847E-16
