3785.  2.282292E-16
3785.64919636618  -3.040609E-17
3786.29839273236  1.206559E-16
3786.94758909853  1.257553E-16
3787.59678546471  1.196296E-16
3788.24598183089  4.428518E-17
3788.89517819706  1.045137E-16
3789.54437456324  1.104351E-16
3790.19357092942  2.955781E-17
3790.8427672956  6.770252E-17
3791.49196366178  7.722698E-17
3792.14116002795  1.319779E-16
3792.79035639413  1.018405E-16
3793.43955276031  1.864000E-18
3794.08874912649  5.651223E-17
3794.73794549266  3.729194E-17
3795.38714185884  6.192571E-18
3796.03633822502  3.902127E-18
3796.6855345912  6.120503E-17
3797.33473095737  7.573212E-17
3797.98392732355  7.732986E-17
3798.63312368973  1.368154E-16
3799.28232005591  6.545505E-17
3799.93151642208  6.795133E-17
3800.58071278826  1.243957E-16
3801.22990915444  1.004922E-16
3801.87910552061  1.054125E-16
3802.52830188679  5.048698E-17
3803.17749825297  7.659899E-17
3803.82669461915  4.543320E-17
3804.47589098533  2.229130E-17
3805.1250873515  5.467256E-17
3805.77428371768  2.498969E-17
3806.42348008386  2.337763E-17
3807.07267645004  -5.021709E-17
3807.72187281621  9.835371E-17
3808.37106918239  9.396287E-17
3809.02026554857  4.612485E-17
3809.66946191475  1.058145E-16
3810.31865828092  1.040343E-16
3810.9678546471  1.220444E-16
3811.61705101328  8.137007E-17
3812.26624737946  -2.854112E-17
3812.91544374563  6.404075E-17
3813.56464011181  1.619949E-16
3814.21383647799  -3.517201E-17
3814.86303284417  3.087863E-18
3815.51222921034  1.196644E-16
3816.16142557652  1.564505E-17
3816.8106219427  -3.493062E-17
3817.45981830887  1.006409E-16
3818.10901467505  4.891706E-17
3818.75821104123  -3.644084E-17
3819.40740740741  7.170762E-17
3820.05660377359  1.171245E-16
3820.70580013976  4.232973E-17
3821.35499650594  8.824241E-18
3822.00419287212  1.437800E-16
3822.6533892383  1.655270E-16
3823.30258560447  5.718454E-17
3823.95178197065  4.738067E-17
3824.60097833683  3.425206E-17
3825.25017470301  9.337255E-17
3825.89937106918  5.054281E-17
3826.54856743536  1.354390E-16
3827.19776380154  1.658853E-16
3827.84696016772  6.967182E-17
3828.49615653389  5.111138E-17
3829.14535290007  1.947612E-16
3829.79454926625  1.111553E-16
3830.44374563242  8.736746E-17
3831.0929419986  4.879194E-17
3831.74213836478  1.444409E-16
3832.39133473096  9.132241E-17
3833.04053109714  8.552075E-17
3833.68972746331  1.905102E-16
3834.33892382949  1.819282E-16
3834.98812019567  1.443833E-16
3835.63731656185  9.575412E-17
3836.28651292802  1.322743E-16
3836.9357092942  1.942848E-16
3837.58490566038  1.041369E-16
3838.23410202656  1.145405E-16
3838.88329839273  1.083478E-16
3839.53249475891  1.157096E-16
3840.18169112509  1.106902E-16
3840.83088749127  1.424680E-16
3841.48008385744  2.351614E-16
3842.12928022362  8.174649E-17
3842.7784765898  7.429223E-17
3843.42767295598  1.479560E-16
3844.07686932215  1.179700E-16
3844.72606568833  1.423613E-16
3845.37526205451  1.813531E-16
3846.02445842068  1.370433E-16
3846.67365478686  1.213588E-16
3847.32285115304  9.384891E-17
3847.97204751922  1.744147E-16
3848.62124388539  1.437096E-16
3849.27044025157  9.391922E-17
3849.91963661775  6.568666E-17
3850.56883298393  1.641165E-16
3851.21802935011  1.827863E-16
3851.86722571628  8.045249E-17
3852.51642208246  1.194751E-16
3853.16561844864  1.382613E-16
3853.81481481482  9.054406E-17
3854.46401118099  3.977680E-17
3855.11320754717  8.033667E-17
3855.76240391335  1.606859E-16
3856.41160027953  1.257192E-16
3857.0607966457  5.266727E-17
3857.70999301188  2.116624E-16
3858.35918937806  2.247233E-16
3859.00838574423  1.538142E-16
3859.65758211041  1.872239E-16
3860.30677847659  2.006328E-16
3860.95597484277  2.148640E-16
3861.60517120895  1.661096E-16
3862.25436757512  1.783588E-16
3862.9035639413  1.754740E-16
3863.55276030748  1.434671E-16
3864.20195667366  1.633294E-16
3864.85115303983  2.126677E-16
3865.50034940601  1.651449E-16
3866.14954577219  1.397697E-16
3866.79874213837  1.143194E-16
3867.44793850454  1.658365E-16
3868.09713487072  1.011258E-16
3868.7463312369  1.077149E-16
3869.39552760308  1.484709E-16
3870.04472396925  1.363336E-16
3870.69392033543  8.475977E-17
3871.34311670161  7.295144E-17
3871.99231306779  7.186834E-17
3872.64150943396  9.851988E-17
3873.29070580014  8.089617E-17
3873.93990216632  8.645072E-17
3874.58909853249  1.538949E-16
3875.23829489867  4.212037E-17
3875.88749126485  4.087489E-17
3876.53668763103  9.880840E-17
3877.1858839972  1.039659E-16
3877.83508036338  8.265690E-17
3878.48427672956  4.378386E-17
3879.13347309574  1.205312E-16
3879.78266946192  1.134271E-16
3880.43186582809  1.001588E-16
3881.08106219427  9.312521E-17
3881.73025856045  6.478202E-17
3882.37945492663  9.963674E-17
3883.0286512928  5.816249E-17
3883.67784765898  2.318488E-17
3884.32704402516  9.064622E-17
3884.97624039133  7.629197E-17
3885.62543675751  5.837086E-17
3886.27463312369  1.003581E-16
3886.92382948987  1.587801E-16
3887.57302585604  9.538024E-17
3888.22222222222  3.780320E-17
3888.8714185884  1.183168E-16
3889.52061495458  1.332819E-16
3890.16981132076  1.698457E-17
3890.81900768693  5.318540E-17
3891.46820405311  1.038961E-16
3892.11740041929  6.579408E-17
3892.76659678547  4.293569E-17
3893.41579315164  8.351217E-17
3894.06498951782  1.152064E-16
3894.714185884  7.778616E-17
3895.36338225018  5.382250E-17
3896.01257861635  1.062632E-16
3896.66177498253  3.488198E-17
3897.31097134871  4.081362E-17
3897.96016771489  9.311154E-17
3898.60936408106  1.393713E-16
3899.25856044724  1.255958E-16
3899.90775681342  1.347088E-16
3900.5569531796  1.089097E-16
3901.20614954577  1.480474E-16
3901.85534591195  1.546627E-16
3902.50454227813  1.286567E-16
3903.1537386443  2.181179E-16
3903.80293501048  1.980786E-16
3904.45213137666  1.396938E-16
3905.10132774284  1.754911E-16
3905.75052410902  2.053541E-16
3906.39972047519  2.131253E-16
3907.04891684137  1.052168E-16
3907.69811320755  1.258077E-16
3908.34730957373  1.993581E-16
3908.9965059399  1.321225E-16
3909.64570230608  1.137207E-16
3910.29489867226  1.745858E-16
3910.94409503844  1.405744E-16
3911.59329140461  1.669044E-16
3912.24248777079  9.803962E-17
3912.89168413697  1.318005E-16
3913.54088050315  1.680989E-16
3914.19007686932  1.022534E-16
3914.8392732355  9.533076E-17
3915.48846960168  1.385774E-16
3916.13766596785  1.037746E-16
3916.78686233403  3.807834E-17
3917.43605870021  1.153423E-16
3918.08525506639  1.905610E-16
3918.73445143257  1.265230E-16
3919.38364779874  8.710866E-17
3920.03284416492  1.799013E-16
3920.6820405311  2.087788E-16
3921.33123689728  1.976460E-16
3921.98043326345  1.917252E-16
3922.62962962963  2.136413E-16
3923.27882599581  1.798509E-16
3923.92802236199  1.725341E-16
3924.57721872816  1.948912E-16
3925.22641509434  2.032889E-16
3925.87561146052  1.680755E-16
3926.5248078267  1.074100E-16
3927.17400419287  1.145241E-16
3927.82320055905  2.356309E-16
3928.47239692523  1.497215E-16
3929.12159329141  1.284619E-16
3929.77078965758  1.839215E-16
3930.41998602376  2.041631E-16
3931.06918238994  1.962835E-16
3931.71837875611  1.935025E-16
3932.36757512229  2.054322E-16
3933.01677148847  1.590999E-16
3933.66596785465  1.311239E-16
3934.31516422083  1.549982E-16
3934.964360587  1.542582E-16
3935.61355695318  1.083253E-16
3936.26275331936  8.691972E-17
3936.91194968554  1.276400E-16
3937.56114605171  1.353255E-16
3938.21034241789  1.332907E-16
3938.85953878407  1.420531E-16
3939.50873515025  1.283813E-16
3940.15793151642  1.222515E-16
3940.8071278826  1.376968E-16
3941.45632424878  1.272653E-16
3942.10552061496  1.405203E-16
3942.75471698113  1.457958E-16
3943.40391334731  1.083299E-16
3944.05310971349  1.338722E-16
3944.70230607966  1.013270E-16
3945.35150244584  9.252957E-17
3946.00069881202  4.911272E-17
3946.6498951782  6.338426E-17
3947.29909154438  9.989255E-17
3947.94828791055  5.080349E-17
3948.59748427673  1.093683E-16
3949.24668064291  1.721342E-16
3949.89587700909  1.497002E-16
3950.54507337526  1.535264E-16
3951.19426974144  1.902326E-16
3951.84346610762  1.195194E-16
3952.4926624738  1.440631E-16
3953.14185883997  1.243241E-16
3953.79105520615  9.873399E-17
3954.44025157233  1.993857E-16
3955.08944793851  1.403798E-16
3955.73864430468  1.371168E-16
3956.38784067086  1.452545E-16
3957.03703703704  1.401790E-16
3957.68623340322  7.150224E-17
3958.33542976939  9.199768E-17
3958.98462613557  9.260185E-17
3959.63382250175  7.437634E-17
3960.28301886792  9.246052E-17
3960.9322152341  1.113298E-16
3961.58141160028  1.186461E-16
3962.23060796646  1.449307E-16
3962.87980433263  1.207011E-16
3963.52900069881  1.105191E-16
3964.17819706499  1.902515E-16
3964.82739343117  1.856764E-16
3965.47658979735  1.595645E-16
3966.12578616352  1.708186E-16
3966.7749825297  1.541160E-16
3967.42417889588  1.815920E-16
3968.07337526206  1.493994E-16
3968.72257162823  1.700468E-16
3969.37176799441  1.842411E-16
3970.02096436059  1.221744E-16
3970.67016072677  1.436669E-16
3971.31935709294  1.469392E-16
3971.96855345912  1.336004E-16
3972.6177498253  1.181180E-16
3973.26694619147  1.088087E-16
3973.91614255765  1.329443E-16
3974.56533892383  1.077592E-16
3975.21453529001  1.036914E-16
3975.86373165619  1.178606E-16
3976.51292802236  1.481074E-16
3977.16212438854  1.752465E-16
3977.81132075472  1.462808E-16
3978.4605171209  1.364158E-16
3979.10971348707  1.401634E-16
3979.75890985325  1.014220E-16
3980.40810621943  1.349580E-16
3981.05730258561  1.274887E-16
3981.70649895178  1.278393E-16
3982.35569531796  8.600159E-17
3983.00489168414  9.225127E-17
3983.65408805032  1.128997E-16
3984.30328441649  9.885054E-17
3984.95248078267  4.442261E-17
3985.60167714885  1.209028E-16
3986.25087351503  9.243435E-17
3986.9000698812  5.303989E-17
3987.54926624738  7.238235E-17
3988.19846261356  8.618395E-17
3988.84765897974  6.982866E-17
3989.49685534591  5.441985E-17
3990.14605171209  1.839659E-17
3990.79524807827  3.493066E-17
3991.44444444444  7.553367E-17
3992.09364081062  1.148251E-16
3992.7428371768  3.610799E-17
3993.39203354298  8.332468E-17
3994.04122990916  9.064720E-17
3994.69042627533  4.732736E-17
3995.33962264151  6.000300E-17
3995.98881900769  1.317898E-16
3996.63801537387  7.737740E-17
3997.28721174004  1.047703E-16
3997.93640810622  1.203130E-16
3998.5856044724  1.388549E-16
3999.23480083857  1.465348E-16
3999.88399720475  1.027538E-16
4000.53319357093  9.171378E-17
4001.18238993711  1.621378E-16
4001.83158630328  1.023395E-16
4002.48078266946  1.342321E-16
4003.12997903564  1.796389E-16
4003.77917540182  1.309052E-16
4004.428371768  1.142063E-16
4005.07756813417  1.618768E-16
4005.72676450035  1.551713E-16
4006.37596086653  1.483942E-16
4007.02515723271  1.024636E-16
4007.67435359888  1.318229E-16
4008.32354996506  1.696252E-16
4008.97274633124  1.400494E-16
4009.62194269742  1.062708E-16
4010.27113906359  1.184823E-16
4010.92033542977  1.551995E-16
4011.56953179595  1.233955E-16
4012.21872816213  1.359802E-16
4012.8679245283  1.520328E-16
4013.51712089448  1.228634E-16
4014.16631726066  1.246096E-16
4014.81551362684  1.184425E-16
4015.46470999301  1.714023E-16
4016.11390635919  1.157783E-16
4016.76310272537  9.745246E-17
4017.41229909154  1.519678E-16
4018.06149545772  1.098950E-16
4018.7106918239  1.213797E-16
4019.35988819008  1.249627E-16
4020.00908455626  1.552509E-16
4020.65828092243  1.561798E-16
4021.30747728861  9.137467E-17
4021.95667365479  8.009186E-17
4022.60587002097  1.787472E-16
4023.25506638714  1.173591E-16
4023.90426275332  9.286943E-17
4024.5534591195  5.075224E-17
4025.20265548568  9.303983E-17
4025.85185185185  6.001927E-17
4026.50104821803  2.856225E-17
4027.15024458421  4.423558E-17
4027.79944095039  4.460489E-17
4028.44863731656  2.865917E-17
4029.09783368274  7.739910E-17
4029.74703004892  8.172653E-17
4030.39622641509  9.287389E-17
4031.04542278127  1.071882E-16
4031.69461914745  1.210188E-16
4032.34381551363  9.986507E-17
4032.99301187981  1.402326E-16
4033.64220824598  9.737753E-17
4034.29140461216  1.383379E-16
4034.94060097834  1.443576E-16
4035.58979734452  1.647473E-16
4036.23899371069  9.184649E-17
4036.88819007687  1.369280E-16
4037.53738644305  2.040108E-16
4038.18658280923  1.226393E-16
4038.8357791754  9.007224E-17
4039.48497554158  1.065595E-16
4040.13417190776  1.807057E-16
4040.78336827394  1.603922E-16
4041.43256464011  1.767938E-16
4042.08176100629  1.645949E-16
4042.73095737247  1.660023E-16
4043.38015373865  1.380106E-16
4044.02935010482  1.098524E-16
4044.678546471  1.645931E-16
4045.32774283718  1.549213E-16
4045.97693920335  1.374409E-16
4046.62613556953  1.740873E-16
4047.27533193571  1.788635E-16
4047.92452830189  1.902694E-16
4048.57372466807  1.787011E-16
4049.22292103424  1.344945E-16
4049.87211740042  1.852413E-16
4050.5213137666  1.621854E-16
4051.17051013278  1.259102E-16
4051.81970649895  1.880863E-16
4052.46890286513  1.850257E-16
4053.11809923131  1.353147E-16
4053.76729559749  1.417190E-16
4054.41649196366  1.658971E-16
4055.06568832984  1.662326E-16
4055.71488469602  1.670586E-16
4056.3640810622  1.631266E-16
4057.01327742837  1.733586E-16
4057.66247379455  1.672349E-16
4058.31167016073  1.281620E-16
4058.9608665269  1.653694E-16
4059.61006289308  1.989942E-16
4060.25925925926  1.986446E-16
4060.90845562544  1.480741E-16
4061.55765199162  1.502395E-16
4062.20684835779  1.400597E-16
4062.85604472397  1.725065E-16
4063.50524109015  1.544338E-16
4064.15443745633  2.049886E-16
4064.8036338225  2.349476E-16
4065.45283018868  1.827022E-16
4066.10202655486  1.528631E-16
4066.75122292104  1.429317E-16
4067.40041928721  1.918591E-16
4068.04961565339  2.059393E-16
4068.69881201957  1.818844E-16
4069.34800838575  1.869665E-16
4069.99720475192  1.750546E-16
4070.6464011181  1.489004E-16
4071.29559748428  1.356384E-16
4071.94479385046  1.426827E-16
4072.59399021663  1.798231E-16
4073.24318658281  1.775687E-16
4073.89238294899  1.470966E-16
4074.54157931517  1.153832E-16
4075.19077568134  1.571593E-16
4075.83997204752  1.603878E-16
4076.4891684137  1.460629E-16
4077.13836477988  1.686276E-16
4077.78756114605  1.790882E-16
4078.43675751223  1.994880E-16
4079.08595387841  2.180613E-16
4079.73515024459  1.688792E-16
4080.38434661076  1.558774E-16
4081.03354297694  2.139820E-16
4081.68273934312  2.205371E-16
4082.3319357093  1.924409E-16
4082.98113207547  1.269726E-16
4083.63032844165  1.502873E-16
4084.27952480783  1.693794E-16
4084.92872117401  1.449230E-16
4085.57791754018  1.355909E-16
4086.22711390636  1.393268E-16
4086.87631027254  1.750663E-16
4087.52550663871  1.493341E-16
4088.17470300489  1.072111E-16
4088.82389937107  1.422315E-16
4089.47309573725  1.517280E-16
4090.12229210343  1.453625E-16
4090.7714884696  1.432373E-16
4091.42068483578  1.001342E-16
4092.06988120196  1.617036E-16
4092.71907756814  1.598155E-16
4093.36827393431  1.541072E-16
4094.01747030049  1.861037E-16
4094.66666666667  1.803958E-16
4095.31586303285  1.856018E-16
4095.96505939902  1.872965E-16
4096.6142557652  2.367774E-16
4097.26345213138  2.048941E-16
4097.91264849756  1.778038E-16
4098.56184486373  1.843930E-16
4099.21104122991  1.880631E-16
4099.86023759609  2.025576E-16
4100.50943396227  1.453040E-16
4101.15863032844  1.776408E-16
4101.80782669462  2.057827E-16
4102.4570230608  2.035394E-16
4103.10621942698  1.851305E-16
4103.75541579315  1.811921E-16
4104.40461215933  1.814444E-16
4105.05380852551  1.888045E-16
4105.70300489169  1.321141E-16
4106.35220125786  1.006128E-16
4107.00139762404  1.710147E-16
4107.65059399022  1.365159E-16
4108.2997903564  9.935749E-17
4108.94898672257  1.590950E-16
4109.59818308875  1.796787E-16
4110.24737945493  1.834443E-16
4110.89657582111  1.558647E-16
4111.54577218728  1.656540E-16
4112.19496855346  1.892520E-16
4112.84416491964  1.496692E-16
4113.49336128582  1.538000E-16
4114.14255765199  1.958279E-16
4114.79175401817  1.975813E-16
4115.44095038435  1.909735E-16
4116.09014675052  1.739248E-16
4116.7393431167  1.942817E-16
4117.38853948288  2.248801E-16
4118.03773584906  1.877775E-16
4118.68693221524  2.235129E-16
4119.33612858141  2.393863E-16
4119.98532494759  2.224829E-16
4120.63452131377  1.993503E-16
4121.28371767995  1.917647E-16
4121.93291404612  2.066026E-16
4122.5821104123  1.939590E-16
4123.23130677848  1.650196E-16
4123.88050314466  1.836878E-16
4124.52969951083  2.065037E-16
4125.17889587701  1.842094E-16
4125.82809224319  1.421552E-16
4126.47728860937  1.436420E-16
4127.12648497554  1.703487E-16
4127.77568134172  1.470945E-16
4128.4248777079  1.735751E-16
4129.07407407408  1.819223E-16
4129.72327044025  1.423236E-16
4130.37246680643  1.578310E-16
4131.02166317261  1.778412E-16
4131.67085953879  1.369632E-16
4132.32005590496  1.428832E-16
4132.96925227114  1.169056E-16
4133.61844863732  1.177779E-16
4134.2676450035  1.404756E-16
4134.91684136967  1.230544E-16
4135.56603773585  1.493979E-16
4136.21523410203  1.010239E-16
4136.86443046821  1.434790E-16
4137.51362683438  1.516931E-16
4138.16282320056  1.132330E-16
4138.81201956674  1.224405E-16
4139.46121593292  1.816125E-16
4140.11041229909  1.766401E-16
4140.75960866527  1.419060E-16
4141.40880503145  1.684844E-16
4142.05800139763  2.080563E-16
4142.7071977638  2.183084E-16
4143.35639412998  2.418723E-16
4144.00559049616  2.482405E-16
4144.65478686233  2.627024E-16
4145.30398322851  2.022329E-16
4145.95317959469  2.235793E-16
4146.60237596087  2.436190E-16
4147.25157232705  2.373524E-16
4147.90076869322  2.183668E-16
4148.5499650594  2.141260E-16
4149.19916142558  2.216689E-16
4149.84835779176  2.199394E-16
4150.49755415793  2.123166E-16
4151.14675052411  2.265933E-16
4151.79594689029  2.297794E-16
4152.44514325647  1.944642E-16
4153.09433962264  1.992130E-16
4153.74353598882  2.136128E-16
4154.392732355  2.523088E-16
4155.04192872118  2.327844E-16
4155.69112508735  2.140735E-16
4156.34032145353  2.165674E-16
4156.98951781971  2.209431E-16
4157.63871418589  1.834916E-16
4158.28791055206  2.019788E-16
4158.93710691824  2.114541E-16
4159.58630328442  1.862442E-16
4160.2354996506  1.552581E-16
4160.88469601677  1.351843E-16
4161.53389238295  1.142523E-16
4162.18308874913  1.292116E-16
4162.83228511531  1.039371E-16
4163.48148148148  1.208328E-16
4164.13067784766  1.684240E-16
4164.77987421384  1.556477E-16
4165.42907058002  1.681568E-16
4166.07826694619  2.471184E-16
4166.72746331237  2.835845E-16
4167.37665967855  2.459527E-16
4168.02585604473  2.569591E-16
4168.6750524109  2.944477E-16
4169.32424877708  3.247328E-16
4169.97344514326  2.751382E-16
4170.62264150944  2.736963E-16
4171.27183787561  2.928514E-16
4171.92103424179  2.881616E-16
4172.57023060797  2.970139E-16
4173.21942697414  2.309097E-16
4173.86862334032  2.309729E-16
4174.5178197065  3.199096E-16
4175.16701607268  2.984469E-16
4175.81621243886  2.434197E-16
4176.46540880503  2.498158E-16
4177.11460517121  2.534756E-16
4177.76380153739  2.322047E-16
4178.41299790357  2.629486E-16
4179.06219426974  2.552160E-16
4179.71139063592  2.667581E-16
4180.3605870021  2.768442E-16
4181.00978336828  2.430851E-16
4181.65897973445  2.291957E-16
4182.30817610063  2.192868E-16
4182.95737246681  2.109128E-16
4183.60656883299  2.024891E-16
4184.25576519916  2.221473E-16
4184.90496156534  1.970475E-16
4185.55415793152  1.524948E-16
4186.2033542977  1.840800E-16
4186.85255066387  2.245434E-16
4187.50174703005  2.232370E-16
4188.15094339623  2.260722E-16
4188.80013976241  2.101994E-16
4189.44933612858  2.263676E-16
4190.09853249476  1.943888E-16
4190.74772886094  1.790941E-16
4191.39692522712  2.014590E-16
4192.04612159329  2.103321E-16
4192.69531795947  2.039479E-16
4193.34451432565  1.917670E-16
4193.99371069183  1.886993E-16
4194.642907058  2.246130E-16
4195.29210342418  2.200487E-16
4195.94129979036  2.168160E-16
4196.59049615654  2.393776E-16
4197.23969252271  2.671294E-16
4197.88888888889  2.500028E-16
4198.53808525507  2.178139E-16
4199.18728162125  2.336978E-16
4199.83647798742  2.796580E-16
4200.4856743536  2.304221E-16
4201.13487071978  2.045065E-16
4201.78406708596  2.391303E-16
4202.43326345213  2.338106E-16
4203.08245981831  1.996711E-16
4203.73165618449  2.098374E-16
4204.38085255067  2.365729E-16
4205.03004891684  1.997549E-16
4205.67924528302  1.619476E-16
4206.3284416492  1.645712E-16
4206.97763801538  2.009727E-16
4207.62683438155  1.771745E-16
4208.27603074773  1.259708E-16
4208.92522711391  1.200309E-16
4209.57442348009  1.541198E-16
4210.22361984626  1.694572E-16
4210.87281621244  1.500291E-16
4211.52201257862  1.393287E-16
4212.1712089448  1.576147E-16
4212.82040531097  1.645745E-16
4213.46960167715  1.521961E-16
4214.11879804333  1.659843E-16
4214.76799440951  1.797562E-16
4215.41719077568  1.823004E-16
4216.06638714186  1.619226E-16
4216.71558350804  1.734764E-16
4217.36477987422  1.924059E-16
4218.01397624039  1.790676E-16
4218.66317260657  1.416997E-16
4219.31236897275  1.289830E-16
4219.96156533893  1.474712E-16
4220.6107617051  1.568162E-16
4221.25995807128  1.606886E-16
4221.90915443746  1.571597E-16
4222.55835080364  1.509676E-16
4223.20754716981  1.631049E-16
4223.85674353599  1.413178E-16
4224.50593990217  1.709063E-16
4225.15513626835  1.788668E-16
4225.80433263452  1.753075E-16
4226.4535290007  1.810213E-16
4227.10272536688  1.944087E-16
4227.75192173306  1.915777E-16
4228.40111809923  1.957575E-16
4229.05031446541  1.819785E-16
4229.69951083159  1.975063E-16
4230.34870719777  2.058902E-16
4230.99790356394  1.866906E-16
4231.64709993012  1.858795E-16
4232.2962962963  1.776010E-16
4232.94549266248  1.599268E-16
4233.59468902865  1.082671E-16
4234.24388539483  1.461196E-16
4234.89308176101  1.647022E-16
4235.54227812719  1.187320E-16
4236.19147449336  1.131752E-16
4236.84067085954  1.184582E-16
4237.48986722572  1.331664E-16
4238.1390635919  1.259858E-16
4238.78825995807  1.018704E-16
4239.43745632425  1.005405E-16
4240.08665269043  1.412346E-16
4240.73584905661  1.346117E-16
4241.38504542278  1.482748E-16
4242.03424178896  1.403051E-16
4242.68343815514  1.472533E-16
4243.33263452132  1.608411E-16
4243.98183088749  1.401586E-16
4244.63102725367  1.656181E-16
4245.28022361985  2.073544E-16
4245.92941998603  1.472581E-16
4246.5786163522  1.775190E-16
4247.22781271838  1.955490E-16
4247.87700908456  2.111938E-16
4248.52620545074  2.168637E-16
4249.17540181691  2.130520E-16
4249.82459818309  2.012789E-16
4250.47379454927  2.520192E-16
4251.12299091544  2.390890E-16
4251.77218728162  2.255722E-16
4252.4213836478  2.335201E-16
4253.07058001398  2.206002E-16
4253.71977638016  2.270681E-16
4254.36897274633  2.368149E-16
4255.01816911251  2.453187E-16
4255.66736547869  2.453544E-16
4256.31656184487  2.162735E-16
4256.96575821104  2.433834E-16
4257.61495457722  2.288210E-16
4258.2641509434  2.057020E-16
4258.91334730957  2.539401E-16
4259.56254367575  2.382377E-16
4260.21174004193  2.208355E-16
4260.86093640811  2.212106E-16
4261.51013277429  2.048548E-16
4262.15932914046  2.167414E-16
4262.80852550664  2.170862E-16
4263.45772187282  1.759102E-16
4264.106918239  1.692302E-16
4264.75611460517  1.400650E-16
4265.40531097135  1.560619E-16
4266.05450733753  1.427464E-16
4266.70370370371  1.560683E-16
4267.35290006988  1.338414E-16
4268.00209643606  1.497250E-16
4268.65129280224  1.388358E-16
4269.30048916842  1.367499E-16
4269.94968553459  1.023882E-16
4270.59888190077  1.204149E-16
4271.24807826695  1.315289E-16
4271.89727463313  1.230397E-16
4272.5464709993  1.471616E-16
4273.19566736548  1.498548E-16
4273.84486373166  1.335981E-16
4274.49406009784  1.291777E-16
4275.14325646401  1.311254E-16
4275.79245283019  1.474913E-16
4276.44164919637  1.495476E-16
4277.09084556255  1.261408E-16
4277.74004192872  1.214277E-16
4278.3892382949  1.363525E-16
4279.03843466108  1.596768E-16
4279.68763102726  1.608503E-16
4280.33682739343  1.662699E-16
4280.98602375961  1.922156E-16
4281.63522012579  2.278318E-16
4282.28441649197  2.005980E-16
4282.93361285814  1.731671E-16
4283.58280922432  2.410785E-16
4284.2320055905  1.961478E-16
4284.88120195668  2.026252E-16
4285.53039832285  2.344924E-16
4286.17959468903  2.099602E-16
4286.82879105521  1.876470E-16
4287.47798742138  1.834778E-16
4288.12718378756  2.195769E-16
4288.77638015374  2.161054E-16
4289.42557651992  2.070281E-16
4290.0747728861  1.783183E-16
4290.72396925227  1.815169E-16
4291.37316561845  1.769310E-16
4292.02236198463  1.727870E-16
4292.67155835081  1.543192E-16
4293.32075471698  1.689996E-16
4293.96995108316  1.504038E-16
4294.61914744934  1.553129E-16
4295.26834381552  1.401577E-16
4295.91754018169  1.745574E-16
4296.56673654787  1.395429E-16
4297.21593291405  1.237277E-16
4297.86512928023  1.518511E-16
4298.5143256464  1.621130E-16
4299.16352201258  1.924864E-16
4299.81271837876  1.713335E-16
4300.46191474494  1.889383E-16
4301.11111111111  2.053283E-16
4301.76030747729  2.222713E-16
4302.40950384347  2.211470E-16
4303.05870020965  1.774998E-16
4303.70789657582  1.858322E-16
4304.357092942  2.034568E-16
4305.00628930818  1.681149E-16
4305.65548567436  1.734073E-16
4306.30468204053  2.217676E-16
4306.95387840671  1.701807E-16
4307.60307477289  1.829749E-16
4308.25227113907  1.777598E-16
4308.90146750524  1.720188E-16
4309.55066387142  1.767941E-16
4310.1998602376  1.677151E-16
4310.84905660378  1.511010E-16
4311.49825296995  1.589351E-16
4312.14744933613  1.689979E-16
4312.79664570231  1.645043E-16
4313.44584206849  1.738011E-16
4314.09503843466  2.078903E-16
4314.74423480084  2.303502E-16
4315.39343116702  1.969437E-16
4316.0426275332  2.214869E-16
4316.69182389937  2.133206E-16
4317.34102026555  2.116913E-16
4317.99021663173  2.021560E-16
4318.63941299791  2.060541E-16
4319.28860936408  2.087101E-16
4319.93780573026  2.325506E-16
4320.58700209644  2.382589E-16
4321.23619846262  2.230645E-16
4321.88539482879  2.372164E-16
4322.53459119497  2.172842E-16
4323.18378756115  2.091259E-16
4323.83298392733  2.230219E-16
4324.4821802935  2.305140E-16
4325.13137665968  2.264956E-16
4325.78057302586  2.389675E-16
4326.42976939204  2.320001E-16
4327.07896575821  2.585066E-16
4327.72816212439  2.436997E-16
4328.37735849057  2.275745E-16
4329.02655485675  2.453922E-16
4329.67575122292  2.397516E-16
4330.3249475891  2.142719E-16
4330.97414395528  2.153326E-16
4331.62334032146  2.589168E-16
4332.27253668763  2.464448E-16
4332.92173305381  2.129781E-16
4333.57092941999  1.856225E-16
4334.22012578617  1.795805E-16
4334.86932215234  1.773205E-16
4335.51851851852  1.709791E-16
4336.1677148847  1.699283E-16
4336.81691125088  1.844476E-16
4337.46610761705  1.894743E-16
4338.11530398323  1.726020E-16
4338.76450034941  1.844207E-16
4339.41369671559  1.815188E-16
4340.06289308176  2.010591E-16
4340.71208944794  1.969899E-16
4341.36128581412  1.899269E-16
4342.0104821803  2.297562E-16
4342.65967854647  2.317327E-16
4343.30887491265  2.127973E-16
4343.95807127883  1.964005E-16
4344.60726764501  2.343528E-16
4345.25646401118  2.238055E-16
4345.90566037736  2.289963E-16
4346.55485674354  1.921320E-16
4347.20405310972  2.078785E-16
4347.85324947589  1.937639E-16
4348.50244584207  1.676155E-16
4349.15164220825  1.762357E-16
4349.80083857443  1.903203E-16
4350.4500349406  1.783261E-16
4351.09923130678  1.370820E-16
4351.74842767296  1.309854E-16
4352.39762403914  1.619137E-16
4353.04682040531  1.463359E-16
4353.69601677149  1.325204E-16
4354.34521313767  1.467611E-16
4354.99440950385  1.220347E-16
4355.64360587002  1.181484E-16
4356.2928022362  8.705709E-17
4356.94199860238  1.222074E-16
4357.59119496856  1.086164E-16
4358.24039133473  7.494701E-17
4358.88958770091  1.152950E-16
4359.53878406709  1.152103E-16
4360.18798043327  1.115384E-16
4360.83717679944  1.183188E-16
4361.48637316562  1.042055E-16
4362.1355695318  1.164637E-16
4362.78476589798  9.440648E-17
4363.43396226415  8.035256E-17
4364.08315863033  8.543835E-17
4364.73235499651  1.065337E-16
4365.38155136269  9.263085E-17
4366.03074772886  8.654730E-17
4366.67994409504  1.114981E-16
4367.32914046122  8.018679E-17
4367.9783368274  1.050115E-16
4368.62753319357  1.396998E-16
4369.27672955975  1.152955E-16
4369.92592592593  1.149924E-16
4370.57512229211  1.108821E-16
4371.22431865828  1.172017E-16
4371.87351502446  1.127958E-16
4372.52271139064  1.288666E-16
4373.17190775682  1.500623E-16
4373.82110412299  1.183639E-16
4374.47030048917  1.129487E-16
4375.11949685535  1.164003E-16
4375.76869322153  1.409199E-16
4376.4178895877  1.356544E-16
4377.06708595388  8.604789E-17
4377.71628232006  7.895328E-17
4378.36547868624  9.364502E-17
4379.01467505241  1.229735E-16
4379.66387141859  1.222038E-16
4380.31306778477  1.467864E-16
4380.96226415095  1.489087E-16
4381.61146051712  1.306519E-16
4382.2606568833  1.474866E-16
4382.90985324948  1.553950E-16
4383.55904961566  1.462192E-16
4384.20824598183  1.425312E-16
4384.85744234801  1.332956E-16
4385.50663871419  1.520103E-16
4386.15583508037  1.751926E-16
4386.80503144654  1.549555E-16
4387.45422781272  1.507726E-16
4388.1034241789  1.825037E-16
4388.75262054508  1.699701E-16
4389.40181691125  1.644453E-16
4390.05101327743  1.784522E-16
4390.70020964361  1.816108E-16
4391.34940600979  1.985420E-16
4391.99860237596  1.783454E-16
4392.64779874214  1.795668E-16
4393.29699510832  1.822309E-16
4393.9461914745  2.026835E-16
4394.59538784067  1.988017E-16
4395.24458420685  1.806706E-16
4395.89378057303  1.795514E-16
4396.54297693921  1.927699E-16
4397.19217330538  1.806658E-16
4397.84136967156  1.832404E-16
4398.49056603774  1.690246E-16
4399.13976240392  1.673779E-16
4399.78895877009  1.723226E-16
4400.43815513627  1.692457E-16
4401.08735150245  1.598906E-16
4401.73654786863  1.518901E-16
4402.3857442348  1.296957E-16
4403.03494060098  1.207389E-16
4403.68413696716  1.075861E-16
4404.33333333334  9.479239E-17
4404.98252969951  1.109099E-16
4405.63172606569  1.067154E-16
4406.28092243187  1.108616E-16
4406.93011879805  1.516879E-16
4407.57931516422  1.494715E-16
4408.2285115304  1.742857E-16
4408.87770789658  2.075596E-16
4409.52690426276  1.772138E-16
4410.17610062893  1.753581E-16
4410.82529699511  1.825895E-16
4411.47449336129  2.047857E-16
4412.12368972747  2.128160E-16
4412.77288609364  2.272258E-16
4413.42208245982  2.265038E-16
4414.071278826  2.127740E-16
4414.72047519218  2.165701E-16
4415.36967155835  2.119569E-16
4416.01886792453  1.765150E-16
4416.66806429071  2.030361E-16
4417.31726065689  2.001201E-16
4417.96645702306  1.610305E-16
4418.61565338924  1.260869E-16
4419.26484975542  1.867762E-16
4419.9140461216  2.135539E-16
4420.56324248777  1.838816E-16
4421.21243885395  2.020518E-16
4421.86163522013  2.185362E-16
4422.51083158631  2.174481E-16
4423.16002795248  1.831265E-16
4423.80922431866  2.003102E-16
4424.45842068484  2.102331E-16
4425.10761705102  2.080467E-16
4425.75681341719  1.899490E-16
4426.40600978337  2.129066E-16
4427.05520614955  2.265739E-16
4427.70440251573  2.224941E-16
4428.3535988819  2.139147E-16
4429.00279524808  2.141145E-16
4429.65199161426  2.156078E-16
4430.30118798044  2.384664E-16
4430.95038434661  1.990443E-16
4431.59958071279  1.988537E-16
4432.24877707897  2.051311E-16
4432.89797344515  2.054525E-16
4433.54716981132  1.710020E-16
4434.1963661775  1.461545E-16
4434.84556254368  1.458274E-16
4435.49475890986  1.639314E-16
4436.14395527603  1.655149E-16
4436.79315164221  1.465362E-16
4437.44234800839  1.440695E-16
4438.09154437457  1.570415E-16
4438.74074074074  1.485045E-16
4439.38993710692  1.344152E-16
4440.0391334731  1.343804E-16
4440.68832983928  1.473799E-16
4441.33752620545  1.395441E-16
4441.98672257163  1.560635E-16
4442.63591893781  1.546822E-16
4443.28511530399  1.470996E-16
4443.93431167016  1.229983E-16
4444.58350803634  1.511149E-16
4445.23270440252  1.753728E-16
4445.8819007687  2.008322E-16
4446.53109713487  1.626769E-16
4447.18029350105  1.396153E-16
4447.82948986723  1.678511E-16
4448.47868623341  1.692383E-16
4449.12788259958  1.485087E-16
4449.77707896576  1.732766E-16
4450.42627533194  1.591965E-16
4451.07547169812  1.303311E-16
4451.72466806429  1.469112E-16
4452.37386443047  1.554126E-16
4453.02306079665  1.472323E-16
4453.67225716283  1.395908E-16
4454.321453529  1.479916E-16
4454.97064989518  1.427643E-16
4455.61984626136  1.610906E-16
4456.26904262754  1.759175E-16
4456.91823899371  1.755833E-16
4457.56743535989  1.397697E-16
4458.21663172607  1.610957E-16
4458.86582809225  1.482089E-16
4459.51502445842  1.303079E-16
4460.1642208246  1.525896E-16
4460.81341719078  1.293368E-16
4461.46261355696  1.078510E-16
4462.11180992313  1.150121E-16
4462.76100628931  1.334213E-16
4463.41020265549  1.175805E-16
4464.05939902167  1.286443E-16
4464.70859538784  1.411808E-16
4465.35779175402  1.192584E-16
4466.0069881202  1.471749E-16
4466.65618448638  1.906176E-16
4467.30538085255  1.638924E-16
4467.95457721873  1.482530E-16
4468.60377358491  1.976854E-16
4469.25296995109  1.982877E-16
4469.90216631726  1.840709E-16
4470.55136268344  1.858238E-16
4471.20055904962  2.062342E-16
4471.8497554158  2.058358E-16
4472.49895178197  2.018984E-16
4473.14814814815  2.055682E-16
4473.79734451433  2.006246E-16
4474.44654088051  1.885531E-16
4475.09573724668  1.922892E-16
4475.74493361286  1.814278E-16
4476.39412997904  1.929055E-16
4477.04332634522  1.970801E-16
4477.69252271139  1.811987E-16
4478.34171907757  1.773584E-16
4478.99091544375  1.767124E-16
4479.64011180993  1.798544E-16
4480.2893081761  1.577295E-16
4480.93850454228  1.449723E-16
4481.58770090846  1.512551E-16
4482.23689727464  1.461895E-16
4482.88609364081  1.327512E-16
4483.53529000699  1.483382E-16
4484.18448637317  1.527081E-16
4484.83368273935  1.684559E-16
4485.48287910552  1.802802E-16
4486.1320754717  1.770317E-16
4486.78127183788  2.078399E-16
4487.43046820406  2.002622E-16
4488.07966457023  2.169711E-16
4488.72886093641  1.886258E-16
4489.37805730259  2.060159E-16
4490.02725366877  2.475276E-16
4490.67645003494  2.369843E-16
4491.32564640112  2.518868E-16
4491.9748427673  2.637306E-16
4492.62403913348  2.778985E-16
4493.27323549965  2.630242E-16
4493.92243186583  2.720536E-16
4494.57162823201  2.767629E-16
4495.22082459819  2.750997E-16
4495.87002096436  2.411890E-16
4496.51921733054  2.576429E-16
4497.16841369672  2.806162E-16
4497.8176100629  2.668948E-16
4498.46680642907  2.459340E-16
4499.11600279525  2.428465E-16
4499.76519916143  2.461146E-16
4500.41439552761  2.426113E-16
4501.06359189378  2.370244E-16
4501.71278825996  2.395237E-16
4502.36198462614  2.485447E-16
4503.01118099232  2.231889E-16
4503.66037735849  2.089061E-16
4504.30957372467  2.041870E-16
4504.95877009085  2.096560E-16
4505.60796645703  2.080898E-16
4506.2571628232  1.712582E-16
4506.90635918938  1.724989E-16
4507.55555555556  1.771929E-16
4508.20475192174  1.693279E-16
4508.85394828791  1.501724E-16
4509.50314465409  1.464634E-16
4510.15234102027  1.533471E-16
4510.80153738645  1.677366E-16
4511.45073375262  1.633124E-16
4512.0999301188  1.668730E-16
4512.74912648498  1.511927E-16
4513.39832285116  1.759723E-16
4514.04751921733  1.929637E-16
4514.69671558351  1.802112E-16
4515.34591194969  1.807005E-16
4515.99510831587  1.830715E-16
4516.64430468204  1.901465E-16
4517.29350104822  2.047942E-16
4517.9426974144  1.896432E-16
4518.59189378058  1.970819E-16
4519.24109014675  1.754185E-16
4519.89028651293  1.765194E-16
4520.53948287911  1.981843E-16
4521.18867924529  2.113547E-16
4521.83787561146  2.097090E-16
4522.48707197764  2.029152E-16
4523.13626834382  2.209522E-16
4523.78546471  2.380403E-16
4524.43466107617  2.158192E-16
4525.08385744235  1.945254E-16
4525.73305380853  2.069165E-16
4526.38225017471  2.215855E-16
4527.03144654088  1.947469E-16
4527.68064290706  1.794433E-16
4528.32983927324  2.030162E-16
4528.97903563942  2.109258E-16
4529.62823200559  1.999506E-16
4530.27742837177  1.927468E-16
4530.92662473795  1.803109E-16
4531.57582110413  1.846330E-16
4532.2250174703  1.870093E-16
4532.87421383648  1.743441E-16
4533.52341020266  1.760302E-16
4534.17260656884  1.775305E-16
4534.82180293501  1.458617E-16
4535.47099930119  1.575590E-16
4536.12019566737  1.801959E-16
4536.76939203355  1.933851E-16
4537.41858839972  1.857914E-16
4538.0677847659  1.570239E-16
4538.71698113208  1.859994E-16
4539.36617749826  2.133196E-16
4540.01537386443  2.125717E-16
4540.66457023061  2.258905E-16
4541.31376659679  2.465515E-16
4541.96296296297  2.566785E-16
4542.61215932914  2.738162E-16
4543.26135569532  2.389762E-16
4543.9105520615  2.435403E-16
4544.55974842768  2.700940E-16
4545.20894479385  2.697752E-16
4545.85814116003  2.431896E-16
4546.50733752621  2.529852E-16
4547.15653389239  2.417244E-16
4547.80573025856  2.584579E-16
4548.45492662474  2.403167E-16
4549.10412299092  2.091286E-16
4549.7533193571  2.366367E-16
4550.40251572327  2.509626E-16
4551.05171208945  2.088054E-16
4551.70090845563  2.220835E-16
4552.35010482181  2.312420E-16
4552.99930118798  2.220988E-16
4553.64849755416  1.910559E-16
4554.29769392034  2.068375E-16
4554.94689028652  2.159212E-16
4555.59608665269  1.795903E-16
4556.24528301887  1.835260E-16
4556.89447938505  1.599482E-16
4557.54367575123  1.793794E-16
4558.1928721174  1.718009E-16
4558.84206848358  1.517293E-16
4559.49126484976  1.560450E-16
4560.14046121594  1.745095E-16
4560.78965758211  1.609430E-16
4561.43885394829  1.478826E-16
4562.08805031447  1.639345E-16
4562.73724668065  1.718061E-16
4563.38644304682  1.877199E-16
4564.035639413  1.727030E-16
4564.68483577918  1.793359E-16
4565.33403214536  1.955316E-16
4565.98322851153  1.895941E-16
4566.63242487771  1.691909E-16
4567.28162124389  1.689702E-16
4567.93081761007  1.744283E-16
4568.58001397624  1.531133E-16
4569.22921034242  1.423146E-16
4569.8784067086  1.405670E-16
4570.52760307478  1.687155E-16
4571.17679944095  1.898767E-16
4571.82599580713  1.768380E-16
4572.47519217331  1.971899E-16
4573.12438853949  2.203711E-16
4573.77358490566  2.122958E-16
4574.42278127184  1.833441E-16
4575.07197763802  1.907685E-16
4575.7211740042  1.902237E-16
4576.37037037037  1.852384E-16
4577.01956673655  1.964784E-16
4577.66876310273  1.917758E-16
4578.31795946891  2.069128E-16
4578.96715583508  2.160894E-16
4579.61635220126  2.246200E-16
4580.26554856744  2.173008E-16
4580.91474493362  2.173653E-16
4581.56394129979  2.009420E-16
4582.21313766597  1.966846E-16
4582.86233403215  1.884867E-16
4583.51153039833  1.785421E-16
4584.1607267645  1.938844E-16
4584.80992313068  1.677665E-16
4585.45911949686  1.620446E-16
4586.10831586304  1.600120E-16
4586.75751222921  1.688952E-16
4587.40670859539  1.770117E-16
4588.05590496157  1.887686E-16
4588.70510132775  1.944243E-16
4589.35429769392  1.920299E-16
4590.0034940601  1.591785E-16
4590.65269042628  1.460496E-16
4591.30188679246  1.708801E-16
4591.95108315863  1.639379E-16
4592.60027952481  1.736585E-16
4593.24947589099  1.898980E-16
4593.89867225717  2.079864E-16
4594.54786862334  2.163476E-16
4595.19706498952  2.221011E-16
4595.8462613557  1.977418E-16
4596.49545772188  2.060000E-16
4597.14465408805  2.219284E-16
4597.79385045423  1.958274E-16
4598.44304682041  1.871319E-16
4599.09224318659  1.632048E-16
4599.74143955276  1.788640E-16
4600.39063591894  1.574693E-16
4601.03983228512  1.636724E-16
4601.6890286513  1.710684E-16
4602.33822501747  1.772863E-16
4602.98742138365  1.699791E-16
4603.63661774983  1.691934E-16
4604.28581411601  1.769765E-16
4604.93501048218  2.166607E-16
4605.58420684836  2.150990E-16
4606.23340321454  2.144788E-16
4606.88259958072  2.220491E-16
4607.53179594689  2.151616E-16
4608.18099231307  2.337993E-16
4608.83018867925  2.257423E-16
4609.47938504543  2.025400E-16
4610.1285814116  2.023098E-16
4610.77777777778  2.005807E-16
4611.42697414396  2.109893E-16
4612.07617051014  2.027953E-16
4612.72536687631  2.026160E-16
4613.37456324249  1.874613E-16
4614.02375960867  1.769572E-16
4614.67295597485  1.570625E-16
4615.32215234102  1.535937E-16
4615.9713487072  1.612563E-16
4616.62054507338  1.376032E-16
4617.26974143956  1.257108E-16
4617.91893780573  1.417823E-16
4618.56813417191  1.558489E-16
4619.21733053809  1.388347E-16
4619.86652690427  1.449328E-16
4620.51572327044  1.478966E-16
4621.16491963662  1.572787E-16
4621.8141160028  1.616900E-16
4622.46331236898  1.490673E-16
4623.11250873515  1.458787E-16
4623.76170510133  1.495914E-16
4624.41090146751  1.539426E-16
4625.06009783369  1.440928E-16
4625.70929419986  1.804818E-16
4626.35849056604  1.560828E-16
4627.00768693222  1.558675E-16
4627.6568832984  1.732799E-16
4628.30607966457  1.719766E-16
4628.95527603075  1.920805E-16
4629.60447239693  1.813574E-16
4630.25366876311  1.531785E-16
4630.90286512928  1.781970E-16
4631.55206149546  1.596202E-16
4632.20125786164  1.797413E-16
4632.85045422782  1.699472E-16
4633.49965059399  1.696405E-16
4634.14884696017  1.665500E-16
4634.79804332635  1.582688E-16
4635.44723969253  1.695537E-16
4636.0964360587  1.969953E-16
4636.74563242488  2.065128E-16
4637.39482879106  1.772175E-16
4638.04402515724  1.718035E-16
4638.69322152341  1.720408E-16
4639.34241788959  1.775666E-16
4639.99161425577  1.606612E-16
4640.64081062195  1.532295E-16
4641.29000698812  1.735804E-16
4641.9392033543  1.754698E-16
4642.58839972048  1.665020E-16
4643.23759608666  1.783121E-16
4643.88679245283  1.970317E-16
4644.53598881901  2.051558E-16
4645.18518518519  1.834839E-16
4645.83438155137  2.005491E-16
4646.48357791754  1.823984E-16
4647.13277428372  1.812919E-16
4647.7819706499  1.960949E-16
4648.43116701608  1.933180E-16
4649.08036338225  1.935133E-16
4649.72955974843  1.937397E-16
4650.37875611461  1.687416E-16
4651.02795248079  1.706343E-16
4651.67714884696  1.965206E-16
4652.32634521314  1.920596E-16
4652.97554157932  1.699850E-16
4653.6247379455  1.649503E-16
4654.27393431167  1.594608E-16
4654.92313067785  1.703250E-16
4655.57232704403  1.906732E-16
4656.22152341021  2.132754E-16
4656.87071977638  2.032282E-16
4657.51991614256  2.090872E-16
4658.16911250874  2.328776E-16
4658.81830887492  2.190140E-16
4659.46750524109  2.173410E-16
4660.11670160727  2.229185E-16
4660.76589797345  2.527320E-16
4661.41509433963  2.567307E-16
4662.0642907058  2.466785E-16
4662.71348707198  2.505363E-16
4663.36268343816  2.755765E-16
4664.01187980434  2.770620E-16
4664.66107617051  2.646500E-16
4665.31027253669  2.923480E-16
4665.95946890287  3.215544E-16
4666.60866526905  3.109039E-16
4667.25786163522  2.769045E-16
4667.9070580014  2.747693E-16
4668.55625436758  2.921606E-16
4669.20545073376  2.793896E-16
4669.85464709993  2.883468E-16
4670.50384346611  3.139196E-16
4671.15303983229  3.057741E-16
4671.80223619847  2.999820E-16
4672.45143256464  3.009289E-16
4673.10062893082  2.785885E-16
4673.749825297  2.921330E-16
4674.39902166318  2.923998E-16
4675.04821802935  2.773084E-16
4675.69741439553  2.918658E-16
4676.34661076171  3.081329E-16
4676.99580712789  2.899505E-16
4677.64500349406  2.743832E-16
4678.29419986024  2.648114E-16
4678.94339622642  2.865407E-16
4679.5925925926  2.710287E-16
4680.24178895877  2.776616E-16
4680.89098532495  2.554811E-16
4681.54018169113  2.513239E-16
4682.18937805731  2.630363E-16
4682.83857442348  2.388458E-16
4683.48777078966  2.337420E-16
4684.13696715584  2.557113E-16
4684.78616352202  2.555033E-16
4685.43535988819  2.205016E-16
4686.08455625437  2.247225E-16
4686.73375262055  2.399522E-16
4687.38294898673  2.398183E-16
4688.0321453529  2.083714E-16
4688.68134171908  2.006802E-16
4689.33053808526  2.311180E-16
4689.97973445144  2.329639E-16
4690.62893081761  2.078675E-16
4691.27812718379  2.236795E-16
4691.92732354997  2.176181E-16
4692.57651991615  2.246958E-16
4693.22571628232  2.197224E-16
4693.8749126485  2.117914E-16
4694.52410901468  2.293513E-16
4695.17330538086  2.293388E-16
4695.82250174703  2.402584E-16
4696.47169811321  1.945359E-16
4697.12089447939  2.054492E-16
4697.77009084557  2.296914E-16
4698.41928721174  2.138479E-16
4699.06848357792  2.067952E-16
4699.7176799441  2.123844E-16
4700.36687631028  2.241387E-16
4701.01607267645  2.328630E-16
4701.66526904263  2.137612E-16
4702.31446540881  2.135200E-16
4702.96366177499  2.243179E-16
4703.61285814116  2.348415E-16
4704.26205450734  2.476738E-16
4704.91125087352  2.282245E-16
4705.5604472397  2.470375E-16
4706.20964360587  2.580646E-16
4706.85883997205  2.628352E-16
4707.50803633823  2.651183E-16
4708.15723270441  2.717100E-16
4708.80642907058  2.816479E-16
4709.45562543676  2.858970E-16
4710.10482180294  2.834764E-16
4710.75401816912  2.779221E-16
4711.40321453529  3.022355E-16
4712.05241090147  3.100417E-16
4712.70160726765  3.058284E-16
4713.35080363383  3.016183E-16
4714.  2.974050E-16
