3800.  1.008948E-16
3803.04141018467  1.125353E-16
3806.08282036933  9.592868E-17
3809.124230554  6.382693E-17
3812.16564073867  6.644721E-17
3815.20705092334  1.068628E-16
3818.248461108  1.429167E-16
3821.28987129267  9.972594E-17
3824.33128147734  1.126946E-16
3827.372691662  1.442938E-16
3830.41410184667  1.242259E-16
3833.45551203134  1.621434E-16
3836.496922216  1.573026E-16
3839.53833240067  1.742570E-16
3842.57974258534  1.795884E-16
3845.62115277001  1.480876E-16
3848.66256295467  1.436758E-16
3851.70397313934  1.442807E-16
3854.74538332401  1.901426E-16
3857.78679350867  1.762581E-16
3860.82820369334  1.540095E-16
3863.86961387801  1.437220E-16
3866.91102406267  1.353677E-16
3869.95243424734  1.188768E-16
3872.99384443201  1.375345E-16
3876.03525461668  1.212665E-16
3879.07666480134  1.182209E-16
3882.11807498601  9.657397E-17
3885.15948517068  9.248654E-17
3888.20089535534  9.426835E-17
3891.24230554001  1.249179E-16
3894.28371572468  1.651597E-16
3897.32512590934  1.708812E-16
3900.36653609401  2.007586E-16
3903.40794627868  1.777684E-16
3906.44935646335  1.616445E-16
3909.49076664801  1.560689E-16
3912.53217683268  1.336780E-16
3915.57358701735  1.674569E-16
3918.61499720201  1.870835E-16
3921.65640738668  1.836265E-16
3924.69781757135  2.035128E-16
3927.73922775601  1.598319E-16
3930.78063794068  1.356334E-16
3933.82204812535  1.516553E-16
3936.86345831002  1.430381E-16
3939.90486849468  1.279903E-16
3942.94627867935  1.254106E-16
3945.98768886402  1.419023E-16
3949.02909904868  1.235893E-16
3952.07050923335  1.288110E-16
3955.11191941802  1.059590E-16
3958.15332960268  1.436992E-16
3961.19473978735  1.716111E-16
3964.23614997202  1.493407E-16
3967.27756015669  1.339821E-16
3970.31897034135  1.485057E-16
3973.36038052602  1.828369E-16
3976.40179071069  1.596532E-16
3979.44320089535  1.510965E-16
3982.48461108002  1.169834E-16
3985.52602126469  8.082249E-17
3988.56743144935  7.882028E-17
3991.60884163402  1.279196E-16
3994.65025181869  1.674794E-16
3997.69166200335  2.028593E-16
4000.73307218802  1.914630E-16
4003.77448237269  1.883416E-16
4006.81589255736  1.618563E-16
4009.85730274202  2.049091E-16
4012.89871292669  1.928491E-16
4015.94012311136  1.504432E-16
4018.98153329602  1.060101E-16
4022.02294348069  8.713701E-17
4025.06435366536  1.172541E-16
4028.10576385003  1.631057E-16
4031.14717403469  1.976877E-16
4034.18858421936  2.167801E-16
4037.22999440403  1.888998E-16
4040.27140458869  1.919293E-16
4043.31281477336  1.722951E-16
4046.35422495803  1.940847E-16
4049.39563514269  2.086601E-16
4052.43704532736  2.035252E-16
4055.47845551203  2.045575E-16
4058.5198656967  1.803394E-16
4061.56127588136  1.998364E-16
4064.60268606603  1.852527E-16
4067.6440962507  1.735710E-16
4070.68550643536  1.755199E-16
4073.72691662003  1.788893E-16
4076.7683268047  1.814500E-16
4079.80973698936  1.715791E-16
4082.85114717403  1.734432E-16
4085.8925573587  1.739631E-16
4088.93396754337  1.888230E-16
4091.97537772803  1.829636E-16
4095.0167879127  1.815441E-16
4098.05819809737  1.898255E-16
4101.09960828203  1.915780E-16
4104.1410184667  1.825867E-16
4107.18242865137  1.855987E-16
4110.22383883603  2.002327E-16
4113.2652490207  1.945695E-16
4116.30665920537  1.995354E-16
4119.34806939003  1.978131E-16
4122.3894795747  1.820475E-16
4125.43088975937  2.063249E-16
4128.47229994404  1.762568E-16
4131.5137101287  1.758936E-16
4134.55512031337  1.830280E-16
4137.59653049804  1.896612E-16
4140.6379406827  2.189887E-16
4143.67935086737  2.127511E-16
4146.72076105204  2.127655E-16
4149.76217123671  1.671400E-16
4152.80358142137  1.395848E-16
4155.84499160604  1.202917E-16
4158.88640179071  1.365665E-16
4161.92781197537  2.095270E-16
4164.96922216004  2.249551E-16
4168.01063234471  2.209430E-16
4171.05204252937  2.104227E-16
4174.09345271404  2.097671E-16
4177.13486289871  1.948222E-16
4180.17627308338  2.008034E-16
4183.21768326804  1.965440E-16
4186.25909345271  2.014632E-16
4189.30050363738  2.058904E-16
4192.34191382204  2.131051E-16
4195.38332400671  2.247736E-16
4198.42473419138  1.927452E-16
4201.46614437605  1.763819E-16
4204.50755456071  2.031585E-16
4207.54896474538  2.125893E-16
4210.59037493005  2.146842E-16
4213.63178511471  1.900132E-16
4216.67319529938  1.727965E-16
4219.71460548405  1.686314E-16
4222.75601566871  1.613000E-16
4225.79742585338  1.768522E-16
4228.83883603805  1.509708E-16
4231.88024622271  1.537736E-16
4234.92165640738  1.582652E-16
4237.96306659205  1.649668E-16
4241.00447677672  1.968372E-16
4244.04588696138  2.164403E-16
4247.08729714605  2.158468E-16
4250.12870733072  2.217148E-16
4253.17011751538  2.080224E-16
4256.21152770005  2.153153E-16
4259.25293788472  1.958225E-16
4262.29434806939  1.958102E-16
4265.33575825405  1.916120E-16
4268.37716843872  1.891377E-16
4271.41857862339  1.916719E-16
4274.45998880805  1.844353E-16
4277.50139899272  1.905218E-16
4280.54280917739  1.916119E-16
4283.58421936205  1.690300E-16
4286.62562954672  1.675496E-16
4289.66703973139  1.586630E-16
4292.70844991606  1.628091E-16
4295.74986010072  1.771194E-16
4298.79127028539  1.721604E-16
4301.83268047005  1.641022E-16
4304.87409065472  1.627410E-16
4307.91550083939  1.853785E-16
4310.95691102406  2.138018E-16
4313.99832120872  2.010275E-16
4317.03973139339  2.156022E-16
4320.08114157806  2.105301E-16
4323.12255176272  1.937201E-16
4326.16396194739  1.915033E-16
4329.20537213206  1.880041E-16
4332.24678231673  1.812135E-16
4335.28819250139  1.893062E-16
4338.32960268606  1.892669E-16
4341.37101287073  1.969088E-16
4344.41242305539  1.623028E-16
4347.45383324006  1.395363E-16
4350.49524342473  1.140370E-16
4353.53665360939  1.193578E-16
4356.57806379406  1.137966E-16
4359.61947397873  1.145558E-16
4362.6608841634  1.239252E-16
4365.70229434806  1.382260E-16
4368.74370453273  1.312244E-16
4371.7851147174  1.349426E-16
4374.82652490206  1.365043E-16
4377.86793508673  1.552216E-16
4380.9093452714  1.760648E-16
4383.95075545607  1.907817E-16
4386.99216564073  1.945724E-16
4390.0335758254  1.715537E-16
4393.07498601007  1.507335E-16
4396.11639619473  1.160151E-16
4399.1578063794  1.173005E-16
4402.19921656407  1.634723E-16
4405.24062674873  1.861287E-16
4408.2820369334  1.864623E-16
4411.32344711807  1.915804E-16
4414.36485730273  2.183005E-16
4417.4062674874  2.232153E-16
4420.44767767207  2.159618E-16
4423.48908785674  2.000591E-16
4426.5304980414  1.913905E-16
4429.57190822607  1.779138E-16
4432.61331841074  1.685165E-16
4435.6547285954  1.623918E-16
4438.69613878007  1.763098E-16
4441.73754896474  1.722072E-16
4444.77895914941  1.539162E-16
4447.82036933407  1.405915E-16
4450.86177951874  1.370662E-16
4453.90318970341  1.389671E-16
4456.94459988807  1.441901E-16
4459.98601007274  1.535908E-16
4463.02742025741  1.781786E-16
4466.06883044207  1.839494E-16
4469.11024062674  1.718078E-16
4472.15165081141  1.687357E-16
4475.19306099608  1.622423E-16
4478.23447118074  1.631562E-16
4481.27588136541  1.805975E-16
4484.31729155008  2.059246E-16
4487.35870173474  2.064593E-16
4490.40011191941  2.062752E-16
4493.44152210408  2.034191E-16
4496.48293228874  1.971313E-16
4499.52434247341  1.847194E-16
4502.56575265808  1.551453E-16
4505.60716284275  1.503994E-16
4508.64857302741  1.740167E-16
4511.68998321208  1.931794E-16
4514.73139339675  1.971606E-16
4517.77280358141  2.012002E-16
4520.81421376608  1.985791E-16
4523.85562395075  1.722733E-16
4526.89703413541  1.501349E-16
4529.93844432008  1.447140E-16
4532.97985450475  1.620109E-16
4536.02126468941  1.968855E-16
4539.06267487408  2.016908E-16
4542.10408505875  1.976372E-16
4545.14549524342  1.821020E-16
4548.18690542808  1.721180E-16
4551.22831561275  1.738543E-16
4554.26972579742  1.755400E-16
4557.31113598208  1.593466E-16
4560.35254616675  1.550564E-16
4563.39395635142  1.506048E-16
4566.43536653609  1.733554E-16
4569.47677672075  1.747271E-16
4572.51818690542  1.760576E-16
4575.55959709009  1.688727E-16
4578.60100727475  1.555041E-16
4581.64241745942  1.571426E-16
4584.68382764409  1.540940E-16
4587.72523782875  1.719147E-16
4590.76664801342  1.776493E-16
4593.80805819809  1.501319E-16
4596.84946838276  1.532383E-16
4599.89087856742  1.707029E-16
4602.93228875209  1.818376E-16
4605.97369893676  1.634183E-16
4609.01510912142  1.378944E-16
4612.05651930609  1.184123E-16
4615.09792949076  1.315819E-16
4618.13933967543  1.533409E-16
4621.18074986009  1.590279E-16
4624.22216004476  1.489707E-16
4627.26357022943  1.484262E-16
4630.30498041409  1.536166E-16
4633.34639059876  1.408853E-16
4636.38780078343  1.612339E-16
4639.42921096809  1.637636E-16
4642.47062115276  1.532068E-16
4645.51203133743  1.578409E-16
4648.5534415221  1.550067E-16
4651.59485170676  1.696594E-16
4654.63626189143  1.935240E-16
4657.6776720761  2.144868E-16
4660.71908226076  2.196146E-16
4663.76049244543  2.264486E-16
4666.8019026301  2.193500E-16
4669.84331281476  2.160086E-16
4672.88472299943  2.069250E-16
4675.9261331841  2.037978E-16
4678.96754336876  1.880658E-16
4682.00895355343  1.792778E-16
4685.0503637381  1.801248E-16
4688.09177392277  1.822880E-16
4691.13318410743  1.839002E-16
4694.1745942921  1.898031E-16
4697.21600447677  1.947718E-16
4700.25741466143  2.139864E-16
4703.2988248461  2.053734E-16
4706.34023503077  2.143808E-16
4709.38164521543  2.144076E-16
4712.4230554001  2.097606E-16
4715.46446558477  1.956740E-16
4718.50587576944  1.919418E-16
4721.5472859541  1.916542E-16
4724.58869613877  1.932030E-16
4727.63010632344  1.916850E-16
4730.6715165081  1.989303E-16
4733.71292669277  1.992266E-16
4736.75433687744  2.141519E-16
4739.7957470621  2.105157E-16
4742.83715724677  2.088842E-16
4745.87856743144  2.181828E-16
4748.91997761611  2.127128E-16
4751.96138780077  2.063377E-16
4755.00279798544  2.135417E-16
4758.04420817011  2.008290E-16
4761.08561835477  2.157441E-16
4764.12702853944  2.043791E-16
4767.16843872411  2.069153E-16
4770.20984890877  2.117059E-16
4773.25125909344  1.982493E-16
4776.29266927811  2.049875E-16
4779.33407946277  2.107843E-16
4782.37548964744  2.086479E-16
4785.41689983211  2.073024E-16
4788.45831001678  2.091646E-16
4791.49972020144  2.068935E-16
4794.54113038611  2.063967E-16
4797.58254057078  2.011207E-16
4800.62395075545  1.995722E-16
4803.66536094011  2.092283E-16
4806.70677112478  2.185118E-16
4809.74818130945  1.995521E-16
4812.78959149411  2.096493E-16
4815.83100167878  2.149581E-16
4818.87241186345  2.008514E-16
4821.91382204811  2.017966E-16
4824.95523223278  2.047083E-16
4827.99664241745  1.896693E-16
4831.03805260212  1.971936E-16
4834.07946278678  2.022682E-16
4837.12087297145  2.054688E-16
4840.16228315612  2.052850E-16
4843.20369334078  2.110878E-16
4846.24510352545  2.058979E-16
4849.28651371012  2.076291E-16
4852.32792389478  2.137457E-16
4855.36933407945  2.069424E-16
4858.41074426412  2.113819E-16
4861.45215444879  2.080890E-16
4864.49356463345  1.996756E-16
4867.53497481812  1.941034E-16
4870.57638500279  1.880603E-16
4873.61779518745  1.999483E-16
4876.65920537212  2.034964E-16
4879.70061555679  2.025692E-16
4882.74202574145  2.011240E-16
4885.78343592612  1.822219E-16
4888.82484611079  1.830572E-16
4891.86625629545  1.999170E-16
4894.90766648012  2.061325E-16
4897.94907666479  2.165263E-16
4900.99048684946  2.152309E-16
4904.03189703412  2.156322E-16
4907.07330721879  2.034459E-16
4910.11471740346  2.008285E-16
4913.15612758812  2.080678E-16
4916.19753777279  1.942229E-16
4919.23894795746  1.913130E-16
4922.28035814212  1.657791E-16
4925.32176832679  1.452324E-16
4928.36317851146  1.727193E-16
4931.40458869613  2.556996E-16
4934.44599888079  2.962639E-16
4937.48740906546  3.050338E-16
4940.52881925013  2.793997E-16
4943.57022943479  2.398028E-16
4946.61163961946  2.308454E-16
4949.65304980413  2.347437E-16
4952.69445998879  2.171683E-16
4955.73587017346  2.200643E-16
4958.77728035813  2.147339E-16
4961.81869054279  2.084039E-16
4964.86010072746  1.979481E-16
4967.90151091213  2.062939E-16
4970.9429210968  2.040999E-16
4973.98433128146  1.916386E-16
4977.02574146613  1.875150E-16
4980.0671516508  1.789088E-16
4983.10856183546  1.682073E-16
4986.14997202013  1.492268E-16
4989.1913822048  1.345572E-16
4992.23279238947  1.441543E-16
4995.27420257413  1.912322E-16
4998.3156127588  2.172454E-16
5001.35702294347  2.152213E-16
5004.39843312813  2.227622E-16
5007.4398433128  2.199331E-16
5010.48125349747  2.200921E-16
5013.52266368214  2.195692E-16
5016.5640738668  2.137372E-16
5019.60548405147  2.088869E-16
5022.64689423614  1.952431E-16
5025.6883044208  2.073026E-16
5028.72971460547  2.090380E-16
5031.77112479014  2.062146E-16
5034.8125349748  2.082258E-16
5037.85394515947  2.079352E-16
5040.89535534414  2.057987E-16
5043.93676552881  2.023420E-16
5046.97817571347  1.963530E-16
5050.01958589814  2.114879E-16
5053.06099608281  2.034975E-16
5056.10240626747  2.024853E-16
5059.14381645214  2.044586E-16
5062.18522663681  1.885514E-16
5065.22663682147  2.025964E-16
5068.26804700614  2.052416E-16
5071.30945719081  1.986044E-16
5074.35086737548  1.955749E-16
5077.39227756014  1.732255E-16
5080.43368774481  1.544622E-16
5083.47509792948  1.349363E-16
5086.51650811414  1.340505E-16
5089.55791829881  1.606190E-16
5092.59932848348  1.977757E-16
5095.64073866814  2.110894E-16
5098.68214885281  2.071476E-16
5101.72355903748  2.169298E-16
5104.76496922214  2.047447E-16
5107.80637940681  2.033410E-16
5110.84778959148  2.008065E-16
5113.88919977615  2.142196E-16
5116.93060996081  2.196045E-16
5119.97202014548  2.044097E-16
5123.01343033015  2.044865E-16
5126.05484051482  1.936560E-16
5129.09625069948  1.991309E-16
5132.13766088415  2.027707E-16
5135.17907106882  1.994669E-16
5138.22048125348  1.982275E-16
5141.26189143815  1.958161E-16
5144.30330162282  2.090136E-16
5147.34471180748  1.930984E-16
5150.38612199215  1.893297E-16
5153.42753217682  2.004206E-16
5156.46894236148  2.078341E-16
5159.51035254615  1.988708E-16
5162.55176273082  1.960844E-16
5165.59317291549  1.998590E-16
5168.63458310015  2.171414E-16
5171.67599328482  2.114643E-16
5174.71740346949  2.094423E-16
5177.75881365415  2.023707E-16
5180.80022383882  1.966844E-16
5183.84163402349  1.975298E-16
5186.88304420816  1.987353E-16
5189.92445439282  1.976606E-16
5192.96586457749  1.955565E-16
5196.00727476216  2.000439E-16
5199.04868494682  2.048574E-16
5202.09009513149  1.972717E-16
5205.13150531616  2.044960E-16
5208.17291550082  2.073337E-16
5211.21432568549  2.115254E-16
5214.25573587016  2.096354E-16
5217.29714605482  1.959908E-16
5220.33855623949  1.856120E-16
5223.37996642416  1.880483E-16
5226.42137660883  1.849874E-16
5229.46278679349  1.750112E-16
5232.50419697816  1.525055E-16
5235.54560716283  1.386735E-16
5238.58701734749  1.222302E-16
5241.62842753216  1.444941E-16
5244.66983771683  1.835121E-16
5247.7112479015  1.943674E-16
5250.75265808616  2.028937E-16
5253.79406827083  1.975081E-16
5256.8354784555  1.727055E-16
5259.87688864016  1.852661E-16
5262.91829882483  1.820780E-16
5265.9597090095  2.001877E-16
5269.00111919416  1.985612E-16
5272.04252937883  2.072343E-16
5275.0839395635  2.102044E-16
5278.12534974816  2.123206E-16
5281.16675993283  2.197391E-16
5284.2081701175  2.088784E-16
5287.24958030216  2.027847E-16
5290.29099048683  2.033622E-16
5293.3324006715  1.899824E-16
5296.37381085617  1.821710E-16
5299.41522104083  1.716573E-16
5302.4566312255  1.809847E-16
5305.49804141017  1.765096E-16
5308.53945159484  1.905622E-16
5311.5808617795  2.036624E-16
5314.62227196417  2.127511E-16
5317.66368214884  2.134137E-16
5320.7050923335  2.125653E-16
5323.74650251817  2.088640E-16
5326.78791270284  1.995217E-16
5329.8293228875  2.087576E-16
5332.87073307217  2.011366E-16
5335.91214325684  1.886104E-16
5338.9535534415  1.852464E-16
5341.99496362617  1.807704E-16
5345.03637381084  1.781479E-16
5348.07778399551  1.816042E-16
5351.11919418017  1.874799E-16
5354.16060436484  2.056328E-16
5357.20201454951  2.093028E-16
5360.24342473417  2.132921E-16
5363.28483491884  2.181087E-16
5366.32624510351  2.163101E-16
5369.36765528817  2.074223E-16
5372.40906547284  2.107213E-16
5375.45047565751  2.003880E-16
5378.49188584218  1.929555E-16
5381.53329602684  1.790372E-16
5384.57470621151  1.747672E-16
5387.61611639618  1.667494E-16
5390.65752658084  1.692806E-16
5393.69893676551  1.974267E-16
5396.74034695018  2.162128E-16
5399.78175713485  2.128355E-16
5402.82316731951  2.092669E-16
5405.86457750418  2.036112E-16
5408.90598768885  1.951080E-16
5411.94739787351  1.986272E-16
5414.98880805818  2.034635E-16
5418.03021824285  2.113188E-16
5421.07162842751  2.118993E-16
5424.11303861218  2.031151E-16
5427.15444879685  2.056088E-16
5430.19585898152  1.938413E-16
5433.23726916618  1.890144E-16
5436.27867935085  1.824824E-16
5439.32008953552  1.892062E-16
5442.36149972018  2.007324E-16
5445.40290990485  2.128048E-16
5448.44432008952  2.110068E-16
5451.48573027418  1.941582E-16
5454.52714045885  1.905569E-16
5457.56855064352  1.899338E-16
5460.60996082819  1.967312E-16
5463.65137101285  2.025022E-16
5466.69278119752  1.886038E-16
5469.73419138219  1.990385E-16
5472.77560156685  2.025408E-16
5475.81701175152  1.954726E-16
5478.85842193619  1.946427E-16
5481.89983212085  1.910543E-16
5484.94124230552  1.874441E-16
5487.98265249019  1.991203E-16
5491.02406267486  1.878037E-16
5494.06547285952  1.976586E-16
5497.10688304419  1.913109E-16
5500.14829322886  1.900956E-16
5503.18970341352  1.970246E-16
5506.23111359819  1.961082E-16
5509.27252378286  1.974619E-16
5512.31393396752  1.962076E-16
5515.35534415219  1.968841E-16
5518.39675433686  1.998032E-16
5521.43816452153  2.000906E-16
5524.47957470619  1.944529E-16
5527.52098489086  1.968526E-16
5530.56239507553  1.889986E-16
5533.60380526019  1.860693E-16
5536.64521544486  1.942662E-16
5539.68662562953  1.941094E-16
5542.72803581419  2.001123E-16
5545.76944599886  1.910142E-16
5548.81085618353  1.891863E-16
5551.85226636819  1.842505E-16
5554.89367655286  1.904469E-16
5557.93508673753  1.896018E-16
5560.9764969222  1.909797E-16
5564.01790710686  1.999470E-16
5567.05931729153  1.893630E-16
5570.1007274762  1.899854E-16
5573.14213766086  1.060649E-16
5576.18354784553  6.748493E-17
5579.2249580302  1.428280E-16
5582.26636821487  1.784349E-16
5585.30777839953  1.839917E-16
5588.3491885842  1.807818E-16
5591.39059876887  1.710316E-16
5594.43200895353  1.855693E-16
5597.4734191382  1.741139E-16
5600.51482932287  1.740346E-16
5603.55623950754  1.637863E-16
5606.5976496922  1.671313E-16
5609.63905987687  1.909132E-16
5612.68047006154  1.909693E-16
5615.7218802462  1.823949E-16
5618.76329043087  1.954774E-16
5621.80470061554  1.953760E-16
5624.8461108002  1.861519E-16
5627.88752098487  1.938617E-16
5630.92893116954  1.896319E-16
5633.9703413542  1.979348E-16
5637.01175153887  1.921346E-16
5640.05316172354  1.913020E-16
5643.09457190821  1.840770E-16
5646.13598209287  1.851573E-16
5649.17739227754  1.946407E-16
5652.21880246221  1.865592E-16
5655.26021264687  1.859161E-16
5658.30162283154  1.791339E-16
5661.34303301621  1.755402E-16
5664.38444320087  1.864899E-16
5667.42585338554  1.833417E-16
5670.46726357021  1.856164E-16
5673.50867375488  1.776327E-16
5676.55008393954  1.916495E-16
5679.59149412421  1.895261E-16
5682.63290430888  1.766799E-16
5685.67431449354  1.773584E-16
5688.71572467821  1.872396E-16
5691.75713486288  1.740642E-16
5694.79854504755  1.838520E-16
5697.83995523221  1.876783E-16
5700.88136541688  1.870634E-16
5703.92277560154  1.802605E-16
5706.96418578621  1.856694E-16
5710.00559597088  1.846260E-16
5713.04700615555  1.862148E-16
5716.08841634021  1.863909E-16
5719.12982652488  1.783762E-16
5722.17123670955  1.743320E-16
5725.21264689421  1.804822E-16
5728.25405707888  1.794142E-16
5731.29546726355  1.782818E-16
5734.33687744822  1.734147E-16
5737.37828763288  1.762128E-16
5740.41969781755  1.724337E-16
5743.46110800222  1.782364E-16
5746.50251818688  1.811937E-16
5749.54392837155  1.856799E-16
5752.58533855622  1.876412E-16
5755.62674874089  1.870577E-16
5758.66815892555  1.887022E-16
5761.70956911022  1.748121E-16
5764.75097929488  1.770483E-16
5767.79238947955  1.807851E-16
5770.83379966422  1.842778E-16
5773.87520984889  1.801734E-16
5776.91662003355  1.822270E-16
5779.95803021822  1.832399E-16
5782.99944040289  1.823681E-16
5786.04085058755  1.738253E-16
5789.08226077222  1.778319E-16
5792.12367095689  1.849325E-16
5795.16508114156  1.772101E-16
5798.20649132622  1.812115E-16
5801.24790151089  1.785730E-16
5804.28931169556  1.767698E-16
5807.33072188022  1.818707E-16
5810.37213206489  1.777082E-16
5813.41354224956  1.818672E-16
5816.45495243422  1.822017E-16
5819.49636261889  1.761239E-16
5822.53777280356  1.819819E-16
5825.57918298823  1.791670E-16
5828.62059317289  1.763219E-16
5831.66200335756  1.838612E-16
5834.70341354223  1.799091E-16
5837.74482372689  1.794212E-16
5840.78623391156  1.708428E-16
5843.82764409623  1.734318E-16
5846.86905428089  1.846360E-16
5849.91046446556  1.816885E-16
5852.95187465023  1.862792E-16
5855.99328483489  1.811861E-16
5859.03469501956  1.786536E-16
5862.07610520423  1.849133E-16
5865.1175153889  1.726528E-16
5868.15892557356  1.769079E-16
5871.20033575823  1.746585E-16
5874.2417459429  1.793203E-16
5877.28315612756  1.819221E-16
5880.32456631223  1.785147E-16
5883.3659764969  1.758892E-16
5886.40738668157  1.516988E-16
5889.44879686623  1.523826E-16
5892.4902070509  1.651042E-16
5895.53161723557  1.749622E-16
5898.57302742023  1.690722E-16
5901.6144376049  1.754295E-16
5904.65584778957  1.802202E-16
5907.69725797423  1.813177E-16
5910.7386681589  1.768832E-16
5913.78007834357  1.781835E-16
5916.82148852824  1.813320E-16
5919.8628987129  1.811529E-16
5922.90430889757  1.744395E-16
5925.94571908224  1.811109E-16
5928.9871292669  1.722543E-16
5932.02853945157  1.743342E-16
5935.06994963624  1.796060E-16
5938.11135982091  1.878170E-16
5941.15277000557  1.630316E-16
5944.19418019024  1.641256E-16
5947.23559037491  1.682007E-16
5950.27700055957  1.678435E-16
5953.31841074424  1.639794E-16
5956.35982092891  1.623286E-16
5959.40123111357  1.630194E-16
5962.44264129824  1.641477E-16
5965.48405148291  1.589532E-16
5968.52546166758  1.520259E-16
5971.56687185224  1.396172E-16
5974.60828203691  1.557609E-16
5977.64969222158  1.716100E-16
5980.69110240624  1.757727E-16
5983.73251259091  1.761805E-16
5986.77392277558  1.930596E-16
5989.81533296024  1.948728E-16
5992.85674314491  1.819597E-16
5995.89815332958  1.803905E-16
5998.93956351424  1.814512E-16
6001.98097369891  1.801789E-16
6005.02238388358  1.795823E-16
6008.06379406825  1.775381E-16
6011.10520425291  1.783231E-16
6014.14661443758  1.798268E-16
6017.18802462225  1.760975E-16
6020.22943480691  1.769299E-16
6023.27084499158  1.830524E-16
6026.31225517625  1.711045E-16
6029.35366536092  1.748977E-16
6032.39507554558  1.715596E-16
6035.43648573025  1.758761E-16
6038.47789591492  1.760865E-16
6041.51930609958  1.747759E-16
6044.56071628425  1.715618E-16
6047.60212646892  1.709409E-16
6050.64353665358  1.803694E-16
6053.68494683825  1.750377E-16
6056.72635702292  1.666141E-16
6059.76776720758  1.725657E-16
6062.80917739225  1.735070E-16
6065.85058757692  1.755585E-16
6068.89199776159  1.772997E-16
6071.93340794625  1.787088E-16
6074.97481813092  1.753936E-16
6078.01622831559  1.765986E-16
6081.05763850025  1.817310E-16
6084.09904868492  1.754396E-16
6087.14045886959  1.741563E-16
6090.18186905426  1.713824E-16
6093.22327923892  1.802342E-16
6096.26468942359  1.714397E-16
6099.30609960826  1.825694E-16
6102.34750979292  1.755056E-16
6105.38891997759  1.920545E-16
6108.43033016226  1.751408E-16
6111.47174034693  1.703989E-16
6114.51315053159  1.742617E-16
6117.55456071626  1.666456E-16
6120.59597090092  1.740675E-16
6123.63738108559  1.729749E-16
6126.67879127026  1.743646E-16
6129.72020145493  1.678494E-16
6132.76161163959  1.674398E-16
6135.80302182426  1.650594E-16
6138.84443200893  1.647965E-16
6141.88584219359  1.701755E-16
6144.92725237826  1.675288E-16
6147.96866256293  1.701433E-16
6151.01007274759  1.665636E-16
6154.05148293226  1.724935E-16
6157.09289311693  1.700408E-16
6160.1343033016  1.815284E-16
6163.17571348626  1.750474E-16
6166.21712367093  1.705305E-16
6169.2585338556  1.681649E-16
6172.29994404026  1.722193E-16
6175.34135422493  1.691790E-16
6178.3827644096  1.673741E-16
6181.42417459427  1.708464E-16
6184.46558477893  1.681550E-16
6187.5069949636  1.668799E-16
6190.54840514827  1.685255E-16
6193.58981533293  1.671086E-16
6196.6312255176  1.771112E-16
6199.67263570227  1.710160E-16
6202.71404588693  1.697207E-16
6205.7554560716  1.730834E-16
6208.79686625627  1.717600E-16
6211.83827644093  1.717134E-16
6214.8796866256  1.699193E-16
6217.92109681027  1.674327E-16
6220.96250699494  1.692635E-16
6224.0039171796  1.608557E-16
6227.04532736427  1.631720E-16
6230.08673754894  1.585020E-16
6233.1281477336  1.511845E-16
6236.16955791827  1.663545E-16
6239.21096810294  1.699342E-16
6242.25237828761  1.727192E-16
6245.29378847227  1.771386E-16
6248.33519865694  1.726217E-16
6251.37660884161  1.733962E-16
6254.41801902627  1.705541E-16
6257.45942921094  1.726852E-16
6260.50083939561  1.675561E-16
6263.54224958027  1.658458E-16
6266.58365976494  1.758792E-16
6269.62506994961  1.785020E-16
6272.66648013427  1.706770E-16
6275.70789031894  1.641926E-16
6278.74930050361  1.594133E-16
6281.79071068828  1.561154E-16
6284.83212087294  1.429289E-16
6287.87353105761  1.551298E-16
6290.91494124228  1.645485E-16
6293.95635142694  1.683841E-16
6296.99776161161  1.567142E-16
6300.03917179628  1.475634E-16
6303.08058198095  1.595110E-16
6306.12199216561  1.590217E-16
6309.16340235028  1.691096E-16
6312.20481253495  1.739960E-16
6315.24622271961  1.650398E-16
6318.28763290428  1.606426E-16
6321.32904308895  1.555607E-16
6324.37045327361  1.590164E-16
6327.41186345828  1.540631E-16
6330.45327364295  1.533835E-16
6333.49468382761  1.656005E-16
6336.53609401228  1.715240E-16
6339.57750419695  1.725525E-16
6342.61891438162  1.821947E-16
6345.66032456628  1.769867E-16
6348.70173475095  1.750252E-16
6351.74314493562  1.703450E-16
6354.78455512028  1.709576E-16
6357.82596530495  1.720215E-16
6360.86737548962  1.744972E-16
6363.90878567429  1.744190E-16
6366.95019585895  1.572313E-16
6369.99160604362  1.653898E-16
6373.03301622829  1.667335E-16
6376.07442641296  1.655255E-16
6379.11583659762  1.679614E-16
6382.15724678229  1.656059E-16
6385.19865696695  1.606326E-16
6388.24006715162  1.669399E-16
6391.28147733629  1.676017E-16
6394.32288752096  1.653831E-16
6397.36429770562  1.696300E-16
6400.40570789029  1.621068E-16
6403.44711807496  1.520332E-16
6406.48852825962  1.583238E-16
6409.52993844429  1.672275E-16
6412.57134862896  1.690378E-16
6415.61275881363  1.635677E-16
6418.65416899829  1.572291E-16
6421.69557918296  1.544808E-16
6424.73698936763  1.545665E-16
6427.77839955229  1.564655E-16
6430.81980973696  1.540517E-16
6433.86121992163  1.449530E-16
6436.90263010629  1.507103E-16
6439.94404029096  1.591144E-16
6442.98545047563  1.583835E-16
6446.0268606603  1.597102E-16
6449.06827084496  1.690856E-16
6452.10968102963  1.586170E-16
6455.1510912143  1.503068E-16
6458.19250139896  1.504752E-16
6461.23391158363  1.561433E-16
6464.2753217683  1.634088E-16
6467.31673195296  1.682089E-16
6470.35814213763  1.711281E-16
6473.3995523223  1.717502E-16
6476.44096250697  1.692794E-16
6479.48237269163  1.554935E-16
6482.5237828763  1.600477E-16
6485.56519306097  1.621228E-16
6488.60660324563  1.641067E-16
6491.6480134303  1.684423E-16
6494.68942361497  1.606113E-16
6497.73083379963  1.582079E-16
6500.7722439843  1.604015E-16
6503.81365416897  1.682231E-16
6506.85506435363  1.658303E-16
6509.8964745383  1.634079E-16
6512.93788472297  1.748069E-16
6515.97929490764  1.649980E-16
6519.0207050923  1.576514E-16
6522.06211527697  1.737466E-16
6525.10352546164  1.774908E-16
6528.1449356463  1.673977E-16
6531.18634583097  1.690529E-16
6534.22775601564  1.593095E-16
6537.2691662003  1.583208E-16
6540.31057638497  1.614973E-16
6543.35198656964  1.559417E-16
6546.39339675431  1.599788E-16
6549.43480693897  1.745987E-16
6552.47621712364  1.688965E-16
6555.51762730831  1.700621E-16
6558.55903749297  1.693274E-16
6561.60044767764  1.589803E-16
6564.64185786231  1.654010E-16
6567.68326804697  1.582754E-16
6570.72467823164  1.532603E-16
6573.76608841631  1.598898E-16
6576.80749860098  1.663446E-16
6579.84890878564  1.675336E-16
6582.89031897031  1.647889E-16
6585.93172915498  1.572966E-16
6588.97313933964  1.610852E-16
6592.01454952431  1.706604E-16
6595.05595970898  1.705577E-16
6598.09736989364  1.693666E-16
6601.13878007831  1.658304E-16
6604.18019026298  1.642602E-16
6607.22160044764  1.600904E-16
6610.26301063231  1.721503E-16
6613.30442081698  1.739839E-16
6616.34583100165  1.628139E-16
6619.38724118631  1.738036E-16
6622.42865137098  1.762957E-16
6625.47006155565  1.736980E-16
6628.51147174032  1.751334E-16
6631.55288192498  1.805974E-16
6634.59429210965  1.865659E-16
6637.63570229432  1.899521E-16
6640.67711247898  1.847322E-16
6643.71852266365  1.752243E-16
6646.75993284831  1.623132E-16
6649.80134303298  1.657217E-16
6652.84275321765  2.153328E-16
6655.88416340232  2.835771E-16
6658.92557358699  3.429122E-16
6661.96698377165  3.727925E-16
6665.00839395632  3.566639E-16
6668.04980414099  3.238502E-16
6671.09121432565  2.778728E-16
6674.13262451032  2.459585E-16
6677.17403469499  2.317347E-16
6680.21544487965  2.073424E-16
6683.25685506432  1.897769E-16
6686.29826524899  1.810310E-16
6689.33967543365  1.841462E-16
6692.38108561832  1.686412E-16
6695.42249580299  1.680600E-16
6698.46390598766  1.702194E-16
6701.50531617232  1.661551E-16
6704.54672635699  1.599388E-16
6707.58813654166  1.585172E-16
6710.62954672632  1.510116E-16
6713.67095691099  1.582307E-16
6716.71236709566  1.529303E-16
6719.75377728032  1.554803E-16
6722.79518746499  1.571647E-16
6725.83659764966  1.515541E-16
6728.87800783433  1.536675E-16
6731.91941801899  1.571350E-16
6734.96082820366  1.568189E-16
6738.00223838833  1.594553E-16
6741.04364857299  1.490670E-16
6744.08505875766  1.481049E-16
6747.12646894233  1.578725E-16
6750.16787912699  1.529954E-16
6753.20928931166  1.548765E-16
6756.25069949633  1.593338E-16
6759.29210968099  1.514155E-16
6762.33351986566  1.449910E-16
6765.37493005033  1.502292E-16
6768.416340235  1.548872E-16
6771.45775041966  1.522508E-16
6774.49916060433  1.448463E-16
6777.540570789  1.451256E-16
6780.58198097366  1.555374E-16
6783.62339115833  1.559867E-16
6786.664801343  1.499423E-16
6789.70621152767  1.538912E-16
6792.74762171233  1.499883E-16
6795.789031897  1.455654E-16
6798.83044208167  1.489960E-16
6801.87185226633  1.493771E-16
6804.913262451  1.410639E-16
6807.95467263567  1.352444E-16
6810.99608282034  1.444136E-16
6814.037493005  1.406583E-16
6817.07890318967  1.511560E-16
6820.12031337434  1.562904E-16
6823.161723559  1.553015E-16
6826.20313374367  1.706678E-16
6829.24454392834  1.588462E-16
6832.285954113  1.372544E-16
6835.32736429767  1.427447E-16
6838.36877448234  1.455449E-16
6841.410184667  1.452631E-16
6844.45159485167  1.341610E-16
6847.49300503634  1.434517E-16
6850.53441522101  1.491571E-16
6853.57582540567  1.487516E-16
6856.61723559034  1.468313E-16
6859.65864577501  1.336880E-16
6862.70005595967  1.338021E-16
6865.74146614434  1.287247E-16
6868.78287632901  1.458486E-16
6871.82428651368  1.362669E-16
6874.86569669834  1.316594E-16
6877.90710688301  1.379860E-16
6880.94851706768  1.406628E-16
6883.98992725234  1.388024E-16
6887.03133743701  1.435971E-16
6890.07274762168  1.459462E-16
6893.11415780634  1.426176E-16
6896.15556799101  1.411271E-16
6899.19697817568  1.349765E-16
6902.23838836035  1.480598E-16
6905.27979854501  1.615380E-16
6908.32120872968  1.393010E-16
6911.36261891434  1.430392E-16
6914.40402909901  1.326930E-16
6917.44543928368  1.363555E-16
6920.48684946835  1.329445E-16
6923.52825965301  1.322719E-16
6926.56966983768  1.353050E-16
6929.61108002235  1.406556E-16
6932.65249020701  1.407811E-16
6935.69390039168  1.359399E-16
6938.73531057635  1.399204E-16
6941.77672076102  1.347018E-16
6944.81813094568  1.414927E-16
6947.85954113035  1.412229E-16
6950.90095131502  1.429140E-16
6953.94236149968  1.426740E-16
6956.98377168435  1.400434E-16
6960.02518186902  1.415311E-16
6963.06659205369  1.425444E-16
6966.10800223835  1.410793E-16
6969.14941242302  1.418601E-16
6972.19082260769  1.345009E-16
6975.23223279235  1.336145E-16
6978.27364297702  1.381287E-16
6981.31505316169  1.402296E-16
6984.35646334635  1.457645E-16
6987.39787353102  1.446767E-16
6990.43928371569  1.393783E-16
6993.48069390036  1.421340E-16
6996.52210408502  1.384522E-16
6999.56351426969  1.339414E-16
7002.60492445436  1.383973E-16
7005.64633463902  1.392811E-16
7008.68774482369  1.382698E-16
7011.72915500836  1.369217E-16
7014.77056519302  1.441297E-16
7017.81197537769  1.382168E-16
7020.85338556236  1.390470E-16
7023.89479574702  1.342076E-16
7026.93620593169  1.332225E-16
7029.97761611636  1.356316E-16
7033.01902630103  1.358699E-16
7036.06043648569  1.405160E-16
7039.10184667036  1.416487E-16
7042.14325685503  1.374128E-16
7045.18466703969  1.417599E-16
7048.22607722436  1.432503E-16
7051.26748740903  1.352306E-16
7054.3088975937  1.422612E-16
7057.35030777836  1.526747E-16
7060.39171796303  1.381541E-16
7063.4331281477  1.333904E-16
7066.47453833236  1.404334E-16
7069.51594851703  1.325330E-16
7072.5573587017  1.330294E-16
7075.59876888636  1.294810E-16
7078.64017907103  1.334804E-16
7081.6815892557  1.358737E-16
7084.72299944037  1.345643E-16
7087.76440962503  1.394930E-16
7090.8058198097  1.360590E-16
7093.84722999437  1.394594E-16
7096.88864017904  1.382251E-16
7099.9300503637  1.399614E-16
7102.97146054837  1.391041E-16
7106.01287073303  1.367265E-16
7109.0542809177  1.334397E-16
7112.09569110237  1.368591E-16
7115.13710128703  1.338843E-16
7118.1785114717  1.294968E-16
7121.21992165637  1.384984E-16
7124.26133184104  1.370152E-16
7127.3027420257  1.423612E-16
7130.34415221037  1.331710E-16
7133.38556239504  1.333770E-16
7136.4269725797  1.358141E-16
7139.46838276437  1.333772E-16
7142.50979294904  1.263973E-16
7145.55120313371  1.309756E-16
7148.59261331837  1.366345E-16
7151.63402350304  1.277402E-16
7154.67543368771  1.244691E-16
7157.71684387237  1.340053E-16
7160.75825405704  1.377494E-16
7163.79966424171  1.299611E-16
7166.84107442637  1.271538E-16
7169.88248461104  1.293610E-16
7172.92389479571  1.276458E-16
7175.96530498038  1.340884E-16
7179.00671516504  1.254499E-16
7182.04812534971  1.251250E-16
7185.08953553438  1.283077E-16
7188.13094571904  1.311835E-16
7191.17235590371  1.273511E-16
7194.21376608838  1.323638E-16
7197.25517627304  1.343501E-16
7200.29658645771  1.309438E-16
7203.33799664238  1.297030E-16
7206.37940682705  1.296520E-16
7209.42081701171  1.343522E-16
7212.46222719638  1.302567E-16
7215.50363738105  1.331646E-16
7218.54504756571  1.300123E-16
7221.58645775038  1.264948E-16
7224.62786793505  1.266453E-16
7227.66927811972  1.266618E-16
7230.71068830438  1.316648E-16
7233.75209848905  1.283518E-16
7236.79350867372  1.179525E-16
7239.83491885838  1.196321E-16
7242.87632904305  1.077772E-16
7245.91773922772  1.096841E-16
7248.95914941238  1.183011E-16
7252.00055959705  1.182897E-16
7255.04196978172  1.242285E-16
7258.08337996638  1.340014E-16
7261.12479015105  1.233628E-16
7264.16620033572  1.215321E-16
7267.20761052038  1.383842E-16
7270.24902070505  1.243876E-16
7273.29043088972  1.082350E-16
7276.33184107439  1.273121E-16
7279.37325125905  1.269417E-16
7282.41466144372  1.217507E-16
7285.45607162839  1.215655E-16
7288.49748181305  1.192041E-16
7291.53889199772  1.245096E-16
7294.58030218239  1.262387E-16
7297.62171236706  1.215857E-16
7300.66312255172  1.197697E-16
7303.70453273639  1.218159E-16
7306.74594292106  1.261007E-16
7309.78735310572  1.270420E-16
7312.82876329039  1.240125E-16
7315.87017347506  1.107819E-16
7318.91158365973  1.140379E-16
7321.95299384439  1.264496E-16
7324.99440402906  1.205558E-16
7328.03581421373  1.185173E-16
7331.07722439839  1.280936E-16
7334.11863458306  1.343661E-16
7337.16004476773  1.126950E-16
7340.20145495239  1.111855E-16
7343.24286513706  1.202287E-16
7346.28427532173  1.228389E-16
7349.3256855064  1.222098E-16
7352.36709569106  1.204224E-16
7355.40850587573  1.235093E-16
7358.4499160604  1.311471E-16
7361.49132624506  1.187392E-16
7364.53273642973  1.252659E-16
7367.5741466144  1.144450E-16
7370.61555679906  1.237661E-16
7373.65696698373  1.253592E-16
7376.6983771684  1.298133E-16
7379.73978735307  1.292349E-16
7382.78119753773  1.340974E-16
7385.8226077224  1.285193E-16
7388.86401790707  1.210839E-16
7391.90542809173  1.158204E-16
7394.9468382764  1.131144E-16
7397.98824846107  1.150549E-16
7401.02965864573  1.152590E-16
7404.0710688304  1.222347E-16
7407.11247901507  1.285763E-16
7410.15388919974  1.291776E-16
7413.1952993844  1.235894E-16
7416.23670956907  1.238533E-16
7419.27811975374  1.278416E-16
7422.3195299384  1.247020E-16
7425.36094012307  1.268578E-16
7428.40235030774  1.314041E-16
7431.44376049241  1.261626E-16
7434.48517067707  1.285442E-16
7437.52658086174  1.349966E-16
7440.56799104641  1.320593E-16
7443.60940123107  1.234296E-16
7446.65081141574  1.290920E-16
7449.69222160041  1.335919E-16
7452.73363178507  1.221442E-16
7455.77504196974  1.208938E-16
7458.81645215441  1.248759E-16
7461.85786233907  1.266143E-16
7464.89927252374  1.216571E-16
7467.94068270841  1.122099E-16
7470.98209289308  1.156779E-16
7474.02350307774  1.247546E-16
7477.06491326241  1.275717E-16
7480.10632344707  1.186292E-16
7483.14773363174  1.182403E-16
7486.18914381641  1.246250E-16
7489.23055400108  1.308711E-16
7492.27196418574  1.238411E-16
7495.31337437041  1.146854E-16
7498.35478455508  1.218637E-16
7501.39619473974  1.258562E-16
7504.43760492441  1.272415E-16
7507.47901510908  1.168385E-16
7510.52042529375  1.238943E-16
7513.56183547841  1.253072E-16
7516.60324566308  1.172589E-16
7519.64465584775  1.112799E-16
7522.68606603241  1.202222E-16
7525.72747621708  1.215493E-16
7528.76888640175  1.242231E-16
7531.81029658641  1.245774E-16
7534.85170677108  1.233414E-16
7537.89311695575  1.245462E-16
7540.93452714042  1.156616E-16
7543.97593732508  1.197216E-16
7547.01734750975  1.227111E-16
7550.05875769442  1.148811E-16
7553.10016787908  1.204329E-16
7556.14157806375  1.299780E-16
7559.18298824842  1.249149E-16
7562.22439843308  1.293496E-16
7565.26580861775  1.297461E-16
7568.30721880242  1.183078E-16
7571.34862898709  1.218451E-16
7574.39003917175  1.144428E-16
7577.43144935642  1.266771E-16
7580.47285954109  1.308074E-16
7583.51426972575  1.273556E-16
7586.55567991042  1.170728E-16
7589.59709009509  1.203859E-16
7592.63850027975  1.112384E-16
7595.67991046442  1.094788E-16
7598.72132064909  9.842510E-17
7601.76273083376  8.846302E-17
7604.80414101842  9.688035E-17
7607.84555120309  9.732604E-17
7610.88696138776  9.691900E-17
7613.92837157242  1.046553E-16
7616.96978175709  1.033239E-16
7620.01119194176  1.228075E-16
7623.05260212642  1.189415E-16
7626.09401231109  1.028423E-16
7629.13542249576  9.414837E-17
7632.17683268043  9.598338E-17
7635.21824286509  1.092140E-16
7638.25965304976  1.174405E-16
7641.30106323443  1.091972E-16
7644.3424734191  1.105806E-16
7647.38388360376  1.097658E-16
7650.42529378843  1.155219E-16
7653.4667039731  1.213681E-16
7656.50811415776  1.149417E-16
7659.54952434243  1.216873E-16
7662.5909345271  1.177217E-16
7665.63234471176  1.193409E-16
7668.67375489643  1.157993E-16
7671.7151650811  1.176432E-16
7674.75657526576  1.210049E-16
7677.79798545043  1.152904E-16
7680.8393956351  1.150476E-16
7683.88080581977  1.156642E-16
7686.92221600443  1.165201E-16
7689.9636261891  1.185323E-16
7693.00503637377  1.175791E-16
7696.04644655843  1.174834E-16
7699.0878567431  1.171830E-16
7702.12926692777  1.177669E-16
7705.17067711243  1.123205E-16
7708.2120872971  1.064851E-16
7711.25349748177  1.042472E-16
7714.29490766644  1.060089E-16
7717.3363178511  1.152088E-16
7720.37772803577  1.006934E-16
7723.41913822044  1.030305E-16
7726.4605484051  1.100655E-16
7729.50195858977  1.122091E-16
7732.54336877444  1.164959E-16
7735.5847789591  1.134879E-16
7738.62618914377  1.172271E-16
7741.66759932844  1.264365E-16
7744.7090095131  1.211943E-16
7747.75041969777  1.203468E-16
7750.79182988244  1.213217E-16
7753.83324006711  1.034657E-16
7756.87465025177  1.066279E-16
7759.91606043644  1.102608E-16
7762.95747062111  9.963167E-17
7765.99888080577  1.024408E-16
7769.04029099044  1.076185E-16
7772.08170117511  1.089473E-16
7775.12311135978  1.084779E-16
7778.16452154444  1.031711E-16
7781.20593172911  1.090690E-16
7784.24734191378  1.053957E-16
7787.28875209844  1.109220E-16
7790.33016228311  1.098217E-16
7793.37157246778  1.111063E-16
7796.41298265245  1.079759E-16
7799.45439283711  1.090367E-16
7802.49580302178  1.049500E-16
7805.53721320645  1.150905E-16
7808.57862339111  1.197897E-16
7811.62003357578  1.126896E-16
7814.66144376045  9.947168E-17
7817.70285394511  9.355526E-17
7820.74426412978  8.639749E-17
7823.78567431445  1.042617E-16
7826.82708449911  1.175067E-16
7829.86849468378  1.165261E-16
7832.90990486845  1.207288E-16
7835.95131505311  1.116106E-16
7838.99272523778  1.214011E-16
7842.03413542245  1.220160E-16
7845.07554560712  1.229094E-16
7848.11695579178  1.132670E-16
7851.15836597645  8.345886E-17
7854.19977616112  9.369120E-17
7857.24118634579  1.046237E-16
7860.28259653045  9.821538E-17
7863.32400671512  8.406378E-17
7866.36541689979  8.589635E-17
7869.40682708445  8.469488E-17
7872.44823726912  6.797215E-17
7875.48964745379  5.699338E-17
7878.53105763845  6.116687E-17
7881.57246782312  7.871154E-17
7884.61387800779  7.604846E-17
7887.65528819245  8.217486E-17
7890.69669837712  1.132515E-16
7893.73810856179  1.189088E-16
7896.77951874645  1.103489E-16
7899.82092893112  1.211506E-16
7902.86233911579  1.183016E-16
7905.90374930046  1.136070E-16
7908.94515948512  9.975695E-17
7911.98656966979  9.777887E-17
7915.02797985446  9.423300E-17
7918.06939003912  9.456629E-17
7921.11080022379  1.109983E-16
7924.15221040846  1.391274E-16
7927.19362059313  1.031868E-16
7930.23503077779  1.133503E-16
7933.27644096246  1.130553E-16
7936.31785114713  1.158564E-16
7939.35926133179  1.106308E-16
7942.40067151646  1.195219E-16
7945.44208170113  1.058815E-16
7948.48349188579  1.137926E-16
7951.52490207046  1.087121E-16
7954.56631225513  1.096476E-16
7957.60772243979  1.076151E-16
7960.64913262446  1.057708E-16
7963.69054280913  1.060822E-16
7966.7319529938  1.088286E-16
7969.77336317846  1.018543E-16
7972.81477336313  1.040596E-16
7975.8561835478  1.071473E-16
7978.89759373247  1.152993E-16
7981.93900391713  1.129447E-16
7984.9804141018  1.100997E-16
7988.02182428647  9.610995E-17
7991.06323447113  8.388280E-17
7994.1046446558  8.413505E-17
7997.14605484047  9.652132E-17
8000.18746502513  1.077304E-16
8003.2288752098  1.037968E-16
8006.27028539447  1.039368E-16
8009.31169557913  1.031597E-16
8012.3531057638  1.094729E-16
8015.39451594847  9.829876E-17
8018.43592613314  1.097208E-16
8021.4773363178  1.107882E-16
8024.51874650247  9.439330E-17
8027.56015668714  1.122288E-16
8030.6015668718  1.094458E-16
8033.64297705647  1.029883E-16
8036.68438724114  9.809721E-17
8039.72579742581  1.089144E-16
8042.76720761047  1.072638E-16
8045.80861779514  1.000090E-16
8048.85002797981  1.076099E-16
8051.89143816447  1.055289E-16
8054.93284834914  1.043739E-16
8057.97425853381  1.069060E-16
8061.01566871847  1.047050E-16
8064.05707890314  1.133423E-16
8067.09848908781  1.112310E-16
8070.13989927247  1.008949E-16
8073.18130945714  1.001561E-16
8076.22271964181  1.080184E-16
8079.26412982648  1.086225E-16
8082.30554001114  1.065253E-16
8085.34695019581  9.911963E-17
8088.38836038048  1.011901E-16
8091.42977056514  1.064087E-16
8094.47118074981  1.213407E-16
8097.51259093448  1.124264E-16
8100.55400111914  1.071936E-16
8103.59541130381  1.001208E-16
8106.63682148848  1.173072E-16
8109.67823167315  1.005389E-16
8112.71964185781  1.067648E-16
8115.76105204248  1.113973E-16
8118.80246222715  1.046909E-16
8121.84387241181  1.026350E-16
8124.88528259648  1.044877E-16
8127.92669278115  1.035547E-16
8130.96810296582  1.075662E-16
8134.00951315048  1.081734E-16
8137.05092333515  1.002350E-16
8140.09233351981  9.822371E-17
8143.13374370448  1.138331E-16
8146.17515388915  9.756497E-17
8149.21656407382  9.273633E-17
8152.25797425848  1.050541E-16
8155.29938444315  9.432839E-17
8158.34079462782  1.016425E-16
8161.38220481248  1.005542E-16
8164.42361499715  1.056341E-16
8167.46502518182  1.052474E-16
8170.50643536649  1.027677E-16
8173.54784555115  1.071798E-16
8176.58925573582  1.048097E-16
8179.63066592049  1.032385E-16
8182.67207610515  1.000160E-16
8185.71348628982  8.723834E-17
8188.75489647449  1.086833E-16
8191.79630665916  1.057395E-16
8194.83771684382  1.141021E-16
8197.87912702849  1.148024E-16
8200.92053721315  1.008617E-16
8203.96194739782  1.034519E-16
8207.00335758249  1.135612E-16
8210.04476776715  1.207102E-16
8213.08617795182  1.199446E-16
8216.12758813649  1.158096E-16
8219.16899832116  8.907554E-17
8222.21040850582  1.057207E-16
8225.25181869049  1.020043E-16
8228.29322887516  9.710954E-17
8231.33463905983  9.083472E-17
8234.37604924449  9.447519E-17
8237.41745942916  9.102228E-17
8240.45886961383  9.819844E-17
8243.50027979849  1.042466E-16
8246.54168998316  1.059374E-16
8249.58310016783  1.050221E-16
8252.62451035249  1.083231E-16
8255.66592053716  1.030803E-16
8258.70733072183  1.043244E-16
8261.7487409065  9.818595E-17
8264.79015109116  1.065924E-16
8267.83156127583  1.166194E-16
8270.8729714605  1.060351E-16
8273.91438164516  1.049359E-16
8276.95579182983  8.976414E-17
8279.9972020145  9.219227E-17
8283.03861219917  9.116464E-17
8286.08002238383  5.968851E-17
8289.1214325685  6.669081E-17
8292.16284275317  8.627116E-17
8295.20425293783  8.069300E-17
8298.2456631225  6.834415E-17
8301.28707330717  8.429352E-17
8304.32848349183  8.871724E-17
8307.3698936765  8.116060E-17
8310.41130386117  7.824754E-17
8313.45271404583  9.394039E-17
8316.4941242305  1.074713E-16
8319.53553441517  9.753992E-17
8322.57694459983  1.042198E-16
8325.6183547845  1.060927E-16
8328.65976496917  1.061200E-16
8331.70117515384  9.782549E-17
8334.7425853385  1.091781E-16
8337.78399552317  9.764354E-17
8340.82540570784  6.862159E-17
8343.8668158925  6.789853E-17
8346.90822607717  8.428638E-17
8349.94963626184  1.027755E-16
8352.99104644651  1.026350E-16
8356.03245663117  9.493085E-17
8359.07386681584  9.898696E-17
8362.11527700051  1.133227E-16
8365.15668718517  1.023490E-16
8368.19809736984  9.278838E-17
8371.23950755451  1.010406E-16
8374.28091773918  1.041954E-16
8377.32232792384  1.008006E-16
8380.36373810851  1.090526E-16
8383.40514829318  1.034304E-16
8386.44655847784  9.775084E-17
8389.48796866251  9.709528E-17
8392.52937884718  9.436124E-17
8395.57078903185  7.327889E-17
8398.61219921651  6.518515E-17
8401.65360940118  9.908286E-17
8404.69501958584  9.156890E-17
8407.73642977051  9.052060E-17
8410.77783995518  9.073430E-17
8413.81925013985  8.046104E-17
8416.86066032451  9.487579E-17
8419.90207050918  9.570966E-17
8422.94348069385  9.273854E-17
8425.98489087851  7.362600E-17
8429.02630106318  6.977108E-17
8432.06771124785  7.705050E-17
8435.10912143251  9.040987E-17
8438.15053161718  8.775453E-17
8441.19194180185  9.615439E-17
8444.23335198652  9.635838E-17
8447.27476217118  9.307161E-17
8450.31617235585  9.029738E-17
8453.35758254052  7.237922E-17
8456.39899272518  1.012600E-16
8459.44040290985  8.699770E-17
8462.48181309452  8.857390E-17
8465.52322327918  9.202134E-17
8468.56463346385  1.139552E-16
8471.60604364852  1.000927E-16
8474.64745383319  9.123441E-17
8477.68886401785  9.654763E-17
8480.73027420252  9.395329E-17
8483.77168438719  9.168692E-17
8486.81309457185  9.489221E-17
8489.85450475652  1.014160E-16
8492.89591494119  8.945736E-17
8495.93732512586  9.851303E-17
8498.97873531052  9.210280E-17
8502.02014549519  7.152333E-17
8505.06155567986  8.835340E-17
8508.10296586452  8.215240E-17
8511.14437604919  9.289684E-17
8514.18578623386  9.152083E-17
8517.22719641852  9.483296E-17
8520.26860660319  1.035615E-16
8523.31001678786  1.056177E-16
8526.35142697253  9.200432E-17
8529.39283715719  1.038486E-16
8532.43424734186  1.058212E-16
8535.47565752653  8.950929E-17
8538.51706771119  1.038659E-16
8541.55847789586  9.871611E-17
8544.59988808053  8.769305E-17
8547.64129826519  9.045318E-17
8550.68270844986  6.711155E-17
8553.72411863453  9.133391E-17
8556.7655288192  6.809682E-17
8559.80693900386  5.041324E-17
8562.84834918853  7.889424E-17
8565.8897593732  9.133530E-17
8568.93116955786  7.838250E-17
8571.97257974253  9.915459E-17
8575.0139899272  1.013538E-16
8578.05540011186  9.927178E-17
8581.09681029653  9.567360E-17
8584.1382204812  8.850985E-17
8587.17963066587  9.959393E-17
8590.22104085053  1.004396E-16
8593.2624510352  9.073980E-17
8596.30386121986  8.271570E-17
8599.34527140453  8.806019E-17
8602.3866815892  8.842847E-17
8605.42809177387  6.890168E-17
8608.46950195853  6.226411E-17
8611.5109121432  5.897675E-17
8614.55232232787  5.841348E-17
8617.59373251254  6.706360E-17
8620.6351426972  8.345161E-17
8623.67655288187  7.384437E-17
8626.71796306654  7.662108E-17
8629.7593732512  7.483490E-17
8632.80078343587  9.983154E-17
8635.84219362054  1.157320E-16
8638.8836038052  1.013059E-16
8641.92501398987  1.143226E-16
8644.96642417454  8.069132E-17
8648.00783435921  6.264912E-17
8651.04924454387  4.446468E-17
8654.09065472854  2.876777E-17
8657.13206491321  2.905561E-17
8660.17347509787  4.729526E-17
8663.21488528254  5.148490E-17
8666.25629546721  8.387851E-17
8669.29770565188  8.315088E-17
8672.33911583654  1.204999E-16
8675.38052602121  1.164709E-16
8678.42193620588  1.051310E-16
8681.46334639054  8.931060E-17
8684.50475657521  1.117611E-16
8687.54616675988  9.860366E-17
8690.58757694454  1.043785E-16
8693.62898712921  1.167059E-16
8696.67039731388  1.018231E-16
8699.71180749855  9.026536E-17
8702.75321768321  9.413569E-17
8705.79462786788  9.330020E-17
8708.83603805254  9.179817E-17
8711.87744823721  8.643429E-17
8714.91885842188  8.434401E-17
8717.96026860655  9.675781E-17
8721.00167879121  1.080864E-16
8724.04308897588  9.529270E-17
8727.08449916055  9.145988E-17
8730.12590934521  9.139554E-17
8733.16731952988  8.442798E-17
8736.20872971455  9.200763E-17
8739.25013989922  9.844612E-17
8742.29155008388  8.575313E-17
8745.33296026855  8.720195E-17
8748.37437045322  9.663728E-17
8751.41578063788  8.173648E-17
8754.45719082255  7.397808E-17
8757.49860100722  6.078404E-17
8760.54001119188  5.835854E-17
8763.58142137655  7.892983E-17
8766.62283156122  6.433573E-17
8769.66424174589  8.550090E-17
8772.70565193055  2.608352E-17
8775.74706211522  3.895107E-17
8778.78847229989  4.500077E-17
8781.82988248455  4.985184E-17
8784.87129266922  8.177433E-17
8787.91270285389  9.142744E-17
8790.95411303856  1.204388E-16
8793.99552322322  1.271888E-16
8797.03693340789  1.113703E-16
8800.07834359256  1.113289E-16
8803.11975377722  1.074097E-16
8806.16116396189  1.019189E-16
8809.20257414656  1.011225E-16
8812.24398433122  9.273693E-17
8815.28539451589  9.939920E-17
8818.32680470056  8.286508E-17
8821.36821488522  6.495233E-17
8824.40962506989  6.367120E-17
8827.45103525456  9.250863E-17
8830.49244543922  8.264041E-17
8833.53385562389  9.409399E-17
8836.57526580856  9.232845E-17
8839.61667599323  9.185450E-17
8842.65808617789  9.729443E-17
8845.69949636256  8.473156E-17
8848.74090654723  8.277997E-17
8851.78231673189  8.223019E-17
8854.82372691656  6.944912E-17
8857.86513710123  7.209050E-17
8860.9065472859  8.423588E-17
8863.94795747056  6.627931E-17
8866.98936765523  7.732295E-17
8870.0307778399  6.465180E-17
8873.07218802456  8.782666E-17
8876.11359820923  7.165555E-17
8879.1550083939  7.356977E-17
8882.19641857856  6.494239E-17
8885.23782876323  8.600395E-17
8888.2792389479  1.166840E-16
8891.32064913257  1.049227E-16
8894.36205931723  7.398344E-17
8897.4034695019  7.564160E-17
8900.44487968657  7.999073E-17
8903.48628987123  9.704753E-17
8906.5277000559  6.823967E-17
8909.56911024057  5.422913E-17
8912.61052042524  7.206898E-17
8915.6519306099  5.024000E-17
8918.69334079457  6.953705E-17
8921.73475097924  7.939745E-17
8924.7761611639  5.654144E-17
8927.81757134857  7.209500E-17
8930.85898153324  8.504543E-17
8933.9003917179  8.743877E-17
8936.94180190257  6.894190E-17
8939.98321208724  7.794953E-17
8943.0246222719  6.533697E-17
8946.06603245657  6.947671E-17
8949.10744264124  9.055686E-17
8952.14885282591  8.959688E-17
8955.19026301057  6.539084E-17
8958.23167319524  7.768382E-17
8961.27308337991  9.183996E-17
8964.31449356457  6.909849E-17
8967.35590374924  6.474251E-17
8970.39731393391  4.405920E-17
8973.43872411858  5.724337E-17
8976.48013430324  6.764987E-17
8979.52154448791  7.354313E-17
8982.56295467258  5.943972E-17
8985.60436485724  7.695612E-17
8988.64577504191  7.351664E-17
8991.68718522658  5.913607E-17
8994.72859541124  7.701433E-17
8997.77000559591  6.870414E-17
9000.81141578058  6.929028E-17
9003.85282596525  7.547561E-17
9006.89423614991  6.858552E-17
9009.93564633458  8.210202E-17
9012.97705651924  8.612215E-17
9016.01846670391  8.158901E-17
9019.05987688858  7.609419E-17
9022.10128707325  8.347394E-17
9025.14269725791  7.572412E-17
9028.18410744258  6.292978E-17
9031.22551762725  7.008705E-17
9034.26692781191  7.738404E-17
9037.30833799658  7.895410E-17
9040.34974818125  8.338361E-17
9043.39115836592  6.496752E-17
9046.43256855058  7.534894E-17
9049.47397873525  6.854132E-17
9052.51538891992  6.807766E-17
9055.55679910458  8.654859E-17
9058.59820928925  8.200935E-17
9061.63961947392  7.745010E-17
9064.68102965858  7.015061E-17
9067.72243984325  6.037085E-17
9070.76385002792  6.821593E-17
9073.80526021259  8.064479E-17
9076.84667039725  6.653939E-17
9079.88808058192  7.551551E-17
9082.92949076659  8.504191E-17
9085.97090095125  9.119934E-17
9089.01231113592  8.333555E-17
9092.05372132059  6.419304E-17
9095.09513150526  6.317650E-17
9098.13654168992  5.816436E-17
9101.17795187459  5.769352E-17
9104.21936205925  5.399304E-17
9107.26077224392  6.617658E-17
9110.30218242859  8.192925E-17
9113.34359261326  7.907269E-17
9116.38500279792  7.406939E-17
9119.42641298259  7.386301E-17
9122.46782316726  8.697041E-17
9125.50923335192  7.015611E-17
9128.55064353659  6.373863E-17
9131.59205372126  6.414322E-17
9134.63346390593  8.749356E-17
9137.67487409059  6.927884E-17
9140.71628427526  6.797342E-17
9143.75769445993  8.302983E-17
9146.79910464459  6.285673E-17
9149.84051482926  7.569822E-17
9152.88192501393  6.844047E-17
9155.9233351986  8.589870E-17
9158.96474538326  8.792269E-17
9162.00615556793  7.220188E-17
9165.0475657526  6.258033E-17
9168.08897593726  5.843309E-17
9171.13038612193  6.670898E-17
9174.1717963066  7.341517E-17
9177.21320649126  7.239292E-17
9180.25461667593  7.784137E-17
9183.2960268606  8.129712E-17
9186.33743704526  6.570920E-17
9189.37884722993  6.580353E-17
9192.4202574146  6.297953E-17
9195.46166759926  6.666425E-17
9198.50307778393  5.643172E-17
9201.5444879686  4.700559E-17
9204.58589815327  5.631072E-17
9207.62730833794  5.951185E-17
9210.6687185226  6.870114E-17
9213.71012870727  6.044423E-17
9216.75153889193  6.542410E-17
9219.7929490766  7.346722E-17
9222.83435926127  4.926225E-17
9225.87576944594  6.534006E-17
9228.9171796306  6.999419E-17
9231.95858981527  8.001943E-17
9234.99999999994  8.432204E-17
