3200.  -2.967771E-19
3202.1021021021  -5.757220E-19
3204.2042042042  -2.227562E-20
3206.30630630631  -1.910754E-19
3208.40840840841  -5.216547E-19
3210.51051051051  1.273166E-18
3212.61261261261  3.522064E-18
3214.71471471472  1.058410E-17
3216.81681681682  1.140904E-17
3218.91891891892  2.669070E-18
3221.02102102102  -1.167860E-17
3223.12312312312  4.424558E-18
3225.22522522523  1.835772E-17
3227.32732732733  7.855551E-18
3229.42942942943  1.511474E-17
3231.53153153153  1.246185E-17
3233.63363363363  -1.626300E-18
3235.73573573574  -6.156470E-18
3237.83783783784  8.647724E-18
3239.93993993994  8.323234E-18
3242.04204204204  5.454044E-17
3244.14414414414  2.748686E-17
3246.24624624625  2.474063E-17
3248.34834834835  6.897588E-17
3250.45045045045  3.070261E-17
3252.55255255255  -8.478115E-17
3254.65465465465  -7.842441E-17
3256.75675675676  3.895783E-17
3258.85885885886  -6.183067E-17
3260.96096096096  -2.232726E-17
3263.06306306306  -1.168542E-16
3265.16516516517  4.122595E-17
3267.26726726727  2.189936E-16
3269.36936936937  2.306638E-16
3271.47147147147  1.035387E-16
3273.57357357357  7.126025E-18
3275.67567567568  1.483737E-16
3277.77777777778  3.504135E-17
3279.87987987988  -6.053886E-17
3281.98198198198  -1.176273E-16
3284.08408408408  3.284316E-16
3286.18618618619  3.379230E-16
3288.28828828829  7.137911E-19
3290.39039039039  9.353499E-17
3292.49249249249  4.692625E-16
3294.59459459459  2.493074E-16
3296.6966966967  -1.650067E-16
3298.7987987988  -1.744621E-16
3300.9009009009  -7.677536E-17
3303.003003003  9.882141E-17
3305.10510510511  2.828131E-16
3307.20720720721  3.023863E-16
3309.30930930931  1.710144E-17
3311.41141141141  2.882432E-16
3313.51351351351  1.703671E-16
3315.61561561562  2.729751E-16
3317.71771771772  1.470259E-16
3319.81981981982  -1.939415E-17
3321.92192192192  1.205429E-16
3324.02402402402  7.947760E-17
3326.12612612613  1.277126E-16
3328.22822822823  1.814768E-16
3330.33033033033  2.589715E-16
3332.43243243243  4.137455E-17
3334.53453453453  1.830797E-16
3336.63663663664  4.637641E-16
3338.73873873874  2.913079E-16
3340.84084084084  7.408224E-17
3342.94294294294  -2.643681E-17
3345.04504504505  -2.713803E-17
3347.14714714715  3.724369E-17
3349.24924924925  1.955515E-16
3351.35135135135  4.091310E-16
3353.45345345345  3.750351E-16
3355.55555555556  4.798180E-16
3357.65765765766  3.739188E-16
3359.75975975976  3.588440E-16
3361.86186186186  2.784628E-16
3363.96396396396  1.564436E-16
3366.06606606607  1.045463E-16
3368.16816816817  1.963532E-16
3370.27027027027  3.205117E-16
3372.37237237237  3.075825E-16
3374.47447447447  1.420121E-16
3376.57657657658  -6.280803E-18
3378.67867867868  -4.397849E-17
3380.78078078078  8.160371E-17
3382.88288288288  7.393962E-17
3384.98498498499  1.127203E-16
3387.08708708709  1.938485E-16
3389.18918918919  1.825072E-16
3391.29129129129  -2.085832E-17
3393.39339339339  1.332323E-16
3395.4954954955  2.841603E-16
3397.5975975976  2.424666E-16
3399.6996996997  1.671660E-16
3401.8018018018  1.765195E-16
3403.9039039039  1.110359E-16
3406.00600600601  3.133790E-17
3408.10810810811  4.416295E-17
3410.21021021021  1.290439E-16
3412.31231231231  1.394354E-16
3414.41441441441  1.343078E-16
3416.51651651652  -7.579660E-17
3418.61861861862  -1.153199E-16
3420.72072072072  2.438661E-17
3422.82282282282  2.357145E-16
3424.92492492492  2.852237E-16
3427.02702702703  2.368908E-16
3429.12912912913  1.582977E-16
3431.23123123123  9.876272E-17
3433.33333333333  1.302764E-16
3435.43543543544  1.809794E-16
3437.53753753754  2.635213E-16
3439.63963963964  1.754775E-16
3441.74174174174  2.412332E-16
3443.84384384384  2.713408E-16
3445.94594594595  7.423298E-17
3448.04804804805  1.098001E-16
3450.15015015015  1.143346E-16
3452.25225225225  2.617110E-16
3454.35435435436  1.936516E-16
3456.45645645646  5.908126E-17
3458.55855855856  -5.531607E-17
3460.66066066066  -8.182341E-18
3462.76276276276  1.658536E-16
3464.86486486487  2.637985E-16
3466.96696696697  1.757274E-16
3469.06906906907  9.638065E-17
3471.17117117117  1.043056E-16
3473.27327327327  1.014394E-16
3475.37537537538  7.645641E-17
3477.47747747748  4.903802E-17
3479.57957957958  9.540883E-17
3481.68168168168  1.190767E-16
3483.78378378378  1.472647E-16
3485.88588588589  9.364921E-17
3487.98798798799  1.680197E-16
3490.09009009009  1.158054E-16
3492.19219219219  -6.620052E-17
3494.29429429429  9.893624E-17
3496.3963963964  3.255639E-16
3498.4984984985  2.409078E-16
3500.6006006006  5.300638E-17
3502.7027027027  8.202580E-17
3504.8048048048  2.917199E-16
3506.90690690691  4.735534E-17
3509.00900900901  1.007101E-16
3511.11111111111  2.019334E-16
3513.21321321321  2.210302E-16
3515.31531531532  1.382523E-16
3517.41741741742  1.356098E-16
3519.51951951952  2.042466E-16
3521.62162162162  2.384297E-16
3523.72372372372  1.654415E-16
3525.82582582583  1.108179E-16
3527.92792792793  6.389681E-17
3530.03003003003  1.516427E-16
3532.13213213213  1.349786E-16
3534.23423423423  1.315637E-16
3536.33633633634  1.411485E-16
3538.43843843844  1.156019E-16
3540.54054054054  1.064612E-16
3542.64264264264  1.077777E-16
3544.74474474474  1.726777E-16
3546.84684684685  1.396279E-16
3548.94894894895  1.422055E-16
3551.05105105105  8.999276E-17
3553.15315315315  5.017151E-17
3555.25525525526  6.141842E-18
3557.35735735736  7.895022E-17
3559.45945945946  6.567756E-17
3561.56156156156  -3.472477E-17
3563.66366366366  -1.111780E-17
3565.76576576577  5.984078E-17
3567.86786786787  2.432227E-16
3569.96996996997  2.089025E-16
3572.07207207207  1.551680E-16
3574.17417417417  1.046189E-16
3576.27627627628  2.835800E-17
3578.37837837838  6.670552E-18
3580.48048048048  1.629994E-16
3582.58258258258  2.648132E-16
3584.68468468469  1.606970E-16
3586.78678678679  9.793460E-17
3588.88888888889  7.973044E-17
3590.99099099099  3.795810E-17
3593.09309309309  1.544933E-16
3595.1951951952  1.591987E-16
3597.2972972973  2.082502E-16
3599.3993993994  1.893124E-16
3601.5015015015  7.797314E-17
3603.6036036036  -1.891797E-17
3605.70570570571  3.046208E-17
3607.80780780781  1.139552E-16
3609.90990990991  1.228552E-16
3612.01201201201  2.149924E-16
3614.11411411411  2.072818E-16
3616.21621621622  1.245035E-16
3618.31831831832  1.243347E-16
3620.42042042042  1.081301E-16
3622.52252252252  1.864920E-16
3624.62462462463  2.068988E-16
3626.72672672673  1.302623E-16
3628.82882882883  7.637239E-17
3630.93093093093  -2.989201E-18
3633.03303303303  2.143151E-18
3635.13513513514  2.043320E-17
3637.23723723724  1.080659E-16
3639.33933933934  1.726625E-16
3641.44144144144  1.704133E-16
3643.54354354354  2.062028E-16
3645.64564564565  1.356978E-16
3647.74774774775  1.248990E-16
3649.84984984985  1.097133E-16
3651.95195195195  1.870972E-16
3654.05405405405  1.750040E-16
3656.15615615616  1.770545E-16
3658.25825825826  1.280167E-16
3660.36036036036  7.893323E-17
3662.46246246246  7.173799E-17
3664.56456456457  4.749708E-17
3666.66666666667  1.125164E-16
3668.76876876877  1.394778E-16
3670.87087087087  1.993559E-16
3672.97297297297  1.814645E-16
3675.07507507508  1.189182E-16
3677.17717717718  1.270087E-16
3679.27927927928  1.065426E-16
3681.38138138138  3.118441E-17
3683.48348348348  2.690259E-17
3685.58558558559  1.006268E-16
3687.68768768769  5.571044E-17
3689.78978978979  -2.078977E-18
3691.89189189189  2.030312E-17
3693.99399399399  9.589153E-17
3696.0960960961  1.640981E-16
3698.1981981982  1.411616E-16
3700.3003003003  1.244827E-16
3702.4024024024  1.129242E-16
3704.50450450451  6.018114E-17
3706.60660660661  1.009787E-16
3708.70870870871  1.277206E-16
3710.81081081081  1.205619E-16
3712.91291291291  1.412579E-16
3715.01501501502  1.747888E-16
3717.11711711712  2.239349E-16
3719.21921921922  1.812600E-16
3721.32132132132  1.556832E-16
3723.42342342342  1.766679E-16
3725.52552552553  1.660023E-16
3727.62762762763  6.976351E-17
3729.72972972973  4.223544E-17
3731.83183183183  1.056785E-16
3733.93393393393  1.478059E-16
3736.03603603604  1.450546E-16
3738.13813813814  1.297742E-16
3740.24024024024  1.133004E-16
3742.34234234234  1.136408E-16
3744.44444444444  1.580492E-16
3746.54654654655  2.113186E-16
3748.64864864865  1.651334E-16
3750.75075075075  1.387784E-16
3752.85285285285  1.521664E-16
3754.95495495496  1.250040E-16
3757.05705705706  1.199091E-16
3759.15915915916  1.572455E-16
3761.26126126126  8.875234E-17
3763.36336336336  8.362772E-17
3765.46546546547  5.788222E-17
3767.56756756757  6.493697E-17
3769.66966966967  1.262695E-16
3771.77177177177  1.159242E-16
3773.87387387387  1.238411E-16
3775.97597597598  1.595332E-16
3778.07807807808  1.686661E-16
3780.18018018018  1.231342E-16
3782.28228228228  9.242816E-17
3784.38438438438  1.551293E-16
3786.48648648649  1.742420E-16
3788.58858858859  1.985940E-16
3790.69069069069  1.689300E-16
3792.79279279279  1.627263E-16
3794.8948948949  1.113022E-16
3796.996996997  8.325662E-17
3799.0990990991  1.036286E-16
3801.2012012012  1.632800E-16
3803.3033033033  1.865131E-16
3805.40540540541  8.630331E-17
3807.50750750751  2.094788E-17
3809.60960960961  6.710507E-17
3811.71171171171  1.388159E-16
3813.81381381381  2.136308E-16
3815.91591591592  1.809495E-16
3818.01801801802  1.392633E-16
3820.12012012012  1.192711E-16
3822.22222222222  1.450782E-16
3824.32432432432  2.177296E-16
3826.42642642643  1.544588E-16
3828.52852852853  1.635496E-16
3830.63063063063  1.883376E-16
3832.73273273273  1.910276E-16
3834.83483483484  1.489684E-16
3836.93693693694  1.953364E-16
3839.03903903904  2.103613E-16
3841.14114114114  1.568759E-16
3843.24324324324  1.398180E-16
3845.34534534535  1.676574E-16
3847.44744744745  1.380607E-16
3849.54954954955  9.138120E-17
3851.65165165165  1.488870E-16
3853.75375375375  1.954099E-16
3855.85585585586  1.960170E-16
3857.95795795796  2.318010E-16
3860.06006006006  2.328337E-16
3862.16216216216  1.364341E-16
3864.26426426426  1.473425E-16
3866.36636636637  2.180041E-16
3868.46846846847  1.994987E-16
3870.57057057057  2.151724E-16
3872.67267267267  2.221453E-16
3874.77477477478  1.879634E-16
3876.87687687688  1.200737E-16
3878.97897897898  9.681604E-17
3881.08108108108  1.401374E-16
3883.18318318318  1.253293E-16
3885.28528528529  1.555472E-16
3887.38738738739  1.647502E-16
3889.48948948949  1.606235E-16
3891.59159159159  1.571641E-16
3893.69369369369  1.946919E-16
3895.7957957958  1.830675E-16
3897.8978978979  1.852056E-16
3900.  1.325371E-16
3902.1021021021  1.068210E-16
3904.2042042042  1.619853E-16
3906.30630630631  1.939701E-16
3908.40840840841  1.747106E-16
3910.51051051051  1.576251E-16
3912.61261261261  1.592775E-16
3914.71471471471  1.594208E-16
3916.81681681682  1.520962E-16
3918.91891891892  1.885242E-16
3921.02102102102  1.435626E-16
3923.12312312312  1.621289E-16
3925.22522522523  1.328500E-16
3927.32732732733  1.236771E-16
3929.42942942943  2.002558E-16
3931.53153153153  1.695985E-16
3933.63363363363  1.256369E-16
3935.73573573574  1.157341E-16
3937.83783783784  1.722605E-16
3939.93993993994  1.844199E-16
3942.04204204204  1.558548E-16
3944.14414414415  1.160514E-16
3946.24624624625  1.351203E-16
3948.34834834835  1.451747E-16
3950.45045045045  1.214295E-16
3952.55255255255  1.104894E-16
3954.65465465465  1.382206E-16
3956.75675675676  1.657557E-16
3958.85885885886  2.059660E-16
3960.96096096096  2.174790E-16
3963.06306306306  2.067265E-16
3965.16516516517  2.172281E-16
3967.26726726727  2.086636E-16
3969.36936936937  1.835240E-16
3971.47147147147  1.362899E-16
3973.57357357357  1.216105E-16
3975.67567567568  1.397992E-16
3977.77777777778  1.866474E-16
3979.87987987988  1.977839E-16
3981.98198198198  1.707798E-16
3984.08408408408  1.300218E-16
3986.18618618619  1.396082E-16
3988.28828828829  1.130609E-16
3990.39039039039  1.507624E-16
3992.49249249249  1.847901E-16
3994.5945945946  1.636785E-16
3996.6966966967  1.254800E-16
3998.7987987988  1.503173E-16
4000.9009009009  1.555221E-16
4003.003003003  1.377203E-16
4005.10510510511  1.938184E-16
4007.20720720721  1.960034E-16
4009.30930930931  1.688101E-16
4011.41141141141  1.461224E-16
4013.51351351351  2.006511E-16
4015.61561561562  2.572378E-16
4017.71771771772  2.698751E-16
4019.81981981982  1.988987E-16
4021.92192192192  1.624726E-16
4024.02402402402  1.825027E-16
4026.12612612613  1.945234E-16
4028.22822822823  1.803408E-16
4030.33033033033  1.914228E-16
4032.43243243243  1.954414E-16
4034.53453453454  1.826849E-16
4036.63663663664  1.649847E-16
4038.73873873874  1.486318E-16
4040.84084084084  1.479812E-16
4042.94294294294  1.577913E-16
4045.04504504504  1.299833E-16
4047.14714714715  1.482612E-16
4049.24924924925  2.215904E-16
4051.35135135135  2.535959E-16
4053.45345345345  2.270216E-16
4055.55555555556  2.098730E-16
4057.65765765766  1.637325E-16
4059.75975975976  1.414936E-16
4061.86186186186  1.496422E-16
4063.96396396396  2.051571E-16
4066.06606606607  2.287949E-16
4068.16816816817  1.161483E-16
4070.27027027027  6.389523E-17
4072.37237237237  1.642108E-16
4074.47447447448  1.620592E-16
4076.57657657658  1.812193E-16
4078.67867867868  1.588052E-16
4080.78078078078  1.482706E-16
4082.88288288288  8.694692E-17
4084.98498498499  9.951909E-17
4087.08708708709  1.969194E-16
4089.18918918919  1.991913E-16
4091.29129129129  1.607929E-16
4093.39339339339  2.118806E-16
4095.4954954955  2.171821E-16
4097.5975975976  1.737903E-16
4099.6996996997  1.285134E-16
4101.8018018018  1.571255E-16
4103.9039039039  2.395719E-16
4106.00600600601  2.747936E-16
4108.10810810811  2.515418E-16
4110.21021021021  2.305598E-16
4112.31231231231  2.068995E-16
4114.41441441441  1.395074E-16
4116.51651651652  1.433503E-16
4118.61861861862  2.095428E-16
4120.72072072072  2.490108E-16
4122.82282282282  2.565371E-16
4124.92492492492  1.932841E-16
4127.02702702703  1.752162E-16
4129.12912912913  1.895552E-16
4131.23123123123  1.882224E-16
4133.33333333333  2.796005E-16
4135.43543543544  2.104797E-16
4137.53753753754  1.950956E-16
4139.63963963964  2.290469E-16
4141.74174174174  2.176687E-16
4143.84384384384  1.849521E-16
4145.94594594595  2.174780E-16
4148.04804804805  2.399228E-16
4150.15015015015  2.541071E-16
4152.25225225225  2.179468E-16
4154.35435435436  2.398266E-16
4156.45645645646  1.735654E-16
4158.55855855856  1.403042E-16
4160.66066066066  1.478717E-16
4162.76276276276  1.834184E-16
4164.86486486487  2.098289E-16
4166.96696696697  2.353246E-16
4169.06906906907  2.205457E-16
4171.17117117117  1.931188E-16
4173.27327327327  2.043044E-16
4175.37537537538  2.265382E-16
4177.47747747748  1.738044E-16
4179.57957957958  1.585259E-16
4181.68168168168  1.844583E-16
4183.78378378378  1.979841E-16
4185.88588588589  2.154693E-16
4187.98798798799  1.992616E-16
4190.09009009009  2.323455E-16
4192.19219219219  2.649893E-16
4194.29429429429  2.371326E-16
4196.3963963964  2.200126E-16
4198.4984984985  2.461892E-16
4200.6006006006  2.452405E-16
4202.7027027027  2.143663E-16
4204.80480480481  1.534071E-16
4206.90690690691  1.250694E-16
4209.00900900901  2.394310E-16
4211.11111111111  1.988691E-16
4213.21321321321  9.562633E-17
4215.31531531532  1.110522E-16
4217.41741741742  1.265504E-16
4219.51951951952  1.708076E-16
4221.62162162162  2.183120E-16
4223.72372372372  2.001684E-16
4225.82582582583  2.026528E-16
4227.92792792793  1.803171E-16
4230.03003003003  2.146438E-16
4232.13213213213  1.919430E-16
4234.23423423423  2.296485E-16
4236.33633633634  2.189892E-16
4238.43843843844  2.233791E-16
4240.54054054054  2.144114E-16
4242.64264264264  2.121053E-16
4244.74474474475  2.317286E-16
4246.84684684685  2.498715E-16
4248.94894894895  2.259718E-16
4251.05105105105  1.697796E-16
4253.15315315315  1.924256E-16
4255.25525525526  2.490747E-16
4257.35735735736  2.379860E-16
4259.45945945946  2.144775E-16
4261.56156156156  2.164080E-16
4263.66366366366  2.064424E-16
4265.76576576577  1.941574E-16
4267.86786786787  2.160420E-16
4269.96996996997  2.220525E-16
4272.07207207207  2.470457E-16
4274.17417417418  2.519736E-16
4276.27627627628  2.485081E-16
4278.37837837838  1.860107E-16
4280.48048048048  1.806864E-16
4282.58258258258  2.311331E-16
4284.68468468469  2.531911E-16
4286.78678678679  2.353558E-16
4288.88888888889  2.183108E-16
4290.99099099099  1.978088E-16
4293.09309309309  1.683967E-16
4295.1951951952  1.809562E-16
4297.2972972973  1.984630E-16
4299.3993993994  1.812826E-16
4301.5015015015  1.522998E-16
4303.6036036036  1.870703E-16
4305.70570570571  2.012640E-16
4307.80780780781  2.201750E-16
4309.90990990991  1.894103E-16
4312.01201201201  1.652038E-16
4314.11411411411  1.580679E-16
4316.21621621622  2.034021E-16
4318.31831831832  1.784904E-16
4320.42042042042  1.923843E-16
4322.52252252252  1.506089E-16
4324.62462462463  1.665522E-16
4326.72672672673  1.755390E-16
4328.82882882883  1.765315E-16
4330.93093093093  1.518198E-16
4333.03303303303  1.896542E-16
4335.13513513514  2.019568E-16
4337.23723723724  2.046387E-16
4339.33933933934  2.059046E-16
4341.44144144144  2.274076E-16
4343.54354354355  1.826619E-16
4345.64564564565  1.314309E-16
4347.74774774775  1.143727E-16
4349.84984984985  9.691873E-17
4351.95195195195  1.538062E-16
4354.05405405406  1.841841E-16
4356.15615615616  1.978379E-16
4358.25825825826  1.735599E-16
4360.36036036036  1.510858E-16
4362.46246246246  1.875349E-16
4364.56456456457  2.042209E-16
4366.66666666667  1.944094E-16
4368.76876876877  1.722410E-16
4370.87087087087  1.819912E-16
4372.97297297297  1.904261E-16
4375.07507507508  2.043265E-16
4377.17717717718  1.800895E-16
4379.27927927928  1.692812E-16
4381.38138138138  1.508259E-16
4383.48348348348  1.642726E-16
4385.58558558559  1.673849E-16
4387.68768768769  1.483378E-16
4389.78978978979  1.321938E-16
4391.89189189189  1.524739E-16
4393.993993994  1.977376E-16
4396.0960960961  1.843198E-16
4398.1981981982  1.862305E-16
4400.3003003003  2.029497E-16
4402.4024024024  2.179294E-16
4404.50450450451  2.181160E-16
4406.60660660661  1.921149E-16
4408.70870870871  1.572220E-16
4410.81081081081  1.621676E-16
4412.91291291291  1.932972E-16
4415.01501501502  2.030095E-16
4417.11711711712  1.941660E-16
4419.21921921922  1.783909E-16
4421.32132132132  1.858771E-16
4423.42342342343  1.886039E-16
4425.52552552553  2.226476E-16
4427.62762762763  1.792733E-16
4429.72972972973  2.393751E-16
4431.83183183183  2.144360E-16
4433.93393393393  1.733909E-16
4436.03603603604  2.218508E-16
4438.13813813814  1.761225E-16
4440.24024024024  1.763089E-16
4442.34234234234  1.807753E-16
4444.44444444444  2.475447E-16
4446.54654654655  1.788936E-16
4448.64864864865  1.850958E-16
4450.75075075075  2.288084E-16
4452.85285285285  2.434587E-16
4454.95495495496  1.920316E-16
4457.05705705706  1.800553E-16
4459.15915915916  2.293642E-16
4461.26126126126  2.235881E-16
4463.36336336336  2.116463E-16
4465.46546546547  1.562299E-16
4467.56756756757  1.652669E-16
4469.66966966967  1.969332E-16
4471.77177177177  2.135788E-16
4473.87387387388  2.262743E-16
4475.97597597598  1.806967E-16
4478.07807807808  1.676845E-16
4480.18018018018  2.059555E-16
4482.28228228228  2.750935E-16
4484.38438438439  2.917046E-16
4486.48648648649  2.333562E-16
4488.58858858859  2.050454E-16
4490.69069069069  2.425751E-16
4492.79279279279  1.966608E-16
4494.89489489489  2.041370E-16
4496.996996997  1.913351E-16
4499.0990990991  1.705183E-16
4501.2012012012  1.689269E-16
4503.3033033033  1.964719E-16
4505.40540540541  2.029911E-16
4507.50750750751  2.115059E-16
4509.60960960961  1.969902E-16
4511.71171171171  1.817380E-16
4513.81381381381  1.692878E-16
4515.91591591592  1.625419E-16
4518.01801801802  1.813065E-16
4520.12012012012  1.970786E-16
4522.22222222222  1.667796E-16
4524.32432432433  1.380184E-16
4526.42642642643  1.757289E-16
4528.52852852853  2.448163E-16
4530.63063063063  1.793117E-16
4532.73273273273  1.450880E-16
4534.83483483483  1.687623E-16
4536.93693693694  1.660378E-16
4539.03903903904  1.227725E-16
4541.14114114114  1.539516E-16
4543.24324324324  1.470093E-16
4545.34534534535  2.048521E-16
4547.44744744745  1.908898E-16
4549.54954954955  1.446670E-16
4551.65165165165  1.859615E-16
4553.75375375376  1.859320E-16
4555.85585585586  1.512465E-16
4557.95795795796  1.569057E-16
4560.06006006006  1.616757E-16
4562.16216216216  1.769946E-16
4564.26426426426  1.704597E-16
4566.36636636637  1.408835E-16
4568.46846846847  1.572446E-16
4570.57057057057  1.981501E-16
4572.67267267267  2.351811E-16
4574.77477477478  2.355920E-16
4576.87687687688  1.941567E-16
4578.97897897898  1.724408E-16
4581.08108108108  1.723763E-16
4583.18318318318  2.041070E-16
4585.28528528529  1.974598E-16
4587.38738738739  2.075372E-16
4589.48948948949  1.899620E-16
4591.59159159159  2.151441E-16
4593.69369369369  1.942527E-16
4595.7957957958  2.309080E-16
4597.8978978979  2.129382E-16
4600.  1.986859E-16
4602.1021021021  1.775888E-16
4604.20420420421  1.786684E-16
4606.30630630631  1.830989E-16
4608.40840840841  1.827056E-16
4610.51051051051  1.991150E-16
4612.61261261261  2.044332E-16
4614.71471471471  1.993494E-16
4616.81681681682  2.036621E-16
4618.91891891892  2.134670E-16
4621.02102102102  2.071022E-16
4623.12312312312  2.194677E-16
4625.22522522523  1.842121E-16
4627.32732732733  1.641143E-16
4629.42942942943  2.106142E-16
4631.53153153153  2.242537E-16
4633.63363363363  2.123157E-16
4635.73573573574  2.170978E-16
4637.83783783784  2.147871E-16
4639.93993993994  2.076549E-16
4642.04204204204  2.252019E-16
4644.14414414414  2.332881E-16
4646.24624624625  1.974893E-16
4648.34834834835  1.656288E-16
4650.45045045045  1.773122E-16
4652.55255255255  1.754043E-16
4654.65465465466  1.626434E-16
4656.75675675676  1.992897E-16
4658.85885885886  1.962794E-16
4660.96096096096  1.989305E-16
4663.06306306306  1.930950E-16
4665.16516516517  1.945941E-16
4667.26726726727  2.010154E-16
4669.36936936937  2.116466E-16
4671.47147147147  1.883302E-16
4673.57357357357  2.361240E-16
4675.67567567568  2.766144E-16
4677.77777777778  2.456626E-16
4679.87987987988  2.094655E-16
4681.98198198198  2.245701E-16
4684.08408408408  2.306886E-16
4686.18618618619  2.388597E-16
4688.28828828829  2.288410E-16
4690.39039039039  2.229473E-16
4692.49249249249  2.288261E-16
4694.5945945946  2.243004E-16
4696.6966966967  2.364103E-16
4698.7987987988  2.133200E-16
4700.9009009009  2.411353E-16
4703.003003003  2.502966E-16
4705.10510510511  2.463245E-16
4707.20720720721  2.298967E-16
4709.30930930931  2.474010E-16
4711.41141141141  2.642862E-16
4713.51351351351  2.201916E-16
4715.61561561562  2.295726E-16
4717.71771771772  2.244654E-16
4719.81981981982  2.002771E-16
4721.92192192192  1.873909E-16
4724.02402402402  2.033244E-16
4726.12612612613  2.319566E-16
4728.22822822823  2.373585E-16
4730.33033033033  2.484970E-16
4732.43243243243  2.560749E-16
4734.53453453454  2.034690E-16
4736.63663663664  1.842081E-16
4738.73873873874  2.147283E-16
4740.84084084084  2.002387E-16
4742.94294294294  1.970649E-16
4745.04504504505  2.067435E-16
4747.14714714715  2.094200E-16
4749.24924924925  2.064347E-16
4751.35135135135  2.153078E-16
4753.45345345345  1.963992E-16
4755.55555555556  2.022088E-16
4757.65765765766  2.086306E-16
4759.75975975976  2.014594E-16
4761.86186186186  2.076074E-16
4763.96396396396  2.465468E-16
4766.06606606607  2.169523E-16
4768.16816816817  1.977107E-16
4770.27027027027  2.105756E-16
4772.37237237237  1.522104E-16
4774.47447447448  1.594062E-16
4776.57657657658  2.337939E-16
4778.67867867868  2.220602E-16
4780.78078078078  1.753926E-16
4782.88288288288  2.102119E-16
4784.98498498499  2.470828E-16
4787.08708708709  2.348355E-16
4789.18918918919  2.281610E-16
4791.29129129129  2.240993E-16
4793.39339339339  2.106555E-16
4795.4954954955  1.961832E-16
4797.5975975976  2.205590E-16
4799.6996996997  2.439490E-16
4801.8018018018  2.518750E-16
4803.90390390391  2.533516E-16
4806.00600600601  2.258893E-16
4808.10810810811  1.961961E-16
4810.21021021021  1.733510E-16
4812.31231231231  1.759695E-16
4814.41441441442  2.041173E-16
4816.51651651652  1.750133E-16
4818.61861861862  1.959049E-16
4820.72072072072  1.972478E-16
4822.82282282282  2.138108E-16
4824.92492492493  1.888582E-16
4827.02702702703  2.015796E-16
4829.12912912913  2.395736E-16
4831.23123123123  2.131455E-16
4833.33333333333  1.745554E-16
4835.43543543544  2.095385E-16
4837.53753753754  2.246765E-16
4839.63963963964  1.998541E-16
4841.74174174174  1.874222E-16
4843.84384384384  2.092302E-16
4845.94594594595  2.021871E-16
4848.04804804805  2.159462E-16
4850.15015015015  2.245851E-16
4852.25225225225  2.264018E-16
4854.35435435436  2.101330E-16
4856.45645645646  2.214481E-16
4858.55855855856  2.054191E-16
4860.66066066066  2.120809E-16
4862.76276276276  1.959481E-16
4864.86486486487  1.775404E-16
4866.96696696697  1.983068E-16
4869.06906906907  2.267086E-16
4871.17117117117  2.193345E-16
4873.27327327327  1.939038E-16
4875.37537537538  1.545382E-16
4877.47747747748  1.965672E-16
4879.57957957958  2.303077E-16
4881.68168168168  2.202059E-16
4883.78378378379  1.918113E-16
4885.88588588589  1.824375E-16
4887.98798798799  2.063771E-16
4890.09009009009  2.259846E-16
4892.19219219219  2.247528E-16
4894.2942942943  2.252827E-16
4896.3963963964  2.197257E-16
4898.4984984985  2.006196E-16
4900.6006006006  2.029414E-16
4902.7027027027  2.407655E-16
4904.80480480481  2.078485E-16
4906.90690690691  2.174198E-16
4909.00900900901  2.077077E-16
4911.11111111111  2.081448E-16
4913.21321321321  1.869069E-16
4915.31531531532  1.938952E-16
4917.41741741742  2.359903E-16
4919.51951951952  2.488662E-16
4921.62162162162  2.484824E-16
4923.72372372373  2.182102E-16
4925.82582582583  2.320896E-16
4927.92792792793  2.821864E-16
4930.03003003003  2.466154E-16
4932.13213213213  1.865205E-16
4934.23423423424  1.471694E-16
4936.33633633634  1.667867E-16
4938.43843843844  2.057921E-16
4940.54054054054  2.208998E-16
4942.64264264264  2.243924E-16
4944.74474474475  2.090542E-16
4946.84684684685  2.341478E-16
4948.94894894895  2.323231E-16
4951.05105105105  2.282016E-16
4953.15315315315  2.018719E-16
4955.25525525526  1.992237E-16
4957.35735735736  2.223727E-16
4959.45945945946  2.448486E-16
4961.56156156156  2.450113E-16
4963.66366366367  2.627438E-16
4965.76576576577  2.862536E-16
4967.86786786787  2.670854E-16
4969.96996996997  2.435816E-16
4972.07207207207  2.523621E-16
4974.17417417418  2.513336E-16
4976.27627627628  2.259566E-16
4978.37837837838  2.157505E-16
4980.48048048048  2.079718E-16
4982.58258258258  2.231758E-16
4984.68468468469  2.601541E-16
4986.78678678679  2.902622E-16
4988.88888888889  2.721811E-16
4990.99099099099  2.112029E-16
4993.09309309309  2.255988E-16
4995.1951951952  2.537258E-16
4997.2972972973  2.446066E-16
4999.3993993994  2.643455E-16
5001.5015015015  2.760525E-16
5003.6036036036  2.325769E-16
5005.70570570571  2.081042E-16
5007.80780780781  2.147314E-16
5009.90990990991  2.296244E-16
5012.01201201201  2.413347E-16
5014.11411411412  2.146075E-16
5016.21621621622  2.376177E-16
5018.31831831832  2.907431E-16
5020.42042042042  2.878228E-16
5022.52252252252  2.691856E-16
5024.62462462463  2.061408E-16
5026.72672672673  2.145920E-16
5028.82882882883  2.486738E-16
5030.93093093093  2.632986E-16
5033.03303303303  2.620742E-16
5035.13513513514  2.170482E-16
5037.23723723724  2.206334E-16
5039.33933933934  2.017573E-16
5041.44144144144  2.187948E-16
5043.54354354355  2.150422E-16
5045.64564564565  2.178973E-16
5047.74774774775  1.829249E-16
5049.84984984985  2.341073E-16
5051.95195195195  2.369247E-16
5054.05405405406  2.369930E-16
5056.15615615616  2.417014E-16
5058.25825825826  2.576230E-16
5060.36036036036  2.631962E-16
5062.46246246246  2.273298E-16
5064.56456456457  2.668362E-16
5066.66666666667  2.667650E-16
5068.76876876877  2.415790E-16
5070.87087087087  1.989139E-16
5072.97297297298  1.512007E-16
5075.07507507508  1.627547E-16
5077.17717717718  2.153854E-16
5079.27927927928  2.287579E-16
5081.38138138138  1.978368E-16
5083.48348348348  1.728482E-16
5085.58558558559  1.846978E-16
5087.68768768769  2.465928E-16
5089.78978978979  2.613370E-16
5091.89189189189  2.067506E-16
5093.993993994  1.822177E-16
5096.0960960961  1.985126E-16
5098.1981981982  2.617447E-16
5100.3003003003  2.470435E-16
5102.4024024024  2.031564E-16
5104.50450450451  1.877797E-16
5106.60660660661  2.398702E-16
5108.70870870871  2.168996E-16
5110.81081081081  2.343914E-16
5112.91291291291  2.139064E-16
5115.01501501502  2.386655E-16
5117.11711711712  2.397414E-16
5119.21921921922  2.127744E-16
5121.32132132132  1.918142E-16
5123.42342342343  2.003723E-16
5125.52552552553  1.842193E-16
5127.62762762763  1.888122E-16
5129.72972972973  1.919980E-16
5131.83183183183  2.011590E-16
5133.93393393393  2.009799E-16
5136.03603603604  2.005453E-16
5138.13813813814  1.880576E-16
5140.24024024024  1.623688E-16
5142.34234234234  1.814865E-16
5144.44444444445  2.439519E-16
5146.54654654655  2.117942E-16
5148.64864864865  2.292101E-16
5150.75075075075  2.370527E-16
5152.85285285285  2.353829E-16
5154.95495495496  2.002564E-16
5157.05705705706  2.133209E-16
5159.15915915916  2.330651E-16
5161.26126126126  2.082222E-16
5163.36336336336  1.734561E-16
5165.46546546547  1.463103E-16
5167.56756756757  1.349327E-16
5169.66966966967  1.754166E-16
5171.77177177177  2.299632E-16
5173.87387387388  2.622070E-16
5175.97597597598  2.010161E-16
5178.07807807808  1.670113E-16
5180.18018018018  1.703275E-16
5182.28228228228  1.573967E-16
5184.38438438439  1.687211E-16
5186.48648648649  1.818717E-16
5188.58858858859  1.894059E-16
5190.69069069069  2.000812E-16
5192.79279279279  2.112614E-16
5194.8948948949  1.845749E-16
5196.996996997  1.665166E-16
5199.0990990991  1.848333E-16
5201.2012012012  2.242521E-16
5203.3033033033  2.111850E-16
5205.40540540541  1.802014E-16
5207.50750750751  2.014325E-16
5209.60960960961  2.392239E-16
5211.71171171171  1.922251E-16
5213.81381381382  1.776167E-16
5215.91591591592  1.450302E-16
5218.01801801802  1.797675E-16
5220.12012012012  2.120221E-16
5222.22222222222  2.611369E-16
5224.32432432433  2.446200E-16
5226.42642642643  2.008923E-16
5228.52852852853  2.033283E-16
5230.63063063063  2.306362E-16
5232.73273273273  2.093891E-16
5234.83483483484  2.199459E-16
5236.93693693694  1.956022E-16
5239.03903903904  2.178903E-16
5241.14114114114  2.311976E-16
5243.24324324324  3.416203E-16
5245.34534534535  2.725993E-16
5247.44744744745  2.840166E-16
5249.54954954955  2.183962E-16
5251.65165165165  2.293304E-16
5253.75375375376  3.252918E-16
5255.85585585586  2.306414E-16
5257.95795795796  2.421702E-16
5260.06006006006  2.123395E-16
5262.16216216216  2.355777E-16
5264.26426426427  1.389700E-16
5266.36636636637  1.529313E-16
5268.46846846847  1.973657E-16
5270.57057057057  2.590299E-16
5272.67267267267  2.515686E-16
5274.77477477478  1.076144E-16
5276.87687687688  1.818713E-16
5278.97897897898  2.545263E-16
5281.08108108108  2.582341E-16
5283.18318318319  1.591631E-16
5285.28528528529  5.474407E-17
5287.38738738739  1.160134E-17
5289.48948948949  1.298455E-16
5291.59159159159  2.441684E-16
5293.6936936937  2.608766E-16
5295.7957957958  1.035733E-16
5297.8978978979  2.639382E-17
5300.  1.355388E-16
