3800.  6.205614E-16
3803.04141018467  5.677083E-16
3806.08282036933  4.769614E-16
3809.124230554  4.967386E-16
3812.16564073867  5.975751E-16
3815.20705092334  5.536483E-16
3818.248461108  5.440116E-16
3821.28987129267  5.729533E-16
3824.33128147734  5.234661E-16
3827.372691662  4.901205E-16
3830.41410184667  5.652437E-16
3833.45551203134  5.009480E-16
3836.496922216  5.552708E-16
3839.53833240067  4.423959E-16
3842.57974258534  4.416263E-16
3845.62115277001  5.034426E-16
3848.66256295467  5.686975E-16
3851.70397313934  6.393493E-16
3854.74538332401  5.462672E-16
3857.78679350867  5.747108E-16
3860.82820369334  6.131014E-16
3863.86961387801  5.115367E-16
3866.91102406267  4.850370E-16
3869.95243424734  4.688465E-16
3872.99384443201  5.193240E-16
3876.03525461668  5.059955E-16
3879.07666480134  5.386105E-16
3882.11807498601  5.185554E-16
3885.15948517068  5.625676E-16
3888.20089535534  5.224247E-16
3891.24230554001  5.723422E-16
3894.28371572468  5.709877E-16
3897.32512590934  5.112623E-16
3900.36653609401  5.078305E-16
3903.40794627868  5.295241E-16
3906.44935646335  4.289767E-16
3909.49076664801  4.685369E-16
3912.53217683268  5.659373E-16
3915.57358701735  5.461265E-16
3918.61499720201  4.898579E-16
3921.65640738668  5.333015E-16
3924.69781757135  5.756538E-16
3927.73922775601  5.006853E-16
3930.78063794068  5.378782E-16
3933.82204812535  5.047639E-16
3936.86345831002  5.461019E-16
3939.90486849468  5.345820E-16
3942.94627867935  5.507815E-16
3945.98768886402  5.423024E-16
3949.02909904868  5.717849E-16
3952.07050923335  5.732023E-16
3955.11191941802  5.508921E-16
3958.15332960268  4.475174E-16
3961.19473978735  4.899872E-16
3964.23614997202  5.061045E-16
3967.27756015669  5.352003E-16
3970.31897034135  5.636584E-16
3973.36038052602  5.534296E-16
3976.40179071069  5.866982E-16
3979.44320089535  5.385583E-16
3982.48461108002  5.119772E-16
3985.52602126469  4.755539E-16
3988.56743144935  5.350053E-16
3991.60884163402  5.243005E-16
3994.65025181869  4.972180E-16
3997.69166200335  4.880489E-16
4000.73307218802  4.907392E-16
4003.77448237269  4.594396E-16
4006.81589255736  4.014026E-16
4009.85730274202  3.972529E-16
4012.89871292669  4.678181E-16
4015.94012311136  5.256030E-16
4018.98153329602  4.925158E-16
4022.02294348069  4.515885E-16
4025.06435366536  5.076833E-16
4028.10576385003  4.642300E-16
4031.14717403469  4.825720E-16
4034.18858421936  5.283157E-16
4037.22999440403  5.506642E-16
4040.27140458869  4.516010E-16
4043.31281477336  4.087450E-16
4046.35422495803  4.421248E-16
4049.39563514269  5.016252E-16
4052.43704532736  5.570159E-16
4055.47845551203  5.082569E-16
4058.5198656967  5.085055E-16
4061.56127588136  4.840937E-16
4064.60268606603  4.726681E-16
4067.6440962507  4.491393E-16
4070.68550643536  4.712288E-16
4073.72691662003  5.016179E-16
4076.7683268047  5.073418E-16
4079.80973698936  4.573438E-16
4082.85114717403  4.893920E-16
4085.8925573587  5.135534E-16
4088.93396754337  4.790882E-16
4091.97537772803  5.078571E-16
4095.0167879127  4.597191E-16
4098.05819809737  4.562231E-16
4101.09960828203  4.339660E-16
4104.1410184667  4.451000E-16
4107.18242865137  4.640694E-16
4110.22383883603  4.503947E-16
4113.2652490207  4.553584E-16
4116.30665920537  4.634495E-16
4119.34806939003  4.454591E-16
4122.3894795747  4.511523E-16
4125.43088975937  4.091336E-16
4128.47229994404  4.487236E-16
4131.5137101287  4.402829E-16
4134.55512031337  4.638132E-16
4137.59653049804  4.275976E-16
4140.6379406827  4.448627E-16
4143.67935086737  4.591915E-16
4146.72076105204  4.328892E-16
4149.76217123671  4.681464E-16
4152.80358142137  4.759650E-16
4155.84499160604  4.256598E-16
4158.88640179071  4.073801E-16
4161.92781197537  4.307097E-16
4164.96922216004  4.843434E-16
4168.01063234471  4.919545E-16
4171.05204252937  4.432821E-16
4174.09345271404  4.738949E-16
4177.13486289871  3.897360E-16
4180.17627308338  4.226008E-16
4183.21768326804  5.166950E-16
4186.25909345271  5.134812E-16
4189.30050363738  4.991790E-16
4192.34191382204  4.952530E-16
4195.38332400671  4.542901E-16
4198.42473419138  4.365009E-16
4201.46614437605  4.487099E-16
4204.50755456071  4.388202E-16
4207.54896474538  4.163224E-16
4210.59037493005  4.241847E-16
4213.63178511471  4.222019E-16
4216.67319529938  4.100350E-16
4219.71460548405  4.221751E-16
4222.75601566871  4.276137E-16
4225.79742585338  4.255316E-16
4228.83883603805  3.723945E-16
4231.88024622271  4.067287E-16
4234.92165640738  4.240333E-16
4237.96306659205  3.934312E-16
4241.00447677672  4.006999E-16
4244.04588696138  3.867162E-16
4247.08729714605  4.237285E-16
4250.12870733072  3.896617E-16
4253.17011751538  4.086856E-16
4256.21152770005  3.701533E-16
4259.25293788472  3.270222E-16
4262.29434806939  3.772833E-16
4265.33575825405  3.939486E-16
4268.37716843872  3.839811E-16
4271.41857862339  3.820309E-16
4274.45998880805  4.100916E-16
4277.50139899272  3.849128E-16
4280.54280917739  3.642695E-16
4283.58421936205  3.569303E-16
4286.62562954672  3.573494E-16
4289.66703973139  3.382999E-16
4292.70844991606  3.533355E-16
4295.74986010072  3.763549E-16
4298.79127028539  3.456145E-16
4301.83268047005  3.407295E-16
4304.87409065472  3.460719E-16
4307.91550083939  3.541122E-16
4310.95691102406  3.683814E-16
4313.99832120872  3.424226E-16
4317.03973139339  3.606358E-16
4320.08114157806  3.629066E-16
4323.12255176272  3.588841E-16
4326.16396194739  3.776019E-16
4329.20537213206  3.623665E-16
4332.24678231673  3.386675E-16
4335.28819250139  3.660656E-16
4338.32960268606  3.928864E-16
4341.37101287073  3.531833E-16
4344.41242305539  3.673789E-16
4347.45383324006  3.462203E-16
4350.49524342473  3.535875E-16
4353.53665360939  3.329343E-16
4356.57806379406  3.516775E-16
4359.61947397873  3.175708E-16
4362.6608841634  3.125776E-16
4365.70229434806  3.301510E-16
4368.74370453273  3.400120E-16
4371.7851147174  3.535800E-16
4374.82652490206  3.480547E-16
4377.86793508673  3.348417E-16
4380.9093452714  3.485156E-16
4383.95075545607  3.860222E-16
4386.99216564073  3.696985E-16
4390.0335758254  3.491175E-16
4393.07498601007  3.665384E-16
4396.11639619473  3.600590E-16
4399.1578063794  3.418027E-16
4402.19921656407  3.468362E-16
4405.24062674873  3.819649E-16
4408.2820369334  3.789226E-16
4411.32344711807  3.861153E-16
4414.36485730273  3.887546E-16
4417.4062674874  3.779165E-16
4420.44767767207  3.436608E-16
4423.48908785674  3.830781E-16
4426.5304980414  4.976609E-16
4429.57190822607  5.562932E-16
4432.61331841074  4.880212E-16
4435.6547285954  4.592423E-16
4438.69613878007  4.471156E-16
4441.73754896474  4.412454E-16
4444.77895914941  3.938591E-16
4447.82036933407  3.916291E-16
4450.86177951874  3.991548E-16
4453.90318970341  3.795820E-16
4456.94459988807  3.621938E-16
4459.98601007274  3.488439E-16
4463.02742025741  3.634433E-16
4466.06883044207  3.625235E-16
4469.11024062674  3.431774E-16
4472.15165081141  3.670001E-16
4475.19306099608  3.651353E-16
4478.23447118074  3.339872E-16
4481.27588136541  3.308430E-16
4484.31729155008  3.434309E-16
4487.35870173474  3.174265E-16
4490.40011191941  3.239296E-16
4493.44152210408  3.182902E-16
4496.48293228874  3.036211E-16
4499.52434247341  3.115700E-16
4502.56575265808  3.091385E-16
4505.60716284275  3.042306E-16
4508.64857302741  2.862738E-16
4511.68998321208  3.172761E-16
4514.73139339675  3.125343E-16
4517.77280358141  3.156535E-16
4520.81421376608  3.299483E-16
4523.85562395075  2.977626E-16
4526.89703413541  2.881709E-16
4529.93844432008  3.172311E-16
4532.97985450475  3.232460E-16
4536.02126468941  2.906994E-16
4539.06267487408  2.889564E-16
4542.10408505875  2.895659E-16
4545.14549524342  3.105882E-16
4548.18690542808  3.324760E-16
4551.22831561275  2.863908E-16
4554.26972579742  2.845546E-16
4557.31113598208  2.883907E-16
4560.35254616675  2.887188E-16
4563.39395635142  2.746291E-16
4566.43536653609  2.623168E-16
4569.47677672075  2.664701E-16
4572.51818690542  2.621488E-16
4575.55959709009  2.782002E-16
4578.60100727475  3.003564E-16
4581.64241745942  2.855271E-16
4584.68382764409  2.904237E-16
4587.72523782875  2.969233E-16
4590.76664801342  2.955714E-16
4593.80805819809  2.788437E-16
4596.84946838276  2.890883E-16
4599.89087856742  2.802888E-16
4602.93228875209  2.713753E-16
4605.97369893676  2.918771E-16
4609.01510912142  2.921444E-16
4612.05651930609  2.804741E-16
4615.09792949076  3.120335E-16
4618.13933967543  3.035419E-16
4621.18074986009  2.950620E-16
4624.22216004476  2.889513E-16
4627.26357022943  2.724536E-16
4630.30498041409  2.941664E-16
4633.34639059876  2.759820E-16
4636.38780078343  2.547397E-16
4639.42921096809  2.515137E-16
4642.47062115276  2.583173E-16
4645.51203133743  2.750630E-16
4648.5534415221  2.910420E-16
4651.59485170676  2.964096E-16
4654.63626189143  2.718781E-16
4657.6776720761  2.773725E-16
4660.71908226076  2.507547E-16
4663.76049244543  2.371280E-16
4666.8019026301  2.662882E-16
4669.84331281476  2.317241E-16
4672.88472299943  2.196125E-16
4675.9261331841  2.536327E-16
4678.96754336876  2.623310E-16
4682.00895355343  2.687344E-16
4685.0503637381  2.676599E-16
4688.09177392277  2.423755E-16
4691.13318410743  2.604925E-16
4694.1745942921  2.619427E-16
4697.21600447677  2.471764E-16
4700.25741466143  2.466361E-16
4703.2988248461  2.425864E-16
4706.34023503077  2.353419E-16
4709.38164521543  2.485213E-16
4712.4230554001  2.427107E-16
4715.46446558477  2.352747E-16
4718.50587576944  2.399496E-16
4721.5472859541  2.236487E-16
4724.58869613877  2.574671E-16
4727.63010632344  2.490510E-16
4730.6715165081  2.461299E-16
4733.71292669277  2.343175E-16
4736.75433687744  2.355123E-16
4739.7957470621  2.031311E-16
4742.83715724677  2.213838E-16
4745.87856743144  2.264222E-16
4748.91997761611  2.299210E-16
4751.96138780077  2.337568E-16
4755.00279798544  2.275791E-16
4758.04420817011  2.441998E-16
4761.08561835477  2.260216E-16
4764.12702853944  2.224020E-16
4767.16843872411  2.429877E-16
4770.20984890877  2.253098E-16
4773.25125909344  2.023190E-16
4776.29266927811  2.202507E-16
4779.33407946277  2.344963E-16
4782.37548964744  2.449610E-16
4785.41689983211  2.022374E-16
4788.45831001678  2.380183E-16
4791.49972020144  2.123283E-16
4794.54113038611  2.200830E-16
4797.58254057078  2.185416E-16
4800.62395075545  2.063526E-16
4803.66536094011  2.173180E-16
4806.70677112478  2.177456E-16
4809.74818130945  2.079284E-16
4812.78959149411  2.161800E-16
4815.83100167878  2.050509E-16
4818.87241186345  2.012701E-16
4821.91382204811  2.026279E-16
4824.95523223278  2.198981E-16
4827.99664241745  1.994317E-16
4831.03805260212  2.046231E-16
4834.07946278678  1.912809E-16
4837.12087297145  2.270665E-16
4840.16228315612  2.200890E-16
4843.20369334078  2.064292E-16
4846.24510352545  1.987934E-16
4849.28651371012  2.129976E-16
4852.32792389478  2.006093E-16
4855.36933407945  2.056095E-16
4858.41074426412  1.992133E-16
4861.45215444879  2.015940E-16
4864.49356463345  1.895651E-16
4867.53497481812  1.944012E-16
4870.57638500279  2.074505E-16
4873.61779518745  2.004028E-16
4876.65920537212  1.992146E-16
4879.70061555679  1.957192E-16
4882.74202574145  1.769794E-16
4885.78343592612  1.819047E-16
4888.82484611079  1.985153E-16
4891.86625629545  2.075302E-16
4894.90766648012  2.116305E-16
4897.94907666479  1.987402E-16
4900.99048684946  1.949293E-16
4904.03189703412  2.137408E-16
4907.07330721879  1.997688E-16
4910.11471740346  1.852189E-16
4913.15612758812  2.039759E-16
4916.19753777279  2.101375E-16
4919.23894795746  2.003157E-16
4922.28035814212  1.941006E-16
4925.32176832679  2.099086E-16
4928.36317851146  2.421925E-16
4931.40458869613  2.343074E-16
4934.44599888079  2.224549E-16
4937.48740906546  2.260662E-16
4940.52881925013  2.428154E-16
4943.57022943479  2.476707E-16
4946.61163961946  2.521654E-16
4949.65304980413  2.466946E-16
4952.69445998879  2.544450E-16
4955.73587017346  2.965300E-16
4958.77728035813  3.718308E-16
4961.81869054279  4.187419E-16
4964.86010072746  3.846117E-16
4967.90151091213  3.325619E-16
4970.9429210968  3.420778E-16
4973.98433128146  2.963013E-16
4977.02574146613  2.650489E-16
4980.0671516508  2.642298E-16
4983.10856183546  2.528766E-16
4986.14997202013  2.362107E-16
4989.1913822048  2.227375E-16
4992.23279238947  2.106730E-16
4995.27420257413  2.192506E-16
4998.3156127588  2.135345E-16
5001.35702294347  2.130194E-16
5004.39843312813  2.007691E-16
5007.4398433128  2.030240E-16
5010.48125349747  2.020893E-16
5013.52266368214  1.875806E-16
5016.5640738668  1.834104E-16
5019.60548405147  1.799975E-16
5022.64689423614  1.928091E-16
5025.6883044208  1.881582E-16
5028.72971460547  1.911563E-16
5031.77112479014  2.046418E-16
5034.8125349748  1.952554E-16
5037.85394515947  2.016225E-16
5040.89535534414  1.858400E-16
5043.93676552881  1.787601E-16
5046.97817571347  1.694026E-16
5050.01958589814  1.755170E-16
5053.06099608281  1.732625E-16
5056.10240626747  1.782421E-16
5059.14381645214  1.704560E-16
5062.18522663681  1.797472E-16
5065.22663682147  1.716984E-16
5068.26804700614  1.711468E-16
5071.30945719081  1.650069E-16
5074.35086737548  1.807283E-16
5077.39227756014  1.481702E-16
5080.43368774481  1.621896E-16
5083.47509792948  1.633758E-16
5086.51650811414  1.722032E-16
5089.55791829881  1.710578E-16
5092.59932848348  1.884477E-16
5095.64073866814  1.584634E-16
5098.68214885281  1.682517E-16
5101.72355903748  1.615141E-16
5104.76496922214  1.600657E-16
5107.80637940681  1.761891E-16
5110.84778959148  1.714613E-16
5113.88919977615  1.806474E-16
5116.93060996081  1.574626E-16
5119.97202014548  1.511753E-16
5123.01343033015  1.720161E-16
5126.05484051482  1.828255E-16
5129.09625069948  1.677189E-16
5132.13766088415  1.568803E-16
5135.17907106882  1.662066E-16
5138.22048125348  1.463013E-16
5141.26189143815  1.607723E-16
5144.30330162282  1.702149E-16
5147.34471180748  1.525906E-16
5150.38612199215  1.487463E-16
5153.42753217682  1.568069E-16
5156.46894236148  1.646160E-16
5159.51035254615  1.652496E-16
5162.55176273082  1.478112E-16
5165.59317291549  1.477401E-16
5168.63458310015  1.386728E-16
5171.67599328482  1.533682E-16
5174.71740346949  1.354151E-16
5177.75881365415  1.411813E-16
5180.80022383882  1.445606E-16
5183.84163402349  1.372514E-16
5186.88304420816  1.472578E-16
5189.92445439282  1.535975E-16
5192.96586457749  1.459045E-16
5196.00727476216  1.519367E-16
5199.04868494682  1.719347E-16
5202.09009513149  1.603242E-16
5205.13150531616  1.508317E-16
5208.17291550082  1.419227E-16
5211.21432568549  1.591656E-16
5214.25573587016  1.555501E-16
5217.29714605482  1.456256E-16
5220.33855623949  1.507205E-16
5223.37996642416  1.372532E-16
5226.42137660883  1.500302E-16
5229.46278679349  1.540624E-16
5232.50419697816  1.466681E-16
5235.54560716283  1.239880E-16
5238.58701734749  1.366980E-16
5241.62842753216  1.533192E-16
5244.66983771683  1.380663E-16
5247.7112479015  1.243335E-16
5250.75265808616  1.259923E-16
5253.79406827083  1.542894E-16
5256.8354784555  1.300823E-16
5259.87688864016  1.207542E-16
5262.91829882483  1.371802E-16
5265.9597090095  1.396786E-16
5269.00111919416  1.314832E-16
5272.04252937883  1.266913E-16
5275.0839395635  1.266791E-16
5278.12534974816  1.375540E-16
5281.16675993283  1.669728E-16
5284.2081701175  1.375585E-16
5287.24958030216  1.311785E-16
5290.29099048683  1.349201E-16
5293.3324006715  1.340270E-16
5296.37381085617  1.439861E-16
5299.41522104083  1.326054E-16
5302.4566312255  1.400938E-16
5305.49804141017  1.292408E-16
5308.53945159484  1.359291E-16
5311.5808617795  1.629777E-16
5314.62227196417  1.364357E-16
5317.66368214884  1.215154E-16
5320.7050923335  1.362969E-16
5323.74650251817  1.278480E-16
5326.78791270284  1.354342E-16
5329.8293228875  1.277399E-16
5332.87073307217  1.266582E-16
5335.91214325684  1.380443E-16
5338.9535534415  1.385882E-16
5341.99496362617  1.277456E-16
5345.03637381084  1.117483E-16
5348.07778399551  1.106509E-16
5351.11919418017  1.326682E-16
5354.16060436484  1.405744E-16
5357.20201454951  1.305027E-16
5360.24342473417  1.158269E-16
5363.28483491884  1.388844E-16
5366.32624510351  1.211286E-16
5369.36765528817  1.054796E-16
5372.40906547284  1.308742E-16
5375.45047565751  1.197611E-16
5378.49188584218  1.250812E-16
5381.53329602684  1.277400E-16
5384.57470621151  1.361642E-16
5387.61611639618  1.288597E-16
5390.65752658084  1.179408E-16
5393.69893676551  1.190250E-16
5396.74034695018  1.074467E-16
5399.78175713485  1.104204E-16
5402.82316731951  1.167289E-16
5405.86457750418  1.210675E-16
5408.90598768885  1.166948E-16
5411.94739787351  1.143696E-16
5414.98880805818  1.037544E-16
5418.03021824285  1.203103E-16
5421.07162842751  1.234484E-16
5424.11303861218  1.014383E-16
5427.15444879685  9.872850E-17
5430.19585898152  1.078984E-16
5433.23726916618  1.110861E-16
5436.27867935085  1.320721E-16
5439.32008953552  1.085987E-16
5442.36149972018  1.124292E-16
5445.40290990485  1.105981E-16
5448.44432008952  1.202990E-16
5451.48573027418  1.180514E-16
5454.52714045885  1.014353E-16
5457.56855064352  1.051426E-16
5460.60996082819  1.003678E-16
5463.65137101285  1.089977E-16
5466.69278119752  1.155600E-16
5469.73419138219  1.052484E-16
5472.77560156685  1.073172E-16
5475.81701175152  1.027557E-16
5478.85842193619  1.178641E-16
5481.89983212085  1.195426E-16
5484.94124230552  1.059940E-16
5487.98265249019  9.122649E-17
5491.02406267486  9.046163E-17
5494.06547285952  1.063780E-16
5497.10688304419  9.717401E-17
5500.14829322886  1.048742E-16
5503.18970341352  9.553768E-17
5506.23111359819  9.566563E-17
5509.27252378286  9.270202E-17
5512.31393396752  9.984768E-17
5515.35534415219  8.578270E-17
5518.39675433686  9.659210E-17
5521.43816452153  1.032921E-16
5524.47957470619  9.983256E-17
5527.52098489086  8.334638E-17
5530.56239507553  9.161841E-17
5533.60380526019  9.817590E-17
5536.64521544486  9.438861E-17
5539.68662562953  8.035955E-17
5542.72803581419  8.342361E-17
5545.76944599886  9.423778E-17
5548.81085618353  1.003110E-16
5551.85226636819  1.054821E-16
5554.89367655286  7.583379E-17
5557.93508673753  9.420688E-17
5560.9764969222  8.847085E-17
5564.01790710686  8.666540E-17
5567.05931729153  7.392126E-17
5570.1007274762  7.055102E-17
5573.14213766086  6.810731E-17
5576.18354784553  7.570094E-17
5579.2249580302  1.122689E-16
5582.26636821487  1.014350E-16
5585.30777839953  9.247189E-17
5588.3491885842  7.499888E-17
5591.39059876887  8.304690E-17
5594.43200895353  9.360547E-17
5597.4734191382  9.714735E-17
5600.51482932287  9.056246E-17
5603.55623950754  8.621246E-17
5606.5976496922  9.223776E-17
5609.63905987687  1.041731E-16
5612.68047006154  8.984559E-17
5615.7218802462  8.803151E-17
5618.76329043087  1.078430E-16
5621.80470061554  8.122935E-17
5624.8461108002  8.723104E-17
5627.88752098487  8.003134E-17
5630.92893116954  9.731873E-17
5633.9703413542  1.018563E-16
5637.01175153887  1.148820E-16
5640.05316172354  9.564329E-17
5643.09457190821  7.663910E-17
5646.13598209287  8.608322E-17
5649.17739227754  7.771003E-17
5652.21880246221  8.774948E-17
5655.26021264687  8.130524E-17
5658.30162283154  8.255934E-17
5661.34303301621  8.097630E-17
5664.38444320087  8.904800E-17
5667.42585338554  7.498344E-17
5670.46726357021  8.295274E-17
5673.50867375488  9.240729E-17
5676.55008393954  6.838996E-17
5679.59149412421  6.865082E-17
5682.63290430888  8.027913E-17
5685.67431449354  8.151180E-17
5688.71572467821  7.186080E-17
5691.75713486288  8.440951E-17
5694.79854504755  7.540940E-17
5697.83995523221  7.498038E-17
5700.88136541688  7.940009E-17
5703.92277560154  7.604619E-17
5706.96418578621  8.245332E-17
5710.00559597088  8.941345E-17
5713.04700615555  7.471531E-17
5716.08841634021  8.797012E-17
5719.12982652488  8.491863E-17
5722.17123670955  6.859479E-17
5725.21264689421  8.333036E-17
5728.25405707888  8.539386E-17
5731.29546726355  7.737602E-17
5734.33687744822  8.828777E-17
5737.37828763288  6.903573E-17
5740.41969781755  6.537451E-17
5743.46110800222  7.903606E-17
5746.50251818688  5.826988E-17
5749.54392837155  8.631587E-17
5752.58533855622  8.969982E-17
5755.62674874089  7.005925E-17
5758.66815892555  6.431776E-17
5761.70956911022  8.620892E-17
5764.75097929488  6.760134E-17
5767.79238947955  6.052432E-17
5770.83379966422  8.085722E-17
5773.87520984889  8.250407E-17
5776.91662003355  9.460004E-17
5779.95803021822  8.390215E-17
5782.99944040289  6.579625E-17
5786.04085058755  6.712450E-17
5789.08226077222  6.643639E-17
5792.12367095689  8.140975E-17
5795.16508114156  7.752387E-17
5798.20649132622  6.322545E-17
5801.24790151089  5.592530E-17
5804.28931169556  6.480071E-17
5807.33072188022  7.028389E-17
5810.37213206489  7.526778E-17
5813.41354224956  7.863046E-17
5816.45495243422  8.143334E-17
5819.49636261889  6.588232E-17
5822.53777280356  6.543583E-17
5825.57918298823  6.942945E-17
5828.62059317289  5.445027E-17
5831.66200335756  7.697174E-17
5834.70341354223  7.431371E-17
5837.74482372689  5.448586E-17
5840.78623391156  7.473546E-17
5843.82764409623  7.681316E-17
5846.86905428089  7.937517E-17
5849.91046446556  8.141564E-17
5852.95187465023  7.477118E-17
5855.99328483489  6.471062E-17
5859.03469501956  5.344046E-17
5862.07610520423  6.893751E-17
5865.1175153889  8.210406E-17
5868.15892557356  6.023484E-17
5871.20033575823  6.290764E-17
5874.2417459429  7.311807E-17
5877.28315612756  6.994666E-17
5880.32456631223  6.846046E-17
5883.3659764969  6.013320E-17
5886.40738668157  5.798097E-17
5889.44879686623  7.146926E-17
5892.4902070509  6.657004E-17
5895.53161723557  6.667516E-17
5898.57302742023  6.331968E-17
5901.6144376049  5.628022E-17
5904.65584778957  6.973102E-17
5907.69725797423  7.253654E-17
5910.7386681589  7.331702E-17
5913.78007834357  5.675138E-17
5916.82148852824  5.632567E-17
5919.8628987129  6.267579E-17
5922.90430889757  6.560871E-17
5925.94571908224  5.692940E-17
5928.9871292669  7.081542E-17
5932.02853945157  8.561393E-17
5935.06994963624  6.919848E-17
5938.11135982091  6.911574E-17
5941.15277000557  7.136315E-17
5944.19418019024  6.524803E-17
5947.23559037491  6.576582E-17
5950.27700055957  7.559184E-17
5953.31841074424  6.022610E-17
5956.35982092891  7.052238E-17
5959.40123111357  7.159806E-17
5962.44264129824  4.642365E-17
5965.48405148291  6.826998E-17
5968.52546166758  6.458262E-17
5971.56687185224  6.174908E-17
5974.60828203691  6.335922E-17
5977.64969222158  6.095344E-17
5980.69110240624  5.431823E-17
5983.73251259091  7.116154E-17
5986.77392277558  6.834668E-17
5989.81533296024  5.731096E-17
5992.85674314491  6.404302E-17
5995.89815332958  6.357829E-17
5998.93956351424  7.329452E-17
6001.98097369891  6.853873E-17
6005.02238388358  7.347731E-17
6008.06379406825  5.863836E-17
6011.10520425291  4.493593E-17
6014.14661443758  5.943072E-17
6017.18802462225  6.156496E-17
6020.22943480691  6.156527E-17
6023.27084499158  6.616457E-17
6026.31225517625  6.066612E-17
6029.35366536092  7.174311E-17
6032.39507554558  7.301853E-17
6035.43648573025  7.258415E-17
6038.47789591492  6.260890E-17
6041.51930609958  5.741911E-17
6044.56071628425  5.359505E-17
6047.60212646892  5.221017E-17
6050.64353665358  5.814921E-17
6053.68494683825  5.546533E-17
6056.72635702292  5.095089E-17
6059.76776720758  5.880742E-17
6062.80917739225  4.996250E-17
6065.85058757692  4.483950E-17
6068.89199776159  4.928432E-17
6071.93340794625  5.310615E-17
6074.97481813092  5.686089E-17
6078.01622831559  5.119573E-17
6081.05763850025  4.781474E-17
6084.09904868492  4.879701E-17
6087.14045886959  4.405055E-17
6090.18186905426  5.655804E-17
6093.22327923892  5.166381E-17
6096.26468942359  4.955143E-17
6099.30609960826  6.067511E-17
6102.34750979292  6.725378E-17
6105.38891997759  6.957718E-17
6108.43033016226  5.988545E-17
6111.47174034693  6.583958E-17
6114.51315053159  5.540981E-17
6117.55456071626  4.390342E-17
6120.59597090092  4.821586E-17
6123.63738108559  5.051594E-17
6126.67879127026  4.412407E-17
6129.72020145493  4.617908E-17
6132.76161163959  5.838396E-17
6135.80302182426  6.076998E-17
6138.84443200893  5.140455E-17
6141.88584219359  5.103433E-17
6144.92725237826  5.679045E-17
6147.96866256293  5.351575E-17
6151.01007274759  5.053210E-17
6154.05148293226  4.506330E-17
6157.09289311693  3.870891E-17
6160.1343033016  3.735241E-17
6163.17571348626  4.402860E-17
6166.21712367093  5.363909E-17
6169.2585338556  4.984261E-17
6172.29994404026  4.248075E-17
6175.34135422493  4.445282E-17
6178.3827644096  4.777512E-17
6181.42417459427  3.994150E-17
6184.46558477893  4.639848E-17
6187.5069949636  3.936972E-17
6190.54840514827  4.941201E-17
6193.58981533293  3.243519E-17
6196.6312255176  4.427890E-17
6199.67263570227  4.713615E-17
6202.71404588693  3.379034E-17
6205.7554560716  4.202950E-17
6208.79686625627  4.151827E-17
6211.83827644093  4.264357E-17
6214.8796866256  3.825207E-17
6217.92109681027  5.431502E-17
6220.96250699494  5.078699E-17
6224.0039171796  4.417526E-17
6227.04532736427  4.197204E-17
6230.08673754894  4.175863E-17
6233.1281477336  4.681364E-17
6236.16955791827  5.832096E-17
6239.21096810294  3.530335E-17
6242.25237828761  5.567942E-17
6245.29378847227  5.591593E-17
6248.33519865694  3.886679E-17
6251.37660884161  4.022349E-17
6254.41801902627  4.676182E-17
6257.45942921094  5.307400E-17
6260.50083939561  5.604708E-17
6263.54224958027  3.685700E-17
6266.58365976494  4.482072E-17
6269.62506994961  3.794468E-17
6272.66648013427  3.947918E-17
6275.70789031894  5.371258E-17
6278.74930050361  4.475483E-17
6281.79071068828  3.653347E-17
6284.83212087294  4.598695E-17
6287.87353105761  4.579811E-17
6290.91494124228  4.768644E-17
6293.95635142694  1.134313E-17
6296.99776161161  -1.196724E-17
6300.03917179628  6.272176E-17
6303.08058198095  6.549517E-17
6306.12199216561  5.658860E-17
6309.16340235028  5.027888E-17
6312.20481253495  4.202227E-17
6315.24622271961  5.524395E-17
6318.28763290428  5.200864E-17
6321.32904308895  2.674589E-17
6324.37045327361  2.260041E-17
6327.41186345828  3.545284E-17
6330.45327364295  4.244111E-17
6333.49468382761  4.328056E-17
6336.53609401228  4.214393E-17
6339.57750419695  4.025435E-17
6342.61891438162  4.410756E-17
6345.66032456628  4.741056E-17
6348.70173475095  3.891187E-17
6351.74314493562  4.108008E-17
6354.78455512028  5.737126E-17
6357.82596530495  4.740073E-17
6360.86737548962  3.510434E-17
6363.90878567429  4.603001E-17
6366.95019585895  3.947977E-17
6369.99160604362  5.771332E-17
6373.03301622829  5.258537E-17
6376.07442641296  5.292830E-17
6379.11583659762  3.419331E-17
6382.15724678229  4.844051E-17
6385.19865696695  3.936909E-17
6388.24006715162  4.611837E-17
6391.28147733629  3.679870E-17
6394.32288752096  4.055244E-17
6397.36429770562  3.897033E-17
6400.40570789029  3.451450E-17
6403.44711807496  3.606872E-17
6406.48852825962  3.536336E-17
6409.52993844429  4.465871E-17
6412.57134862896  4.496362E-17
6415.61275881363  3.978166E-17
6418.65416899829  3.780992E-17
6421.69557918296  3.238702E-17
6424.73698936763  4.298106E-17
6427.77839955229  4.240395E-17
6430.81980973696  4.149244E-17
6433.86121992163  4.551233E-17
6436.90263010629  3.604679E-17
6439.94404029096  3.663951E-17
6442.98545047563  4.685752E-17
6446.0268606603  4.466214E-17
6449.06827084496  3.189393E-17
6452.10968102963  3.387006E-17
6455.1510912143  3.965262E-17
6458.19250139896  4.176729E-17
6461.23391158363  3.366449E-17
6464.2753217683  3.253151E-17
6467.31673195296  3.488096E-17
6470.35814213763  3.022417E-17
6473.3995523223  2.785339E-17
6476.44096250697  2.894981E-17
6479.48237269163  3.273203E-17
6482.5237828763  3.625801E-17
6485.56519306097  3.943666E-17
6488.60660324563  2.493140E-17
6491.6480134303  4.247383E-17
6494.68942361497  3.877509E-17
6497.73083379963  1.104889E-17
6500.7722439843  2.841610E-17
6503.81365416897  3.855138E-17
6506.85506435363  3.702614E-17
6509.8964745383  3.511021E-17
6512.93788472297  4.210667E-17
6515.97929490764  4.025909E-17
6519.0207050923  2.752458E-17
6522.06211527697  2.918262E-17
6525.10352546164  2.565634E-17
6528.1449356463  2.545715E-17
6531.18634583097  3.007258E-17
6534.22775601564  3.284361E-17
6537.2691662003  3.565976E-17
6540.31057638497  3.392742E-17
6543.35198656964  4.392470E-17
6546.39339675431  3.429712E-17
6549.43480693897  3.586276E-17
6552.47621712364  3.085515E-17
6555.51762730831  4.006340E-17
6558.55903749297  3.519454E-17
6561.60044767764  3.064122E-17
6564.64185786231  2.785018E-17
6567.68326804697  2.696922E-17
6570.72467823164  2.968131E-17
6573.76608841631  3.815295E-17
6576.80749860098  3.818360E-17
6579.84890878564  2.813204E-17
6582.89031897031  3.039678E-17
6585.93172915498  4.064276E-17
6588.97313933964  4.204013E-17
6592.01454952431  3.386862E-17
6595.05595970898  2.949483E-17
6598.09736989364  4.722881E-17
6601.13878007831  2.861717E-17
6604.18019026298  3.279402E-17
6607.22160044764  3.348657E-17
6610.26301063231  3.567656E-17
6613.30442081698  3.665052E-17
6616.34583100165  3.563035E-17
6619.38724118631  2.753857E-17
6622.42865137098  3.585454E-17
6625.47006155565  2.759318E-17
6628.51147174032  3.481299E-17
6631.55288192498  3.886471E-17
6634.59429210965  2.879873E-17
6637.63570229432  3.127731E-17
6640.67711247898  3.787269E-17
6643.71852266365  2.678985E-17
6646.75993284831  3.123472E-17
6649.80134303298  4.369771E-17
6652.84275321765  3.561173E-17
6655.88416340232  4.456854E-17
6658.92557358699  4.342622E-17
6661.96698377165  4.427399E-17
6665.00839395632  4.796492E-17
6668.04980414099  4.717608E-17
6671.09121432565  4.726788E-17
6674.13262451032  5.238302E-17
6677.17403469499  4.169061E-17
6680.21544487965  4.538802E-17
6683.25685506432  5.811290E-17
6686.29826524899  5.237995E-17
6689.33967543365  8.416301E-17
6692.38108561832  1.074957E-16
6695.42249580299  1.412745E-16
6698.46390598766  2.007161E-16
6701.50531617232  1.763706E-16
6704.54672635699  9.889414E-17
6707.58813654166  7.437019E-17
6710.62954672632  7.035743E-17
6713.67095691099  6.194151E-17
6716.71236709566  7.163852E-17
6719.75377728032  8.282396E-17
6722.79518746499  7.417972E-17
6725.83659764966  5.441686E-17
6728.87800783433  3.396998E-17
6731.91941801899  4.938755E-17
6734.96082820366  4.820064E-17
6738.00223838833  3.343698E-17
6741.04364857299  3.970057E-17
6744.08505875766  3.590270E-17
6747.12646894233  3.236405E-17
6750.16787912699  3.509405E-17
6753.20928931166  3.100292E-17
6756.25069949633  2.691779E-17
6759.29210968099  3.433324E-17
6762.33351986566  3.782518E-17
6765.37493005033  3.790329E-17
6768.416340235  3.356478E-17
6771.45775041966  3.028456E-17
6774.49916060433  2.912789E-17
6777.540570789  2.678442E-17
6780.58198097366  2.996939E-17
6783.62339115833  4.027270E-17
6786.664801343  3.273744E-17
6789.70621152767  2.869667E-17
6792.74762171233  3.504752E-17
6795.789031897  1.741087E-17
6798.83044208167  2.445989E-17
6801.87185226633  1.835193E-17
6804.913262451  3.238787E-17
6807.95467263567  1.965823E-17
6810.99608282034  1.521527E-17
6814.037493005  1.768478E-17
6817.07890318967  1.928861E-17
6820.12031337434  3.013348E-17
6823.161723559  1.065528E-17
6826.20313374367  8.222087E-18
6829.24454392834  1.016536E-17
6832.285954113  1.210864E-17
6835.32736429767  1.405160E-17
6838.36877448234  1.599488E-17
6841.410184667  1.793815E-17
6844.45159485167  1.988143E-17
6847.49300503634  2.182470E-17
6850.53441522101  1.101853E-17
6853.57582540567  1.969763E-17
6856.61723559034  3.291092E-17
6859.65864577501  2.878558E-17
6862.70005595967  2.292064E-17
6865.74146614434  3.215245E-17
6868.78287632901  4.495897E-17
6871.82428651368  3.654513E-17
6874.86569669834  2.605175E-17
6877.90710688301  1.749218E-17
6880.94851706768  1.952890E-17
6883.98992725234  2.287695E-17
6887.03133743701  1.828665E-17
6890.07274762168  2.615221E-17
6893.11415780634  2.013122E-17
6896.15556799101  2.400940E-17
6899.19697817568  1.742433E-17
6902.23838836035  1.537176E-17
6905.27979854501  2.388649E-17
6908.32120872968  2.600187E-17
6911.36261891434  2.644646E-17
6914.40402909901  2.698723E-17
6917.44543928368  1.779211E-17
6920.48684946835  1.691287E-17
6923.52825965301  1.587628E-17
6926.56966983768  2.650631E-17
6929.61108002235  2.119361E-17
6932.65249020701  2.981576E-17
6935.69390039168  1.451277E-17
6938.73531057635  1.919541E-17
6941.77672076102  1.975228E-17
6944.81813094568  5.308878E-18
6947.85954113035  1.335563E-17
6950.90095131502  2.929524E-17
6953.94236149968  1.961248E-17
6956.98377168435  2.058362E-17
6960.02518186902  2.370281E-17
6963.06659205369  1.002747E-17
6966.10800223835  1.634065E-17
6969.14941242302  1.931333E-17
6972.19082260769  2.205482E-17
6975.23223279235  1.986685E-17
6978.27364297702  2.402843E-17
6981.31505316169  2.284015E-17
6984.35646334635  1.832104E-17
6987.39787353102  1.942835E-17
6990.43928371569  1.298097E-17
6993.48069390036  2.054461E-17
6996.52210408502  1.533593E-17
6999.56351426969  2.521704E-17
7002.60492445436  1.952619E-17
7005.64633463902  1.275138E-17
7008.68774482369  1.112393E-17
7011.72915500836  1.488148E-17
7014.77056519302  1.596516E-17
7017.81197537769  1.745788E-17
7020.85338556236  1.927184E-17
7023.89479574702  1.535570E-17
7026.93620593169  1.729301E-17
7029.97761611636  1.607609E-17
7033.01902630103  1.665118E-17
7036.06043648569  2.815473E-17
7039.10184667036  1.682749E-17
7042.14325685503  1.262884E-17
7045.18466703969  1.440051E-17
7048.22607722436  9.250608E-18
7051.26748740903  2.010741E-17
7054.3088975937  9.156091E-18
7057.35030777836  1.041974E-17
7060.39171796303  3.594330E-17
7063.4331281477  1.141413E-17
7066.47453833236  7.719939E-18
7069.51594851703  1.883053E-17
7072.5573587017  2.872366E-17
7075.59876888636  2.311885E-17
7078.64017907103  1.942770E-17
7081.6815892557  1.727028E-17
7084.72299944037  1.637350E-17
7087.76440962503  1.941522E-17
7090.8058198097  2.650710E-17
7093.84722999437  2.163269E-17
7096.88864017904  1.153817E-17
7099.9300503637  2.212170E-17
7102.97146054837  3.084078E-17
7106.01287073303  2.273655E-17
7109.0542809177  2.818183E-17
7112.09569110237  1.679688E-17
7115.13710128703  1.510939E-17
7118.1785114717  2.630327E-17
7121.21992165637  2.198462E-17
7124.26133184104  1.431296E-17
7127.3027420257  1.258919E-17
7130.34415221037  2.712561E-17
7133.38556239504  2.235963E-17
7136.4269725797  1.965953E-17
7139.46838276437  1.802652E-17
7142.50979294904  2.479441E-17
7145.55120313371  1.921030E-17
7148.59261331837  1.993154E-17
7151.63402350304  2.785121E-17
7154.67543368771  2.591924E-17
7157.71684387237  7.555048E-18
7160.75825405704  1.381605E-17
7163.79966424171  2.191132E-17
7166.84107442637  1.517685E-17
7169.88248461104  1.691619E-17
7172.92389479571  2.464638E-17
7175.96530498038  1.676852E-17
7179.00671516504  1.409290E-17
7182.04812534971  2.311833E-17
7185.08953553438  1.810053E-17
7188.13094571904  1.985142E-17
7191.17235590371  1.392768E-17
7194.21376608838  2.108604E-17
7197.25517627304  2.206671E-17
7200.29658645771  2.438846E-17
7203.33799664238  2.593836E-17
7206.37940682705  2.729764E-17
7209.42081701171  1.826237E-17
7212.46222719638  1.738635E-17
7215.50363738105  1.259107E-17
7218.54504756571  2.416249E-17
7221.58645775038  2.273810E-17
7224.62786793505  2.186904E-17
7227.66927811972  2.327799E-17
7230.71068830438  3.014129E-17
7233.75209848905  1.399468E-17
7236.79350867372  3.153563E-17
7239.83491885838  1.148486E-17
7242.87632904305  3.005762E-17
7245.91773922772  3.247806E-17
7248.95914941238  2.920660E-17
7252.00055959705  2.526468E-17
7255.04196978172  1.479606E-17
7258.08337996638  1.127670E-17
7261.12479015105  1.398301E-17
7264.16620033572  2.353238E-17
7267.20761052038  2.390839E-17
7270.24902070505  9.979891E-18
7273.29043088972  3.359013E-18
7276.33184107439  2.978266E-17
7279.37325125905  2.343853E-17
7282.41466144372  2.780637E-17
7285.45607162839  1.763929E-17
7288.49748181305  2.496424E-17
7291.53889199772  2.239172E-17
7294.58030218239  1.289815E-17
7297.62171236706  8.172311E-18
7300.66312255172  4.494096E-18
7303.70453273639  5.319658E-18
7306.74594292106  1.812849E-17
7309.78735310572  2.149084E-17
7312.82876329039  3.658837E-18
7315.87017347506  2.618457E-17
7318.91158365973  3.780225E-17
7321.95299384439  3.095150E-17
7324.99440402906  1.429394E-17
7328.03581421373  1.397079E-17
7331.07722439839  1.458431E-17
7334.11863458306  1.189396E-17
7337.16004476773  1.986570E-17
7340.20145495239  2.146035E-17
7343.24286513706  1.909873E-17
7346.28427532173  2.428324E-17
7349.3256855064  3.028318E-17
7352.36709569106  2.085108E-17
7355.40850587573  1.250098E-17
7358.4499160604  1.561064E-18
7361.49132624506  1.663364E-17
7364.53273642973  2.312719E-17
7367.5741466144  3.956347E-17
7370.61555679906  2.951083E-17
7373.65696698373  2.258448E-17
7376.6983771684  2.240657E-17
7379.73978735307  1.692227E-17
7382.78119753773  2.834189E-17
7385.8226077224  1.366300E-17
7388.86401790707  1.524400E-17
7391.90542809173  1.088178E-17
7394.9468382764  1.430679E-17
7397.98824846107  7.138716E-18
7401.02965864573  1.181097E-17
7404.0710688304  1.936424E-17
7407.11247901507  2.277609E-17
7410.15388919974  1.733015E-17
7413.1952993844  2.644051E-17
7416.23670956907  1.871973E-17
7419.27811975374  2.203165E-17
7422.3195299384  2.300524E-17
7425.36094012307  1.209227E-17
7428.40235030774  3.187237E-17
7431.44376049241  2.235089E-17
7434.48517067707  1.648092E-17
7437.52658086174  1.732239E-17
7440.56799104641  1.485702E-17
7443.60940123107  2.632114E-17
7446.65081141574  2.563095E-17
7449.69222160041  2.350992E-17
7452.73363178507  1.490323E-17
7455.77504196974  1.938151E-17
7458.81645215441  1.223102E-17
7461.85786233907  8.360333E-18
7464.89927252374  8.163359E-18
7467.94068270841  1.732878E-17
7470.98209289308  1.360345E-17
7474.02350307774  2.304195E-17
7477.06491326241  1.152386E-17
7480.10632344707  1.383446E-17
7483.14773363174  1.261381E-17
7486.18914381641  1.514737E-17
7489.23055400108  2.198844E-17
7492.27196418574  1.290975E-17
7495.31337437041  1.312800E-18
7498.35478455508  1.581390E-17
7501.39619473974  1.788907E-17
7504.43760492441  7.227380E-18
7507.47901510908  8.451148E-18
7510.52042529375  1.599439E-17
7513.56183547841  1.958018E-17
7516.60324566308  1.903705E-17
7519.64465584775  3.886065E-18
7522.68606603241  1.241483E-17
7525.72747621708  9.017395E-18
7528.76888640175  1.629736E-17
7531.81029658641  1.581890E-17
7534.85170677108  8.962349E-18
7537.89311695575  1.442666E-17
7540.93452714042  1.191400E-17
7543.97593732508  1.875537E-17
7547.01734750975  1.248354E-17
7550.05875769442  1.496150E-17
7553.10016787908  1.965383E-17
7556.14157806375  1.408930E-17
7559.18298824842  1.394046E-17
7562.22439843308  4.894441E-18
7565.26580861775  5.824935E-18
7568.30721880242  1.589131E-17
7571.34862898709  2.797765E-17
7574.39003917175  2.474794E-17
7577.43144935642  1.364397E-17
7580.47285954109  1.319490E-17
7583.51426972575  1.904648E-17
7586.55567991042  2.023424E-17
7589.59709009509  3.158803E-17
7592.63850027975  2.304441E-17
7595.67991046442  1.315552E-17
7598.72132064909  1.649109E-17
7601.76273083376  2.682601E-17
7604.80414101842  3.357622E-17
7607.84555120309  -2.176223E-18
7610.88696138776  -7.102432E-19
7613.92837157242  -2.960998E-18
7616.96978175709  1.974872E-17
7620.01119194176  2.023820E-17
7623.05260212642  2.056852E-17
7626.09401231109  3.221186E-17
7629.13542249576  1.383094E-17
7632.17683268043  9.164393E-18
7635.21824286509  2.571646E-17
7638.25965304976  2.223495E-17
7641.30106323443  2.035862E-17
7644.3424734191  3.080555E-17
7647.38388360376  2.565065E-17
7650.42529378843  1.676268E-17
7653.4667039731  1.243178E-17
7656.50811415776  1.709812E-17
7659.54952434243  1.185129E-17
7662.5909345271  1.343379E-17
7665.63234471176  1.436739E-17
7668.67375489643  1.577849E-17
7671.7151650811  1.889930E-17
7674.75657526576  7.952097E-18
7677.79798545043  2.029645E-17
7680.8393956351  1.512783E-17
7683.88080581977  2.210400E-17
7686.92221600443  1.228079E-17
7689.9636261891  1.278228E-17
7693.00503637377  2.280338E-17
7696.04644655843  2.138294E-17
7699.0878567431  7.414967E-18
7702.12926692777  8.162640E-18
7705.17067711243  8.710151E-18
7708.2120872971  3.562972E-18
7711.25349748177  1.692204E-17
7714.29490766644  1.604845E-17
7717.3363178511  2.215774E-17
7720.37772803577  1.427528E-17
7723.41913822044  1.065834E-17
7726.4605484051  1.999806E-17
7729.50195858977  2.469022E-17
7732.54336877444  1.928409E-17
7735.5847789591  9.828688E-18
7738.62618914377  2.569086E-17
7741.66759932844  1.129099E-17
7744.7090095131  5.167113E-19
7747.75041969777  1.180219E-17
7750.79182988244  2.580198E-17
7753.83324006711  1.097377E-17
7756.87465025177  9.017849E-18
7759.91606043644  2.003293E-17
7762.95747062111  1.245730E-17
7765.99888080577  4.994443E-18
7769.04029099044  3.235145E-18
7772.08170117511  1.190810E-17
7775.12311135978  1.491212E-17
7778.16452154444  9.596997E-18
7781.20593172911  8.311453E-18
7784.24734191378  7.242530E-18
7787.28875209844  1.272095E-17
7790.33016228311  1.895197E-17
7793.37157246778  7.435383E-18
7796.41298265245  1.110508E-17
7799.45439283711  3.714086E-19
7802.49580302178  5.857839E-18
7805.53721320645  6.150401E-18
7808.57862339111  1.090364E-17
7811.62003357578  4.901671E-18
7814.66144376045  -1.970960E-18
7817.70285394511  -1.358097E-17
7820.74426412978  -4.523869E-18
7823.78567431445  1.726466E-17
7826.82708449911  2.310158E-17
7829.86849468378  1.763063E-17
7832.90990486845  1.253338E-18
7835.95131505311  -2.996964E-19
7838.99272523778  1.189427E-17
7842.03413542245  1.989882E-17
7845.07554560712  3.017977E-17
7848.11695579178  1.649950E-17
7851.15836597645  2.169208E-17
7854.19977616112  2.242892E-17
7857.24118634579  1.796058E-17
7860.28259653045  1.341075E-17
7863.32400671512  5.302241E-18
7866.36541689979  8.122394E-18
7869.40682708445  9.779795E-18
7872.44823726912  1.297003E-17
7875.48964745379  9.416093E-18
7878.53105763845  2.833440E-17
7881.57246782312  3.549011E-17
7884.61387800779  2.114491E-17
7887.65528819245  6.442042E-18
7890.69669837712  9.376117E-18
7893.73810856179  -4.107375E-19
7896.77951874645  5.297405E-19
7899.82092893112  -4.213271E-18
7902.86233911579  2.397890E-18
7905.90374930046  9.045072E-18
7908.94515948512  -1.090678E-17
7911.98656966979  -1.314129E-17
7915.02797985446  4.975557E-18
7918.06939003912  1.065631E-18
7921.11080022379  1.162406E-17
7924.15221040846  1.397778E-17
7927.19362059313  2.909392E-18
7930.23503077779  2.014870E-18
7933.27644096246  1.195837E-17
7936.31785114713  1.499878E-17
7939.35926133179  1.133638E-17
7942.40067151646  3.056937E-18
7945.44208170113  3.818534E-18
7948.48349188579  2.026299E-17
7951.52490207046  1.096382E-17
7954.56631225513  4.270614E-18
7957.60772243979  1.421005E-17
7960.64913262446  9.741795E-18
7963.69054280913  1.382273E-17
7966.7319529938  2.333098E-17
7969.77336317846  2.065181E-17
7972.81477336313  1.058028E-17
7975.8561835478  1.503127E-17
7978.89759373247  1.060645E-17
7981.93900391713  8.464294E-18
7984.9804141018  1.287861E-17
7988.02182428647  1.637416E-17
7991.06323447113  5.919495E-18
7994.1046446558  -2.825469E-18
7997.14605484047  8.052709E-18
8000.18746502513  8.901138E-18
8003.2288752098  9.460133E-18
8006.27028539447  1.580097E-17
8009.31169557913  -4.792850E-18
8012.3531057638  3.672667E-18
8015.39451594847  7.717641E-18
8018.43592613314  -2.507486E-18
8021.4773363178  -8.602096E-18
8024.51874650247  6.724218E-18
8027.56015668714  9.245458E-18
8030.6015668718  1.560328E-17
8033.64297705647  9.377227E-18
8036.68438724114  -1.134699E-17
8039.72579742581  5.276080E-18
8042.76720761047  -3.441960E-19
8045.80861779514  1.835118E-17
8048.85002797981  1.619919E-17
8051.89143816447  1.650406E-17
8054.93284834914  1.246797E-17
8057.97425853381  1.501175E-17
8061.01566871847  1.147125E-17
8064.05707890314  1.703328E-17
8067.09848908781  1.186560E-17
8070.13989927247  5.028855E-18
8073.18130945714  2.696187E-18
8076.22271964181  4.059072E-18
8079.26412982648  4.924550E-18
8082.30554001114  1.593414E-17
8085.34695019581  1.352488E-17
8088.38836038048  -4.144769E-19
8091.42977056514  8.754143E-18
8094.47118074981  1.885825E-17
8097.51259093448  1.904967E-17
8100.55400111914  7.912396E-18
8103.59541130381  -6.102527E-18
8106.63682148848  9.145359E-18
8109.67823167315  2.625434E-17
8112.71964185781  2.289707E-17
8115.76105204248  1.416717E-17
8118.80246222715  1.165032E-17
8121.84387241181  7.207685E-18
8124.88528259648  8.018518E-18
8127.92669278115  2.145825E-17
8130.96810296582  2.341071E-17
8134.00951315048  1.646342E-17
8137.05092333515  1.371615E-17
8140.09233351981  4.440837E-18
8143.13374370448  -4.800306E-18
8146.17515388915  1.797924E-17
8149.21656407382  1.291483E-17
8152.25797425848  1.093115E-17
8155.29938444315  1.485265E-17
8158.34079462782  1.236596E-17
8161.38220481248  8.886673E-18
8164.42361499715  2.313433E-17
8167.46502518182  1.540758E-17
8170.50643536649  1.363414E-17
8173.54784555115  1.493972E-17
8176.58925573582  2.279467E-18
8179.63066592049  -1.376046E-17
8182.67207610515  3.446443E-18
8185.71348628982  1.306060E-17
8188.75489647449  -1.399872E-18
8191.79630665916  6.497021E-18
8194.83771684382  3.173481E-18
8197.87912702849  8.282683E-18
8200.92053721315  1.972433E-17
8203.96194739782  1.585446E-17
8207.00335758249  7.368169E-18
8210.04476776715  6.165320E-18
8213.08617795182  1.588787E-17
8216.12758813649  2.734255E-17
8219.16899832116  1.397347E-17
8222.21040850582  5.881714E-18
8225.25181869049  2.761972E-18
8228.29322887516  -3.960253E-18
8231.33463905983  1.004104E-17
8234.37604924449  1.042383E-17
8237.41745942916  1.891662E-17
8240.45886961383  1.723460E-17
8243.50027979849  1.818380E-18
8246.54168998316  9.387844E-18
8249.58310016783  9.245112E-18
8252.62451035249  9.375660E-18
8255.66592053716  7.963610E-18
8258.70733072183  2.290477E-17
8261.7487409065  1.631772E-17
8264.79015109116  9.782261E-18
8267.83156127583  1.085775E-17
8270.8729714605  1.267619E-17
8273.91438164516  4.270775E-18
8276.95579182983  6.902346E-18
8279.9972020145  -5.642525E-18
8283.03861219917  -1.221336E-18
8286.08002238383  2.043853E-17
8289.1214325685  2.095596E-17
8292.16284275317  -2.649015E-18
8295.20425293783  7.428720E-18
8298.2456631225  -2.311742E-17
8301.28707330717  1.649237E-17
8304.32848349183  1.129765E-17
8307.3698936765  6.842696E-18
8310.41130386117  1.307521E-17
8313.45271404583  -2.060272E-19
8316.4941242305  1.172624E-18
8319.53553441517  9.354969E-18
8322.57694459983  9.412442E-19
8325.6183547845  1.304072E-17
8328.65976496917  1.360914E-17
8331.70117515384  3.707132E-18
8334.7425853385  1.790013E-17
8337.78399552317  1.067719E-17
8340.82540570784  -2.001073E-17
8343.8668158925  -1.629524E-17
8346.90822607717  6.951207E-18
8349.94963626184  3.965694E-18
8352.99104644651  2.346596E-17
8356.03245663117  2.166981E-17
8359.07386681584  -8.903891E-19
8362.11527700051  3.365045E-18
8365.15668718517  1.510753E-17
8368.19809736984  1.795033E-17
8371.23950755451  2.825723E-18
8374.28091773918  -1.228522E-17
8377.32232792384  -3.159196E-18
8380.36373810851  1.049951E-17
8383.40514829318  -8.330648E-18
8386.44655847784  1.154019E-17
8389.48796866251  1.499666E-17
8392.52937884718  7.365124E-18
8395.57078903185  -2.427047E-18
8398.61219921651  3.835779E-18
8401.65360940118  1.742869E-17
8404.69501958584  8.773244E-18
8407.73642977051  -7.418473E-18
8410.77783995518  -1.510906E-17
8413.81925013985  3.530782E-18
8416.86066032451  -4.466678E-18
8419.90207050918  -9.969340E-18
8422.94348069385  -4.634967E-18
8425.98489087851  -2.140133E-17
8429.02630106318  -1.138520E-17
8432.06771124785  2.280742E-17
8435.10912143251  2.033641E-17
8438.15053161718  -8.626774E-19
8441.19194180185  5.674591E-18
8444.23335198652  -3.189327E-18
8447.27476217118  -4.244899E-18
8450.31617235585  -6.396755E-18
8453.35758254052  8.765633E-19
8456.39899272518  1.102880E-17
8459.44040290985  -1.077866E-17
8462.48181309452  -1.592452E-17
8465.52322327918  -2.491571E-17
8468.56463346385  7.031565E-18
8471.60604364852  6.171768E-19
8474.64745383319  4.834005E-18
8477.68886401785  2.407337E-17
8480.73027420252  1.449830E-17
8483.77168438719  1.486525E-17
8486.81309457185  -4.143483E-19
8489.85450475652  3.998602E-18
8492.89591494119  2.635756E-17
8495.93732512586  5.842528E-18
8498.97873531052  -3.510684E-18
8502.02014549519  -7.170395E-18
8505.06155567986  6.963934E-18
8508.10296586452  9.709236E-18
8511.14437604919  -1.661512E-18
8514.18578623386  1.452188E-17
8517.22719641852  -5.719302E-18
8520.26860660319  -1.670638E-17
8523.31001678786  9.187833E-18
8526.35142697253  1.090688E-17
8529.39283715719  -2.566701E-19
8532.43424734186  1.558630E-17
8535.47565752653  3.477464E-18
8538.51706771119  -5.336272E-18
8541.55847789586  -7.828586E-19
8544.59988808053  -6.126128E-19
8547.64129826519  5.498502E-19
8550.68270844986  1.894327E-17
8553.72411863453  1.059068E-17
8556.7655288192  1.129587E-17
8559.80693900386  -8.034952E-18
8562.84834918853  1.314100E-17
8565.8897593732  4.203008E-18
8568.93116955786  3.468295E-18
8571.97257974253  5.722049E-19
8575.0139899272  3.515908E-18
8578.05540011186  3.061398E-18
8581.09681029653  1.143351E-17
8584.1382204812  2.820664E-18
8587.17963066587  -1.300214E-17
8590.22104085053  1.210795E-17
8593.2624510352  7.771283E-18
8596.30386121986  1.046185E-17
8599.34527140453  3.842883E-18
8602.3866815892  1.696564E-17
8605.42809177387  2.373862E-18
8608.46950195853  8.476265E-18
8611.5109121432  -1.591837E-18
8614.55232232787  1.035136E-18
8617.59373251254  1.246749E-17
8620.6351426972  3.465614E-18
8623.67655288187  -9.194931E-18
8626.71796306654  4.306935E-18
8629.7593732512  1.277590E-17
8632.80078343587  2.610849E-17
8635.84219362054  1.803728E-17
8638.8836038052  2.087629E-17
8641.92501398987  1.906840E-17
8644.96642417454  1.865912E-17
8648.00783435921  8.418618E-20
8651.04924454387  4.484877E-18
8654.09065472854  2.389166E-17
8657.13206491321  1.809145E-18
8660.17347509787  5.387269E-18
8663.21488528254  -1.148840E-17
8666.25629546721  1.913246E-17
8669.29770565188  -1.267362E-17
8672.33911583654  1.592338E-17
8675.38052602121  2.754661E-17
8678.42193620588  2.429763E-17
8681.46334639054  2.164989E-17
8684.50475657521  -1.303282E-17
8687.54616675988  7.271834E-18
8690.58757694454  -5.301755E-19
8693.62898712921  1.058806E-17
8696.67039731388  1.127784E-17
8699.71180749855  1.531777E-18
8702.75321768321  -5.955871E-18
8705.79462786788  1.727102E-17
8708.83603805254  7.428586E-18
8711.87744823721  5.875582E-18
8714.91885842188  -9.458097E-19
8717.96026860655  -7.372533E-18
8721.00167879121  -1.249988E-17
8724.04308897588  2.432424E-17
8727.08449916055  1.278637E-17
8730.12590934521  9.675448E-18
8733.16731952988  7.758836E-18
8736.20872971455  -4.387054E-20
8739.25013989922  6.507208E-18
8742.29155008388  2.207955E-17
8745.33296026855  2.758761E-17
8748.37437045322  8.109779E-18
8751.41578063788  4.899333E-18
8754.45719082255  -1.326556E-17
8757.49860100722  1.083379E-17
8760.54001119188  -1.139981E-17
8763.58142137655  8.304955E-18
8766.62283156122  5.084526E-17
8769.66424174589  5.238979E-17
8772.70565193055  1.254225E-17
8775.74706211522  -5.684387E-18
8778.78847229989  2.354582E-18
8781.82988248455  1.022142E-17
8784.87129266922  -4.426490E-18
8787.91270285389  -1.192399E-17
8790.95411303856  1.022653E-18
8793.99552322322  9.561520E-19
8797.03693340789  1.038023E-17
8800.07834359256  1.032506E-17
8803.11975377722  1.770156E-18
8806.16116396189  4.879909E-18
8809.20257414656  1.560678E-17
8812.24398433122  2.394720E-18
8815.28539451589  3.446016E-19
8818.32680470056  4.965174E-18
8821.36821488522  -4.618301E-17
8824.40962506989  -1.169931E-17
8827.45103525456  5.837316E-17
8830.49244543922  4.313372E-17
8833.53385562389  3.465488E-17
8836.57526580856  4.469734E-17
8839.61667599323  1.241370E-17
8842.65808617789  -4.954035E-18
8845.69949636256  -8.164982E-18
8848.74090654723  -1.344420E-17
8851.78231673189  -8.293529E-18
8854.82372691656  7.922715E-19
8857.86513710123  -1.567889E-18
8860.9065472859  -3.524877E-18
8863.94795747056  -1.295599E-17
8866.98936765523  -3.155977E-17
8870.0307778399  1.168435E-17
8873.07218802456  2.429186E-17
8876.11359820923  1.894795E-17
8879.1550083939  5.224457E-18
8882.19641857856  -3.037085E-17
8885.23782876323  -4.094476E-17
8888.2792389479  3.372135E-18
8891.32064913257  2.798292E-17
8894.36205931723  -1.513704E-17
8897.4034695019  8.192944E-18
8900.44487968657  -8.306008E-18
8903.48628987123  1.151880E-17
8906.5277000559  9.702640E-18
8909.56911024057  9.525531E-18
8912.61052042524  -4.250140E-18
8915.6519306099  -2.245240E-17
8918.69334079457  1.443590E-17
8921.73475097924  8.285639E-17
8924.7761611639  1.910439E-17
8927.81757134857  -1.947547E-17
8930.85898153324  9.263853E-19
8933.9003917179  1.548052E-17
8936.94180190257  2.742904E-18
8939.98321208724  -2.212074E-17
8943.0246222719  -6.694238E-19
8946.06603245657  3.282992E-17
8949.10744264124  9.779690E-18
8952.14885282591  1.114718E-17
8955.19026301057  2.301131E-18
8958.23167319524  4.426133E-17
8961.27308337991  1.813988E-17
8964.31449356457  -3.767288E-19
8967.35590374924  8.933633E-18
8970.39731393391  -9.328195E-18
8973.43872411858  -1.516206E-17
8976.48013430324  -6.303104E-19
8979.52154448791  1.353464E-17
8982.56295467258  -6.664457E-18
8985.60436485724  1.575662E-18
8988.64577504191  2.088728E-17
8991.68718522658  4.954053E-18
8994.72859541124  -1.189782E-17
8997.77000559591  -1.384909E-17
9000.81141578058  -8.101855E-18
9003.85282596525  3.429460E-17
9006.89423614991  2.900222E-19
9009.93564633458  5.362457E-18
9012.97705651924  2.293242E-18
9016.01846670391  1.094561E-17
9019.05987688858  -8.937693E-18
9022.10128707325  -1.103815E-17
9025.14269725791  -5.777450E-18
9028.18410744258  7.228411E-18
9031.22551762725  -4.343313E-18
9034.26692781191  1.979829E-17
9037.30833799658  2.636052E-18
9040.34974818125  -2.661474E-18
9043.39115836592  1.395227E-17
9046.43256855058  -1.662926E-18
9049.47397873525  7.848557E-18
9052.51538891992  -1.509305E-17
9055.55679910458  -5.928804E-18
9058.59820928925  2.838596E-18
9061.63961947392  -1.054149E-17
9064.68102965858  2.104816E-17
9067.72243984325  2.949907E-17
9070.76385002792  3.187863E-17
9073.80526021259  5.531167E-18
9076.84667039725  2.893988E-18
9079.88808058192  4.311394E-18
9082.92949076659  -1.057233E-17
9085.97090095125  -2.475694E-18
9089.01231113592  -2.884089E-18
9092.05372132059  1.720018E-17
9095.09513150526  1.696117E-17
9098.13654168992  1.318788E-17
9101.17795187459  -7.276345E-18
9104.21936205925  -2.444896E-19
9107.26077224392  6.158944E-19
9110.30218242859  6.298855E-18
9113.34359261326  -3.031753E-20
9116.38500279792  -8.727808E-18
9119.42641298259  -9.411002E-18
9122.46782316726  1.435129E-17
9125.50923335192  3.573301E-19
9128.55064353659  9.126475E-18
9131.59205372126  3.087758E-17
9134.63346390593  1.017587E-17
9137.67487409059  -2.468828E-17
9140.71628427526  -8.929200E-18
9143.75769445993  1.058022E-17
9146.79910464459  -8.772280E-19
9149.84051482926  -1.248500E-17
9152.88192501393  -1.583575E-17
9155.9233351986  -1.457234E-17
9158.96474538326  -1.544887E-17
9162.00615556793  -2.024033E-17
9165.0475657526  -4.488912E-18
9168.08897593726  2.587172E-18
9171.13038612193  1.495258E-18
9174.1717963066  2.423273E-17
9177.21320649126  9.160744E-19
9180.25461667593  1.035729E-17
9183.2960268606  -1.481362E-17
9186.33743704526  -6.762580E-19
9189.37884722993  5.514232E-18
9192.4202574146  -5.794255E-18
9195.46166759926  -1.467445E-17
9198.50307778393  -1.135444E-17
9201.5444879686  -4.808671E-18
9204.58589815327  2.425031E-17
9207.62730833794  2.590468E-17
9210.6687185226  1.027999E-17
9213.71012870727  -5.501402E-18
9216.75153889193  8.778172E-20
9219.7929490766  2.180669E-17
9222.83435926127  1.500744E-17
9225.87576944594  2.051005E-17
9228.9171796306  -6.737607E-18
9231.95858981527  -1.188516E-17
9234.99999999994  -7.808507E-18
