5169.94  1.827924E-16
5172.76254424302  1.741551E-16
5175.58508848603  1.879489E-16
5178.40763272905  1.765084E-16
5181.23017697206  1.733064E-16
5184.05272121507  1.939207E-16
5186.87526545809  1.765532E-16
5189.6978097011  1.676427E-16
5192.52035394412  1.752235E-16
5195.34289818713  1.745678E-16
5198.16544243015  1.834049E-16
5200.98798667316  1.760187E-16
5203.81053091618  1.642109E-16
5206.63307515919  1.841522E-16
5209.4556194022  1.905368E-16
5212.27816364522  1.700107E-16
5215.10070788823  1.816563E-16
5217.92325213125  1.709506E-16
5220.74579637426  1.950634E-16
5223.56834061728  1.725023E-16
5226.39088486029  1.641710E-16
5229.21342910331  1.711403E-16
5232.03597334632  1.741172E-16
5234.85851758934  1.776512E-16
5237.68106183235  1.790177E-16
5240.50360607536  1.681181E-16
5243.32615031838  1.572447E-16
5246.14869456139  1.603353E-16
5248.97123880441  1.529532E-16
5251.79378304742  1.623622E-16
5254.61632729044  1.756685E-16
5257.43887153345  1.673689E-16
5260.26141577647  1.728526E-16
5263.08396001948  1.484282E-16
5265.90650426249  1.485739E-16
5268.72904850551  1.412155E-16
5271.55159274852  1.486855E-16
5274.37413699154  1.446070E-16
5277.19668123455  1.547216E-16
5280.01922547757  1.573646E-16
5282.84176972058  1.600962E-16
5285.6643139636  1.604235E-16
5288.48685820661  1.618770E-16
5291.30940244963  1.639698E-16
5294.13194669264  1.667836E-16
5296.95449093565  1.744758E-16
5299.77703517867  1.567396E-16
5302.59957942168  1.419954E-16
5305.4221236647  1.425634E-16
5308.24466790771  1.806750E-16
5311.06721215073  1.730090E-16
5313.88975639374  1.523422E-16
5316.71230063676  1.591829E-16
5319.53484487977  1.439876E-16
5322.35738912278  1.527278E-16
5325.1799333658  1.610083E-16
5328.00247760881  1.606004E-16
5330.82502185183  1.701462E-16
5333.64756609484  1.676186E-16
5336.47011033786  1.658472E-16
5339.29265458087  1.601115E-16
5342.11519882389  1.660698E-16
5344.9377430669  1.699284E-16
5347.76028730992  1.430781E-16
5350.58283155293  1.616201E-16
5353.40537579594  1.697574E-16
5356.22792003896  1.664026E-16
5359.05046428197  1.599677E-16
5361.87300852499  1.608808E-16
5364.695552768  1.879190E-16
5367.51809701102  1.767381E-16
5370.34064125403  1.637610E-16
5373.16318549705  1.648107E-16
5375.98572974006  1.807800E-16
5378.80827398308  1.641395E-16
5381.63081822609  1.720037E-16
5384.4533624691  1.673980E-16
5387.27590671212  1.532788E-16
5390.09845095513  1.633329E-16
5392.92099519815  1.517157E-16
5395.74353944116  1.832972E-16
5398.56608368418  1.796963E-16
5401.38862792719  1.674365E-16
5404.21117217021  1.583529E-16
5407.03371641322  1.554771E-16
5409.85626065623  1.787411E-16
5412.67880489925  1.712827E-16
5415.50134914226  1.675985E-16
5418.32389338528  1.702503E-16
5421.14643762829  1.507334E-16
5423.96898187131  1.652487E-16
5426.79152611432  1.586508E-16
5429.61407035734  1.685562E-16
5432.43661460035  1.689575E-16
5435.25915884336  1.744123E-16
5438.08170308638  1.730222E-16
5440.9042473294  1.822722E-16
5443.72679157241  1.673026E-16
5446.54933581542  1.658111E-16
5449.37188005844  1.727212E-16
5452.19442430145  1.775993E-16
5455.01696854447  1.813520E-16
5457.83951278748  1.686188E-16
5460.6620570305  1.702530E-16
5463.48460127351  1.589150E-16
5466.30714551652  1.631747E-16
5469.12968975954  1.604699E-16
5471.95223400255  1.697090E-16
5474.77477824557  1.707211E-16
5477.59732248858  1.782359E-16
5480.4198667316  1.870830E-16
5483.24241097461  1.643594E-16
5486.06495521763  1.623716E-16
5488.88749946064  1.758064E-16
5491.71004370365  1.708742E-16
5494.53258794667  1.598127E-16
5497.35513218968  1.576524E-16
5500.1776764327  1.431323E-16
5503.00022067571  1.470932E-16
5505.82276491873  1.505506E-16
5508.64530916174  1.474541E-16
5511.46785340476  1.481329E-16
5514.29039764777  1.725736E-16
5517.11294189079  1.589972E-16
5519.9354861338  1.738639E-16
5522.75803037681  1.670501E-16
5525.58057461983  1.827460E-16
5528.40311886284  1.606371E-16
5531.22566310586  1.672429E-16
5534.04820734887  1.550432E-16
5536.87075159189  1.655523E-16
5539.6932958349  1.718164E-16
5542.51584007792  1.689367E-16
5545.33838432093  1.670908E-16
5548.16092856395  1.683932E-16
5550.98347280696  1.573677E-16
5553.80601704997  1.359846E-16
5556.62856129299  1.578180E-16
5559.451105536  1.612444E-16
5562.27364977902  1.776005E-16
5565.09619402203  1.571439E-16
5567.91873826505  1.620701E-16
5570.74128250806  1.539656E-16
5573.56382675108  1.564519E-16
5576.38637099409  1.447695E-16
5579.20891523711  1.513124E-16
5582.03145948012  1.542304E-16
5584.85400372313  1.409132E-16
5587.67654796615  1.549175E-16
5590.49909220916  1.526321E-16
5593.32163645218  1.635176E-16
5596.14418069519  1.629266E-16
5598.96672493821  1.557486E-16
5601.78926918122  1.381361E-16
5604.61181342424  1.306277E-16
5607.43435766725  1.194468E-16
5610.25690191026  1.489965E-16
5613.07944615328  1.615892E-16
5615.90199039629  1.465260E-16
5618.72453463931  1.434007E-16
5621.54707888232  1.353447E-16
5624.36962312534  1.421364E-16
5627.19216736835  1.489255E-16
5630.01471161136  1.547397E-16
5632.83725585438  1.714191E-16
5635.6598000974  1.509655E-16
5638.48234434041  1.607381E-16
5641.30488858342  1.767298E-16
5644.12743282644  1.673561E-16
5646.94997706945  1.692930E-16
5649.77252131247  1.457805E-16
5652.59506555548  1.586289E-16
5655.4176097985  1.674526E-16
5658.24015404151  1.593896E-16
5661.06269828453  1.455649E-16
5663.88524252754  1.594974E-16
5666.70778677055  1.452870E-16
5669.53033101357  1.590774E-16
5672.35287525658  1.582747E-16
5675.1754194996  1.703633E-16
5677.99796374261  1.621161E-16
5680.82050798563  1.471926E-16
5683.64305222864  1.505338E-16
5686.46559647166  1.617954E-16
5689.28814071467  1.554681E-16
5692.11068495769  1.523103E-16
5694.9332292007  1.596037E-16
5697.75577344371  1.415447E-16
5700.57831768673  1.536001E-16
5703.40086192974  1.570036E-16
5706.22340617276  1.441940E-16
5709.04595041577  1.460879E-16
5711.86849465879  1.450203E-16
5714.6910389018  1.411595E-16
5717.51358314482  1.470883E-16
5720.33612738783  1.482292E-16
5723.15867163084  1.465001E-16
5725.98121587386  1.513092E-16
5728.80376011687  1.520720E-16
5731.62630435989  1.612879E-16
5734.4488486029  1.465041E-16
5737.27139284592  1.230838E-16
5740.09393708893  1.446206E-16
5742.91648133195  1.319243E-16
5745.73902557496  1.434366E-16
5748.56156981797  1.382372E-16
5751.38411406099  1.514573E-16
5754.206658304  1.420732E-16
5757.02920254702  1.449440E-16
5759.85174679003  1.283936E-16
5762.67429103305  1.286387E-16
5765.49683527606  1.469969E-16
5768.31937951908  1.336478E-16
5771.14192376209  1.266654E-16
5773.96446800511  1.378082E-16
5776.78701224812  1.488680E-16
5779.60955649114  1.406510E-16
5782.43210073415  1.428005E-16
5785.25464497716  1.434167E-16
5788.07718922018  1.337504E-16
5790.89973346319  1.400496E-16
5793.72227770621  1.414901E-16
5796.54482194922  1.526793E-16
5799.36736619224  1.431359E-16
5802.18991043525  1.232893E-16
5805.01245467826  1.476897E-16
5807.83499892128  1.414790E-16
5810.65754316429  1.278126E-16
5813.48008740731  1.543934E-16
5816.30263165032  1.570210E-16
5819.12517589334  1.461334E-16
5821.94772013635  1.384759E-16
5824.77026437937  1.602113E-16
5827.59280862238  1.468583E-16
5830.4153528654  1.448476E-16
5833.23789710841  1.483657E-16
5836.06044135142  1.445543E-16
5838.88298559444  1.449604E-16
5841.70552983745  1.488216E-16
5844.52807408047  1.320832E-16
5847.35061832348  1.332834E-16
5850.1731625665  1.359110E-16
5852.99570680951  1.286379E-16
5855.81825105253  1.459877E-16
5858.64079529554  1.549711E-16
5861.46333953855  1.559288E-16
5864.28588378157  1.455676E-16
5867.10842802458  1.461192E-16
5869.9309722676  1.403013E-16
5872.75351651061  1.497804E-16
5875.57606075363  1.348882E-16
5878.39860499664  1.309667E-16
5881.22114923966  1.346583E-16
5884.04369348267  1.615709E-16
5886.86623772569  1.382665E-16
5889.6887819687  1.304526E-16
5892.51132621171  1.307310E-16
5895.33387045473  1.405962E-16
5898.15641469774  1.473718E-16
5900.97895894076  1.358889E-16
5903.80150318377  1.375092E-16
5906.62404742679  1.332489E-16
5909.4465916698  1.444814E-16
5912.26913591282  1.642808E-16
5915.09168015583  1.544368E-16
5917.91422439884  1.433042E-16
5920.73676864186  1.567624E-16
5923.55931288487  1.563684E-16
5926.38185712789  1.462495E-16
5929.2044013709  1.517092E-16
5932.02694561392  1.408136E-16
5934.84948985693  1.454966E-16
5937.67203409995  1.312143E-16
5940.49457834296  1.370073E-16
5943.31712258598  1.146986E-16
5946.13966682899  1.167262E-16
5948.962211072  1.469442E-16
5951.78475531502  1.344569E-16
5954.60729955803  1.192130E-16
5957.42984380105  1.207281E-16
5960.25238804406  1.279077E-16
5963.07493228708  1.388544E-16
5965.89747653009  1.264760E-16
5968.72002077311  1.222385E-16
5971.54256501612  1.346646E-16
5974.36510925914  1.202887E-16
5977.18765350215  1.378034E-16
5980.01019774517  1.401240E-16
5982.83274198818  1.312684E-16
5985.65528623119  1.267947E-16
5988.47783047421  1.353513E-16
5991.30037471722  1.319732E-16
5994.12291896024  1.295070E-16
5996.94546320325  1.426296E-16
5999.76800744627  1.540129E-16
6002.59055168928  1.566484E-16
6005.41309593229  1.345985E-16
6008.23564017531  1.371200E-16
6011.05818441832  1.373996E-16
6013.88072866134  1.417314E-16
6016.70327290435  1.465942E-16
6019.52581714737  1.392732E-16
6022.34836139038  1.504966E-16
6025.1709056334  1.440400E-16
6027.99344987641  1.300046E-16
6030.81599411942  1.350798E-16
6033.63853836244  1.680634E-16
6036.46108260545  1.386854E-16
6039.28362684847  1.451813E-16
6042.10617109148  1.579837E-16
6044.9287153345  1.610334E-16
6047.75125957751  1.546309E-16
6050.57380382053  1.577326E-16
6053.39634806354  1.607380E-16
6056.21889230656  1.461405E-16
6059.04143654957  1.271102E-16
6061.86398079259  1.350817E-16
6064.6865250356  1.386791E-16
6067.50906927861  1.550226E-16
6070.33161352163  1.480924E-16
6073.15415776464  1.748562E-16
6075.97670200766  1.431263E-16
6078.79924625067  1.353392E-16
6081.62179049369  1.488757E-16
6084.4443347367  1.570790E-16
6087.26687897972  1.586637E-16
6090.08942322273  1.582528E-16
6092.91196746574  1.552942E-16
6095.73451170876  1.566925E-16
6098.55705595177  1.620635E-16
6101.37960019479  1.456170E-16
6104.2021444378  1.447490E-16
6107.02468868082  1.539965E-16
6109.84723292383  1.583654E-16
6112.66977716685  1.558165E-16
6115.49232140986  1.427669E-16
6118.31486565288  1.403399E-16
6121.13740989589  1.436269E-16
6123.9599541389  1.343528E-16
6126.78249838192  1.582036E-16
6129.60504262493  1.559551E-16
6132.42758686795  1.443628E-16
6135.25013111096  1.350897E-16
6138.07267535398  1.499958E-16
6140.89521959699  1.600110E-16
6143.71776384  1.535231E-16
6146.54030808302  1.723336E-16
6149.36285232603  1.619362E-16
6152.18539656905  1.456765E-16
6155.00794081206  1.510214E-16
6157.83048505508  1.459779E-16
6160.65302929809  1.526655E-16
6163.47557354111  1.435582E-16
6166.29811778412  1.398498E-16
6169.12066202714  1.392747E-16
6171.94320627015  1.274859E-16
6174.76575051317  1.426830E-16
6177.58829475618  1.240732E-16
6180.41083899919  1.371082E-16
6183.23338324221  1.508519E-16
6186.05592748522  1.490167E-16
6188.87847172824  1.609913E-16
6191.70101597125  1.486776E-16
6194.52356021427  1.419370E-16
6197.34610445728  1.466451E-16
6200.1686487003  1.359143E-16
6202.99119294331  1.358985E-16
6205.81373718632  1.466248E-16
6208.63628142934  1.387798E-16
6211.45882567235  1.379240E-16
6214.28136991537  1.444890E-16
6217.10391415838  1.248863E-16
6219.9264584014  1.321948E-16
6222.74900264441  1.397578E-16
6225.57154688743  1.303538E-16
6228.39409113044  1.344122E-16
6231.21663537346  1.438674E-16
6234.03917961647  1.336586E-16
6236.86172385948  1.348211E-16
6239.6842681025  1.439896E-16
6242.50681234551  1.250358E-16
6245.32935658853  1.387374E-16
6248.15190083154  1.408587E-16
6250.97444507456  1.358619E-16
6253.79698931757  1.503066E-16
6256.61953356059  1.420508E-16
6259.4420778036  1.429036E-16
6262.26462204661  1.457873E-16
6265.08716628963  1.342367E-16
6267.90971053264  1.251677E-16
6270.73225477566  1.412783E-16
6273.55479901867  1.410986E-16
6276.37734326169  1.372171E-16
6279.1998875047  1.356293E-16
6282.02243174772  1.314166E-16
6284.84497599073  1.257095E-16
6287.66752023375  1.308601E-16
6290.49006447676  1.417256E-16
6293.31260871977  1.318298E-16
6296.13515296279  1.594462E-16
6298.9576972058  1.452101E-16
6301.78024144882  1.517444E-16
6304.60278569183  1.514012E-16
6307.42532993485  1.208185E-16
6310.24787417786  1.340203E-16
6313.07041842088  1.279383E-16
6315.89296266389  1.489826E-16
6318.7155069069  1.456826E-16
6321.53805114992  1.219385E-16
6324.36059539293  1.486390E-16
6327.18313963595  1.539346E-16
6330.00568387896  1.256536E-16
6332.82822812198  1.346153E-16
6335.65077236499  1.532856E-16
6338.47331660801  1.395366E-16
6341.29586085102  1.220725E-16
6344.11840509404  1.154188E-16
6346.94094933705  1.224980E-16
6349.76349358006  1.244000E-16
6352.58603782308  1.309069E-16
6355.40858206609  1.353836E-16
6358.23112630911  1.338176E-16
6361.05367055212  1.162268E-16
6363.87621479514  1.133681E-16
6366.69875903815  1.240125E-16
6369.52130328117  1.544472E-16
6372.34384752418  1.409046E-16
6375.1663917672  1.328811E-16
6377.98893601021  1.164689E-16
6380.81148025322  1.434676E-16
6383.63402449624  1.423189E-16
6386.45656873925  1.215263E-16
6389.27911298227  1.210473E-16
6392.10165722528  1.174049E-16
6394.9242014683  1.275249E-16
6397.74674571131  1.387255E-16
6400.56928995432  1.468548E-16
6403.39183419734  1.416536E-16
6406.21437844036  1.333116E-16
6409.03692268337  1.487859E-16
6411.85946692638  1.505789E-16
6414.6820111694  1.475828E-16
6417.50455541241  1.573401E-16
6420.32709965543  1.376280E-16
6423.14964389844  1.418869E-16
6425.97218814146  1.321714E-16
6428.79473238447  1.412570E-16
6431.61727662748  1.561611E-16
6434.4398208705  1.467335E-16
6437.26236511351  1.496620E-16
6440.08490935653  1.415511E-16
6442.90745359954  1.494505E-16
6445.72999784256  1.484156E-16
6448.55254208557  1.373350E-16
6451.37508632859  1.294282E-16
6454.1976305716  1.265694E-16
6457.02017481461  1.364709E-16
6459.84271905763  1.420695E-16
6462.66526330065  1.514245E-16
6465.48780754366  1.432576E-16
6468.31035178667  1.389285E-16
6471.13289602969  1.389552E-16
6473.9554402727  1.323732E-16
6476.77798451572  1.549834E-16
6479.60052875873  1.492625E-16
6482.42307300175  1.381956E-16
6485.24561724476  1.452274E-16
6488.06816148777  1.373465E-16
6490.89070573079  1.393620E-16
6493.7132499738  1.270600E-16
6496.53579421682  1.359653E-16
6499.35833845983  1.457796E-16
6502.18088270285  1.362282E-16
6505.00342694586  1.488814E-16
6507.82597118888  1.570889E-16
6510.64851543189  1.591747E-16
6513.47105967491  1.214072E-16
6516.29360391792  1.227412E-16
6519.11614816094  1.300546E-16
6521.93869240395  1.248264E-16
6524.76123664696  1.240834E-16
6527.58378088998  1.347939E-16
6530.40632513299  1.446977E-16
6533.22886937601  1.302503E-16
6536.05141361902  1.297418E-16
6538.87395786204  1.274654E-16
6541.69650210505  1.508553E-16
6544.51904634807  1.321213E-16
6547.34159059108  1.342788E-16
6550.16413483409  1.415858E-16
6552.98667907711  1.532900E-16
6555.80922332012  1.503834E-16
6558.63176756314  1.484826E-16
6561.45431180615  1.282740E-16
6564.27685604917  1.379560E-16
6567.09940029218  1.390807E-16
6569.9219445352  1.315781E-16
6572.74448877821  1.293285E-16
6575.56703302122  1.434265E-16
6578.38957726424  1.398005E-16
6581.21212150725  1.419823E-16
6584.03466575027  1.451277E-16
6586.85720999328  1.527880E-16
6589.6797542363  1.416745E-16
6592.50229847931  1.429985E-16
6595.32484272233  1.579501E-16
6598.14738696534  1.534273E-16
6600.96993120835  1.386941E-16
6603.79247545137  1.541591E-16
6606.61501969438  1.606973E-16
6609.4375639374  1.579795E-16
6612.26010818041  1.558109E-16
6615.08265242343  1.512907E-16
6617.90519666644  1.606661E-16
6620.72774090946  1.704384E-16
6623.55028515247  1.691009E-16
6626.37282939548  1.622398E-16
6629.1953736385  1.775760E-16
6632.01791788152  1.854856E-16
6634.84046212453  1.792527E-16
6637.66300636754  1.815865E-16
6640.48555061056  1.861875E-16
6643.30809485357  1.885566E-16
6646.13063909659  1.746871E-16
6648.9531833396  1.830511E-16
6651.77572758261  1.844164E-16
6654.59827182563  1.835265E-16
6657.42081606865  1.756299E-16
6660.24336031166  1.932936E-16
6663.06590455467  2.023581E-16
6665.88844879769  2.119809E-16
6668.7109930407  2.192340E-16
6671.53353728372  2.125105E-16
6674.35608152673  2.221173E-16
6677.17862576975  2.440639E-16
6680.00117001276  2.220539E-16
6682.82371425578  2.158279E-16
6685.64625849879  2.064044E-16
6688.4688027418  2.269826E-16
6691.29134698482  2.091067E-16
6694.11389122783  2.039918E-16
6696.93643547085  2.302621E-16
6699.75897971386  2.200115E-16
6702.58152395688  2.155322E-16
6705.40406819989  2.221150E-16
6708.22661244291  2.363497E-16
6711.04915668592  2.356478E-16
6713.87170092894  2.376818E-16
6716.69424517195  2.240537E-16
6719.51678941496  2.225081E-16
6722.33933365798  2.283748E-16
6725.16187790099  2.566723E-16
6727.98442214401  2.484697E-16
6730.80696638702  2.534941E-16
6733.62951063004  2.770311E-16
6736.45205487305  2.768769E-16
6739.27459911607  2.945944E-16
6742.09714335908  3.134314E-16
6744.91968760209  3.580929E-16
6747.74223184511  3.929729E-16
6750.56477608812  4.097809E-16
6753.38732033114  4.316280E-16
6756.20986457415  4.492319E-16
6759.03240881717  4.319975E-16
6761.85495306018  3.373546E-16
6764.6774973032  2.666909E-16
6767.50004154621  2.770557E-16
6770.32258578923  2.660753E-16
6773.14513003224  2.527148E-16
6775.96767427525  2.467073E-16
6778.79021851827  2.459601E-16
6781.61276276128  2.319651E-16
6784.4353070043  2.077073E-16
6787.25785124731  2.071688E-16
6790.08039549033  1.877282E-16
6792.90293973334  1.734331E-16
6795.72548397636  1.755022E-16
6798.54802821937  1.714697E-16
6801.37057246238  1.690533E-16
6804.1931167054  1.660629E-16
6807.01566094841  1.732052E-16
6809.83820519143  1.673412E-16
6812.66074943444  1.589244E-16
6815.48329367746  1.588471E-16
6818.30583792047  1.625660E-16
6821.12838216349  1.744562E-16
6823.9509264065  1.852403E-16
6826.77347064952  1.856335E-16
6829.59601489253  1.756447E-16
6832.41855913554  1.598389E-16
6835.24110337856  1.516367E-16
6838.06364762157  1.700003E-16
6840.88619186459  1.541533E-16
6843.7087361076  1.566007E-16
6846.53128035062  1.477144E-16
6849.35382459363  1.554839E-16
6852.17636883665  1.364937E-16
6854.99891307966  1.514931E-16
6857.82145732268  1.517937E-16
6860.64400156569  1.651582E-16
6863.4665458087  1.469587E-16
6866.28909005172  1.324845E-16
6869.11163429473  1.395568E-16
6871.93417853775  1.529689E-16
6874.75672278076  1.443376E-16
6877.57926702378  1.502617E-16
6880.40181126679  1.582589E-16
6883.22435550981  1.647893E-16
6886.04689975282  1.566930E-16
6888.86944399583  1.419197E-16
6891.69198823885  1.487976E-16
6894.51453248186  1.486050E-16
6897.33707672488  1.508880E-16
6900.15962096789  1.336313E-16
6902.98216521091  1.341264E-16
6905.80470945392  1.378266E-16
6908.62725369694  1.320975E-16
6911.44979793995  1.313928E-16
6914.27234218297  1.420105E-16
6917.09488642598  1.493146E-16
6919.91743066899  1.572911E-16
6922.73997491201  1.519490E-16
6925.56251915502  1.523921E-16
6928.38506339804  1.515093E-16
6931.20760764105  1.420175E-16
6934.03015188407  1.282609E-16
6936.85269612708  1.191333E-16
6939.6752403701  1.298258E-16
6942.49778461311  1.294036E-16
6945.32032885612  1.367398E-16
6948.14287309914  1.336588E-16
6950.96541734215  1.344879E-16
6953.78796158517  1.398039E-16
6956.61050582818  1.380412E-16
6959.4330500712  1.382391E-16
6962.25559431421  1.350270E-16
6965.07813855723  1.375912E-16
6967.90068280024  1.307557E-16
6970.72322704325  1.126889E-16
6973.54577128627  1.108697E-16
6976.36831552928  1.261783E-16
6979.1908597723  1.326532E-16
6982.01340401531  1.227042E-16
6984.83594825833  1.271598E-16
6987.65849250134  1.306858E-16
6990.48103674436  1.281786E-16
6993.30358098737  1.345957E-16
6996.12612523038  1.331699E-16
6998.9486694734  1.285484E-16
7001.77121371642  1.394853E-16
7004.59375795943  1.308343E-16
7007.41630220244  1.263023E-16
7010.23884644546  1.201933E-16
7013.06139068847  1.082431E-16
7015.88393493149  1.322919E-16
7018.7064791745  1.313463E-16
7021.52902341752  1.228814E-16
7024.35156766053  1.154759E-16
7027.17411190355  1.229261E-16
7029.99665614656  1.254195E-16
7032.81920038957  1.269361E-16
7035.64174463259  1.241420E-16
7038.4642888756  1.151242E-16
7041.28683311862  1.095384E-16
7044.10937736163  1.148219E-16
7046.93192160465  1.247812E-16
7049.75446584766  1.205833E-16
7052.57701009068  1.308484E-16
7055.39955433369  1.311386E-16
7058.22209857671  1.273949E-16
7061.04464281972  1.313198E-16
7063.86718706273  1.181383E-16
7066.68973130575  1.174377E-16
7069.51227554876  1.189913E-16
7072.33481979178  1.255289E-16
7075.15736403479  1.278657E-16
7077.97990827781  1.289746E-16
7080.80245252082  1.316265E-16
7083.62499676383  1.271425E-16
7086.44754100685  1.014195E-16
7089.27008524986  1.283850E-16
7092.09262949288  1.244794E-16
7094.91517373589  1.263416E-16
7097.73771797891  1.200727E-16
7100.56026222192  1.070545E-16
7103.38280646494  1.043102E-16
7106.20535070795  1.091636E-16
7109.02789495097  1.128284E-16
7111.85043919398  1.001452E-16
7114.67298343699  1.076266E-16
7117.49552768001  1.235250E-16
7120.31807192302  1.268462E-16
7123.14061616604  1.022399E-16
7125.96316040905  1.145090E-16
7128.78570465207  1.063727E-16
7131.60824889508  1.148900E-16
7134.4307931381  1.255752E-16
7137.25333738111  1.246279E-16
7140.07588162413  1.091519E-16
7142.89842586714  1.149348E-16
7145.72097011015  1.253941E-16
7148.54351435317  1.227724E-16
7151.36605859618  1.148213E-16
7154.1886028392  1.024495E-16
7157.01114708221  1.175566E-16
7159.83369132523  1.307958E-16
7162.65623556824  1.242479E-16
7165.47877981126  1.275958E-16
7168.30132405427  1.168526E-16
7171.12386829728  1.271923E-16
7173.9464125403  1.177942E-16
7176.76895678331  1.306354E-16
7179.59150102633  1.139338E-16
7182.41404526934  1.213368E-16
7185.23658951236  1.202156E-16
7188.05913375537  1.179999E-16
7190.88167799839  1.315244E-16
7193.7042222414  1.081586E-16
7196.52676648442  1.157208E-16
7199.34931072743  1.247756E-16
7202.17185497045  1.345270E-16
7204.99439921346  1.203476E-16
7207.81694345647  1.290199E-16
7210.63948769949  1.293290E-16
7213.4620319425  1.290277E-16
7216.28457618552  1.193208E-16
7219.10712042853  1.279390E-16
7221.92966467155  1.275762E-16
7224.75220891456  1.378042E-16
7227.57475315757  1.207827E-16
7230.39729740059  1.200501E-16
7233.2198416436  1.398070E-16
7236.04238588662  1.348716E-16
7238.86493012963  1.494568E-16
7241.68747437265  1.201947E-16
7244.51001861566  1.352634E-16
7247.33256285868  1.251779E-16
7250.15510710169  1.500859E-16
7252.97765134471  1.338206E-16
7255.80019558772  1.123716E-16
7258.62273983073  1.101436E-16
7261.44528407375  1.220833E-16
7264.26782831676  1.369238E-16
7267.09037255978  1.148446E-16
7269.91291680279  1.130396E-16
7272.73546104581  1.132655E-16
7275.55800528882  1.132516E-16
7278.38054953184  1.334478E-16
7281.20309377485  1.209869E-16
7284.02563801786  1.120749E-16
7286.84818226088  1.100290E-16
7289.67072650389  1.347804E-16
7292.49327074691  1.239267E-16
7295.31581498992  1.189849E-16
7298.13835923294  1.224248E-16
7300.96090347595  1.170830E-16
7303.78344771897  1.146008E-16
7306.60599196198  1.022161E-16
7309.428536205  1.136477E-16
7312.25108044801  1.244651E-16
7315.07362469102  1.112001E-16
7317.89616893404  1.188645E-16
7320.71871317705  1.042586E-16
7323.54125742007  1.024451E-16
7326.36380166308  1.103980E-16
7329.1863459061  1.068039E-16
7332.00889014911  1.056158E-16
7334.83143439213  1.062151E-16
7337.65397863514  1.090134E-16
7340.47652287816  1.272384E-16
7343.29906712117  1.286952E-16
7346.12161136419  1.159546E-16
7348.9441556072  1.160125E-16
7351.76669985021  1.232640E-16
7354.58924409323  1.213737E-16
7357.41178833624  1.290711E-16
7360.23433257926  1.216164E-16
7363.05687682227  1.215932E-16
7365.87942106529  1.199522E-16
7368.7019653083  1.039809E-16
7371.52450955132  1.152481E-16
7374.34705379433  1.149985E-16
7377.16959803734  1.104978E-16
7379.99214228036  1.107379E-16
7382.81468652337  1.149375E-16
7385.63723076639  1.186413E-16
7388.4597750094  1.216813E-16
7391.28231925242  1.234666E-16
7394.10486349543  1.273051E-16
7396.92740773845  1.166280E-16
7399.74995198146  1.307465E-16
7402.57249622447  1.188156E-16
7405.39504046749  1.174402E-16
7408.2175847105  1.240413E-16
7411.04012895352  1.459195E-16
7413.86267319653  1.346154E-16
7416.68521743955  1.206117E-16
7419.50776168256  1.291296E-16
7422.33030592558  1.237152E-16
7425.15285016859  1.194408E-16
7427.9753944116  1.213911E-16
7430.79793865462  1.055979E-16
7433.62048289763  9.944879E-17
7436.44302714065  1.047048E-16
7439.26557138366  9.442255E-17
7442.08811562668  9.095342E-17
7444.91065986969  9.975082E-17
7447.73320411271  9.779789E-17
7450.55574835572  1.036643E-16
7453.37829259873  1.121960E-16
7456.20083684175  1.251846E-16
7459.02338108477  1.239156E-16
7461.84592532778  1.151815E-16
7464.66846957079  1.256823E-16
7467.49101381381  1.352368E-16
7470.31355805682  1.226326E-16
7473.13610229984  1.122370E-16
7475.95864654285  1.073573E-16
7478.78119078586  1.062043E-16
7481.60373502888  1.025760E-16
7484.4262792719  1.121222E-16
7487.24882351491  1.244902E-16
7490.07136775792  1.115120E-16
7492.89391200094  1.123044E-16
7495.71645624395  1.002577E-16
7498.53900048697  1.206889E-16
7501.36154472998  1.294454E-16
7504.184088973  1.389709E-16
7507.00663321601  1.139057E-16
7509.82917745903  1.234768E-16
7512.65172170204  1.229691E-16
7515.47426594505  1.111631E-16
7518.29681018807  1.045524E-16
7521.11935443108  1.133031E-16
7523.9418986741  1.157354E-16
7526.76444291711  1.067793E-16
7529.58698716013  1.107522E-16
7532.40953140314  9.954555E-17
7535.23207564616  1.165665E-16
7538.05461988917  1.282536E-16
7540.87716413218  1.222872E-16
7543.6997083752  1.229619E-16
7546.52225261821  1.252386E-16
7549.34479686123  1.337678E-16
7552.16734110424  1.090129E-16
7554.98988534726  1.163771E-16
7557.81242959027  1.109595E-16
7560.63497383329  1.205276E-16
7563.4575180763  1.184881E-16
7566.28006231931  1.150800E-16
7569.10260656233  1.175451E-16
7571.92515080534  1.120622E-16
7574.74769504836  1.082688E-16
7577.57023929137  1.235830E-16
7580.39278353439  1.287164E-16
7583.2153277774  1.280094E-16
7586.03787202042  1.129717E-16
7588.86041626343  1.186716E-16
7591.68296050645  1.036857E-16
7594.50550474946  1.034613E-16
7597.32804899248  8.889860E-17
7600.15059323549  7.849682E-17
7602.9731374785  8.115630E-17
7605.79568172152  8.829724E-17
7608.61822596453  1.037719E-16
7611.44077020755  1.040196E-16
7614.26331445056  1.286628E-16
7617.08585869358  1.077066E-16
7619.90840293659  1.052850E-16
7622.73094717961  1.029798E-16
7625.55349142262  1.174511E-16
7628.37603566563  9.385112E-17
7631.19857990865  8.111804E-17
7634.02112415166  9.083691E-17
7636.84366839468  1.141655E-16
7639.66621263769  1.060885E-16
7642.48875688071  1.342698E-16
7645.31130112372  1.307167E-16
7648.13384536673  1.417553E-16
7650.95638960975  1.204132E-16
7653.77893385277  1.158632E-16
7656.60147809578  1.124326E-16
7659.42402233879  1.161799E-16
7662.24656658181  1.372769E-16
7665.06911082482  1.004737E-16
7667.89165506784  1.210185E-16
7670.71419931085  1.263712E-16
7673.53674355387  1.044526E-16
7676.35928779688  1.037548E-16
7679.1818320399  1.167098E-16
7682.00437628291  1.118700E-16
7684.82692052593  1.061312E-16
7687.64946476894  1.286043E-16
7690.47200901195  1.210012E-16
7693.29455325497  1.086540E-16
7696.11709749798  1.233171E-16
7698.939641741  1.217185E-16
7701.76218598401  1.251657E-16
7704.58473022702  1.214193E-16
7707.40727447004  1.304419E-16
7710.22981871306  1.356543E-16
7713.05236295607  1.163670E-16
7715.87490719908  1.124937E-16
7718.6974514421  1.162221E-16
7721.51999568511  1.081297E-16
7724.34253992813  1.097154E-16
7727.16508417114  1.018243E-16
7729.98762841416  1.199165E-16
7732.81017265717  1.134285E-16
7735.63271690019  1.005219E-16
7738.4552611432  1.163907E-16
7741.27780538622  9.411649E-17
7744.10034962923  1.136189E-16
7746.92289387224  1.212092E-16
7749.74543811526  1.188173E-16
7752.56798235827  1.014321E-16
7755.39052660129  1.305672E-16
7758.2130708443  1.209450E-16
7761.03561508732  1.038218E-16
7763.85815933033  1.189971E-16
7766.68070357335  1.206566E-16
7769.50324781636  1.179734E-16
7772.32579205937  1.340276E-16
7775.14833630239  1.222824E-16
7777.9708805454  1.146869E-16
7780.79342478842  8.336570E-17
7783.61596903143  1.114020E-16
7786.43851327445  1.126044E-16
7789.26105751746  7.089354E-17
7792.08360176048  6.138247E-17
7794.90614600349  1.127347E-16
7797.7286902465  1.201094E-16
7800.55123448952  1.289629E-16
7803.37377873253  1.221366E-16
7806.19632297555  9.108885E-17
7809.01886721856  9.946849E-17
7811.84141146158  1.078117E-16
7814.66395570459  1.267442E-16
7817.48649994761  1.325325E-16
7820.30904419062  9.400941E-17
7823.13158843363  8.057118E-17
7825.95413267665  9.478284E-17
7828.77667691967  1.041868E-16
7831.59922116268  1.004283E-16
7834.42176540569  1.074958E-16
7837.24430964871  1.209852E-16
7840.06685389172  1.104411E-16
7842.88939813474  9.916515E-17
7845.71194237775  1.190535E-16
7848.53448662077  1.094274E-16
7851.35703086378  1.289381E-16
7854.1795751068  1.445354E-16
7857.00211934981  8.568201E-17
7859.82466359282  1.103114E-16
7862.64720783584  1.057397E-16
7865.46975207885  1.053641E-16
7868.29229632187  8.018207E-17
7871.11484056488  7.238096E-17
7873.9373848079  6.501569E-17
7876.75992905091  8.441779E-17
7879.58247329393  9.320954E-17
7882.40501753694  8.118534E-17
7885.22756177995  7.898108E-17
7888.05010602297  9.758534E-17
7890.87265026598  1.100783E-16
7893.695194509  9.699183E-17
7896.51773875201  1.152684E-16
7899.34028299503  1.029307E-16
7902.16282723804  8.881662E-17
7904.98537148106  1.016036E-16
7907.80791572407  1.047740E-16
7910.63045996708  1.216558E-16
7913.4530042101  1.546233E-16
7916.27554845311  1.212912E-16
7919.09809269613  1.067240E-16
7921.92063693914  1.111311E-16
7924.74318118216  1.134559E-16
7927.56572542517  8.577612E-17
7930.38826966819  9.520473E-17
7933.2108139112  1.054534E-16
7936.03335815422  1.035182E-16
7938.85590239723  1.048853E-16
7941.67844664024  1.143839E-16
7944.50099088326  1.022938E-16
7947.32353512627  1.166941E-16
7950.14607936929  1.128650E-16
7952.9686236123  1.096559E-16
7955.79116785532  1.043960E-16
7958.61371209833  8.406382E-17
7961.43625634135  8.877427E-17
7964.25880058436  1.075018E-16
7967.08134482738  1.183122E-16
7969.90388907039  9.465087E-17
7972.7264333134  1.022675E-16
7975.54897755642  1.272221E-16
7978.37152179943  1.014236E-16
7981.19406604245  9.069025E-17
7984.01661028546  9.375526E-17
7986.83915452848  1.145955E-16
7989.66169877149  1.379376E-16
7992.48424301451  1.439436E-16
7995.30678725752  8.781494E-17
7998.12933150053  8.938426E-17
8000.95187574355  1.032198E-16
8003.77441998656  1.072600E-16
8006.59696422958  9.294489E-17
8009.41950847259  9.191186E-17
8012.24205271561  1.322220E-16
8015.06459695862  8.556320E-17
8017.88714120164  1.092270E-16
8020.70968544465  1.128564E-16
8023.53222968766  1.070423E-16
8026.35477393068  9.552411E-17
8029.17731817369  1.071247E-16
8031.99986241671  1.048216E-16
8034.82240665972  1.132419E-16
8037.64495090274  1.112488E-16
8040.46749514575  1.073109E-16
8043.29003938877  1.255141E-16
8046.11258363178  1.026212E-16
8048.9351278748  1.167165E-16
8051.75767211781  1.088141E-16
8054.58021636082  9.641390E-17
8057.40276060384  1.306539E-16
8060.22530484685  1.307265E-16
8063.04784908987  1.202384E-16
8065.87039333288  1.110945E-16
8068.6929375759  1.099679E-16
8071.51548181891  1.116891E-16
8074.33802606193  1.137159E-16
8077.16057030494  1.025230E-16
8079.98311454795  1.230297E-16
8082.80565879097  1.191406E-16
8085.62820303398  1.205626E-16
8088.450747277  1.302766E-16
8091.27329152001  1.162179E-16
8094.09583576303  1.218938E-16
8096.91838000604  1.174094E-16
8099.74092424906  1.139862E-16
8102.56346849207  1.278648E-16
8105.38601273509  9.806038E-17
8108.2085569781  1.331708E-16
8111.03110122111  1.288560E-16
8113.85364546413  1.124152E-16
8116.67618970714  9.341946E-17
8119.49873395016  9.213626E-17
8122.32127819317  1.057843E-16
8125.14382243619  8.355997E-17
8127.9663666792  7.712381E-17
8130.78891092222  9.403323E-17
8133.61145516523  9.660522E-17
8136.43399940824  9.857812E-17
8139.25654365126  9.652049E-17
8142.07908789427  9.350591E-17
8144.90163213729  9.120802E-17
8147.7241763803  1.053289E-16
8150.54672062332  1.037006E-16
8153.36926486633  9.261050E-17
8156.19180910935  1.194211E-16
8159.01435335236  1.183858E-16
8161.83689759538  1.007451E-16
8164.65944183839  1.132972E-16
8167.4819860814  1.035136E-16
8170.30453032442  8.555230E-17
8173.12707456743  8.562963E-17
8175.94961881045  8.257205E-17
8178.77216305346  9.094252E-17
8181.59470729648  1.151758E-16
8184.41725153949  8.948936E-17
8187.23979578251  1.005353E-16
8190.06234002552  1.234371E-16
8192.88488426854  1.136802E-16
8195.70742851155  9.743712E-17
8198.52997275457  9.601690E-17
8201.35251699758  1.084432E-16
8204.17506124059  1.025716E-16
8206.99760548361  7.897815E-17
8209.82014972662  9.608173E-17
8212.64269396964  9.527416E-17
8215.46523821265  8.499606E-17
8218.28778245567  8.826431E-17
8221.11032669868  8.096277E-17
8223.9328709417  7.764046E-17
8226.75541518471  7.841576E-17
8229.57795942772  9.781624E-17
8232.40050367074  1.017498E-16
8235.22304791375  9.746999E-17
8238.04559215677  1.080624E-16
8240.86813639978  1.035295E-16
8243.6906806428  1.005319E-16
8246.51322488581  1.208622E-16
8249.33576912883  1.176691E-16
8252.15831337184  1.023339E-16
8254.98085761485  9.777080E-17
8257.80340185787  1.197909E-16
8260.62594610088  1.084451E-16
8263.4484903439  1.209440E-16
8266.27103458691  1.016532E-16
8269.09357882993  9.634040E-17
8271.91612307294  1.063829E-16
8274.73866731596  9.203562E-17
8277.56121155897  1.042787E-16
8280.38375580198  1.145795E-16
8283.206300045  1.198435E-16
8286.02884428802  1.118885E-16
8288.85138853103  1.171543E-16
8291.67393277404  9.409262E-17
8294.49647701706  7.632352E-17
8297.31902126007  1.065829E-16
8300.14156550309  1.182069E-16
8302.9641097461  1.235272E-16
8305.78665398911  1.177785E-16
8308.60919823213  1.314754E-16
8311.43174247515  1.065116E-16
8314.25428671816  5.896067E-17
8317.07683096117  7.715422E-17
8319.89937520419  9.178667E-17
8322.7219194472  1.013579E-16
8325.54446369022  1.169313E-16
8328.36700793323  1.279805E-16
8331.18955217624  1.146154E-16
8334.01209641926  9.288652E-17
8336.83464066228  8.792276E-17
8339.65718490529  3.720291E-17
8342.4797291483  5.516383E-17
8345.30227339132  1.069894E-16
8348.12481763433  9.500944E-17
8350.94736187735  1.144879E-16
8353.76990612036  9.884100E-17
8356.59245036338  7.897847E-17
8359.41499460639  8.125175E-17
8362.2375388494  9.411791E-17
8365.06008309242  1.124916E-16
8367.88262733543  1.061077E-16
8370.70517157845  1.105166E-16
8373.52771582146  1.070853E-16
8376.35026006448  1.360133E-16
8379.17280430749  1.121984E-16
8381.99534855051  1.040910E-16
8384.81789279352  1.062333E-16
8387.64043703653  1.163149E-16
8390.46298127955  1.274187E-16
8393.28552552256  1.049060E-16
8396.10806976558  1.062219E-16
8398.93061400859  1.127279E-16
8401.75315825161  1.092969E-16
8404.57570249462  1.169100E-16
8407.39824673764  1.125847E-16
8410.22079098065  1.334416E-16
8413.04333522367  1.072053E-16
8415.86587946668  1.035651E-16
8418.68842370969  9.873627E-17
8421.51096795271  9.387630E-17
8424.33351219573  1.277315E-16
8427.15605643874  1.399212E-16
8429.97860068175  1.573988E-16
8432.80114492477  1.329116E-16
8435.62368916778  7.848700E-17
8438.4462334108  8.951892E-17
8441.26877765381  8.588282E-17
8444.09132189682  1.047385E-16
8446.91386613984  1.151155E-16
8449.73641038285  1.083819E-16
8452.55895462587  9.369534E-17
8455.38149886888  7.391677E-17
8458.2040431119  7.092062E-17
8461.02658735491  7.142130E-17
8463.84913159793  7.034276E-17
8466.67167584094  1.039198E-16
8469.49422008396  1.276342E-16
8472.31676432697  9.654725E-17
8475.13930856998  1.062066E-16
8477.961852813  8.798778E-17
8480.78439705601  8.949121E-17
8483.60694129903  9.513611E-17
8486.42948554204  9.156635E-17
8489.25202978506  9.590689E-17
8492.07457402807  1.155082E-16
8494.89711827109  1.139093E-16
8497.7196625141  1.147756E-16
8500.54220675712  1.140742E-16
8503.36475100013  1.065664E-16
8506.18729524314  1.226779E-16
8509.00983948616  1.228009E-16
8511.83238372918  1.237062E-16
8514.65492797219  9.104385E-17
8517.4774722152  8.333941E-17
8520.30001645822  9.332800E-17
8523.12256070123  1.073032E-16
8525.94510494425  1.231468E-16
8528.76764918726  1.276207E-16
8531.59019343027  1.038428E-16
8534.41273767329  9.752669E-17
8537.2352819163  8.636635E-17
8540.05782615932  1.182685E-16
8542.88037040233  1.124118E-16
8545.70291464535  1.174670E-16
8548.52545888836  1.181785E-16
8551.34800313138  1.100954E-16
8554.17054737439  1.184411E-16
8556.99309161741  9.126374E-17
8559.81563586042  6.296118E-17
8562.63818010343  8.083172E-17
8565.46072434645  8.461557E-17
8568.28326858946  9.931250E-17
8571.10581283248  7.358171E-17
8573.92835707549  6.783715E-17
8576.75090131851  8.267487E-17
8579.57344556152  8.629919E-17
8582.39598980454  1.109094E-16
8585.21853404755  1.375205E-16
8588.04107829057  8.501148E-17
8590.86362253358  1.130546E-16
8593.6861667766  1.523421E-16
8596.50871101961  1.190873E-16
8599.33125526262  1.163564E-16
8602.15379950564  1.001316E-16
8604.97634374865  1.206324E-16
8607.79888799167  1.263720E-16
8610.62143223468  1.372781E-16
8613.4439764777  1.204025E-16
8616.26652072071  1.189610E-16
8619.08906496373  1.049518E-16
8621.91160920674  1.165421E-16
8624.73415344975  1.464177E-16
8627.55669769277  1.408068E-16
8630.37924193578  1.447808E-16
8633.2017861788  1.126779E-16
8636.02433042181  1.092428E-16
8638.84687466483  1.034978E-16
8641.66941890784  6.578359E-17
8644.49196315086  9.867985E-17
8647.31450739387  7.409346E-17
8650.13705163688  5.214407E-17
8652.9595958799  8.287828E-17
8655.78214012291  6.848681E-17
8658.60468436593  1.223269E-16
8661.42722860894  7.922140E-17
8664.24977285196  6.325720E-17
8667.07231709497  8.327497E-17
8669.89486133799  6.609963E-17
8672.717405581  7.811053E-17
8675.53994982402  9.558605E-17
8678.36249406703  9.615979E-17
8681.18503831004  9.880063E-17
8684.00758255306  1.023528E-16
8686.83012679607  1.273866E-16
8689.65267103909  1.144549E-16
8692.4752152821  1.043745E-16
8695.29775952512  1.093979E-16
8698.12030376813  1.307548E-16
8700.94284801115  1.164084E-16
8703.76539225416  1.271808E-16
8706.58793649717  1.173003E-16
8709.41048074019  1.224600E-16
8712.2330249832  1.266959E-16
8715.05556922622  1.394039E-16
8717.87811346923  1.074616E-16
8720.70065771225  1.044124E-16
8723.52320195526  1.204693E-16
8726.34574619828  1.089437E-16
8729.16829044129  1.057671E-16
8731.99083468431  1.038900E-16
8734.81337892732  9.664003E-17
8737.63592317033  9.400732E-17
8740.45846741335  8.519926E-17
8743.28101165636  9.867129E-17
8746.10355589938  1.105324E-16
8748.92610014239  8.748127E-17
8751.74864438541  8.032829E-17
8754.57118862842  1.342982E-16
8757.39373287144  1.410389E-16
8760.21627711445  1.219075E-16
8763.03882135747  1.180156E-16
8765.86136560048  1.373334E-16
8768.68390984349  1.056858E-16
8771.50645408651  1.767597E-16
8774.32899832952  1.478328E-16
8777.15154257254  1.182677E-16
8779.97408681555  8.516890E-17
8782.79663105857  7.309876E-17
8785.61917530158  8.983460E-17
8788.4417195446  1.034926E-16
8791.26426378761  1.133606E-16
8794.08680803062  8.851391E-17
8796.90935227364  8.299333E-17
8799.73189651665  4.583570E-17
8802.55444075967  4.889357E-17
8805.37698500268  1.151615E-16
8808.1995292457  9.863209E-17
8811.02207348871  1.018163E-16
8813.84461773173  8.061138E-17
8816.66716197474  1.080623E-16
8819.48970621776  5.431726E-17
8822.31225046077  3.620373E-17
8825.13479470378  1.010067E-16
8827.9573389468  1.220890E-16
8830.77988318981  1.188136E-16
8833.60242743283  1.028881E-16
8836.42497167584  7.877206E-17
8839.24751591886  1.210409E-16
8842.07006016187  1.085493E-16
8844.89260440489  7.514931E-17
8847.7151486479  1.010783E-16
8850.53769289091  1.119914E-16
8853.36023713393  1.141553E-16
8856.18278137694  1.119588E-16
8859.00532561996  1.263845E-16
8861.82786986297  1.040073E-16
8864.65041410599  9.938375E-17
8867.472958349  1.092400E-16
8870.29550259202  9.236972E-17
8873.11804683503  9.065097E-17
8875.94059107805  8.032834E-17
8878.76313532106  4.658787E-17
8881.58567956407  1.124882E-17
8884.40822380709  2.890894E-17
8887.2307680501  4.365809E-17
8890.05331229312  8.350456E-17
8892.87585653613  9.322496E-17
8895.69840077915  6.713539E-17
8898.52094502216  9.855231E-17
8901.34348926518  8.299497E-17
8904.16603350819  7.538646E-17
8906.9885777512  1.529247E-16
8909.81112199422  1.414609E-16
8912.63366623723  1.433468E-16
8915.45621048025  7.060121E-17
8918.27875472326  6.799325E-17
8921.10129896628  3.011717E-17
8923.92384320929  1.049053E-16
8926.74638745231  1.127902E-16
8929.56893169532  1.031548E-16
8932.39147593834  8.988842E-17
8935.21402018135  8.677649E-17
8938.03656442437  9.869341E-17
8940.85910866738  9.210061E-17
8943.68165291039  9.589995E-17
8946.50419715341  9.608161E-17
8949.32674139642  7.170583E-17
8952.14928563944  5.070114E-17
8954.97182988245  6.514070E-17
8957.79437412547  6.090496E-17
8960.61691836848  1.091139E-16
8963.43946261149  8.863248E-17
8966.26200685451  7.261593E-17
8969.08455109752  9.414331E-17
8971.90709534054  8.716481E-17
8974.72963958355  7.527685E-17
8977.55218382657  8.760686E-17
8980.37472806958  1.188040E-16
8983.1972723126  7.544087E-17
8986.01981655561  9.353412E-17
8988.84236079863  7.060642E-17
8991.66490504164  7.434961E-17
8994.48744928465  1.013596E-16
8997.30999352767  1.028707E-16
9000.13253777068  7.924101E-17
9002.9550820137  7.024561E-17
9005.77762625671  7.113644E-17
9008.60017049972  9.088112E-17
9011.42271474274  6.229244E-17
9014.24525898575  6.753534E-17
9017.06780322877  2.141725E-17
9019.89034747179  3.967061E-17
9022.7128917148  6.545576E-17
9025.53543595781  6.103447E-17
9028.35798020083  8.207240E-17
9031.18052444384  7.801089E-17
9034.00306868686  7.317322E-17
9036.82561292987  7.137612E-17
9039.64815717289  8.935519E-17
9042.4707014159  1.029394E-16
9045.29324565891  6.372245E-17
9048.11578990193  9.415509E-17
9050.93833414494  6.145115E-17
9053.76087838796  1.005773E-16
9056.58342263097  8.607305E-17
9059.40596687399  5.741769E-17
9062.228511117  8.900018E-17
9065.05105536002  8.816638E-17
9067.87359960303  8.708130E-17
9070.69614384605  6.793409E-17
9073.51868808906  3.912465E-17
9076.34123233207  7.596229E-17
9079.16377657509  7.392943E-17
9081.9863208181  9.208241E-17
9084.80886506112  1.163718E-16
9087.63140930413  9.203767E-17
9090.45395354715  8.388683E-17
9093.27649779016  6.625358E-17
9096.09904203318  1.008145E-16
9098.92158627619  8.886866E-17
9101.7441305192  8.292748E-17
9104.56667476222  7.788653E-17
9107.38921900523  3.545131E-17
9110.21176324825  7.974978E-17
9113.03430749127  8.719986E-17
9115.85685173428  1.001779E-16
9118.67939597729  8.934054E-17
9121.50194022031  5.789057E-17
9124.32448446332  6.258546E-17
9127.14702870634  1.162623E-16
9129.96957294935  1.005209E-16
9132.79211719236  1.112502E-16
9135.61466143538  1.335029E-16
9138.4372056784  1.023637E-16
9141.25974992141  9.002206E-17
9144.08229416442  1.267469E-16
9146.90483840744  1.064474E-16
9149.72738265045  8.832553E-17
9152.54992689347  6.114993E-17
9155.37247113648  6.731507E-17
9158.19501537949  6.429244E-17
9161.01755962251  9.923064E-17
9163.84010386552  7.580689E-17
9166.66264810854  4.095475E-17
9169.48519235155  6.491602E-17
9172.30773659457  3.118775E-17
9175.13028083758  4.036045E-17
9177.9528250806  8.549307E-17
9180.77536932361  2.867002E-17
9183.59791356663  5.746961E-17
9186.42045780964  1.055163E-16
9189.24300205266  8.179810E-17
9192.06554629567  9.629234E-17
9194.88809053868  6.116535E-17
9197.7106347817  1.116870E-16
9200.53317902471  1.047226E-16
9203.35572326773  8.319156E-17
9206.17826751074  5.669084E-17
9209.00081175376  7.227139E-17
9211.82335599677  4.381234E-17
9214.64590023979  7.565408E-17
9217.4684444828  1.064564E-16
9220.29098872581  7.746533E-17
9223.11353296883  4.717049E-17
9225.93607721184  4.244600E-17
9228.75862145486  7.079057E-17
9231.58116569787  9.025446E-17
9234.40370994089  7.834126E-17
9237.2262541839  7.390251E-17
9240.04879842692  6.790600E-17
9242.87134266993  5.426415E-17
9245.69388691294  5.626559E-17
9248.51643115596  7.003986E-17
9251.33897539897  9.598043E-17
9254.16151964199  7.566527E-17
9256.984063885  5.272063E-17
9259.80660812802  8.164944E-17
9262.62915237103  8.137013E-17
9265.45169661405  7.184361E-17
9268.27424085706  6.792322E-17
9271.09678510007  9.872211E-17
9273.91932934309  6.914937E-17
9276.7418735861  3.662108E-17
9279.56441782912  1.185905E-16
9282.38696207213  8.819593E-17
9285.20950631515  3.554819E-17
9288.03205055816  6.477107E-17
9290.85459480118  4.782832E-17
9293.67713904419  3.565784E-17
9296.49968328721  4.427716E-17
9299.32222753022  6.619003E-17
9302.14477177323  9.530113E-17
9304.96731601625  1.519396E-16
9307.78986025927  1.212507E-16
9310.61240450228  6.940028E-17
9313.43494874529  4.871335E-17
9316.25749298831  9.034732E-17
9319.08003723132  7.369242E-17
9321.90258147434  1.010697E-16
9324.72512571735  6.226366E-17
9327.54766996036  3.264748E-17
9330.37021420338  6.053350E-17
9333.19275844639  6.313654E-17
9336.01530268941  8.510826E-17
9338.83784693242  1.449956E-17
9341.66039117544  1.976256E-17
9344.48293541845  1.337050E-16
9347.30547966147  1.029267E-16
9350.12802390448  1.297420E-17
9352.9505681475  2.259153E-17
9355.77311239051  2.496728E-17
9358.59565663352  1.114706E-17
9361.41820087654  -2.094355E-17
9364.24074511955  2.227583E-17
9367.06328936257  4.102686E-17
9369.88583360558  4.136642E-17
9372.7083778486  4.170597E-17
9375.53092209161  4.204564E-17
9378.35346633463  4.238519E-17
9381.17601057764  4.272474E-17
9383.99855482066  4.306441E-17
9386.82109906367  4.340397E-17
9389.64364330668  6.192333E-17
9392.4661875497  3.157280E-17
9395.28873179271  5.237472E-17
9398.11127603573  9.700418E-17
9400.93382027874  7.579285E-17
9403.75636452176  2.292448E-17
9406.57890876477  3.398886E-17
9409.40145300779  6.564925E-17
9412.2239972508  5.463416E-17
9415.04654149382  5.357725E-17
9417.86908573683  5.252070E-17
9420.69162997984  5.146416E-17
9423.51417422286  5.040725E-17
9426.33671846587  4.935071E-17
9429.15926270889  4.829417E-17
9431.9818069519  4.723762E-17
9434.80435119492  4.618071E-17
9437.62689543793  4.512417E-17
9440.44943968095  4.406763E-17
9443.27198392396  4.301072E-17
9446.09452816697  4.195417E-17
9448.91707240999  4.089763E-17
9451.739616653  6.960035E-17
9454.56216089602  3.873940E-17
9457.38470513903  -1.515865E-17
9460.20724938205  1.028293E-16
9463.02979362506  5.309464E-17
9465.85233786808  4.758318E-17
9468.67488211109  8.825701E-17
9471.49742635411  9.538576E-17
9474.31997059712  6.611015E-17
9477.14251484013  9.719442E-17
9479.96505908315  8.120512E-17
9482.78760332616  9.607868E-17
9485.61014756918  3.158022E-17
9488.43269181219  7.315216E-17
9491.25523605521  5.053511E-17
9494.07778029822  8.819918E-17
9496.90032454124  1.383600E-16
9499.72286878425  1.467620E-16
9502.54541302727  7.565162E-17
9505.36795727028  1.116786E-16
9508.19050151329  7.423834E-17
9511.01304575631  2.964216E-17
9513.83558999932  7.953598E-17
9516.65813424234  9.723063E-17
9519.48067848535  4.241555E-17
9522.30322272836  5.569690E-17
9525.12576697138  -1.956916E-17
9527.9483112144  2.350913E-17
9530.77085545741  7.554992E-17
9533.59339970043  7.219781E-17
9536.41594394344  8.974402E-17
9539.23848818645  5.957803E-17
9542.06103242947  7.421075E-17
9544.88357667248  3.597632E-17
9547.7061209155  3.200208E-17
9550.52866515851  1.416546E-17
9553.35120940153  5.760764E-17
9556.17375364454  3.837052E-17
9558.99629788756  2.328639E-17
9561.81884213057  -1.161316E-17
9564.64138637358  -1.873494E-17
9567.4639306166  -2.588828E-17
9570.28647485961  5.328592E-17
9573.10901910263  6.888290E-17
9575.93156334564  6.567502E-17
9578.75410758865  1.019019E-16
9581.57665183167  1.143922E-16
9584.39919607469  5.393236E-17
9587.2217403177  1.940479E-17
9590.04428456072  7.334529E-17
9592.86682880373  7.368737E-17
9595.68937304674  9.514588E-17
9598.51191728976  4.025595E-17
9601.33446153277  4.526904E-17
9604.15700577579  5.022689E-17
9606.9795500188  9.969209E-17
9609.80209426182  7.167257E-17
9612.62463850483  3.752005E-17
9615.44718274785  6.195434E-17
9618.26972699086  7.781562E-17
9621.09227123387  8.298137E-17
9623.91481547689  -1.918555E-17
9626.7373597199  7.047409E-17
9629.55990396292  -8.060800E-18
9632.38244820593  5.562930E-17
9635.20499244895  7.150360E-17
9638.02753669196  3.089214E-17
9640.85008093498  8.969286E-17
9643.67262517799  8.191732E-17
9646.495169421  2.592197E-17
9649.31771366402  4.890923E-17
9652.14025790703  5.308495E-17
9654.96280215005  1.737335E-17
9657.78534639306  4.670633E-17
9660.60789063608  4.359218E-17
9663.43043487909  5.395036E-17
9666.25297912211  1.318186E-16
9669.07552336512  1.125504E-16
9671.89806760813  1.328380E-16
9674.72061185115  9.963559E-17
9677.54315609416  -1.364949E-17
9680.36570033718  8.169944E-18
9683.18824458019  5.500512E-17
9686.01078882321  1.307911E-16
9688.83333306622  9.175234E-17
9691.65587730924  4.953647E-17
9694.47842155225  8.344830E-17
9697.30096579526  -1.965201E-17
9700.12351003828  7.068468E-17
9702.9460542813  7.995546E-17
9705.76859852431  5.303259E-17
9708.59114276732  1.066180E-16
9711.41368701034  9.999134E-17
9714.23623125335  6.146865E-17
9717.05877549637  4.938544E-17
9719.88131973938  5.121754E-17
9722.70386398239  -3.166638E-18
9725.52640822541  -1.344478E-17
9728.34895246843  7.416032E-17
9731.17149671144  1.040132E-16
9733.99404095445  1.058530E-16
9736.81658519747  8.190897E-17
9739.63912944048  4.850710E-17
9742.4616736835  2.212246E-17
9745.28421792651  4.456400E-17
9748.10676216952  2.608317E-17
9750.92930641254  7.844694E-17
9753.75185065556  1.241705E-16
9756.57439489857  7.972845E-17
9759.39693914159  9.675340E-17
9762.2194833846  4.725073E-17
9765.04202762761  3.351812E-18
9767.86457187063  8.331636E-18
9770.68711611364  1.331318E-17
9773.50966035666  1.829301E-17
9776.33220459967  2.327283E-17
9779.15474884269  2.023300E-17
9781.9772930857  3.871222E-17
9784.79983732872  -8.186555E-18
9787.62238157173  -2.067268E-17
9790.44492581474  3.961866E-17
9793.26747005776  3.814674E-17
9796.09001430077  -2.014414E-17
9798.91255854379  2.864538E-17
9801.7351027868  1.239537E-16
9804.55764702982  1.245660E-16
9807.38019127283  1.024013E-16
9810.20273551585  6.051139E-17
9813.02527975886  -3.090079E-17
9815.84782400187  9.165839E-18
9818.67036824489  6.547432E-17
9821.4929124879  6.072865E-17
9824.31545673092  1.471788E-16
9827.13800097393  1.647454E-16
9829.96054521695  7.236534E-17
9832.78308945996  7.112934E-17
9835.60563370298  6.094720E-17
9838.42817794599  6.485533E-17
9841.250722189  1.167614E-16
9844.07326643202  1.620361E-16
9846.89581067503  1.751637E-16
9849.71835491805  8.160487E-17
9852.54089916107  1.867550E-16
9855.36344340408  1.583076E-16
9858.18598764709  6.667894E-17
9861.00853189011  5.313647E-17
9863.83107613312  3.357788E-17
9866.65362037614  7.701133E-18
9869.47616461915  9.126012E-17
9872.29870886216  2.160647E-16
9875.12125310518  1.242496E-16
9877.9437973482  -2.377681E-18
9880.76634159121  4.164090E-17
9883.58888583422  9.516425E-17
9886.41143007724  2.650721E-17
9889.23397432025  7.966548E-17
9892.05651856327  -3.045973E-17
9894.87906280628  -7.831042E-18
9897.70160704929  -7.249344E-18
9900.52415129231  1.056721E-16
9903.34669553532  9.628247E-17
9906.16923977834  2.985734E-18
9908.99178402135  1.075558E-16
9911.81432826437  6.727629E-17
9914.63687250738  6.375195E-17
9917.4594167504  3.679640E-17
9920.28196099341  5.754719E-17
9923.10450523642  2.070103E-17
9925.92704947944  -2.273692E-17
9928.74959372246  4.081795E-17
9931.57213796547  3.389957E-17
9934.39468220848  1.306132E-17
9937.2172264515  1.887869E-17
9940.03977069451  -6.091554E-17
9942.86231493753  1.117446E-16
9945.68485918054  9.211799E-17
9948.50740342356  9.492676E-17
9951.32994766657  4.242761E-17
9954.15249190959  9.856226E-17
9956.9750361526  1.126036E-16
9959.79758039561  1.491010E-16
9962.62012463863  2.667093E-17
9965.44266888164  9.321146E-17
9968.26521312466  6.285577E-17
9971.08775736767  9.749100E-17
9973.91030161069  9.447273E-17
9976.7328458537  1.655929E-17
9979.55539009672  1.649557E-17
9982.37793433973  -2.387212E-17
9985.20047858274  4.493679E-17
9988.02302282576  1.479830E-16
9990.84556706877  1.322160E-16
9993.66811131179  1.145693E-16
9996.4906555548  -4.514790E-17
9999.31319979782  3.607077E-17
10002.1357440408  1.216084E-16
10004.9582882838  1.568719E-16
10007.7808325269  1.538183E-16
10010.6033767699  1.084212E-17
10013.4259210129  9.335111E-18
10016.2484652559  1.889781E-17
10019.0710094989  5.862466E-17
10021.8935537419  1.557933E-16
10024.7160979849  -1.270093E-17
10027.538642228  4.177988E-18
10030.361186471  3.468770E-17
10033.183730714  1.236641E-16
10036.006274957  5.977020E-17
10038.8288192  -2.610615E-17
10041.651363443  9.764743E-17
10044.4739076861  1.078356E-16
10047.2964519291  8.979282E-17
10050.1189961721  1.305115E-17
10052.9415404151  -1.734824E-17
10055.7640846581  1.256146E-17
10058.5866289011  7.577338E-17
10061.4091731441  1.370299E-16
10064.2317173871  3.566227E-17
10067.0542616302  -1.798607E-17
10069.8768058732  1.103493E-16
10072.6993501162  1.083978E-16
10075.5218943592  8.151907E-17
10078.3444386022  -8.573012E-18
10081.1669828452  1.433206E-17
10083.9895270883  1.130735E-16
10086.8120713313  -1.284440E-17
10089.6346155743  1.660194E-17
10092.4571598173  6.707912E-17
10095.2797040603  1.326573E-16
10098.1022483033  1.861686E-16
10100.9247925463  2.456188E-16
10103.7473367894  8.571098E-17
10106.5698810324  7.820610E-17
10109.3924252754  9.835999E-17
10112.2149695184  5.000781E-17
10115.0375137614  6.058944E-17
10117.8600580044  -4.972916E-17
10120.6826022474  -4.194197E-17
10123.5051464905  3.049548E-17
10126.3276907335  1.328343E-16
10129.1502349765  8.120281E-17
10131.9727792195  -8.401533E-17
10134.7953234625  3.643831E-17
