3800.  5.741331E-16
3803.04141018467  5.632048E-16
3806.08282036933  4.617304E-16
3809.124230554  5.556633E-16
3812.16564073867  5.096282E-16
3815.20705092334  4.557477E-16
3818.248461108  4.014071E-16
3821.28987129267  4.841729E-16
3824.33128147734  5.131307E-16
3827.372691662  4.370603E-16
3830.41410184667  4.919320E-16
3833.45551203134  5.204437E-16
3836.496922216  4.903460E-16
3839.53833240067  3.722176E-16
3842.57974258534  4.674934E-16
3845.62115277001  5.193944E-16
3848.66256295467  5.521055E-16
3851.70397313934  4.914469E-16
3854.74538332401  4.937905E-16
3857.78679350867  5.339681E-16
3860.82820369334  5.590706E-16
3863.86961387801  4.835358E-16
3866.91102406267  4.917777E-16
3869.95243424734  3.779495E-16
3872.99384443201  4.742050E-16
3876.03525461668  5.300477E-16
3879.07666480134  5.051879E-16
3882.11807498601  4.691169E-16
3885.15948517068  5.179635E-16
3888.20089535534  5.397707E-16
3891.24230554001  5.001526E-16
3894.28371572468  4.667996E-16
3897.32512590934  4.675304E-16
3900.36653609401  4.989352E-16
3903.40794627868  4.629946E-16
3906.44935646335  4.780396E-16
3909.49076664801  4.629927E-16
3912.53217683268  5.206077E-16
3915.57358701735  4.934557E-16
3918.61499720201  4.912143E-16
3921.65640738668  4.901137E-16
3924.69781757135  5.290605E-16
3927.73922775601  4.655095E-16
3930.78063794068  4.607283E-16
3933.82204812535  4.505490E-16
3936.86345831002  4.294987E-16
3939.90486849468  4.980632E-16
3942.94627867935  4.819221E-16
3945.98768886402  4.769861E-16
3949.02909904868  5.187007E-16
3952.07050923335  4.901262E-16
3955.11191941802  5.103434E-16
3958.15332960268  4.828836E-16
3961.19473978735  4.417246E-16
3964.23614997202  4.933342E-16
3967.27756015669  4.833108E-16
3970.31897034135  4.386858E-16
3973.36038052602  4.434985E-16
3976.40179071069  4.762986E-16
3979.44320089535  4.775502E-16
3982.48461108002  4.507695E-16
3985.52602126469  4.673923E-16
3988.56743144935  5.006185E-16
3991.60884163402  5.236105E-16
3994.65025181869  4.755356E-16
3997.69166200335  4.860131E-16
4000.73307218802  4.331854E-16
4003.77448237269  3.869707E-16
4006.81589255736  3.465820E-16
4009.85730274202  3.752920E-16
4012.89871292669  4.984863E-16
4015.94012311136  4.466975E-16
4018.98153329602  4.748316E-16
4022.02294348069  4.900444E-16
4025.06435366536  4.823318E-16
4028.10576385003  4.501284E-16
4031.14717403469  4.883709E-16
4034.18858421936  4.970593E-16
4037.22999440403  4.454464E-16
4040.27140458869  3.860501E-16
4043.31281477336  3.660574E-16
4046.35422495803  4.584963E-16
4049.39563514269  4.906411E-16
4052.43704532736  5.669848E-16
4055.47845551203  5.301742E-16
4058.5198656967  5.709168E-16
4061.56127588136  4.894244E-16
4064.60268606603  4.590662E-16
4067.6440962507  5.141799E-16
4070.68550643536  4.975053E-16
4073.72691662003  4.733501E-16
4076.7683268047  4.535924E-16
4079.80973698936  4.369583E-16
4082.85114717403  4.791324E-16
4085.8925573587  4.913506E-16
4088.93396754337  4.975614E-16
4091.97537772803  4.500005E-16
4095.0167879127  4.138552E-16
4098.05819809737  4.216250E-16
4101.09960828203  4.465076E-16
4104.1410184667  4.500089E-16
4107.18242865137  4.436562E-16
4110.22383883603  4.764435E-16
4113.2652490207  4.527523E-16
4116.30665920537  4.413054E-16
4119.34806939003  4.463926E-16
4122.3894795747  4.364257E-16
4125.43088975937  4.103339E-16
4128.47229994404  4.233987E-16
4131.5137101287  4.189737E-16
4134.55512031337  4.269698E-16
4137.59653049804  4.420217E-16
4140.6379406827  4.308482E-16
4143.67935086737  4.143448E-16
4146.72076105204  4.554126E-16
4149.76217123671  4.799980E-16
4152.80358142137  4.569429E-16
4155.84499160604  4.803333E-16
4158.88640179071  4.693086E-16
4161.92781197537  4.658333E-16
4164.96922216004  5.023540E-16
4168.01063234471  4.888550E-16
4171.05204252937  4.780375E-16
4174.09345271404  4.447480E-16
4177.13486289871  4.125052E-16
4180.17627308338  4.565684E-16
4183.21768326804  5.337647E-16
4186.25909345271  5.671491E-16
4189.30050363738  5.410908E-16
4192.34191382204  5.384129E-16
4195.38332400671  5.088888E-16
4198.42473419138  4.643590E-16
4201.46614437605  4.799555E-16
4204.50755456071  4.749857E-16
4207.54896474538  4.390903E-16
4210.59037493005  4.231497E-16
4213.63178511471  4.322215E-16
4216.67319529938  4.599257E-16
4219.71460548405  4.401945E-16
4222.75601566871  4.011546E-16
4225.79742585338  4.072749E-16
4228.83883603805  4.421956E-16
4231.88024622271  4.191502E-16
4234.92165640738  4.369142E-16
4237.96306659205  4.473327E-16
4241.00447677672  4.308701E-16
4244.04588696138  4.776464E-16
4247.08729714605  4.512606E-16
4250.12870733072  3.732013E-16
4253.17011751538  4.042678E-16
4256.21152770005  3.877691E-16
4259.25293788472  4.050010E-16
4262.29434806939  4.635075E-16
4265.33575825405  4.522683E-16
4268.37716843872  4.300855E-16
4271.41857862339  4.496158E-16
4274.45998880805  4.815020E-16
4277.50139899272  4.354694E-16
4280.54280917739  4.168877E-16
4283.58421936205  4.273268E-16
4286.62562954672  3.779779E-16
4289.66703973139  4.237422E-16
4292.70844991606  4.558777E-16
4295.74986010072  4.475760E-16
4298.79127028539  4.075169E-16
4301.83268047005  3.753567E-16
4304.87409065472  3.952708E-16
4307.91550083939  3.894649E-16
4310.95691102406  3.503637E-16
4313.99832120872  3.832538E-16
4317.03973139339  4.156023E-16
4320.08114157806  4.260732E-16
4323.12255176272  3.964142E-16
4326.16396194739  4.186854E-16
4329.20537213206  4.510123E-16
4332.24678231673  3.815815E-16
4335.28819250139  4.098246E-16
4338.32960268606  4.019401E-16
4341.37101287073  3.865745E-16
4344.41242305539  4.312530E-16
4347.45383324006  3.900383E-16
4350.49524342473  4.095180E-16
4353.53665360939  3.685201E-16
4356.57806379406  4.013338E-16
4359.61947397873  4.193147E-16
4362.6608841634  4.101762E-16
4365.70229434806  4.394374E-16
4368.74370453273  4.223337E-16
4371.7851147174  3.936418E-16
4374.82652490206  4.123791E-16
4377.86793508673  3.740220E-16
4380.9093452714  3.689727E-16
4383.95075545607  3.525980E-16
4386.99216564073  4.062138E-16
4390.0335758254  4.182161E-16
4393.07498601007  3.828010E-16
4396.11639619473  3.941220E-16
4399.1578063794  4.191062E-16
4402.19921656407  4.550089E-16
4405.24062674873  4.694170E-16
4408.2820369334  4.585754E-16
4411.32344711807  4.746352E-16
4414.36485730273  4.829776E-16
4417.4062674874  4.038907E-16
4420.44767767207  3.640306E-16
4423.48908785674  4.583046E-16
4426.5304980414  5.805605E-16
4429.57190822607  5.107949E-16
4432.61331841074  4.764281E-16
4435.6547285954  4.838534E-16
4438.69613878007  4.896966E-16
4441.73754896474  5.146021E-16
4444.77895914941  4.535032E-16
4447.82036933407  4.602361E-16
4450.86177951874  4.628574E-16
4453.90318970341  4.523249E-16
4456.94459988807  4.283505E-16
4459.98601007274  4.501044E-16
4463.02742025741  4.340439E-16
4466.06883044207  3.911912E-16
4469.11024062674  4.103826E-16
4472.15165081141  4.093504E-16
4475.19306099608  3.855793E-16
4478.23447118074  3.885879E-16
4481.27588136541  3.904813E-16
4484.31729155008  3.978246E-16
4487.35870173474  4.363948E-16
4490.40011191941  4.341006E-16
4493.44152210408  3.990959E-16
4496.48293228874  3.886771E-16
4499.52434247341  3.635614E-16
4502.56575265808  3.693389E-16
4505.60716284275  3.913408E-16
4508.64857302741  4.215936E-16
4511.68998321208  4.063083E-16
4514.73139339675  3.752234E-16
4517.77280358141  3.999414E-16
4520.81421376608  3.971652E-16
4523.85562395075  3.819337E-16
4526.89703413541  3.897345E-16
4529.93844432008  3.920892E-16
4532.97985450475  4.128870E-16
4536.02126468941  3.817072E-16
4539.06267487408  4.002301E-16
4542.10408505875  3.777578E-16
4545.14549524342  3.642438E-16
4548.18690542808  3.676142E-16
4551.22831561275  3.605432E-16
4554.26972579742  3.643746E-16
4557.31113598208  3.856616E-16
4560.35254616675  3.794454E-16
4563.39395635142  3.766231E-16
4566.43536653609  3.685861E-16
4569.47677672075  3.568151E-16
4572.51818690542  3.922317E-16
4575.55959709009  3.834002E-16
4578.60100727475  3.945213E-16
4581.64241745942  3.831727E-16
4584.68382764409  3.839989E-16
4587.72523782875  4.007812E-16
4590.76664801342  3.625807E-16
4593.80805819809  3.670510E-16
4596.84946838276  3.565437E-16
4599.89087856742  3.544505E-16
4602.93228875209  3.404330E-16
4605.97369893676  3.464565E-16
4609.01510912142  3.858702E-16
4612.05651930609  4.113784E-16
4615.09792949076  3.993744E-16
4618.13933967543  3.941313E-16
4621.18074986009  3.887105E-16
4624.22216004476  3.915908E-16
4627.26357022943  3.928630E-16
4630.30498041409  3.507210E-16
4633.34639059876  3.164458E-16
4636.38780078343  3.321283E-16
4639.42921096809  3.236486E-16
4642.47062115276  3.543643E-16
4645.51203133743  3.737116E-16
4648.5534415221  3.664929E-16
4651.59485170676  3.817175E-16
4654.63626189143  3.658119E-16
4657.6776720761  3.816463E-16
4660.71908226076  3.840665E-16
4663.76049244543  3.818007E-16
4666.8019026301  3.159162E-16
4669.84331281476  3.102580E-16
4672.88472299943  3.605816E-16
4675.9261331841  3.817035E-16
4678.96754336876  3.728351E-16
4682.00895355343  3.723063E-16
4685.0503637381  3.940052E-16
4688.09177392277  3.880716E-16
4691.13318410743  3.877093E-16
4694.1745942921  3.890321E-16
4697.21600447677  3.985906E-16
4700.25741466143  3.707058E-16
4703.2988248461  3.405946E-16
4706.34023503077  3.389937E-16
4709.38164521543  3.446736E-16
4712.4230554001  3.596995E-16
4715.46446558477  3.300023E-16
4718.50587576944  3.407890E-16
4721.5472859541  3.560318E-16
4724.58869613877  3.591163E-16
4727.63010632344  3.667939E-16
4730.6715165081  3.577239E-16
4733.71292669277  3.725461E-16
4736.75433687744  3.613010E-16
4739.7957470621  3.452537E-16
4742.83715724677  3.283331E-16
4745.87856743144  3.845487E-16
4748.91997761611  3.653423E-16
4751.96138780077  3.498766E-16
4755.00279798544  3.602111E-16
4758.04420817011  3.788905E-16
4761.08561835477  3.634654E-16
4764.12702853944  3.523195E-16
4767.16843872411  3.449242E-16
4770.20984890877  3.780098E-16
4773.25125909344  3.736375E-16
4776.29266927811  3.316808E-16
4779.33407946277  3.324084E-16
4782.37548964744  3.278393E-16
4785.41689983211  3.428088E-16
4788.45831001678  3.531568E-16
4791.49972020144  3.449229E-16
4794.54113038611  3.211828E-16
4797.58254057078  3.453188E-16
4800.62395075545  3.322842E-16
4803.66536094011  3.338661E-16
4806.70677112478  3.283873E-16
4809.74818130945  3.084466E-16
4812.78959149411  3.191997E-16
4815.83100167878  3.523411E-16
4818.87241186345  3.331653E-16
4821.91382204811  3.316387E-16
4824.95523223278  3.324438E-16
4827.99664241745  3.430924E-16
4831.03805260212  3.461213E-16
4834.07946278678  3.605150E-16
4837.12087297145  3.224883E-16
4840.16228315612  3.238814E-16
4843.20369334078  3.507191E-16
4846.24510352545  3.102451E-16
4849.28651371012  3.557318E-16
4852.32792389478  3.276119E-16
4855.36933407945  3.162670E-16
4858.41074426412  3.327464E-16
4861.45215444879  3.368702E-16
4864.49356463345  3.531765E-16
4867.53497481812  3.161624E-16
4870.57638500279  3.058659E-16
4873.61779518745  3.163265E-16
4876.65920537212  3.094238E-16
4879.70061555679  3.163909E-16
4882.74202574145  3.153117E-16
4885.78343592612  3.267499E-16
4888.82484611079  3.335844E-16
4891.86625629545  3.439758E-16
4894.90766648012  3.387895E-16
4897.94907666479  3.349624E-16
4900.99048684946  3.237413E-16
4904.03189703412  3.384181E-16
4907.07330721879  3.195378E-16
4910.11471740346  3.095576E-16
4913.15612758812  3.269369E-16
4916.19753777279  3.497247E-16
4919.23894795746  3.489682E-16
4922.28035814212  3.467766E-16
4925.32176832679  3.842886E-16
4928.36317851146  3.963674E-16
4931.40458869613  3.845769E-16
4934.44599888079  4.053663E-16
4937.48740906546  4.010738E-16
4940.52881925013  4.179721E-16
4943.57022943479  4.236603E-16
4946.61163961946  4.201684E-16
4949.65304980413  4.130252E-16
4952.69445998879  4.670916E-16
4955.73587017346  6.344960E-16
4958.77728035813  7.228249E-16
4961.81869054279  6.665618E-16
4964.86010072746  5.845794E-16
4967.90151091213  5.288878E-16
4970.9429210968  5.015808E-16
4973.98433128146  4.776723E-16
4977.02574146613  4.453403E-16
4980.0671516508  4.522716E-16
4983.10856183546  3.963106E-16
4986.14997202013  4.041669E-16
4989.1913822048  3.821891E-16
4992.23279238947  3.745821E-16
4995.27420257413  3.796141E-16
4998.3156127588  3.744843E-16
5001.35702294347  3.795151E-16
5004.39843312813  3.620032E-16
5007.4398433128  3.558185E-16
5010.48125349747  3.069886E-16
5013.52266368214  2.778434E-16
5016.5640738668  2.760573E-16
5019.60548405147  3.124553E-16
5022.64689423614  3.413291E-16
5025.6883044208  3.464360E-16
5028.72971460547  3.613100E-16
5031.77112479014  3.663798E-16
5034.8125349748  3.366268E-16
5037.85394515947  3.523312E-16
5040.89535534414  3.410455E-16
5043.93676552881  3.348167E-16
5046.97817571347  3.236105E-16
5050.01958589814  3.176411E-16
5053.06099608281  3.371533E-16
5056.10240626747  3.410183E-16
5059.14381645214  3.213436E-16
5062.18522663681  3.091366E-16
5065.22663682147  3.237527E-16
5068.26804700614  3.206923E-16
5071.30945719081  3.306009E-16
5074.35086737548  3.235752E-16
5077.39227756014  3.124612E-16
5080.43368774481  3.002383E-16
5083.47509792948  3.204582E-16
5086.51650811414  3.260622E-16
5089.55791829881  3.262099E-16
5092.59932848348  3.268450E-16
5095.64073866814  3.246366E-16
5098.68214885281  3.261430E-16
5101.72355903748  3.145476E-16
5104.76496922214  3.294066E-16
5107.80637940681  2.886563E-16
5110.84778959148  2.482839E-16
5113.88919977615  2.770270E-16
5116.93060996081  3.244664E-16
5119.97202014548  3.520770E-16
5123.01343033015  3.738433E-16
5126.05484051482  3.443295E-16
5129.09625069948  3.441146E-16
5132.13766088415  3.469788E-16
5135.17907106882  3.338193E-16
5138.22048125348  3.294425E-16
5141.26189143815  3.352538E-16
5144.30330162282  3.433889E-16
5147.34471180748  3.178483E-16
5150.38612199215  3.078870E-16
5153.42753217682  3.085083E-16
5156.46894236148  3.119780E-16
5159.51035254615  3.076541E-16
5162.55176273082  2.938696E-16
5165.59317291549  2.942341E-16
5168.63458310015  3.193629E-16
5171.67599328482  3.070519E-16
5174.71740346949  2.926881E-16
5177.75881365415  3.015435E-16
5180.80022383882  3.165973E-16
5183.84163402349  2.965074E-16
5186.88304420816  3.185531E-16
5189.92445439282  3.267363E-16
5192.96586457749  3.050461E-16
5196.00727476216  3.216654E-16
5199.04868494682  3.035371E-16
5202.09009513149  3.209818E-16
5205.13150531616  3.162538E-16
5208.17291550082  2.987930E-16
5211.21432568549  3.047744E-16
5214.25573587016  3.204210E-16
5217.29714605482  2.972917E-16
5220.33855623949  3.086652E-16
5223.37996642416  3.022393E-16
5226.42137660883  3.075928E-16
5229.46278679349  2.942512E-16
5232.50419697816  3.152075E-16
5235.54560716283  3.112074E-16
5238.58701734749  3.220673E-16
5241.62842753216  3.082578E-16
5244.66983771683  3.055883E-16
5247.7112479015  3.235798E-16
5250.75265808616  3.265343E-16
5253.79406827083  3.131054E-16
5256.8354784555  3.212497E-16
5259.87688864016  2.904257E-16
5262.91829882483  2.643545E-16
5265.9597090095  2.363149E-16
5269.00111919416  2.894488E-16
5272.04252937883  3.311194E-16
5275.0839395635  3.448729E-16
5278.12534974816  3.398064E-16
5281.16675993283  3.358269E-16
5284.2081701175  3.116179E-16
5287.24958030216  3.149669E-16
5290.29099048683  3.012378E-16
5293.3324006715  2.857636E-16
5296.37381085617  3.009524E-16
5299.41522104083  3.190782E-16
5302.4566312255  3.141060E-16
5305.49804141017  3.217698E-16
5308.53945159484  3.248695E-16
5311.5808617795  3.323359E-16
5314.62227196417  3.080264E-16
5317.66368214884  2.971882E-16
5320.7050923335  3.124631E-16
5323.74650251817  3.239739E-16
5326.78791270284  2.919413E-16
5329.8293228875  2.952992E-16
5332.87073307217  2.909957E-16
5335.91214325684  2.886329E-16
5338.9535534415  3.094144E-16
5341.99496362617  3.040589E-16
5345.03637381084  3.008775E-16
5348.07778399551  3.050974E-16
5351.11919418017  3.042799E-16
5354.16060436484  2.966836E-16
5357.20201454951  3.063471E-16
5360.24342473417  3.014581E-16
5363.28483491884  2.837665E-16
5366.32624510351  2.826710E-16
5369.36765528817  2.838621E-16
5372.40906547284  2.696610E-16
5375.45047565751  2.859049E-16
5378.49188584218  2.948256E-16
5381.53329602684  3.024543E-16
5384.57470621151  3.196520E-16
5387.61611639618  3.320446E-16
5390.65752658084  3.100340E-16
5393.69893676551  3.186288E-16
5396.74034695018  3.216621E-16
5399.78175713485  3.124768E-16
5402.82316731951  3.205183E-16
5405.86457750418  2.954208E-16
5408.90598768885  2.838255E-16
5411.94739787351  2.752503E-16
5414.98880805818  2.680772E-16
5418.03021824285  2.776658E-16
5421.07162842751  3.118239E-16
5424.11303861218  3.101790E-16
5427.15444879685  3.157849E-16
5430.19585898152  2.934938E-16
5433.23726916618  2.937101E-16
5436.27867935085  2.877188E-16
5439.32008953552  2.988599E-16
5442.36149972018  2.999228E-16
5445.40290990485  2.981786E-16
5448.44432008952  2.908451E-16
5451.48573027418  2.848758E-16
5454.52714045885  2.805413E-16
5457.56855064352  2.857367E-16
5460.60996082819  2.805273E-16
5463.65137101285  2.771846E-16
5466.69278119752  2.802694E-16
5469.73419138219  2.892142E-16
5472.77560156685  2.752502E-16
5475.81701175152  2.913699E-16
5478.85842193619  3.122072E-16
5481.89983212085  2.908425E-16
5484.94124230552  2.680038E-16
5487.98265249019  2.862447E-16
5491.02406267486  2.799325E-16
5494.06547285952  2.562154E-16
5497.10688304419  2.791495E-16
5500.14829322886  2.918770E-16
5503.18970341352  2.927542E-16
5506.23111359819  2.838638E-16
5509.27252378286  2.867701E-16
5512.31393396752  2.738638E-16
5515.35534415219  2.782931E-16
5518.39675433686  2.626514E-16
5521.43816452153  2.594095E-16
5524.47957470619  2.842183E-16
5527.52098489086  2.786611E-16
5530.56239507553  2.656084E-16
5533.60380526019  2.794779E-16
5536.64521544486  2.734658E-16
5539.68662562953  2.676176E-16
5542.72803581419  2.736099E-16
5545.76944599886  2.725683E-16
5548.81085618353  2.696551E-16
5551.85226636819  2.930667E-16
5554.89367655286  2.741926E-16
5557.93508673753  2.677111E-16
5560.9764969222  2.717095E-16
5564.01790710686  2.996606E-16
5567.05931729153  2.679900E-16
5570.1007274762  2.665036E-16
5573.14213766086  2.725335E-16
5576.18354784553  3.047466E-16
5579.2249580302  2.337883E-16
5582.26636821487  2.847544E-16
5585.30777839953  2.624996E-16
5588.3491885842  2.774940E-16
5591.39059876887  2.747939E-16
5594.43200895353  2.694707E-16
5597.4734191382  2.481023E-16
5600.51482932287  2.578532E-16
5603.55623950754  2.448604E-16
5606.5976496922  2.614458E-16
5609.63905987687  2.759541E-16
5612.68047006154  2.581349E-16
5615.7218802462  2.632955E-16
5618.76329043087  2.784876E-16
5621.80470061554  2.575723E-16
5624.8461108002  2.577658E-16
5627.88752098487  2.676357E-16
5630.92893116954  2.642916E-16
5633.9703413542  2.809877E-16
5637.01175153887  2.810559E-16
5640.05316172354  2.712565E-16
5643.09457190821  2.695167E-16
5646.13598209287  2.604205E-16
5649.17739227754  2.600663E-16
5652.21880246221  2.563649E-16
5655.26021264687  2.577969E-16
5658.30162283154  2.541416E-16
5661.34303301621  2.632026E-16
5664.38444320087  2.795950E-16
5667.42585338554  2.644085E-16
5670.46726357021  2.593003E-16
5673.50867375488  2.539472E-16
5676.55008393954  2.596526E-16
5679.59149412421  2.517174E-16
5682.63290430888  2.619972E-16
5685.67431449354  2.555150E-16
5688.71572467821  2.506529E-16
5691.75713486288  2.568666E-16
5694.79854504755  2.511536E-16
5697.83995523221  2.621428E-16
5700.88136541688  2.644136E-16
5703.92277560154  2.483123E-16
5706.96418578621  2.644278E-16
5710.00559597088  2.615937E-16
5713.04700615555  2.574156E-16
5716.08841634021  2.436366E-16
5719.12982652488  2.393476E-16
5722.17123670955  2.465438E-16
5725.21264689421  2.358982E-16
5728.25405707888  2.600512E-16
5731.29546726355  2.606686E-16
5734.33687744822  2.500789E-16
5737.37828763288  2.549718E-16
5740.41969781755  2.638002E-16
5743.46110800222  2.666656E-16
5746.50251818688  2.728156E-16
5749.54392837155  2.538145E-16
5752.58533855622  2.450927E-16
5755.62674874089  2.545216E-16
5758.66815892555  2.458443E-16
5761.70956911022  2.350705E-16
5764.75097929488  2.675115E-16
5767.79238947955  2.688554E-16
5770.83379966422  2.388300E-16
5773.87520984889  2.530138E-16
5776.91662003355  2.435877E-16
5779.95803021822  2.393275E-16
5782.99944040289  2.411156E-16
5786.04085058755  2.324239E-16
5789.08226077222  2.344293E-16
5792.12367095689  2.454097E-16
5795.16508114156  2.455166E-16
5798.20649132622  2.417211E-16
5801.24790151089  2.455175E-16
5804.28931169556  2.462404E-16
5807.33072188022  2.343380E-16
5810.37213206489  2.511529E-16
5813.41354224956  2.685908E-16
5816.45495243422  2.448221E-16
5819.49636261889  2.315367E-16
5822.53777280356  2.567604E-16
5825.57918298823  2.653989E-16
5828.62059317289  2.556953E-16
5831.66200335756  2.395494E-16
5834.70341354223  2.534072E-16
5837.74482372689  2.420305E-16
5840.78623391156  2.409016E-16
5843.82764409623  2.309379E-16
5846.86905428089  2.385310E-16
5849.91046446556  2.490052E-16
5852.95187465023  2.419162E-16
5855.99328483489  2.338877E-16
5859.03469501956  2.359509E-16
5862.07610520423  2.389516E-16
5865.1175153889  2.343155E-16
5868.15892557356  2.169556E-16
5871.20033575823  2.450778E-16
5874.2417459429  2.532710E-16
5877.28315612756  2.537541E-16
5880.32456631223  2.560383E-16
5883.3659764969  2.427067E-16
5886.40738668157  2.441252E-16
5889.44879686623  2.498234E-16
5892.4902070509  2.617978E-16
5895.53161723557  2.221404E-16
5898.57302742023  2.142247E-16
5901.6144376049  2.426335E-16
5904.65584778957  2.498692E-16
5907.69725797423  2.321437E-16
5910.7386681589  2.388442E-16
5913.78007834357  2.191577E-16
5916.82148852824  2.308912E-16
5919.8628987129  2.288164E-16
5922.90430889757  2.154544E-16
5925.94571908224  2.507677E-16
5928.9871292669  2.458953E-16
5932.02853945157  2.522798E-16
5935.06994963624  2.645201E-16
5938.11135982091  2.516460E-16
5941.15277000557  2.554627E-16
5944.19418019024  2.493303E-16
5947.23559037491  2.557240E-16
5950.27700055957  2.525175E-16
5953.31841074424  2.375518E-16
5956.35982092891  2.426132E-16
5959.40123111357  2.531226E-16
5962.44264129824  2.434762E-16
5965.48405148291  2.351038E-16
5968.52546166758  2.397357E-16
5971.56687185224  2.450321E-16
5974.60828203691  2.592675E-16
5977.64969222158  2.501129E-16
5980.69110240624  2.453312E-16
5983.73251259091  2.400686E-16
5986.77392277558  2.556781E-16
5989.81533296024  2.415132E-16
5992.85674314491  2.421929E-16
5995.89815332958  2.718944E-16
5998.93956351424  2.500968E-16
6001.98097369891  2.349980E-16
6005.02238388358  2.401529E-16
6008.06379406825  2.270624E-16
6011.10520425291  2.241227E-16
6014.14661443758  2.315933E-16
6017.18802462225  2.397837E-16
6020.22943480691  2.583661E-16
6023.27084499158  2.511766E-16
6026.31225517625  2.571281E-16
6029.35366536092  2.505324E-16
6032.39507554558  2.335356E-16
6035.43648573025  2.319274E-16
6038.47789591492  2.733502E-16
6041.51930609958  2.844770E-16
6044.56071628425  2.299094E-16
6047.60212646892  2.316889E-16
6050.64353665358  2.286197E-16
6053.68494683825  2.445929E-16
6056.72635702292  2.372839E-16
6059.76776720758  2.379838E-16
6062.80917739225  2.399256E-16
6065.85058757692  2.398191E-16
6068.89199776159  2.377492E-16
6071.93340794625  2.367189E-16
6074.97481813092  2.380858E-16
6078.01622831559  2.400779E-16
6081.05763850025  2.418041E-16
6084.09904868492  2.383148E-16
6087.14045886959  2.395889E-16
6090.18186905426  2.200224E-16
6093.22327923892  2.256560E-16
6096.26468942359  2.335455E-16
6099.30609960826  2.486578E-16
6102.34750979292  2.421875E-16
6105.38891997759  2.178213E-16
6108.43033016226  2.341941E-16
6111.47174034693  2.347953E-16
6114.51315053159  2.443850E-16
6117.55456071626  2.316088E-16
6120.59597090092  2.186307E-16
6123.63738108559  2.276429E-16
6126.67879127026  2.376962E-16
6129.72020145493  2.230530E-16
6132.76161163959  2.147824E-16
6135.80302182426  2.316255E-16
6138.84443200893  2.281115E-16
6141.88584219359  2.183483E-16
6144.92725237826  2.260131E-16
6147.96866256293  2.326324E-16
6151.01007274759  2.125664E-16
6154.05148293226  2.124043E-16
6157.09289311693  2.163470E-16
6160.1343033016  2.289886E-16
6163.17571348626  2.296410E-16
6166.21712367093  2.182506E-16
6169.2585338556  2.299612E-16
6172.29994404026  2.433043E-16
6175.34135422493  2.178605E-16
6178.3827644096  2.151549E-16
6181.42417459427  2.298126E-16
6184.46558477893  2.269859E-16
6187.5069949636  2.275728E-16
6190.54840514827  2.197821E-16
6193.58981533293  2.157271E-16
6196.6312255176  2.143780E-16
6199.67263570227  2.222185E-16
6202.71404588693  2.347011E-16
6205.7554560716  2.357119E-16
6208.79686625627  2.094978E-16
6211.83827644093  2.227155E-16
6214.8796866256  2.271775E-16
6217.92109681027  2.208195E-16
6220.96250699494  2.155977E-16
6224.0039171796  2.149413E-16
6227.04532736427  2.175900E-16
6230.08673754894  2.195692E-16
6233.1281477336  2.065354E-16
6236.16955791827  2.192091E-16
6239.21096810294  2.255972E-16
6242.25237828761  2.239697E-16
6245.29378847227  2.165853E-16
6248.33519865694  2.205641E-16
6251.37660884161  2.095397E-16
6254.41801902627  1.983930E-16
6257.45942921094  2.014052E-16
6260.50083939561  2.269083E-16
6263.54224958027  2.091380E-16
6266.58365976494  2.409268E-16
6269.62506994961  2.258481E-16
6272.66648013427  2.116019E-16
6275.70789031894  2.108553E-16
6278.74930050361  2.012144E-16
6281.79071068828  2.180489E-16
6284.83212087294  2.044599E-16
6287.87353105761  2.210909E-16
6290.91494124228  2.028705E-16
6293.95635142694  2.081580E-16
6296.99776161161  2.110782E-16
6300.03917179628  2.166098E-16
6303.08058198095  2.165951E-16
6306.12199216561  2.121697E-16
6309.16340235028  2.136101E-16
6312.20481253495  2.129137E-16
6315.24622271961  2.130640E-16
6318.28763290428  2.163874E-16
6321.32904308895  2.078691E-16
6324.37045327361  2.247081E-16
6327.41186345828  2.299691E-16
6330.45327364295  2.235451E-16
6333.49468382761  2.381990E-16
6336.53609401228  2.308458E-16
6339.57750419695  2.175047E-16
6342.61891438162  2.121317E-16
6345.66032456628  2.159974E-16
6348.70173475095  2.169258E-16
6351.74314493562  2.132604E-16
6354.78455512028  2.097135E-16
6357.82596530495  2.096254E-16
6360.86737548962  2.148504E-16
6363.90878567429  2.144496E-16
6366.95019585895  2.148037E-16
6369.99160604362  2.207484E-16
6373.03301622829  2.268588E-16
6376.07442641296  2.383377E-16
6379.11583659762  2.101569E-16
6382.15724678229  1.995055E-16
6385.19865696695  1.982532E-16
6388.24006715162  2.213636E-16
6391.28147733629  2.204926E-16
6394.32288752096  2.181372E-16
6397.36429770562  2.182759E-16
6400.40570789029  2.203182E-16
6403.44711807496  1.989875E-16
6406.48852825962  2.014978E-16
6409.52993844429  2.107585E-16
6412.57134862896  2.101314E-16
6415.61275881363  2.126459E-16
6418.65416899829  2.123393E-16
6421.69557918296  2.219008E-16
6424.73698936763  2.123062E-16
6427.77839955229  2.154800E-16
6430.81980973696  2.334622E-16
6433.86121992163  2.220809E-16
6436.90263010629  2.220321E-16
6439.94404029096  2.153544E-16
6442.98545047563  2.250131E-16
6446.0268606603  2.340676E-16
6449.06827084496  2.142724E-16
6452.10968102963  2.066881E-16
6455.1510912143  2.177816E-16
6458.19250139896  2.167007E-16
6461.23391158363  2.168729E-16
6464.2753217683  1.775042E-16
6467.31673195296  1.865419E-16
6470.35814213763  1.987222E-16
6473.3995523223  2.106562E-16
6476.44096250697  2.135222E-16
6479.48237269163  2.241719E-16
6482.5237828763  2.286461E-16
6485.56519306097  2.122423E-16
6488.60660324563  1.885428E-16
6491.6480134303  1.792202E-16
6494.68942361497  1.880183E-16
6497.73083379963  2.165741E-16
6500.7722439843  1.995705E-16
6503.81365416897  2.279324E-16
6506.85506435363  2.112418E-16
6509.8964745383  2.235995E-16
6512.93788472297  2.125988E-16
6515.97929490764  2.030029E-16
6519.0207050923  2.123224E-16
6522.06211527697  2.034160E-16
6525.10352546164  2.142324E-16
6528.1449356463  2.247224E-16
6531.18634583097  2.156610E-16
6534.22775601564  1.771557E-16
6537.2691662003  2.015606E-16
6540.31057638497  2.223035E-16
6543.35198656964  2.185048E-16
6546.39339675431  2.153950E-16
6549.43480693897  2.086724E-16
6552.47621712364  2.069059E-16
6555.51762730831  2.148559E-16
6558.55903749297  2.259553E-16
6561.60044767764  2.109292E-16
6564.64185786231  2.106700E-16
6567.68326804697  2.195963E-16
6570.72467823164  2.075154E-16
6573.76608841631  1.783838E-16
6576.80749860098  1.930366E-16
6579.84890878564  1.937540E-16
6582.89031897031  2.098268E-16
6585.93172915498  2.168223E-16
6588.97313933964  2.137540E-16
6592.01454952431  2.102125E-16
6595.05595970898  2.218080E-16
6598.09736989364  2.063222E-16
6601.13878007831  2.087922E-16
6604.18019026298  2.204685E-16
6607.22160044764  2.118374E-16
6610.26301063231  2.156389E-16
6613.30442081698  2.236232E-16
6616.34583100165  2.191076E-16
6619.38724118631  2.091273E-16
6622.42865137098  2.058236E-16
6625.47006155565  2.129956E-16
6628.51147174032  2.243849E-16
6631.55288192498  2.278090E-16
6634.59429210965  2.065083E-16
6637.63570229432  2.140407E-16
6640.67711247898  2.295362E-16
6643.71852266365  2.470188E-16
6646.75993284831  2.336982E-16
6649.80134303298  2.577262E-16
6652.84275321765  2.644327E-16
6655.88416340232  2.602073E-16
6658.92557358699  2.815533E-16
6661.96698377165  2.832459E-16
6665.00839395632  2.901459E-16
6668.04980414099  2.915938E-16
6671.09121432565  3.336389E-16
6674.13262451032  3.440630E-16
6677.17403469499  3.547124E-16
6680.21544487965  3.426740E-16
6683.25685506432  3.773855E-16
6686.29826524899  4.879556E-16
6689.33967543365  6.091815E-16
6692.38108561832  7.290324E-16
6695.42249580299  7.886778E-16
6698.46390598766  6.907282E-16
6701.50531617232  5.809210E-16
6704.54672635699  5.011584E-16
6707.58813654166  4.225756E-16
6710.62954672632  3.851025E-16
6713.67095691099  3.972732E-16
6716.71236709566  4.096742E-16
6719.75377728032  3.593319E-16
6722.79518746499  3.149456E-16
6725.83659764966  3.112015E-16
6728.87800783433  2.918710E-16
6731.91941801899  2.812886E-16
6734.96082820366  2.840166E-16
6738.00223838833  2.744165E-16
6741.04364857299  2.550462E-16
6744.08505875766  2.299490E-16
6747.12646894233  2.419539E-16
6750.16787912699  2.586022E-16
6753.20928931166  2.435651E-16
6756.25069949633  2.305611E-16
6759.29210968099  2.247486E-16
6762.33351986566  2.267724E-16
6765.37493005033  2.199913E-16
6768.416340235  2.136330E-16
6771.45775041966  2.050607E-16
6774.49916060433  2.022046E-16
6777.540570789  1.899002E-16
6780.58198097366  2.006448E-16
6783.62339115833  1.955430E-16
6786.664801343  1.921281E-16
6789.70621152767  2.073253E-16
6792.74762171233  2.116476E-16
6795.789031897  2.032745E-16
6798.83044208167  2.080710E-16
6801.87185226633  1.931551E-16
6804.913262451  1.807810E-16
6807.95467263567  2.031581E-16
6810.99608282034  1.968151E-16
6814.037493005  1.984703E-16
6817.07890318967  2.032578E-16
6820.12031337434  1.965176E-16
6823.161723559  2.054890E-16
6826.20313374367  1.744844E-16
6829.24454392834  1.699669E-16
6832.285954113  2.079310E-16
6835.32736429767  1.873237E-16
6838.36877448234  1.740877E-16
6841.410184667  1.979373E-16
6844.45159485167  1.970138E-16
6847.49300503634  1.970735E-16
6850.53441522101  2.000105E-16
6853.57582540567  2.128690E-16
6856.61723559034  1.929060E-16
6859.65864577501  1.667433E-16
6862.70005595967  1.852832E-16
6865.74146614434  1.526609E-16
6868.78287632901  1.939087E-16
6871.82428651368  1.883193E-16
6874.86569669834  1.953076E-16
6877.90710688301  1.815828E-16
6880.94851706768  1.809772E-16
6883.98992725234  1.739319E-16
6887.03133743701  1.779823E-16
6890.07274762168  1.799209E-16
6893.11415780634  1.792342E-16
6896.15556799101  1.764222E-16
6899.19697817568  1.784622E-16
6902.23838836035  1.734840E-16
6905.27979854501  1.587257E-16
6908.32120872968  1.604390E-16
6911.36261891434  1.964246E-16
6914.40402909901  1.805742E-16
6917.44543928368  1.734396E-16
6920.48684946835  1.541798E-16
6923.52825965301  1.721873E-16
6926.56966983768  2.035672E-16
6929.61108002235  1.684138E-16
6932.65249020701  1.853613E-16
6935.69390039168  1.727340E-16
6938.73531057635  1.639713E-16
6941.77672076102  1.679701E-16
6944.81813094568  1.742723E-16
6947.85954113035  1.540682E-16
6950.90095131502  1.669820E-16
6953.94236149968  1.853788E-16
6956.98377168435  1.951087E-16
6960.02518186902  1.969557E-16
6963.06659205369  1.721249E-16
6966.10800223835  1.790984E-16
6969.14941242302  1.809959E-16
6972.19082260769  1.752788E-16
6975.23223279235  1.785605E-16
6978.27364297702  1.722740E-16
6981.31505316169  1.673491E-16
6984.35646334635  1.646266E-16
6987.39787353102  1.738710E-16
6990.43928371569  1.804037E-16
6993.48069390036  1.739832E-16
6996.52210408502  1.572082E-16
6999.56351426969  1.652455E-16
7002.60492445436  1.755771E-16
7005.64633463902  1.734581E-16
7008.68774482369  1.815409E-16
7011.72915500836  1.729329E-16
7014.77056519302  1.485991E-16
7017.81197537769  1.521906E-16
7020.85338556236  1.477463E-16
7023.89479574702  1.742117E-16
7026.93620593169  1.866460E-16
7029.97761611636  1.797233E-16
7033.01902630103  1.890660E-16
7036.06043648569  1.790459E-16
7039.10184667036  1.845909E-16
7042.14325685503  1.879573E-16
7045.18466703969  1.749011E-16
7048.22607722436  1.843981E-16
7051.26748740903  1.754011E-16
7054.3088975937  1.576761E-16
7057.35030777836  1.778349E-16
7060.39171796303  1.719715E-16
7063.4331281477  1.704355E-16
7066.47453833236  1.711028E-16
7069.51594851703  1.775666E-16
7072.5573587017  1.694967E-16
7075.59876888636  1.631695E-16
7078.64017907103  1.656308E-16
7081.6815892557  1.658030E-16
7084.72299944037  1.577701E-16
7087.76440962503  1.540151E-16
7090.8058198097  1.666420E-16
7093.84722999437  1.882604E-16
7096.88864017904  1.782733E-16
7099.9300503637  1.798450E-16
7102.97146054837  1.614218E-16
7106.01287073303  1.503681E-16
7109.0542809177  1.655307E-16
7112.09569110237  1.686233E-16
7115.13710128703  1.672264E-16
7118.1785114717  1.692357E-16
7121.21992165637  1.845661E-16
7124.26133184104  1.734452E-16
7127.3027420257  1.573435E-16
7130.34415221037  1.656009E-16
7133.38556239504  1.722641E-16
7136.4269725797  1.667020E-16
7139.46838276437  1.726282E-16
7142.50979294904  1.809219E-16
7145.55120313371  1.723616E-16
7148.59261331837  1.748900E-16
7151.63402350304  1.624933E-16
7154.67543368771  1.585497E-16
7157.71684387237  1.563236E-16
7160.75825405704  1.579114E-16
7163.79966424171  1.713223E-16
7166.84107442637  1.680452E-16
7169.88248461104  1.536395E-16
7172.92389479571  1.862588E-16
7175.96530498038  1.915736E-16
7179.00671516504  1.825643E-16
7182.04812534971  1.730973E-16
7185.08953553438  1.863403E-16
7188.13094571904  1.749148E-16
7191.17235590371  1.707872E-16
7194.21376608838  1.653192E-16
7197.25517627304  1.793973E-16
7200.29658645771  1.738646E-16
7203.33799664238  1.582459E-16
7206.37940682705  1.542846E-16
7209.42081701171  1.416108E-16
7212.46222719638  1.634945E-16
7215.50363738105  1.684250E-16
7218.54504756571  1.672395E-16
7221.58645775038  1.829733E-16
7224.62786793505  1.673305E-16
7227.66927811972  1.603036E-16
7230.71068830438  1.659314E-16
7233.75209848905  1.655060E-16
7236.79350867372  1.667029E-16
7239.83491885838  1.865964E-16
7242.87632904305  1.811105E-16
7245.91773922772  1.904678E-16
7248.95914941238  1.684974E-16
7252.00055959705  1.633566E-16
7255.04196978172  1.830671E-16
7258.08337996638  1.661074E-16
7261.12479015105  1.605391E-16
7264.16620033572  1.589618E-16
7267.20761052038  1.522569E-16
7270.24902070505  1.633232E-16
7273.29043088972  1.823504E-16
7276.33184107439  1.734297E-16
7279.37325125905  1.198843E-16
7282.41466144372  1.609104E-16
7285.45607162839  1.432796E-16
7288.49748181305  1.610654E-16
7291.53889199772  1.587720E-16
7294.58030218239  1.657466E-16
7297.62171236706  1.418723E-16
7300.66312255172  1.581510E-16
7303.70453273639  1.736429E-16
7306.74594292106  1.641204E-16
7309.78735310572  1.534298E-16
7312.82876329039  1.676861E-16
7315.87017347506  1.623944E-16
7318.91158365973  1.674797E-16
7321.95299384439  1.687320E-16
7324.99440402906  1.828515E-16
7328.03581421373  1.893993E-16
7331.07722439839  1.494844E-16
7334.11863458306  1.586510E-16
7337.16004476773  1.606617E-16
7340.20145495239  1.733896E-16
7343.24286513706  1.558981E-16
7346.28427532173  1.625920E-16
7349.3256855064  1.493580E-16
7352.36709569106  1.497758E-16
7355.40850587573  1.504004E-16
7358.4499160604  1.464777E-16
7361.49132624506  1.479725E-16
7364.53273642973  1.654649E-16
7367.5741466144  1.591864E-16
7370.61555679906  1.653729E-16
7373.65696698373  1.485750E-16
7376.6983771684  1.774449E-16
7379.73978735307  1.563908E-16
7382.78119753773  1.489924E-16
7385.8226077224  1.630060E-16
7388.86401790707  1.569554E-16
7391.90542809173  1.427880E-16
7394.9468382764  1.763226E-16
7397.98824846107  1.799378E-16
7401.02965864573  1.565808E-16
7404.0710688304  1.494493E-16
7407.11247901507  1.596166E-16
7410.15388919974  1.638024E-16
7413.1952993844  1.637772E-16
7416.23670956907  1.695224E-16
7419.27811975374  1.811850E-16
7422.3195299384  1.672922E-16
7425.36094012307  1.626642E-16
7428.40235030774  1.731553E-16
7431.44376049241  1.570869E-16
7434.48517067707  1.555989E-16
7437.52658086174  1.519531E-16
7440.56799104641  1.383769E-16
7443.60940123107  1.714025E-16
7446.65081141574  1.666460E-16
7449.69222160041  1.602417E-16
7452.73363178507  1.541288E-16
7455.77504196974  1.559365E-16
7458.81645215441  1.666576E-16
7461.85786233907  1.562749E-16
7464.89927252374  1.575476E-16
7467.94068270841  1.740557E-16
7470.98209289308  1.689495E-16
7474.02350307774  1.440279E-16
7477.06491326241  1.620267E-16
7480.10632344707  1.585158E-16
7483.14773363174  1.546868E-16
7486.18914381641  1.722461E-16
7489.23055400108  1.558241E-16
7492.27196418574  1.457777E-16
7495.31337437041  1.558679E-16
7498.35478455508  1.567057E-16
7501.39619473974  1.530348E-16
7504.43760492441  1.454329E-16
7507.47901510908  1.461035E-16
7510.52042529375  1.517882E-16
7513.56183547841  1.626981E-16
7516.60324566308  1.571266E-16
7519.64465584775  1.618458E-16
7522.68606603241  1.605441E-16
7525.72747621708  1.674359E-16
7528.76888640175  1.555018E-16
7531.81029658641  1.572403E-16
7534.85170677108  1.616024E-16
7537.89311695575  1.555975E-16
7540.93452714042  1.510633E-16
7543.97593732508  1.679546E-16
7547.01734750975  1.628576E-16
7550.05875769442  1.573005E-16
7553.10016787908  1.600921E-16
7556.14157806375  1.462016E-16
7559.18298824842  1.545735E-16
7562.22439843308  1.567274E-16
7565.26580861775  1.549902E-16
7568.30721880242  1.376290E-16
7571.34862898709  1.370329E-16
7574.39003917175  1.692991E-16
7577.43144935642  1.527785E-16
7580.47285954109  1.455858E-16
7583.51426972575  1.534062E-16
7586.55567991042  1.602505E-16
7589.59709009509  1.399083E-16
7592.63850027975  1.112763E-16
7595.67991046442  1.022957E-16
7598.72132064909  9.832078E-17
7601.76273083376  7.849584E-17
7604.80414101842  7.888304E-17
7607.84555120309  1.207752E-16
7610.88696138776  1.498021E-16
7613.92837157242  1.827607E-16
7616.96978175709  1.915758E-16
7620.01119194176  1.421002E-16
7623.05260212642  1.131452E-16
7626.09401231109  1.448247E-16
7629.13542249576  1.287311E-16
7632.17683268043  1.279517E-16
7635.21824286509  1.382204E-16
7638.25965304976  1.436263E-16
7641.30106323443  1.649528E-16
7644.3424734191  1.423835E-16
7647.38388360376  1.410635E-16
7650.42529378843  1.512836E-16
7653.4667039731  1.516312E-16
7656.50811415776  1.512588E-16
7659.54952434243  1.622059E-16
7662.5909345271  1.454187E-16
7665.63234471176  1.605628E-16
7668.67375489643  1.612272E-16
7671.7151650811  1.544939E-16
7674.75657526576  1.589808E-16
7677.79798545043  1.655257E-16
7680.8393956351  1.515618E-16
7683.88080581977  1.417774E-16
7686.92221600443  1.518421E-16
7689.9636261891  1.576259E-16
7693.00503637377  1.352841E-16
7696.04644655843  1.552896E-16
7699.0878567431  1.471163E-16
7702.12926692777  1.408940E-16
7705.17067711243  1.607597E-16
7708.2120872971  1.691120E-16
7711.25349748177  1.386133E-16
7714.29490766644  1.825633E-16
7717.3363178511  1.833040E-16
7720.37772803577  1.536421E-16
7723.41913822044  1.477600E-16
7726.4605484051  1.459826E-16
7729.50195858977  1.475109E-16
7732.54336877444  1.728543E-16
7735.5847789591  1.460035E-16
7738.62618914377  1.379298E-16
7741.66759932844  1.452545E-16
7744.7090095131  1.275363E-16
7747.75041969777  1.621668E-16
7750.79182988244  1.442485E-16
7753.83324006711  1.275315E-16
7756.87465025177  1.373823E-16
7759.91606043644  1.201496E-16
7762.95747062111  1.125725E-16
7765.99888080577  2.055469E-16
7769.04029099044  1.518766E-16
7772.08170117511  1.598762E-16
7775.12311135978  1.600163E-16
7778.16452154444  1.420962E-16
7781.20593172911  1.483793E-16
7784.24734191378  1.432839E-16
7787.28875209844  1.297632E-16
7790.33016228311  1.412889E-16
7793.37157246778  1.402015E-16
7796.41298265245  1.299218E-16
7799.45439283711  1.413982E-16
7802.49580302178  1.342370E-16
7805.53721320645  1.411360E-16
7808.57862339111  1.288934E-16
7811.62003357578  1.649383E-16
7814.66144376045  1.499821E-16
7817.70285394511  1.225875E-16
7820.74426412978  1.659402E-16
7823.78567431445  1.347830E-16
7826.82708449911  1.356143E-16
7829.86849468378  1.566369E-16
7832.90990486845  1.505403E-16
7835.95131505311  1.547595E-16
7838.99272523778  1.325943E-16
7842.03413542245  1.307379E-16
7845.07554560712  1.541489E-16
7848.11695579178  1.352696E-16
7851.15836597645  1.426994E-16
7854.19977616112  1.363326E-16
7857.24118634579  1.478196E-16
7860.28259653045  1.343608E-16
7863.32400671512  1.263109E-16
7866.36541689979  1.484053E-16
7869.40682708445  1.363164E-16
7872.44823726912  1.449119E-16
7875.48964745379  1.312045E-16
7878.53105763845  1.370955E-16
7881.57246782312  1.358592E-16
7884.61387800779  1.301761E-16
7887.65528819245  1.480406E-16
7890.69669837712  1.601469E-16
7893.73810856179  1.568147E-16
7896.77951874645  1.390221E-16
7899.82092893112  1.264633E-16
7902.86233911579  1.477502E-16
7905.90374930046  1.679409E-16
7908.94515948512  1.297115E-16
7911.98656966979  1.041664E-16
7915.02797985446  1.174050E-16
7918.06939003912  1.170494E-16
7921.11080022379  1.165950E-16
7924.15221040846  1.060557E-16
7927.19362059313  1.096540E-16
7930.23503077779  1.498652E-16
7933.27644096246  1.552257E-16
7936.31785114713  1.706037E-16
7939.35926133179  1.348748E-16
7942.40067151646  1.317832E-16
7945.44208170113  1.366365E-16
7948.48349188579  1.336943E-16
7951.52490207046  1.379597E-16
7954.56631225513  1.656158E-16
7957.60772243979  1.424431E-16
7960.64913262446  1.204826E-16
7963.69054280913  1.301863E-16
7966.7319529938  1.328535E-16
7969.77336317846  1.400034E-16
7972.81477336313  1.314533E-16
7975.8561835478  1.323287E-16
7978.89759373247  1.434712E-16
7981.93900391713  1.381188E-16
7984.9804141018  1.458777E-16
7988.02182428647  1.413529E-16
7991.06323447113  1.030181E-16
7994.1046446558  9.863275E-17
7997.14605484047  1.415610E-16
8000.18746502513  1.388816E-16
8003.2288752098  1.381259E-16
8006.27028539447  1.512522E-16
8009.31169557913  1.424915E-16
8012.3531057638  1.240476E-16
8015.39451594847  1.176546E-16
8018.43592613314  1.733017E-16
8021.4773363178  1.725909E-16
8024.51874650247  1.505155E-16
8027.56015668714  1.707920E-16
8030.6015668718  1.581388E-16
8033.64297705647  1.360682E-16
8036.68438724114  1.437942E-16
8039.72579742581  1.543916E-16
8042.76720761047  1.496787E-16
8045.80861779514  1.385258E-16
8048.85002797981  1.396759E-16
8051.89143816447  1.394382E-16
8054.93284834914  1.394455E-16
8057.97425853381  1.484594E-16
8061.01566871847  1.314653E-16
8064.05707890314  1.394224E-16
8067.09848908781  1.397934E-16
8070.13989927247  1.454736E-16
8073.18130945714  1.290753E-16
8076.22271964181  1.420841E-16
8079.26412982648  1.428537E-16
8082.30554001114  1.311102E-16
8085.34695019581  1.427557E-16
8088.38836038048  1.362671E-16
8091.42977056514  1.362764E-16
8094.47118074981  1.373400E-16
8097.51259093448  1.388018E-16
8100.55400111914  1.352446E-16
8103.59541130381  1.223541E-16
8106.63682148848  1.335605E-16
8109.67823167315  1.416934E-16
8112.71964185781  1.285334E-16
8115.76105204248  1.445709E-16
8118.80246222715  1.407379E-16
8121.84387241181  1.183098E-16
8124.88528259648  1.202628E-16
8127.92669278115  1.114836E-16
8130.96810296582  1.342970E-16
8134.00951315048  1.325774E-16
8137.05092333515  1.330713E-16
8140.09233351981  1.265800E-16
8143.13374370448  1.404246E-16
8146.17515388915  1.225023E-16
8149.21656407382  1.376998E-16
8152.25797425848  1.381141E-16
8155.29938444315  1.331551E-16
8158.34079462782  1.243668E-16
8161.38220481248  1.117489E-16
8164.42361499715  1.288181E-16
8167.46502518182  1.416725E-16
8170.50643536649  1.175655E-16
8173.54784555115  1.090376E-16
8176.58925573582  1.353734E-16
8179.63066592049  1.281304E-16
8182.67207610515  1.388999E-16
8185.71348628982  1.148951E-16
8188.75489647449  1.128258E-16
8191.79630665916  1.156632E-16
8194.83771684382  1.449915E-16
8197.87912702849  1.545900E-16
8200.92053721315  1.450335E-16
8203.96194739782  1.381244E-16
8207.00335758249  1.421178E-16
8210.04476776715  1.150420E-16
8213.08617795182  1.015611E-16
8216.12758813649  1.263566E-16
8219.16899832116  1.200267E-16
8222.21040850582  9.077493E-17
8225.25181869049  1.022315E-16
8228.29322887516  1.173787E-16
8231.33463905983  1.310805E-16
8234.37604924449  1.349016E-16
8237.41745942916  1.030916E-16
8240.45886961383  1.175087E-16
8243.50027979849  1.438589E-16
8246.54168998316  1.189821E-16
8249.58310016783  1.033950E-16
8252.62451035249  1.135149E-16
8255.66592053716  1.199576E-16
8258.70733072183  1.191616E-16
8261.7487409065  1.171844E-16
8264.79015109116  1.287644E-16
8267.83156127583  1.188645E-16
8270.8729714605  1.057515E-16
8273.91438164516  1.190545E-16
8276.95579182983  1.343080E-16
8279.9972020145  1.200589E-16
8283.03861219917  1.145080E-16
8286.08002238383  1.468216E-16
8289.1214325685  1.622135E-16
8292.16284275317  1.326360E-16
8295.20425293783  9.787342E-17
8298.2456631225  1.245433E-16
8301.28707330717  1.427544E-16
8304.32848349183  1.420293E-16
8307.3698936765  1.525731E-16
8310.41130386117  1.358888E-16
8313.45271404583  1.382909E-16
8316.4941242305  1.351974E-16
8319.53553441517  1.501673E-16
8322.57694459983  1.475526E-16
8325.6183547845  1.254783E-16
8328.65976496917  1.138084E-16
8331.70117515384  1.196043E-16
8334.7425853385  1.216831E-16
8337.78399552317  1.127285E-16
8340.82540570784  1.159317E-16
8343.8668158925  1.606541E-16
8346.90822607717  1.943293E-16
8349.94963626184  1.413484E-16
8352.99104644651  1.229815E-16
8356.03245663117  1.187129E-16
8359.07386681584  1.281243E-16
8362.11527700051  1.194334E-16
8365.15668718517  1.132690E-16
8368.19809736984  1.172198E-16
8371.23950755451  1.222129E-16
8374.28091773918  1.010377E-16
8377.32232792384  1.020361E-16
8380.36373810851  1.500065E-16
8383.40514829318  1.510537E-16
8386.44655847784  1.593300E-16
8389.48796866251  1.249195E-16
8392.52937884718  1.459689E-16
8395.57078903185  1.426748E-16
8398.61219921651  8.519458E-17
8401.65360940118  1.078925E-16
8404.69501958584  1.216505E-16
8407.73642977051  1.165016E-16
8410.77783995518  1.120921E-16
8413.81925013985  9.922896E-17
8416.86066032451  1.208882E-16
8419.90207050918  1.132739E-16
8422.94348069385  1.138234E-16
8425.98489087851  1.403808E-16
8429.02630106318  1.111053E-16
8432.06771124785  1.056192E-16
8435.10912143251  1.416393E-16
8438.15053161718  1.338129E-16
8441.19194180185  1.060053E-16
8444.23335198652  1.114982E-16
8447.27476217118  1.083883E-16
8450.31617235585  1.067469E-16
8453.35758254052  1.159787E-16
8456.39899272518  1.343713E-16
8459.44040290985  1.431090E-16
8462.48181309452  1.049360E-16
8465.52322327918  1.076486E-16
8468.56463346385  1.251333E-16
8471.60604364852  1.236887E-16
8474.64745383319  1.472159E-16
8477.68886401785  1.366751E-16
8480.73027420252  1.153542E-16
8483.77168438719  1.428286E-16
8486.81309457185  1.580870E-16
8489.85450475652  1.306834E-16
8492.89591494119  1.259618E-16
8495.93732512586  1.388633E-16
8498.97873531052  1.320119E-16
8502.02014549519  1.146282E-16
8505.06155567986  1.114514E-16
8508.10296586452  8.929086E-17
8511.14437604919  9.746794E-17
8514.18578623386  1.147729E-16
8517.22719641852  9.108691E-17
8520.26860660319  1.359708E-16
8523.31001678786  1.380066E-16
8526.35142697253  1.563355E-16
8529.39283715719  1.057712E-16
8532.43424734186  9.625982E-17
8535.47565752653  1.109413E-16
8538.51706771119  1.002964E-16
8541.55847789586  1.227154E-16
8544.59988808053  1.019543E-16
8547.64129826519  1.344429E-16
8550.68270844986  1.361773E-16
8553.72411863453  1.012133E-16
8556.7655288192  1.324448E-16
8559.80693900386  1.162526E-16
8562.84834918853  1.007890E-16
8565.8897593732  1.097804E-16
8568.93116955786  1.205724E-16
8571.97257974253  1.092738E-16
8575.0139899272  1.055487E-16
8578.05540011186  1.174424E-16
8581.09681029653  1.157832E-16
8584.1382204812  1.035234E-16
8587.17963066587  1.211961E-16
8590.22104085053  1.422975E-16
8593.2624510352  1.244467E-16
8596.30386121986  9.574342E-17
8599.34527140453  9.035320E-17
8602.3866815892  1.061927E-16
8605.42809177387  1.032268E-16
8608.46950195853  9.406156E-17
8611.5109121432  1.191941E-16
8614.55232232787  8.244565E-17
8617.59373251254  8.533772E-17
8620.6351426972  1.226213E-16
8623.67655288187  1.128067E-16
8626.71796306654  1.221734E-16
8629.7593732512  1.166995E-16
8632.80078343587  9.824165E-17
8635.84219362054  1.051952E-16
8638.8836038052  1.589365E-16
8641.92501398987  1.173425E-16
8644.96642417454  1.353974E-16
8648.00783435921  1.089514E-16
8651.04924454387  7.488446E-17
8654.09065472854  8.442540E-17
8657.13206491321  9.724846E-17
8660.17347509787  9.800523E-17
8663.21488528254  1.073073E-16
8666.25629546721  9.201225E-17
8669.29770565188  1.283584E-16
8672.33911583654  7.927745E-17
8675.38052602121  8.248820E-17
8678.42193620588  9.291641E-17
8681.46334639054  8.817020E-17
8684.50475657521  9.966231E-17
8687.54616675988  9.977627E-17
8690.58757694454  9.671515E-17
8693.62898712921  8.286779E-17
8696.67039731388  1.291368E-16
8699.71180749855  9.606897E-17
8702.75321768321  1.055494E-16
8705.79462786788  8.525127E-17
8708.83603805254  1.049069E-16
8711.87744823721  1.275952E-16
8714.91885842188  1.209189E-16
8717.96026860655  1.342634E-16
8721.00167879121  1.217829E-16
8724.04308897588  1.049398E-16
8727.08449916055  1.020439E-16
8730.12590934521  1.010636E-16
8733.16731952988  1.447278E-16
8736.20872971455  1.111426E-16
8739.25013989922  6.242842E-17
8742.29155008388  1.193404E-16
8745.33296026855  1.161621E-16
8748.37437045322  1.191971E-16
8751.41578063788  1.331724E-16
8754.45719082255  9.474445E-17
8757.49860100722  8.428167E-17
8760.54001119188  1.134378E-16
8763.58142137655  6.886217E-17
8766.62283156122  7.643327E-17
8769.66424174589  1.325086E-16
8772.70565193055  1.067782E-16
8775.74706211522  8.801485E-17
8778.78847229989  7.749360E-17
8781.82988248455  1.292612E-16
8784.87129266922  1.009919E-16
8787.91270285389  1.364498E-16
8790.95411303856  1.321026E-16
8793.99552322322  9.008162E-17
8797.03693340789  1.225056E-16
8800.07834359256  1.108539E-16
8803.11975377722  8.041252E-17
8806.16116396189  1.228722E-16
8809.20257414656  1.134126E-16
8812.24398433122  1.109414E-16
8815.28539451589  9.574180E-17
8818.32680470056  9.964754E-17
8821.36821488522  1.277567E-16
8824.40962506989  1.137549E-16
8827.45103525456  1.481855E-16
8830.49244543922  1.306972E-16
8833.53385562389  8.288498E-17
8836.57526580856  9.917596E-17
8839.61667599323  8.901860E-17
8842.65808617789  8.754864E-17
8845.69949636256  1.407610E-16
8848.74090654723  1.596523E-16
8851.78231673189  1.231952E-16
8854.82372691656  1.236159E-16
8857.86513710123  1.110792E-16
8860.9065472859  1.123906E-16
8863.94795747056  1.073885E-16
8866.98936765523  7.878254E-17
8870.0307778399  1.121891E-16
8873.07218802456  1.186240E-16
8876.11359820923  9.048723E-17
8879.1550083939  6.529380E-17
8882.19641857856  5.233424E-17
8885.23782876323  5.066143E-18
8888.2792389479  9.575706E-17
8891.32064913257  7.422787E-17
8894.36205931723  8.892718E-17
8897.4034695019  9.320889E-17
8900.44487968657  1.079666E-16
8903.48628987123  1.111942E-16
8906.5277000559  6.633783E-17
8909.56911024057  9.479507E-17
8912.61052042524  9.093989E-17
8915.6519306099  7.826104E-17
8918.69334079457  8.648243E-17
8921.73475097924  1.381558E-16
8924.7761611639  1.470563E-16
8927.81757134857  1.001535E-16
8930.85898153324  9.075713E-17
8933.9003917179  7.491054E-17
8936.94180190257  9.613349E-17
8939.98321208724  1.045295E-16
8943.0246222719  1.205316E-16
8946.06603245657  6.012640E-17
8949.10744264124  8.252031E-17
8952.14885282591  9.327930E-17
8955.19026301057  1.022446E-16
8958.23167319524  2.021509E-17
8961.27308337991  9.646123E-17
8964.31449356457  9.500231E-17
8967.35590374924  6.011184E-17
8970.39731393391  4.959855E-17
8973.43872411858  8.727231E-17
8976.48013430324  8.074357E-17
8979.52154448791  7.642645E-17
8982.56295467258  5.517158E-17
8985.60436485724  8.340185E-17
8988.64577504191  8.033344E-17
8991.68718522658  7.103905E-17
8994.72859541124  1.064789E-16
8997.77000559591  8.290041E-17
9000.81141578058  1.371451E-17
9003.85282596525  1.062814E-16
9006.89423614991  9.989116E-17
9009.93564633458  1.112781E-16
9012.97705651924  8.251266E-17
9016.01846670391  9.801228E-17
9019.05987688858  7.463264E-17
9022.10128707325  1.101432E-16
9025.14269725791  1.374194E-16
9028.18410744258  1.117067E-16
9031.22551762725  6.719622E-17
9034.26692781191  8.293695E-17
9037.30833799658  6.667375E-17
9040.34974818125  8.603702E-17
9043.39115836592  1.248920E-16
9046.43256855058  9.764452E-17
9049.47397873525  1.530638E-16
9052.51538891992  1.111777E-16
9055.55679910458  1.300218E-16
9058.59820928925  7.626067E-17
9061.63961947392  7.250523E-17
9064.68102965858  3.305704E-17
9067.72243984325  9.954569E-17
9070.76385002792  1.142676E-16
9073.80526021259  9.817416E-17
9076.84667039725  1.195001E-16
9079.88808058192  1.028451E-16
9082.92949076659  7.723332E-17
9085.97090095125  1.194664E-16
9089.01231113592  1.320654E-16
9092.05372132059  9.189706E-17
9095.09513150526  6.756448E-17
9098.13654168992  1.138731E-16
9101.17795187459  1.476675E-16
9104.21936205925  6.607721E-17
9107.26077224392  5.269687E-17
9110.30218242859  9.925288E-17
9113.34359261326  1.060887E-16
9116.38500279792  2.803740E-17
9119.42641298259  4.199421E-17
9122.46782316726  7.391158E-17
9125.50923335192  7.575599E-17
9128.55064353659  9.465148E-17
9131.59205372126  7.913906E-17
9134.63346390593  9.229436E-17
9137.67487409059  9.815109E-17
9140.71628427526  8.466731E-17
9143.75769445993  1.205793E-16
9146.79910464459  1.199390E-16
9149.84051482926  8.902009E-17
9152.88192501393  7.458942E-17
9155.9233351986  3.153702E-17
9158.96474538326  7.108108E-17
9162.00615556793  8.771000E-17
9165.0475657526  1.280838E-16
9168.08897593726  1.072750E-16
9171.13038612193  1.246357E-16
9174.1717963066  7.030846E-17
9177.21320649126  6.621802E-17
9180.25461667593  6.281485E-17
9183.2960268606  8.031155E-17
9186.33743704526  7.999026E-17
9189.37884722993  8.202862E-17
9192.4202574146  8.588544E-17
9195.46166759926  8.698967E-17
9198.50307778393  5.795604E-17
9201.5444879686  5.494879E-17
9204.58589815327  8.477801E-17
9207.62730833794  1.019352E-16
9210.6687185226  7.417603E-17
9213.71012870727  7.627819E-17
9216.75153889193  6.314619E-17
9219.7929490766  2.075086E-17
9222.83435926127  6.910985E-17
9225.87576944594  4.031941E-17
9228.9171796306  5.689075E-17
9231.95858981527  8.370542E-17
9234.99999999994  6.827451E-17
