4000.  3.598790E-16
4003.32083556508  3.487168E-16
4006.64167113016  2.800937E-16
4009.96250669523  3.332550E-16
4013.28334226031  2.987128E-16
4016.60417782539  1.437825E-16
4019.92501339047  3.751264E-16
4023.24584895554  3.598638E-16
4026.56668452062  3.045426E-16
4029.8875200857  2.647659E-16
4033.20835565078  2.729521E-16
4036.52919121585  3.930347E-16
4039.85002678093  3.518605E-16
4043.17086234601  3.962518E-16
4046.49169791109  3.526036E-16
4049.81253347617  4.521793E-16
4053.13336904124  4.109400E-16
4056.45420460632  4.473796E-16
4059.7750401714  4.575955E-16
4063.09587573648  3.561802E-16
4066.41671130156  2.916208E-16
4069.73754686663  3.891272E-16
4073.05838243171  3.711232E-16
4076.37921799679  2.867430E-16
4079.70005356187  2.724696E-16
4083.02088912694  4.894533E-16
4086.34172469202  5.179430E-16
4089.6625602571  4.192523E-16
4092.98339582217  4.031467E-16
4096.30423138725  3.833356E-16
4099.62506695233  3.806919E-16
4102.94590251741  3.503718E-16
4106.26673808249  3.879144E-16
4109.58757364756  3.884477E-16
4112.90840921264  3.557673E-16
4116.22924477772  3.586678E-16
4119.5500803428  2.734387E-16
4122.87091590788  2.125430E-16
4126.19175147295  2.658249E-16
4129.51258703803  4.237291E-16
4132.83342260311  4.198880E-16
4136.15425816819  3.208104E-16
4139.47509373326  2.637624E-16
4142.79592929834  2.510966E-16
4146.11676486342  2.955445E-16
4149.4376004285  4.550771E-16
4152.75843599357  3.768043E-16
4156.07927155865  4.537091E-16
4159.40010712373  3.167814E-16
4162.72094268881  2.845996E-16
4166.04177825389  4.211846E-16
4169.36261381896  3.962351E-16
4172.68344938404  4.132618E-16
4176.00428494912  3.318222E-16
4179.3251205142  4.000354E-16
4182.64595607927  3.436019E-16
4185.96679164435  3.477164E-16
4189.28762720943  4.953692E-16
4192.60846277451  3.908356E-16
4195.92929833958  3.525163E-16
4199.25013390466  3.091675E-16
4202.57096946974  3.606082E-16
4205.89180503482  3.575634E-16
4209.2126405999  3.781836E-16
4212.53347616497  4.487171E-16
4215.85431173005  3.934341E-16
4219.17514729513  4.197641E-16
4222.49598286021  3.353168E-16
4225.81681842528  3.637165E-16
4229.13765399036  4.023197E-16
4232.45848955544  3.078598E-16
4235.77932512052  2.670275E-16
4239.10016068559  3.055117E-16
4242.42099625067  2.901000E-16
4245.74183181575  3.377572E-16
4249.06266738083  3.077081E-16
4252.38350294591  2.830826E-16
4255.70433851098  3.466475E-16
4259.02517407606  2.975154E-16
4262.34600964114  3.241369E-16
4265.66684520622  3.136222E-16
4268.98768077129  3.257358E-16
4272.30851633637  3.580160E-16
4275.62935190145  2.630029E-16
4278.95018746653  2.735795E-16
4282.27102303161  3.365804E-16
4285.59185859668  4.080019E-16
4288.91269416176  3.469650E-16
4292.23352972684  3.597697E-16
4295.55436529192  3.331530E-16
4298.87520085699  3.337809E-16
4302.19603642207  3.106145E-16
4305.51687198715  2.493387E-16
4308.83770755223  2.447056E-16
4312.1585431173  3.178085E-16
4315.47937868238  3.183785E-16
4318.80021424746  2.438429E-16
4322.12104981254  3.382418E-16
4325.44188537762  3.464749E-16
4328.76272094269  2.713614E-16
4332.08355650777  2.850199E-16
4335.40439207285  3.340594E-16
4338.72522763793  3.563343E-16
4342.046063203  3.243999E-16
4345.36689876808  3.267429E-16
4348.68773433316  3.001135E-16
4352.00856989824  2.206260E-16
4355.32940546331  3.001513E-16
4358.65024102839  3.607811E-16
4361.97107659347  3.695867E-16
4365.29191215855  3.369803E-16
4368.61274772362  3.665818E-16
4371.9335832887  3.385936E-16
4375.25441885378  3.432070E-16
4378.57525441886  3.578803E-16
4381.89608998394  2.837601E-16
4385.21692554901  3.005277E-16
4388.53776111409  2.937262E-16
4391.85859667917  2.720589E-16
4395.17943224425  2.866280E-16
4398.50026780932  2.851185E-16
4401.8211033744  2.778931E-16
4405.14193893948  3.340368E-16
4408.46277450456  3.509445E-16
4411.78361006964  3.256426E-16
4415.10444563471  3.581852E-16
4418.42528119979  4.467149E-16
4421.74611676487  4.310574E-16
4425.06695232995  3.537690E-16
4428.38778789502  4.409891E-16
4431.7086234601  4.772837E-16
4435.02945902518  5.258499E-16
4438.35029459026  4.043858E-16
4441.67113015533  3.150162E-16
4444.99196572041  4.158981E-16
4448.31280128549  4.169017E-16
4451.63363685057  3.329744E-16
4454.95447241565  3.743143E-16
4458.27530798072  4.326476E-16
4461.5961435458  3.534564E-16
4464.91697911088  3.309318E-16
4468.23781467596  3.240619E-16
4471.55865024103  3.104135E-16
4474.87948580611  3.276583E-16
4478.20032137119  3.229309E-16
4481.52115693627  3.187930E-16
4484.84199250135  3.439820E-16
4488.16282806642  2.631039E-16
4491.4836636315  3.304184E-16
4494.80449919658  3.641092E-16
4498.12533476166  3.481954E-16
4501.44617032673  3.092502E-16
4504.76700589181  3.460414E-16
4508.08784145689  3.261015E-16
4511.40867702197  2.283899E-16
4514.72951258704  2.106172E-16
4518.05034815212  2.178718E-16
4521.3711837172  2.834512E-16
4524.69201928228  3.077627E-16
4528.01285484736  3.078896E-16
4531.33369041243  3.236418E-16
4534.65452597751  2.951503E-16
4537.97536154259  2.865755E-16
4541.29619710767  2.716726E-16
4544.61703267274  3.134659E-16
4547.93786823782  3.368323E-16
4551.2587038029  3.066418E-16
4554.57953936798  2.044283E-16
4557.90037493305  2.251071E-16
4561.22121049813  2.742529E-16
4564.54204606321  2.781843E-16
4567.86288162829  2.797977E-16
4571.18371719337  2.728698E-16
4574.50455275844  3.207109E-16
4577.82538832352  2.290816E-16
4581.1462238886  3.174318E-16
4584.46705945368  2.741137E-16
4587.78789501875  2.986662E-16
4591.10873058383  3.426989E-16
4594.42956614891  2.786387E-16
4597.75040171399  2.710393E-16
4601.07123727907  3.409276E-16
4604.39207284414  2.618518E-16
4607.71290840922  3.006307E-16
4611.0337439743  3.221901E-16
4614.35457953938  3.572596E-16
4617.67541510445  3.640007E-16
4620.99625066953  3.198675E-16
4624.31708623461  3.430385E-16
4627.63792179969  3.254724E-16
4630.95875736476  3.311603E-16
4634.27959292984  3.267279E-16
4637.60042849492  2.836332E-16
4640.92126406  2.685422E-16
4644.24209962507  2.764771E-16
4647.56293519015  3.018733E-16
4650.88377075523  3.190994E-16
4654.20460632031  3.150522E-16
4657.52544188539  2.916314E-16
4660.84627745046  3.108836E-16
4664.16711301554  3.237252E-16
4667.48794858062  2.752730E-16
4670.8087841457  2.547419E-16
4674.12961971077  2.980548E-16
4677.45045527585  3.225030E-16
4680.77129084093  2.809623E-16
4684.09212640601  3.060219E-16
4687.41296197108  2.808936E-16
4690.73379753616  2.959647E-16
4694.05463310124  2.729061E-16
4697.37546866632  3.021495E-16
4700.6963042314  3.203616E-16
4704.01713979647  3.172222E-16
4707.33797536155  2.815457E-16
4710.65881092663  2.937520E-16
4713.97964649171  2.726367E-16
4717.30048205678  2.269913E-16
4720.62131762186  3.174385E-16
4723.94215318694  2.730426E-16
4727.26298875202  2.404620E-16
4730.5838243171  3.366467E-16
4733.90465988217  3.293434E-16
4737.22549544725  2.704407E-16
4740.54633101233  2.443469E-16
4743.86716657741  3.288596E-16
4747.18800214248  2.576458E-16
4750.50883770756  2.465995E-16
4753.82967327264  2.459313E-16
4757.15050883772  2.853404E-16
4760.4713444028  3.228783E-16
4763.79217996787  2.783301E-16
4767.11301553295  2.672820E-16
4770.43385109803  2.599765E-16
4773.75468666311  2.686293E-16
4777.07552222818  2.688910E-16
4780.39635779326  2.721812E-16
4783.71719335834  2.398195E-16
4787.03802892342  2.780106E-16
4790.35886448849  2.882404E-16
4793.67970005357  2.539097E-16
4797.00053561865  3.201884E-16
4800.32137118373  2.999365E-16
4803.64220674881  3.181534E-16
4806.96304231388  2.404046E-16
4810.28387787896  1.891436E-16
4813.60471344404  2.544506E-16
4816.92554900912  2.601457E-16
4820.24638457419  2.587890E-16
4823.56722013927  2.699905E-16
4826.88805570435  2.832570E-16
4830.20889126943  3.151198E-16
4833.5297268345  2.679194E-16
4836.85056239958  2.836710E-16
4840.17139796466  2.826515E-16
4843.49223352974  2.944688E-16
4846.81306909481  3.112926E-16
4850.13390465989  2.669011E-16
4853.45474022497  2.682103E-16
4856.77557579005  3.033493E-16
4860.09641135512  2.790533E-16
4863.4172469202  2.420849E-16
4866.73808248528  2.285561E-16
4870.05891805036  2.634259E-16
4873.37975361544  2.436940E-16
4876.70058918051  2.982239E-16
4880.02142474559  2.948865E-16
4883.34226031067  2.893997E-16
4886.66309587575  2.377554E-16
4889.98393144083  2.673815E-16
4893.3047670059  2.809069E-16
4896.62560257098  2.588628E-16
4899.94643813606  2.822795E-16
4903.26727370114  2.955367E-16
4906.58810926621  2.564380E-16
4909.90894483129  2.777687E-16
4913.22978039637  2.755742E-16
4916.55061596145  3.211254E-16
4919.87145152653  2.589828E-16
4923.1922870916  2.704427E-16
4926.51312265668  3.292552E-16
4929.83395822176  3.240362E-16
4933.15479378684  3.737865E-16
4936.47562935191  3.322520E-16
4939.79646491699  3.677350E-16
4943.11730048207  3.234909E-16
4946.43813604715  4.131853E-16
4949.75897161222  3.536233E-16
4953.0798071773  4.551731E-16
4956.40064274238  4.713782E-16
4959.72147830746  5.186944E-16
4963.04231387254  4.917925E-16
4966.36314943761  4.421659E-16
4969.68398500269  4.352915E-16
4973.00482056777  3.857315E-16
4976.32565613285  4.096381E-16
4979.64649169792  3.710649E-16
4982.967327263  3.359324E-16
4986.28816282808  3.821745E-16
4989.60899839316  3.536904E-16
4992.92983395823  2.892620E-16
4996.25066952331  3.649697E-16
4999.57150508839  3.009386E-16
5002.89234065347  2.685082E-16
5006.21317621854  2.668605E-16
5009.53401178362  2.744442E-16
5012.8548473487  2.530734E-16
5016.17568291378  3.040653E-16
5019.49651847886  2.774891E-16
5022.81735404393  2.794158E-16
5026.13818960901  3.061390E-16
5029.45902517409  3.222682E-16
5032.77986073917  3.155168E-16
5036.10069630425  3.033721E-16
5039.42153186932  2.478568E-16
5042.7423674344  2.690622E-16
5046.06320299948  2.653488E-16
5049.38403856456  2.552555E-16
5052.70487412963  2.379384E-16
5056.02570969471  2.744073E-16
5059.34654525979  2.276189E-16
5062.66738082487  2.293489E-16
5065.98821638994  2.492161E-16
5069.30905195502  3.011370E-16
5072.6298875201  2.910729E-16
5075.95072308518  2.699592E-16
5079.27155865026  2.904701E-16
5082.59239421533  2.316593E-16
5085.91322978041  2.334481E-16
5089.23406534549  2.397978E-16
5092.55490091057  2.770414E-16
5095.87573647564  2.609464E-16
5099.19657204072  2.613210E-16
5102.5174076058  2.887080E-16
5105.83824317088  2.726127E-16
5109.15907873595  2.203867E-16
5112.47991430103  2.652860E-16
5115.80074986611  2.972130E-16
5119.12158543119  2.754875E-16
5122.44242099627  2.526673E-16
5125.76325656134  2.772248E-16
5129.08409212642  2.691915E-16
5132.4049276915  2.610434E-16
5135.72576325658  2.513478E-16
5139.04659882165  3.030395E-16
5142.36743438673  2.559803E-16
5145.68826995181  2.566002E-16
5149.00910551689  2.267259E-16
5152.32994108196  2.825987E-16
5155.65077664704  2.305061E-16
5158.97161221212  2.401023E-16
5162.2924477772  2.296720E-16
5165.61328334227  2.253891E-16
5168.93411890735  2.408014E-16
5172.25495447243  2.341951E-16
5175.57579003751  2.521169E-16
5178.89662560259  2.593098E-16
5182.21746116766  1.815924E-16
5185.53829673274  2.318644E-16
5188.85913229782  2.240461E-16
5192.1799678629  2.575959E-16
5195.50080342797  2.614086E-16
5198.82163899305  2.854731E-16
5202.14247455813  2.982209E-16
5205.46331012321  2.613265E-16
5208.78414568829  2.777740E-16
5212.10498125336  2.548916E-16
5215.42581681844  2.344206E-16
5218.74665238352  2.315194E-16
5222.0674879486  2.587394E-16
5225.38832351367  2.526622E-16
5228.70915907875  2.637154E-16
5232.02999464383  2.692160E-16
5235.35083020891  2.447460E-16
5238.67166577398  2.596997E-16
5241.99250133906  2.462761E-16
5245.31333690414  2.534477E-16
5248.63417246922  2.326856E-16
5251.9550080343  2.593757E-16
5255.27584359937  2.168747E-16
5258.59667916445  2.658913E-16
5261.91751472953  2.433696E-16
5265.23835029461  2.725498E-16
5268.55918585968  2.648172E-16
5271.88002142476  2.029844E-16
5275.20085698984  2.124478E-16
5278.52169255492  2.841262E-16
5281.84252811999  2.305149E-16
5285.16336368507  2.906266E-16
5288.48419925015  2.303923E-16
5291.80503481523  2.203035E-16
5295.12587038031  2.732328E-16
5298.44670594538  2.743828E-16
5301.76754151046  2.335711E-16
5305.08837707554  2.671950E-16
5308.40921264062  2.669262E-16
5311.73004820569  2.744790E-16
5315.05088377077  2.609747E-16
5318.37171933585  2.266791E-16
5321.69255490093  2.499516E-16
5325.013390466  2.531038E-16
5328.33422603108  2.406470E-16
5331.65506159616  2.333680E-16
5334.97589716124  2.352241E-16
5338.29673272632  2.329842E-16
5341.61756829139  2.070689E-16
5344.93840385647  2.290040E-16
5348.25923942155  2.463676E-16
5351.58007498663  2.270706E-16
5354.9009105517  2.506443E-16
5358.22174611678  2.568190E-16
5361.54258168186  2.465426E-16
5364.86341724694  2.781869E-16
5368.18425281201  2.671304E-16
5371.50508837709  2.249566E-16
5374.82592394217  2.353486E-16
5378.14675950725  2.576205E-16
5381.46759507232  2.709538E-16
5384.7884306374  2.467995E-16
5388.10926620248  2.350268E-16
5391.43010176756  2.170946E-16
5394.75093733264  2.374882E-16
5398.07177289771  2.444605E-16
5401.39260846279  2.770342E-16
5404.71344402787  2.633478E-16
5408.03427959295  2.355820E-16
5411.35511515803  2.087122E-16
5414.6759507231  1.840693E-16
5417.99678628818  2.233101E-16
5421.31762185326  2.105571E-16
5424.63845741834  2.316817E-16
5427.95929298341  2.438472E-16
5431.28012854849  2.263250E-16
5434.60096411357  2.265054E-16
5437.92179967865  2.534738E-16
5441.24263524372  2.170215E-16
5444.5634708088  2.536611E-16
5447.88430637388  2.586249E-16
5451.20514193896  2.307336E-16
5454.52597750404  2.284016E-16
5457.84681306911  2.255931E-16
5461.16764863419  2.413564E-16
5464.48848419927  2.357277E-16
5467.80931976435  2.307765E-16
5471.13015532942  2.208401E-16
5474.4509908945  2.147141E-16
5477.77182645958  2.274105E-16
5481.09266202466  1.967889E-16
5484.41349758974  2.188383E-16
5487.73433315481  2.255173E-16
5491.05516871989  2.307183E-16
5494.37600428497  1.973793E-16
5497.69683985005  2.031637E-16
5501.01767541512  2.513048E-16
5504.3385109802  2.149732E-16
5507.65934654528  1.826400E-16
5510.98018211036  2.016878E-16
5514.30101767543  1.968825E-16
5517.62185324051  2.210172E-16
5520.94268880559  2.194866E-16
5524.26352437067  2.322350E-16
5527.58435993574  2.254266E-16
5530.90519550082  2.315970E-16
5534.2260310659  2.096686E-16
5537.54686663098  2.109537E-16
5540.86770219606  2.411761E-16
5544.18853776113  2.189290E-16
5547.50937332621  1.949281E-16
5550.83020889129  1.804682E-16
5554.15104445637  1.974049E-16
5557.47188002144  2.004369E-16
5560.79271558652  1.925945E-16
5564.1135511516  1.908228E-16
5567.43438671668  2.112973E-16
5570.75522228175  2.005521E-16
5574.07605784683  2.099419E-16
5577.39689341191  2.024161E-16
5580.71772897699  1.965165E-16
5584.03856454206  1.795433E-16
5587.35940010714  1.824016E-16
5590.68023567222  2.086309E-16
5594.0010712373  2.069988E-16
5597.32190680238  2.410710E-16
5600.64274236745  2.157171E-16
5603.96357793253  1.753725E-16
5607.28441349761  1.867280E-16
5610.60524906269  1.806904E-16
5613.92608462777  1.709967E-16
5617.24692019284  1.759405E-16
5620.56775575792  2.061101E-16
5623.888591323  2.105671E-16
5627.20942688808  2.367639E-16
5630.53026245315  2.293117E-16
5633.85109801823  2.164535E-16
5637.17193358331  2.071225E-16
5640.49276914839  2.063310E-16
5643.81360471346  1.794786E-16
5647.13444027854  1.918651E-16
5650.45527584362  1.661057E-16
5653.7761114087  1.760343E-16
5657.09694697378  1.995337E-16
5660.41778253885  1.765007E-16
5663.73861810393  2.013225E-16
5667.05945366901  1.892836E-16
5670.38028923409  1.991905E-16
5673.70112479916  1.906105E-16
5677.02196036424  2.166069E-16
5680.34279592932  2.061692E-16
5683.6636314944  1.867294E-16
5686.98446705947  2.021108E-16
5690.30530262455  1.963932E-16
5693.62613818963  1.835956E-16
5696.94697375471  1.854250E-16
5700.26780931979  2.117582E-16
5703.58864488486  2.207825E-16
5706.90948044994  1.971044E-16
5710.23031601502  2.114069E-16
5713.5511515801  2.058100E-16
5716.87198714517  1.824877E-16
5720.19282271025  1.684794E-16
5723.51365827533  1.912448E-16
5726.83449384041  2.055630E-16
5730.15532940549  2.059046E-16
5733.47616497056  1.510383E-16
5736.79700053564  1.844775E-16
5740.11783610072  1.825326E-16
5743.4386716658  1.964852E-16
5746.75950723087  1.945653E-16
5750.08034279595  2.014359E-16
5753.40117836103  2.199054E-16
5756.72201392611  2.062438E-16
5760.04284949118  2.141356E-16
5763.36368505626  1.961450E-16
5766.68452062134  1.870671E-16
5770.00535618642  2.177809E-16
5773.3261917515  2.208503E-16
5776.64702731657  1.980580E-16
5779.96786288165  2.038597E-16
5783.28869844673  2.147875E-16
5786.60953401181  2.150193E-16
5789.93036957688  1.990213E-16
5793.25120514196  1.965157E-16
5796.57204070704  1.915911E-16
5799.89287627212  1.917250E-16
5803.21371183719  2.142457E-16
5806.53454740227  1.847538E-16
5809.85538296735  1.902796E-16
5813.17621853243  1.892642E-16
5816.49705409751  2.065776E-16
5819.81788966258  2.208061E-16
5823.13872522766  1.796485E-16
5826.45956079274  1.903336E-16
5829.78039635782  2.211044E-16
5833.10123192289  2.075906E-16
5836.42206748797  2.102656E-16
5839.74290305305  1.885356E-16
5843.06373861813  2.098586E-16
5846.3845741832  2.117067E-16
5849.70540974828  1.950498E-16
5853.02624531336  1.926385E-16
5856.34708087844  1.750792E-16
5859.66791644352  1.709674E-16
5862.98875200859  1.892402E-16
5866.30958757367  1.649290E-16
5869.63042313875  1.687032E-16
5872.95125870383  1.879731E-16
5876.2720942689  2.160315E-16
5879.59292983398  1.993592E-16
5882.91376539906  1.942995E-16
5886.23460096414  1.850256E-16
5889.55543652922  1.951039E-16
5892.87627209429  1.956381E-16
5896.19710765937  1.854293E-16
5899.51794322445  2.005175E-16
5902.83877878952  1.623408E-16
5906.1596143546  1.905470E-16
5909.48044991968  1.981543E-16
5912.80128548476  1.833285E-16
5916.12212104984  1.999994E-16
5919.44295661491  1.967501E-16
5922.76379217999  2.134131E-16
5926.08462774507  1.907031E-16
5929.40546331015  1.971162E-16
5932.72629887523  1.895975E-16
5936.0471344403  2.114558E-16
5939.36797000538  1.711353E-16
5942.68880557046  1.846484E-16
5946.00964113554  2.045144E-16
5949.33047670061  1.952984E-16
5952.65131226569  1.968381E-16
5955.97214783077  2.079963E-16
5959.29298339585  1.917073E-16
5962.61381896093  1.949952E-16
5965.934654526  1.725549E-16
5969.25549009108  1.951842E-16
5972.57632565616  2.365945E-16
5975.89716122124  2.183526E-16
5979.21799678631  1.968738E-16
5982.53883235139  2.168355E-16
5985.85966791647  2.008606E-16
5989.18050348155  2.008470E-16
5992.50133904662  2.011805E-16
5995.8221746117  2.000321E-16
5999.14301017678  2.041102E-16
6002.46384574186  2.127056E-16
6005.78468130693  1.751217E-16
6009.10551687201  2.081051E-16
6012.42635243709  2.038856E-16
6015.74718800217  2.120248E-16
6019.06802356725  2.095183E-16
6022.38885913232  2.171005E-16
6025.7096946974  2.075496E-16
6029.03053026248  1.744894E-16
6032.35136582756  2.119445E-16
6035.67220139263  1.972567E-16
6038.99303695771  1.894921E-16
6042.31387252279  2.029610E-16
6045.63470808787  2.005279E-16
6048.95554365294  1.999563E-16
6052.27637921802  1.939901E-16
6055.5972147831  1.807028E-16
6058.91805034818  1.800939E-16
6062.23888591325  1.807303E-16
6065.55972147833  1.911572E-16
6068.88055704341  2.056010E-16
6072.20139260849  2.043403E-16
6075.52222817357  1.949604E-16
6078.84306373864  1.971515E-16
6082.16389930372  1.906218E-16
6085.4847348688  1.850279E-16
6088.80557043388  2.004679E-16
6092.12640599896  1.718680E-16
6095.44724156403  2.040888E-16
6098.76807712911  1.679759E-16
6102.08891269419  1.820009E-16
6105.40974825926  1.840223E-16
6108.73058382434  2.036878E-16
6112.05141938942  1.808791E-16
6115.3722549545  2.027987E-16
6118.69309051958  2.006068E-16
6122.01392608465  1.881079E-16
6125.33476164973  1.566918E-16
6128.65559721481  1.797280E-16
6131.97643277989  1.824513E-16
6135.29726834496  1.769572E-16
6138.61810391004  1.705244E-16
6141.93893947512  1.610279E-16
6145.2597750402  2.080015E-16
6148.58061060528  2.006643E-16
6151.90144617035  1.822624E-16
6155.22228173543  1.846565E-16
6158.54311730051  1.905947E-16
6161.86395286559  1.734149E-16
6165.18478843066  2.107453E-16
6168.50562399574  2.015440E-16
6171.82645956082  2.096188E-16
6175.1472951259  1.618820E-16
6178.46813069097  1.769309E-16
6181.78896625605  1.887562E-16
6185.10980182113  1.862612E-16
6188.43063738621  1.630803E-16
6191.75147295129  1.678663E-16
6195.07230851636  2.050942E-16
6198.39314408144  1.624037E-16
6201.71397964652  1.758970E-16
6205.0348152116  1.781518E-16
6208.35565077667  1.938163E-16
6211.67648634175  1.677949E-16
6214.99732190683  1.625322E-16
6218.31815747191  1.680713E-16
6221.63899303698  1.637695E-16
6224.95982860206  1.805400E-16
6228.28066416714  1.591918E-16
6231.60149973222  1.615844E-16
6234.92233529729  1.992494E-16
6238.24317086238  1.841860E-16
6241.56400642745  1.798956E-16
6244.88484199253  1.801755E-16
6248.20567755761  1.679646E-16
6251.52651312268  1.747025E-16
6254.84734868776  1.859041E-16
6258.16818425284  1.516496E-16
6261.48901981792  1.766294E-16
6264.80985538299  1.781345E-16
6268.13069094807  1.680384E-16
6271.45152651315  1.706681E-16
6274.77236207823  2.007479E-16
6278.09319764331  1.652410E-16
6281.41403320838  1.515032E-16
6284.73486877346  1.871923E-16
6288.05570433854  1.911375E-16
6291.37653990362  2.047542E-16
6294.69737546869  1.715148E-16
6298.01821103377  1.735100E-16
6301.33904659885  1.620199E-16
6304.65988216393  1.648127E-16
6307.98071772901  1.418027E-16
6311.30155329408  1.928090E-16
6314.62238885916  1.720208E-16
6317.94322442424  1.681109E-16
6321.26405998932  1.663591E-16
6324.58489555439  1.640072E-16
6327.90573111947  1.845278E-16
6331.22656668455  1.679828E-16
6334.54740224963  1.585420E-16
6337.86823781471  1.786332E-16
6341.18907337978  1.671199E-16
6344.50990894486  1.782542E-16
6347.83074450994  1.723262E-16
6351.15158007501  1.558401E-16
6354.47241564009  1.600775E-16
6357.79325120517  1.739494E-16
6361.11408677025  1.679541E-16
6364.43492233533  2.011895E-16
6367.7557579004  1.756375E-16
6371.07659346548  1.850437E-16
6374.39742903056  1.847386E-16
6377.71826459564  1.546046E-16
6381.03910016072  1.599297E-16
6384.35993572579  1.850523E-16
6387.68077129087  1.971767E-16
6391.00160685595  1.771179E-16
6394.32244242103  1.736545E-16
6397.6432779861  1.554462E-16
6400.96411355118  1.618327E-16
6404.28494911626  1.589944E-16
6407.60578468134  1.614651E-16
6410.92662024641  1.989657E-16
6414.24745581149  1.920408E-16
6417.56829137657  1.847400E-16
6420.88912694165  1.714013E-16
6424.20996250672  1.726775E-16
6427.5307980718  1.638527E-16
6430.85163363688  1.467387E-16
6434.17246920196  1.433827E-16
6437.49330476703  1.736011E-16
6440.81414033211  1.677413E-16
6444.13497589719  1.847793E-16
6447.45581146227  1.915463E-16
6450.77664702735  1.751075E-16
6454.09748259242  1.685293E-16
6457.4183181575  1.541789E-16
6460.73915372258  1.565580E-16
6464.05998928766  1.539771E-16
6467.38082485274  1.678075E-16
6470.70166041781  1.466256E-16
6474.02249598289  1.558610E-16
6477.34333154797  1.586788E-16
6480.66416711305  1.574514E-16
6483.98500267812  1.674027E-16
6487.3058382432  1.450849E-16
6490.62667380828  1.481070E-16
6493.94750937336  1.768309E-16
6497.26834493843  1.576287E-16
6500.58918050351  1.837445E-16
6503.91001606859  1.813591E-16
6507.23085163367  1.698188E-16
6510.55168719874  1.702062E-16
6513.87252276382  1.634260E-16
6517.1933583289  1.540654E-16
6520.51419389398  1.665740E-16
6523.83502945906  1.615126E-16
6527.15586502413  1.676010E-16
6530.47670058921  1.722050E-16
6533.79753615429  1.696323E-16
6537.11837171937  1.561160E-16
6540.43920728445  1.613497E-16
6543.76004284952  1.701388E-16
6547.0808784146  1.585296E-16
6550.40171397968  1.699425E-16
6553.72254954475  1.736378E-16
6557.04338510983  1.948152E-16
6560.36422067491  1.686471E-16
6563.68505623999  1.648800E-16
6567.00589180507  1.839648E-16
6570.32672737014  1.852783E-16
6573.64756293522  1.663154E-16
6576.9683985003  1.510011E-16
6580.28923406538  1.585968E-16
6583.61006963046  1.560425E-16
6586.93090519553  1.629571E-16
6590.25174076061  1.667357E-16
6593.57257632569  1.548523E-16
6596.89341189077  1.719141E-16
6600.21424745584  1.504648E-16
6603.53508302092  1.580777E-16
6606.855918586  1.697501E-16
6610.17675415108  1.813332E-16
6613.49758971615  1.780711E-16
6616.81842528123  1.816267E-16
6620.13926084631  1.581237E-16
6623.46009641139  1.569243E-16
6626.78093197647  1.531340E-16
6630.10176754154  1.669134E-16
6633.42260310662  1.746210E-16
6636.7434386717  1.729712E-16
6640.06427423678  1.653361E-16
6643.38510980185  1.957646E-16
6646.70594536693  1.867058E-16
6650.02678093201  1.791081E-16
6653.34761649709  1.761883E-16
6656.66845206216  1.748599E-16
6659.98928762724  1.838180E-16
6663.31012319232  2.270337E-16
6666.6309587574  2.302499E-16
6669.95179432248  2.590565E-16
6673.27262988755  2.972901E-16
6676.59346545263  2.950491E-16
6679.91430101771  2.984752E-16
6683.23513658279  3.458968E-16
6686.55597214786  4.113209E-16
6689.87680771294  4.963607E-16
6693.19764327802  5.155235E-16
6696.5184788431  5.232489E-16
6699.83931440818  5.061613E-16
6703.16014997325  4.310138E-16
6706.48098553833  3.481038E-16
6709.80182110341  3.353768E-16
6713.12265666849  3.365307E-16
6716.44349223356  3.178617E-16
6719.76432779864  2.967140E-16
6723.08516336372  2.579813E-16
6726.4059989288  2.665177E-16
6729.72683449387  2.556004E-16
6733.04767005895  2.494536E-16
6736.36850562403  2.364451E-16
6739.68934118911  2.322554E-16
6743.01017675419  2.218699E-16
6746.33101231926  2.280306E-16
6749.65184788434  2.226636E-16
6752.97268344942  2.085434E-16
6756.29351901449  1.889686E-16
6759.61435457957  1.792176E-16
6762.93519014465  1.966337E-16
6766.25602570973  1.899074E-16
6769.57686127481  1.823027E-16
6772.89769683988  1.875876E-16
6776.21853240496  1.686829E-16
6779.53936797004  1.717625E-16
6782.86020353512  1.700220E-16
6786.1810391002  1.737993E-16
6789.50187466527  1.883755E-16
6792.82271023035  1.718095E-16
6796.14354579543  1.647781E-16
6799.46438136051  1.762176E-16
6802.78521692558  1.585474E-16
6806.10605249066  1.495992E-16
6809.42688805574  1.615209E-16
6812.74772362082  1.529870E-16
6816.06855918589  1.624977E-16
6819.38939475097  1.555280E-16
6822.71023031605  1.484338E-16
6826.03106588113  1.690662E-16
6829.35190144621  1.491284E-16
6832.67273701128  1.591908E-16
6835.99357257636  1.520902E-16
6839.31440814144  1.362781E-16
6842.63524370652  1.413955E-16
6845.95607927159  1.519676E-16
6849.27691483667  1.595570E-16
6852.59775040175  1.659687E-16
6855.91858596683  1.411811E-16
6859.23942153191  1.287474E-16
6862.56025709698  1.349770E-16
6865.88109266206  1.340969E-16
6869.20192822714  1.054434E-16
6872.52276379222  1.050989E-16
6875.84359935729  1.436001E-16
6879.16443492237  1.552414E-16
6882.48527048745  1.524879E-16
6885.80610605253  1.327763E-16
6889.1269416176  1.287278E-16
6892.44777718268  1.301935E-16
6895.76861274776  1.238954E-16
6899.08944831284  1.237215E-16
6902.41028387791  9.856392E-17
6905.73111944299  1.368873E-16
6909.05195500807  1.337908E-16
6912.37279057315  1.289666E-16
6915.69362613822  1.405142E-16
6919.0144617033  1.499081E-16
6922.33529726838  1.318395E-16
6925.65613283346  1.213900E-16
6928.97696839854  1.364129E-16
6932.29780396361  1.199005E-16
6935.61863952869  1.303356E-16
6938.93947509377  1.181328E-16
6942.26031065885  1.472016E-16
6945.58114622393  1.481338E-16
6948.901981789  1.337183E-16
6952.22281735408  1.347794E-16
6955.54365291916  1.370960E-16
6958.86448848424  1.524333E-16
6962.18532404931  1.504304E-16
6965.50615961439  1.234132E-16
6968.82699517947  1.492965E-16
6972.14783074455  1.484354E-16
6975.46866630962  1.334818E-16
6978.7895018747  1.381057E-16
6982.11033743978  1.257166E-16
6985.43117300486  1.317369E-16
6988.75200856993  1.397421E-16
6992.07284413501  1.269454E-16
6995.39367970009  1.253249E-16
6998.71451526517  1.515653E-16
7002.03535083025  1.472706E-16
7005.35618639532  1.185901E-16
7008.6770219604  1.426099E-16
7011.99785752548  1.443920E-16
7015.31869309055  1.588040E-16
7018.63952865563  1.352368E-16
7021.96036422071  1.487488E-16
7025.28119978579  1.360698E-16
7028.60203535087  1.196162E-16
7031.92287091594  1.319985E-16
7035.24370648102  1.543505E-16
7038.5645420461  1.329198E-16
7041.88537761118  1.405379E-16
7045.20621317626  1.388486E-16
7048.52704874133  1.187667E-16
7051.84788430641  1.374136E-16
7055.16871987149  1.334743E-16
7058.48955543657  1.276516E-16
7061.81039100164  1.324212E-16
7065.13122656672  1.407021E-16
7068.4520621318  1.331574E-16
7071.77289769688  1.234344E-16
7075.09373326196  1.550434E-16
7078.41456882703  1.204824E-16
7081.73540439211  1.347216E-16
7085.05623995719  1.410716E-16
7088.37707552226  1.427823E-16
7091.69791108734  1.319291E-16
7095.01874665242  1.250801E-16
7098.3395822175  1.200237E-16
7101.66041778258  1.294063E-16
7104.98125334765  1.295107E-16
7108.30208891273  1.407718E-16
7111.62292447781  1.382876E-16
7114.94376004289  1.370228E-16
7118.26459560797  1.469378E-16
7121.58543117304  1.200751E-16
7124.90626673812  1.262372E-16
7128.2271023032  1.438766E-16
7131.54793786828  1.412592E-16
7134.86877343335  1.366220E-16
7138.18960899843  1.512314E-16
7141.51044456351  1.369137E-16
7144.83128012859  1.369819E-16
7148.15211569367  1.261955E-16
7151.47295125874  1.297635E-16
7154.79378682382  1.556790E-16
7158.1146223889  1.348647E-16
7161.43545795398  1.108678E-16
7164.75629351905  1.327322E-16
7168.07712908413  1.037512E-16
7171.39796464921  1.239350E-16
7174.71880021428  1.310736E-16
7178.03963577936  1.511599E-16
7181.36047134444  1.410169E-16
7184.68130690952  1.251676E-16
7188.0021424746  1.133774E-16
7191.32297803967  1.171654E-16
7194.64381360475  1.242114E-16
7197.96464916983  1.324212E-16
7201.28548473491  1.143125E-16
7204.60632029999  1.183057E-16
7207.92715586506  1.327275E-16
7211.24799143014  1.377384E-16
7214.56882699522  1.274468E-16
7217.8896625603  1.173049E-16
7221.21049812538  1.411711E-16
7224.53133369045  1.417986E-16
7227.85216925553  1.471856E-16
7231.17300482061  1.384978E-16
7234.49384038568  1.420731E-16
7237.81467595076  1.579581E-16
7241.13551151584  1.517125E-16
7244.45634708092  1.365981E-16
7247.777182646  1.173933E-16
7251.09801821107  1.183400E-16
7254.41885377615  1.300437E-16
7257.73968934123  1.070102E-16
7261.06052490631  1.296091E-16
7264.38136047138  1.192077E-16
7267.70219603646  1.312938E-16
7271.02303160154  1.210551E-16
7274.34386716662  1.137033E-16
7277.6647027317  1.466345E-16
7280.98553829677  1.340798E-16
7284.30637386185  1.337444E-16
7287.62720942693  1.183093E-16
7290.94804499201  1.342409E-16
7294.26888055709  1.184562E-16
7297.58971612216  1.248896E-16
7300.91055168724  1.332485E-16
7304.23138725232  1.291347E-16
7307.55222281739  1.277908E-16
7310.87305838247  1.448268E-16
7314.19389394755  1.217863E-16
7317.51472951263  1.283046E-16
7320.83556507771  1.176971E-16
7324.15640064278  1.414726E-16
7327.47723620786  1.379152E-16
7330.79807177294  1.197737E-16
7334.11890733801  1.276583E-16
7337.43974290309  1.293259E-16
7340.76057846817  1.067989E-16
7344.08141403325  1.233460E-16
7347.40224959833  1.249434E-16
7350.7230851634  1.309013E-16
7354.04392072848  1.371137E-16
7357.36475629356  1.418654E-16
7360.68559185864  1.166100E-16
7364.00642742372  1.311239E-16
7367.32726298879  1.359136E-16
7370.64809855387  1.241783E-16
7373.96893411895  1.540983E-16
7377.28976968403  1.445481E-16
7380.6106052491  1.490798E-16
7383.93144081418  1.441797E-16
7387.25227637926  1.210385E-16
7390.57311194434  1.169387E-16
7393.89394750942  1.280216E-16
7397.21478307449  1.299049E-16
7400.53561863957  1.322073E-16
7403.85645420465  1.356121E-16
7407.17728976972  1.069474E-16
7410.4981253348  1.198745E-16
7413.81896089988  1.178955E-16
7417.13979646496  1.235903E-16
7420.46063203004  1.465471E-16
7423.78146759511  1.510401E-16
7427.10230316019  1.410300E-16
7430.42313872527  1.211540E-16
7433.74397429035  1.227536E-16
7437.06480985543  1.245922E-16
7440.3856454205  1.300948E-16
7443.70648098558  1.301238E-16
7447.02731655066  1.223723E-16
7450.34815211574  1.319318E-16
7453.66898768081  1.243855E-16
7456.98982324589  1.114590E-16
7460.31065881097  1.187241E-16
7463.63149437605  1.312322E-16
7466.95232994112  1.278042E-16
7470.2731655062  1.203134E-16
7473.59400107128  1.399597E-16
7476.91483663636  1.297858E-16
7480.23567220144  1.092189E-16
7483.55650776651  1.108391E-16
7486.87734333159  1.083682E-16
7490.19817889667  1.138943E-16
7493.51901446175  1.327578E-16
7496.83985002682  1.279019E-16
7500.1606855919  1.230404E-16
7503.48152115698  1.282642E-16
7506.80235672206  1.253615E-16
7510.12319228713  1.235026E-16
7513.44402785221  1.158324E-16
7516.76486341729  1.289865E-16
7520.08569898237  1.257920E-16
7523.40653454745  1.250913E-16
7526.72737011252  1.209441E-16
7530.0482056776  1.224503E-16
7533.36904124268  1.147856E-16
7536.68987680776  1.068995E-16
7540.01071237284  1.321575E-16
7543.33154793791  1.439747E-16
7546.65238350299  1.322165E-16
7549.97321906807  1.303777E-16
7553.29405463314  1.191630E-16
7556.61489019822  1.025648E-16
7559.9357257633  9.799539E-17
7563.25656132838  1.082142E-16
7566.57739689346  1.106291E-16
7569.89823245853  1.144437E-16
7573.21906802361  1.099845E-16
7576.53990358869  1.326286E-16
7579.86073915377  1.258114E-16
7583.18157471884  1.114748E-16
7586.50241028392  1.209678E-16
7589.823245849  1.208199E-16
7593.14408141408  1.397752E-16
7596.46491697916  9.178019E-17
7599.78575254423  1.011815E-16
7603.10658810931  1.002175E-16
7606.42742367439  1.048750E-16
7609.74825923947  8.432843E-17
7613.06909480454  9.630352E-17
7616.38993036962  1.057701E-16
7619.7107659347  1.159862E-16
7623.03160149978  7.853549E-17
7626.35243706485  1.028079E-16
7629.67327262993  1.068359E-16
7632.99410819501  8.559955E-17
7636.31494376009  6.483177E-17
7639.63577932517  1.112986E-16
7642.95661489024  1.173748E-16
7646.27745045532  9.912291E-17
7649.5982860204  1.031705E-16
7652.91912158548  9.435232E-17
7656.23995715055  8.135730E-17
7659.56079271563  1.016865E-16
7662.88162828071  1.059330E-16
7666.20246384579  9.552875E-17
7669.52329941086  1.009281E-16
7672.84413497594  1.156776E-16
7676.16497054102  1.181080E-16
7679.4858061061  1.197799E-16
7682.80664167118  9.313330E-17
7686.12747723625  9.189058E-17
7689.44831280133  1.195898E-16
7692.76914836641  1.001599E-16
7696.08998393149  1.199799E-16
7699.41081949656  1.187930E-16
7702.73165506164  1.028665E-16
7706.05249062672  1.078333E-16
7709.3733261918  1.154668E-16
7712.69416175687  1.163102E-16
7716.01499732195  1.231245E-16
7719.33583288703  1.113574E-16
7722.65666845211  1.120628E-16
7725.97750401719  1.253727E-16
7729.29833958226  1.073932E-16
7732.61917514734  1.323118E-16
7735.94001071242  1.009791E-16
7739.2608462775  1.102440E-16
7742.58168184257  1.147646E-16
7745.90251740765  1.152847E-16
7749.22335297273  1.251464E-16
7752.54418853781  1.305439E-16
7755.86502410288  1.148467E-16
7759.18585966796  1.141795E-16
7762.50669523304  1.237208E-16
7765.82753079812  1.177871E-16
7769.14836636319  1.285781E-16
7772.46920192827  1.100393E-16
7775.79003749335  1.025190E-16
7779.11087305843  1.138303E-16
7782.43170862351  1.221402E-16
7785.75254418858  1.150184E-16
7789.07337975366  1.193978E-16
7792.39421531874  1.110167E-16
7795.71505088382  1.008880E-16
7799.0358864489  1.044066E-16
7802.35672201397  1.152636E-16
7805.67755757905  1.277626E-16
7808.99839314413  9.735883E-17
7812.31922870921  1.101602E-16
7815.64006427428  1.044203E-16
7818.96089983936  1.106444E-16
7822.28173540444  1.056992E-16
7825.60257096952  9.979892E-17
7828.92340653459  1.166131E-16
7832.24424209967  1.169392E-16
7835.56507766475  1.230097E-16
7838.88591322983  1.202844E-16
7842.2067487949  1.034346E-16
7845.52758435998  1.195213E-16
7848.84841992506  9.339044E-17
7852.16925549014  9.446450E-17
7855.49009105522  1.246479E-16
7858.81092662029  1.114262E-16
7862.13176218537  1.182431E-16
7865.45259775045  1.172820E-16
7868.77343331553  1.103221E-16
7872.09426888061  1.144545E-16
7875.41510444568  1.052652E-16
7878.73594001076  1.104227E-16
7882.05677557584  1.052453E-16
7885.37761114092  1.104373E-16
7888.69844670599  9.913131E-17
7892.01928227107  9.855367E-17
7895.34011783615  9.509569E-17
7898.66095340123  1.192427E-16
7901.9817889663  1.099858E-16
7905.30262453138  1.008325E-16
7908.62346009646  1.151783E-16
7911.94429566154  9.970413E-17
7915.26513122661  9.727977E-17
7918.58596679169  8.199117E-17
7921.90680235677  1.039618E-16
7925.22763792185  9.689581E-17
7928.54847348693  1.050579E-16
7931.869309052  1.037870E-16
7935.19014461708  1.259877E-16
7938.51098018216  1.092707E-16
7941.83181574724  1.160165E-16
7945.15265131231  1.101530E-16
7948.47348687739  1.094198E-16
7951.79432244247  1.056187E-16
7955.11515800755  1.003021E-16
7958.43599357262  1.129585E-16
7961.7568291377  1.026711E-16
7965.07766470278  1.017356E-16
7968.39850026786  1.290641E-16
7971.71933583294  1.212081E-16
7975.04017139801  1.204576E-16
7978.36100696309  1.200327E-16
7981.68184252817  9.563531E-17
7985.00267809325  1.012123E-16
7988.32351365832  1.106723E-16
7991.6443492234  9.871342E-17
7994.96518478848  1.049779E-16
7998.28602035356  1.049290E-16
8001.60685591863  1.068162E-16
8004.92769148371  1.228496E-16
8008.24852704879  1.214323E-16
8011.56936261387  1.088018E-16
8014.89019817894  1.111712E-16
8018.21103374402  1.060247E-16
8021.5318693091  1.183443E-16
8024.85270487418  1.202460E-16
8028.17354043926  1.092444E-16
8031.49437600433  1.162204E-16
8034.81521156941  1.151743E-16
8038.13604713449  1.179384E-16
8041.45688269957  1.097140E-16
8044.77771826464  1.077443E-16
8048.09855382972  1.109257E-16
8051.4193893948  1.161198E-16
8054.74022495988  1.360907E-16
8058.06106052495  1.347288E-16
8061.38189609003  1.258158E-16
8064.70273165511  1.316160E-16
8068.02356722019  1.145107E-16
8071.34440278527  1.150515E-16
8074.66523835035  1.051781E-16
8077.98607391542  1.322767E-16
8081.3069094805  1.247111E-16
8084.62774504558  1.062029E-16
8087.94858061065  1.048747E-16
8091.26941617573  1.070786E-16
8094.59025174081  1.319200E-16
8097.91108730589  1.291015E-16
8101.23192287097  1.005330E-16
8104.55275843604  9.668574E-17
8107.87359400112  1.102826E-16
8111.1944295662  9.426780E-17
8114.51526513128  7.963677E-17
8117.83610069636  1.052330E-16
8121.15693626143  1.035475E-16
8124.47777182651  9.866693E-17
8127.79860739159  1.041393E-16
8131.11944295667  1.010729E-16
8134.44027852174  1.049738E-16
8137.76111408682  9.573535E-17
8141.0819496519  9.067380E-17
8144.40278521698  7.274514E-17
8147.72362078205  8.573317E-17
8151.04445634713  8.732512E-17
8154.36529191221  8.938836E-17
8157.68612747729  8.341772E-17
8161.00696304236  8.495140E-17
8164.32779860744  1.105032E-16
8167.64863417252  9.038405E-17
8170.9694697376  8.170999E-17
8174.29030530268  8.154597E-17
8177.61114086775  1.064709E-16
8180.93197643283  8.881418E-17
8184.25281199791  9.588688E-17
8187.57364756299  7.833518E-17
8190.89448312806  8.900200E-17
8194.21531869314  9.663061E-17
8197.53615425822  7.351524E-17
8200.8569898233  7.449688E-17
8204.17782538837  8.605300E-17
8207.49866095345  1.047386E-16
8210.81949651853  8.426096E-17
8214.14033208361  9.138723E-17
8217.46116764869  8.870681E-17
8220.78200321376  7.336460E-17
8224.10283877884  9.120053E-17
8227.42367434392  8.501498E-17
8230.744509909  6.469533E-17
8234.06534547408  9.771667E-17
8237.38618103915  8.227267E-17
8240.70701660423  9.122221E-17
8244.02785216931  7.692981E-17
8247.34868773439  6.499478E-17
8250.66952329946  8.597918E-17
8253.99035886454  7.102410E-17
8257.31119442962  8.861381E-17
8260.6320299947  8.713321E-17
8263.95286555977  9.924507E-17
8267.27370112485  8.299158E-17
8270.59453668993  9.039993E-17
8273.91537225501  1.053537E-16
8277.23620782009  1.024029E-16
8280.55704338516  7.908589E-17
8283.87787895024  6.938535E-17
8287.19871451532  7.863356E-17
8290.5195500804  9.454044E-17
8293.84038564547  8.055144E-17
8297.16122121055  9.725919E-17
8300.48205677563  8.007904E-17
8303.80289234071  9.096432E-17
8307.12372790578  1.124621E-16
8310.44456347086  9.766511E-17
8313.76539903594  8.342733E-17
8317.08623460102  9.685063E-17
8320.40707016609  8.114819E-17
8323.72790573117  9.168741E-17
8327.04874129625  9.682661E-17
8330.36957686133  9.008262E-17
8333.6904124264  9.683127E-17
8337.01124799148  8.636556E-17
8340.33208355656  8.994848E-17
8343.65291912164  8.513360E-17
8346.97375468672  7.415618E-17
8350.29459025179  1.181297E-16
8353.61542581687  1.105771E-16
8356.93626138195  8.310963E-17
8360.25709694703  7.753860E-17
8363.5779325121  8.801192E-17
8366.89876807718  1.045790E-16
8370.21960364226  8.786195E-17
8373.54043920734  8.061449E-17
8376.86127477241  1.101663E-16
8380.18211033749  8.813480E-17
8383.50294590257  1.071612E-16
8386.82378146765  9.215189E-17
8390.14461703273  1.036916E-16
8393.46545259781  1.055140E-16
8396.78628816288  8.375650E-17
8400.10712372796  9.684573E-17
8403.42795929304  1.051519E-16
8406.74879485811  1.059381E-16
8410.06963042319  1.167899E-16
8413.39046598827  9.611044E-17
8416.71130155335  1.017176E-16
8420.03213711843  9.847741E-17
8423.3529726835  9.935943E-17
8426.67380824858  7.757003E-17
8429.99464381366  7.631046E-17
8433.31547937874  9.574962E-17
8436.63631494382  8.300109E-17
8439.95715050889  8.513450E-17
8443.27798607397  9.975104E-17
8446.59882163905  9.980029E-17
8449.91965720413  9.980416E-17
8453.2404927692  9.840145E-17
8456.56132833428  8.898041E-17
8459.88216389936  9.556849E-17
8463.20299946444  8.738677E-17
8466.52383502951  7.809030E-17
8469.84467059459  8.236022E-17
8473.16550615967  9.237327E-17
8476.48634172475  1.020058E-16
8479.80717728983  7.844933E-17
8483.1280128549  6.757433E-17
8486.44884841998  9.312469E-17
8489.76968398506  9.828670E-17
8493.09051955014  1.208061E-16
8496.41135511521  8.686656E-17
8499.73219068029  8.274839E-17
8503.05302624537  8.162382E-17
8506.37386181045  9.188103E-17
8509.69469737552  9.305309E-17
8513.0155329406  8.689497E-17
8516.33636850568  1.014095E-16
8519.65720407076  8.809798E-17
8522.97803963583  7.914499E-17
8526.29887520091  8.995974E-17
8529.61971076599  8.762699E-17
8532.94054633107  8.534695E-17
8536.26138189614  9.106522E-17
8539.58221746122  8.092745E-17
8542.9030530263  9.047952E-17
8546.22388859138  8.593792E-17
8549.54472415646  9.667725E-17
8552.86555972153  9.704885E-17
8556.18639528661  1.095928E-16
8559.50723085169  1.003034E-16
8562.82806641677  9.115557E-17
8566.14890198184  8.093142E-17
8569.46973754692  7.713705E-17
8572.790573112  7.467020E-17
8576.11140867708  7.668226E-17
8579.43224424215  9.828542E-17
8582.75307980723  1.001001E-16
8586.07391537231  1.017277E-16
8589.39475093739  8.760299E-17
8592.71558650247  8.058092E-17
8596.03642206754  8.104849E-17
8599.35725763262  8.387992E-17
8602.6780931977  1.005656E-16
8605.99892876278  8.253272E-17
8609.31976432785  1.111473E-16
8612.64059989293  1.010372E-16
8615.96143545801  8.578416E-17
8619.28227102309  9.402523E-17
8622.60310658816  1.047922E-16
8625.92394215324  8.548025E-17
8629.24477771832  9.466832E-17
8632.5656132834  8.305935E-17
8635.88644884848  9.355002E-17
8639.20728441356  8.530692E-17
8642.52811997863  7.573993E-17
8645.84895554371  8.323877E-17
8649.16979110879  9.068432E-17
8652.49062667387  1.012896E-16
8655.81146223894  9.544410E-17
8659.13229780402  7.798753E-17
8662.4531333691  8.941518E-17
8665.77396893418  1.065628E-16
8669.09480449925  9.423686E-17
8672.41564006433  7.973335E-17
8675.73647562941  8.530450E-17
8679.05731119449  1.031972E-16
8682.37814675956  9.106917E-17
8685.69898232464  9.932550E-17
8689.01981788972  8.836445E-17
8692.3406534548  8.012005E-17
8695.66148901987  7.166144E-17
8698.98232458495  8.255421E-17
8702.30316015003  7.083299E-17
8705.62399571511  7.042594E-17
8708.94483128019  8.806333E-17
8712.26566684526  1.012744E-16
8715.58650241034  9.320455E-17
8718.90733797542  1.002270E-16
8722.2281735405  9.145746E-17
8725.54900910557  7.660657E-17
8728.86984467065  9.377569E-17
8732.19068023573  9.400040E-17
8735.51151580081  8.435966E-17
8738.83235136588  9.824488E-17
8742.15318693096  9.648993E-17
8745.47402249604  8.076875E-17
8748.79485806112  8.392822E-17
8752.1156936262  8.402990E-17
8755.43652919127  7.502979E-17
8758.75736475635  8.653361E-17
8762.07820032143  1.061664E-16
8765.39903588651  8.976687E-17
8768.71987145158  9.417789E-17
8772.04070701666  9.281508E-17
8775.36154258174  6.644598E-17
8778.68237814682  6.875764E-17
8782.00321371189  7.329033E-17
8785.32404927697  7.979726E-17
8788.64488484205  1.061775E-16
8791.96572040713  9.230104E-17
8795.2865559722  6.773379E-17
8798.60739153728  7.386612E-17
8801.92822710236  1.004467E-16
8805.24906266744  8.514592E-17
8808.56989823252  8.517489E-17
8811.89073379759  7.872419E-17
8815.21156936267  7.201260E-17
8818.53240492775  9.594817E-17
8821.85324049283  7.639401E-17
8825.17407605791  6.788264E-17
8828.49491162298  8.149839E-17
8831.81574718806  8.259132E-17
8835.13658275314  8.006135E-17
8838.45741831822  6.322359E-17
8841.77825388329  9.367689E-17
8845.09908944837  8.136823E-17
8848.41992501345  7.903292E-17
8851.74076057853  7.545704E-17
8855.06159614361  8.655185E-17
8858.38243170868  7.860562E-17
8861.70326727376  8.389427E-17
8865.02410283884  9.613224E-17
8868.34493840392  8.978821E-17
8871.66577396899  6.062087E-17
8874.98660953407  7.482396E-17
8878.30744509915  8.647109E-17
8881.62828066423  1.005376E-16
8884.9491162293  1.036652E-16
8888.26995179438  9.977701E-17
8891.59078735946  8.226712E-17
8894.91162292454  7.878408E-17
8898.23245848962  8.889462E-17
8901.55329405469  8.063333E-17
8904.87412961977  7.185906E-17
8908.19496518485  6.290640E-17
8911.51580074993  5.237673E-17
8914.836636315  8.206297E-17
8918.15747188008  7.635847E-17
8921.47830744516  6.111140E-17
8924.79914301024  8.847309E-17
8928.11997857531  1.060660E-16
8931.44081414039  8.303932E-17
8934.76164970547  6.978342E-17
8938.08248527055  8.194461E-17
8941.40332083562  8.013732E-17
8944.7241564007  1.003403E-16
8948.04499196578  8.045596E-17
8951.36582753086  4.423329E-17
8954.68666309594  7.076737E-17
8958.00749866101  6.994330E-17
8961.32833422609  7.717129E-17
8964.64916979117  6.980305E-17
8967.97000535625  7.433740E-17
8971.29084092132  6.369602E-17
8974.6116764864  6.348961E-17
8977.93251205148  7.015232E-17
8981.25334761656  7.951352E-17
8984.57418318163  8.654454E-17
8987.89501874671  7.359842E-17
8991.21585431179  6.952781E-17
8994.53668987687  6.533767E-17
8997.85752544194  6.077510E-17
9001.17836100702  5.833508E-17
9004.4991965721  6.152004E-17
9007.82003213718  7.480693E-17
9011.14086770226  7.235475E-17
9014.46170326733  6.135914E-17
9017.78253883241  6.319093E-17
9021.10337439749  7.748950E-17
9024.42420996257  8.067226E-17
9027.74504552765  8.119827E-17
9031.06588109272  7.975134E-17
9034.3867166578  5.794487E-17
9037.70755222288  7.164375E-17
9041.02838778796  5.682667E-17
9044.34922335303  7.550476E-17
9047.67005891811  6.196957E-17
9050.99089448319  6.904314E-17
9054.31173004827  5.642796E-17
9057.63256561334  5.236941E-17
9060.95340117842  6.083780E-17
9064.2742367435  7.362486E-17
9067.59507230858  7.281956E-17
9070.91590787366  7.860237E-17
9074.23674343874  6.975325E-17
9077.55757900381  6.744492E-17
9080.87841456889  5.258529E-17
9084.19925013397  5.372243E-17
9087.52008569905  6.024121E-17
9090.84092126412  7.901986E-17
9094.1617568292  7.217195E-17
9097.48259239428  6.135827E-17
9100.80342795936  5.464733E-17
9104.12426352443  3.865783E-17
9107.44509908951  6.629387E-17
9110.76593465459  6.271905E-17
9114.08677021967  5.837383E-17
9117.40760578474  6.629896E-17
9120.72844134982  8.206545E-17
9124.0492769149  6.002639E-17
9127.37011247998  5.248562E-17
9130.69094804505  4.253227E-17
9134.01178361013  5.022414E-17
9137.33261917521  6.781782E-17
9140.65345474029  8.226655E-17
9143.97429030537  7.894541E-17
9147.29512587044  6.808681E-17
9150.61596143552  5.464926E-17
9153.9367970006  5.967402E-17
9157.25763256568  5.602762E-17
9160.57846813075  6.110864E-17
9163.89930369583  5.784387E-17
9167.22013926091  7.523868E-17
9170.54097482599  6.521648E-17
9173.86181039106  4.574504E-17
9177.18264595614  2.911695E-17
9180.50348152122  4.522602E-17
9183.8243170863  5.808890E-17
9187.14515265137  5.509417E-17
9190.46598821645  5.529927E-17
9193.78682378153  6.324612E-17
9197.10765934661  6.409962E-17
9200.42849491169  5.665418E-17
9203.74933047676  4.980574E-17
9207.07016604184  6.790124E-17
9210.39100160692  6.651025E-17
9213.711837172  5.167800E-17
9217.03267273707  5.116072E-17
9220.35350830215  6.415643E-17
9223.67434386723  5.898435E-17
9226.99517943231  7.487424E-17
9230.31601499739  5.802174E-17
9233.63685056246  6.696364E-17
9236.95768612754  6.500245E-17
9240.27852169262  6.162224E-17
9243.5993572577  6.719115E-17
9246.92019282277  6.117235E-17
9250.24102838785  5.117181E-17
9253.56186395293  6.250447E-17
9256.88269951801  6.497785E-17
9260.20353508308  6.237292E-17
9263.52437064816  4.803800E-17
9266.84520621324  4.925589E-17
9270.16604177832  4.931040E-17
9273.4868773434  5.174290E-17
9276.80771290847  6.438584E-17
9280.12854847355  5.429031E-17
9283.44938403863  4.739463E-17
9286.77021960371  4.451393E-17
9290.09105516878  4.318463E-17
9293.41189073386  5.004165E-17
9296.73272629894  7.303268E-17
9300.05356186402  6.554729E-17
9303.3743974291  4.048637E-17
9306.69523299417  1.855488E-17
9310.01606855925  3.312936E-17
9313.33690412433  4.790315E-17
9316.65773968941  6.635421E-17
9319.97857525449  3.610740E-17
9323.29941081956  3.880698E-17
9326.62024638464  4.473482E-17
9329.94108194972  1.725919E-17
9333.26191751479  2.165525E-17
9336.58275307987  4.881962E-17
9339.90358864495  7.437581E-17
9343.22442421003  7.427821E-17
9346.54525977511  6.727449E-17
9349.86609534018  5.746796E-17
9353.18693090526  4.131151E-17
9356.50776647034  5.190360E-17
9359.82860203542  4.912916E-17
9363.14943760049  4.321941E-17
9366.47027316557  5.539067E-17
9369.79110873065  7.173899E-17
9373.11194429573  7.613454E-17
9376.4327798608  3.763996E-17
9379.75361542588  1.928025E-17
9383.07445099096  4.403669E-17
9386.39528655604  5.781164E-17
9389.71612212112  7.613974E-17
9393.03695768619  7.021844E-17
9396.35779325127  5.462519E-17
9399.67862881635  4.524405E-17
9402.99946438143  4.753731E-17
9406.3202999465  2.637626E-17
9409.64113551158  3.756886E-17
9412.96197107666  4.030730E-17
9416.28280664174  6.081653E-17
9419.60364220681  6.379236E-17
9422.92447777189  6.887124E-17
9426.24531333697  5.964047E-17
9429.56614890205  6.397599E-17
9432.88698446712  5.003419E-17
9436.2078200322  4.089851E-17
9439.52865559728  2.850318E-17
9442.84949116236  2.009285E-17
9446.17032672744  3.201536E-17
9449.49116229251  5.547157E-17
9452.81199785759  7.653305E-17
9456.13283342267  6.195015E-17
9459.45366898775  6.422299E-17
9462.77450455282  3.159297E-17
9466.0953401179  2.911630E-17
9469.41617568298  3.374282E-17
9472.73701124806  5.029970E-17
9476.05784681313  5.468269E-17
9479.37868237822  4.064472E-17
9482.69951794329  6.252603E-17
9486.02035350837  7.729135E-17
9489.34118907345  5.091005E-17
9492.66202463852  3.511095E-17
9495.9828602036  2.996970E-17
9499.30369576868  1.611531E-17
9502.62453133376  1.869650E-17
9505.94536689884  3.815743E-17
9509.26620246391  5.728104E-17
9512.58703802899  5.125054E-17
9515.90787359407  4.037198E-17
9519.22870915915  2.661081E-17
9522.54954472422  4.455113E-17
9525.8703802893  2.649445E-17
9529.19121585438  4.116462E-17
9532.51205141946  4.847221E-17
9535.83288698453  4.818555E-17
9539.15372254961  6.680598E-17
9542.47455811469  4.584740E-17
9545.79539367977  4.582992E-17
9549.11622924484  4.335477E-17
9552.43706480992  4.344887E-17
9555.757900375  4.831595E-17
9559.07873594008  4.402742E-17
9562.39957150516  2.878975E-17
9565.72040707023  2.129518E-17
9569.04124263531  4.359819E-17
9572.36207820039  5.673918E-17
9575.68291376547  4.883197E-17
9579.00374933054  5.714496E-17
9582.32458489562  7.375893E-17
9585.6454204607  4.621175E-17
9588.96625602578  4.318902E-17
9592.28709159086  3.159697E-17
9595.60792715593  3.323410E-17
9598.92876272101  5.285204E-17
9602.24959828609  5.952349E-17
9605.57043385117  5.850144E-17
9608.89126941624  5.672213E-17
9612.21210498132  5.803305E-17
9615.5329405464  4.596903E-17
9618.85377611148  5.107625E-17
9622.17461167655  4.470279E-18
9625.49544724163  2.407190E-17
9628.81628280671  2.751042E-17
9632.13711837179  5.139453E-17
9635.45795393686  5.580763E-17
9638.77878950194  4.557808E-17
9642.09962506702  5.460754E-17
9645.4204606321  7.894841E-17
9648.74129619717  4.594816E-17
9652.06213176225  4.178348E-17
9655.38296732733  3.938370E-17
9658.70380289241  3.310299E-17
9662.02463845749  3.396944E-17
9665.34547402256  2.576111E-17
9668.66630958764  3.838823E-17
9671.98714515272  5.738978E-17
9675.3079807178  5.874704E-17
9678.62881628288  5.512130E-17
9681.94965184795  7.109302E-17
9685.27048741303  6.573340E-17
9688.59132297811  5.510143E-17
9691.91215854319  2.449297E-17
9695.23299410826  5.048776E-17
9698.55382967334  5.156522E-17
9701.87466523842  7.814660E-17
9705.1955008035  4.153906E-17
9708.51633636858  4.399488E-17
9711.83717193365  2.953598E-17
9715.15800749873  3.785925E-17
9718.47884306381  4.714611E-17
9721.79967862889  2.961690E-17
9725.12051419396  2.585257E-17
9728.44134975904  6.834495E-17
9731.76218532412  7.199636E-17
9735.0830208892  4.586871E-17
9738.40385645427  3.845738E-17
9741.72469201935  5.148676E-17
9745.04552758443  3.539550E-17
9748.36636314951  2.455723E-17
9751.68719871459  2.160800E-17
9755.00803427966  7.157866E-17
9758.32886984474  7.258014E-17
9761.64970540982  6.027959E-17
9764.9705409749  4.745013E-17
9768.29137653997  7.005833E-17
9771.61221210505  7.463718E-17
9774.93304767013  6.088722E-17
9778.25388323521  4.750432E-17
9781.57471880028  3.104893E-17
9784.89555436536  1.977329E-17
9788.21638993044  5.124328E-17
9791.53722549552  7.878978E-17
9794.85806106059  9.376301E-17
9798.17889662567  8.099748E-17
9801.49973219075  6.668606E-17
9804.82056775583  7.001782E-17
9808.14140332091  4.946573E-17
9811.46223888598  1.282910E-17
9814.78307445106  1.985104E-17
9818.10391001614  4.630460E-17
9821.42474558122  5.855799E-17
9824.74558114629  9.738865E-17
9828.06641671137  8.921605E-17
9831.38725227645  4.399988E-17
9834.70808784153  3.633314E-17
9838.0289234066  2.200559E-17
9841.34975897168  6.410888E-18
9844.67059453676  1.932429E-17
9847.99143010184  4.498504E-17
9851.31226566691  8.477196E-17
9854.63310123199  6.487426E-17
9857.95393679707  3.934478E-17
9861.27477236215  3.438749E-17
9864.59560792722  7.208418E-17
9867.9164434923  7.936364E-17
9871.23727905738  6.075762E-17
9874.55811462246  7.105692E-17
9877.87895018754  6.096825E-17
9881.19978575262  3.544062E-17
9884.52062131769  1.888959E-17
9887.84145688277  1.984282E-17
9891.16229244785  5.898095E-17
9894.48312801293  8.771456E-17
9897.803963578  1.068169E-16
9901.12479914308  1.009021E-16
9904.44563470816  6.417036E-17
9907.76647027324  2.529493E-17
9911.08730583832  1.721124E-17
9914.40814140339  3.961186E-17
9917.72897696847  3.826384E-17
9921.04981253355  5.541481E-17
9924.37064809863  6.081255E-17
9927.6914836637  7.605378E-17
9931.01231922878  8.999303E-17
9934.33315479386  8.175744E-17
9937.65399035894  6.925486E-17
9940.97482592402  6.121047E-17
9944.29566148909  9.382303E-17
9947.61649705417  6.764662E-17
9950.93733261925  6.846541E-17
9954.25816818433  1.047210E-16
9957.5790037494  8.182995E-17
9960.89983931448  4.599379E-17
9964.22067487956  1.781902E-17
9967.54151044464  2.189095E-17
9970.86234600971  -3.930945E-17
9974.18318157479  -3.906448E-17
9977.50401713987  -4.173627E-18
9980.82485270495  2.746399E-17
9984.14568827002  8.410684E-17
9987.4665238351  1.039626E-16
9990.78735940018  9.172119E-17
9994.10819496526  7.302335E-17
9997.42903053034  6.967126E-17
10000.7498660954  4.433652E-17
10004.0707016605  3.438156E-17
10007.3915372256  7.179408E-17
10010.7123727906  7.761099E-17
10014.0332083557  1.205467E-16
10017.3540439208  1.290637E-16
10020.6748794859  1.090766E-16
10023.995715051  4.180053E-17
10027.316550616  8.031578E-17
10030.6373861811  7.134995E-17
10033.9582217462  1.051750E-16
10037.2790573113  6.430685E-17
10040.5998928763  9.984586E-17
10043.9207284414  6.048192E-17
10047.2415640065  4.712951E-17
10050.5623995716  4.554828E-17
10053.8832351367  4.488881E-17
10057.2040707017  6.727609E-17
10060.5249062668  3.800248E-17
10063.8457418319  1.837897E-17
10067.166577397  7.432172E-17
10070.487412962  1.181871E-16
10073.8082485271  6.414058E-17
10077.1290840922  2.145716E-17
10080.4499196573  5.563315E-17
10083.7707552224  3.629385E-17
10087.0915907874  -5.656735E-18
10090.4124263525  5.685939E-18
10093.7332619176  3.964332E-17
10097.0540974827  4.625003E-17
10100.3749330477  5.948796E-17
10103.6957686128  3.871793E-17
10107.0166041779  4.927077E-17
10110.337439743  4.850407E-17
10113.6582753081  9.820757E-17
10116.9791108731  7.547301E-17
10120.2999464382  3.571190E-17
10123.6207820033  3.785194E-17
10126.9416175684  6.459312E-17
10130.2624531334  2.666552E-17
10133.5832886985  2.664942E-17
10136.9041242636  8.265617E-17
10140.2249598287  3.144640E-17
10143.5457953938  2.051753E-17
10146.8666309588  1.573844E-17
10150.1874665239  9.323916E-17
10153.508302089  3.365220E-17
10156.8291376541  2.130998E-17
10160.1499732191  9.729301E-18
10163.4708087842  3.401688E-17
10166.7916443493  2.657500E-17
10170.1124799144  5.706488E-17
10173.4333154795  -1.617984E-17
10176.7541510445  4.327282E-17
10180.0749866096  2.320767E-17
10183.3958221747  3.186163E-17
10186.7166577398  4.604776E-17
10190.0374933048  5.559047E-17
10193.3583288699  3.934238E-17
10196.679164435  7.825006E-17
10200.0000000001  4.702356E-17
