3402.43  6.698279E-17
3405.46487340403  9.554291E-17
3408.49974680806  7.437743E-17
3411.53462021209  7.388140E-17
3414.56949361612  8.097187E-17
3417.60436702015  6.121195E-17
3420.63924042418  7.005187E-17
3423.67411382821  7.896557E-17
3426.70898723224  5.218866E-17
3429.74386063627  7.839247E-17
3432.7787340403  6.740275E-17
3435.81360744433  7.682030E-17
3438.84848084836  8.299349E-17
3441.88335425239  6.968561E-17
3444.91822765642  6.836268E-17
3447.95310106045  7.263769E-17
3450.98797446448  4.872692E-17
3454.02284786851  6.917659E-17
3457.05772127254  8.213835E-17
3460.09259467657  6.310920E-17
3463.1274680806  5.444586E-17
3466.16234148463  7.067584E-17
3469.19721488866  9.664011E-17
3472.23208829269  8.726356E-17
3475.26696169672  7.506756E-17
3478.30183510075  5.120511E-17
3481.33670850478  8.214767E-17
3484.37158190881  7.681459E-17
3487.40645531284  8.875811E-17
3490.44132871687  7.455835E-17
3493.4762021209  9.085222E-17
3496.51107552493  9.011668E-17
3499.54594892896  9.604122E-17
3502.58082233299  6.916139E-17
3505.61569573702  5.405040E-17
3508.65056914105  8.068701E-17
3511.68544254508  8.927216E-17
3514.72031594911  8.027780E-17
3517.75518935314  6.287394E-17
3520.79006275717  7.046562E-17
3523.8249361612  7.392043E-17
3526.85980956523  7.886434E-17
3529.89468296926  6.504317E-17
3532.92955637329  9.187674E-17
3535.96442977732  7.732842E-17
3538.99930318135  6.939434E-17
3542.03417658538  6.541427E-17
3545.06904998941  8.363672E-17
3548.10392339344  8.619559E-17
3551.13879679747  6.370586E-17
3554.1736702015  7.997298E-17
3557.20854360553  7.800592E-17
3560.24341700956  6.849266E-17
3563.27829041359  7.739136E-17
3566.31316381762  9.004623E-17
3569.34803722165  8.357624E-17
3572.38291062568  8.013774E-17
3575.41778402971  7.602363E-17
3578.45265743373  7.750502E-17
3581.48753083776  8.008515E-17
3584.52240424179  8.262615E-17
3587.55727764582  7.514262E-17
3590.59215104985  8.456709E-17
3593.62702445388  8.464005E-17
3596.66189785791  7.781191E-17
3599.69677126194  7.830120E-17
3602.73164466597  8.348703E-17
3605.76651807  7.752325E-17
3608.80139147403  6.845411E-17
3611.83626487806  8.902722E-17
3614.87113828209  8.252840E-17
3617.90601168612  9.083797E-17
3620.94088509015  8.042401E-17
3623.97575849418  5.908762E-17
3627.01063189821  6.859546E-17
3630.04550530224  7.912712E-17
3633.08037870627  7.014235E-17
3636.1152521103  6.936920E-17
3639.15012551433  8.102080E-17
3642.18499891836  1.005423E-16
3645.21987232239  7.302119E-17
3648.25474572642  7.237054E-17
3651.28961913045  8.815768E-17
3654.32449253448  7.163634E-17
3657.35936593851  9.875037E-17
3660.39423934254  8.433987E-17
3663.42911274657  7.791890E-17
3666.4639861506  7.281794E-17
3669.49885955463  8.229375E-17
3672.53373295866  7.407729E-17
3675.56860636269  7.490969E-17
3678.60347976672  8.077486E-17
3681.63835317075  7.293162E-17
3684.67322657478  5.896758E-17
3687.70809997881  6.928456E-17
3690.74297338284  7.496364E-17
3693.77784678687  7.454671E-17
3696.8127201909  8.506057E-17
3699.84759359493  8.028096E-17
3702.88246699896  7.586995E-17
3705.91734040299  7.583351E-17
3708.95221380702  7.622199E-17
3711.98708721105  8.489819E-17
3715.02196061508  7.383012E-17
3718.05683401911  7.959794E-17
3721.09170742314  8.501983E-17
3724.12658082717  9.310925E-17
3727.1614542312  7.881804E-17
3730.19632763523  8.381317E-17
3733.23120103926  7.877425E-17
3736.26607444329  8.054596E-17
3739.30094784732  8.337028E-17
3742.33582125135  7.897967E-17
3745.37069465538  7.812964E-17
3748.40556805941  8.151226E-17
3751.44044146344  8.274652E-17
3754.47531486747  8.247631E-17
3757.5101882715  9.054438E-17
3760.54506167553  8.320387E-17
3763.57993507956  8.471771E-17
3766.61480848359  9.015512E-17
3769.64968188762  7.204702E-17
3772.68455529165  7.766417E-17
3775.71942869568  9.431785E-17
3778.75430209971  9.748249E-17
3781.78917550374  8.714172E-17
3784.82404890777  9.178738E-17
3787.8589223118  8.576943E-17
3790.89379571583  8.029415E-17
3793.92866911986  8.401449E-17
3796.96354252389  8.586756E-17
3799.99841592792  9.889861E-17
3803.03328933195  8.164529E-17
3806.06816273598  8.516278E-17
3809.10303614001  8.463747E-17
3812.13790954404  8.186836E-17
3815.17278294807  8.540541E-17
3818.2076563521  8.110891E-17
3821.24252975613  9.392023E-17
3824.27740316016  9.566053E-17
3827.31227656419  9.788244E-17
3830.34714996822  1.148434E-16
3833.38202337225  1.379086E-16
3836.41689677628  1.200941E-16
3839.45177018031  9.335021E-17
3842.48664358434  9.342154E-17
3845.52151698837  1.114268E-16
3848.5563903924  1.035193E-16
3851.59126379643  9.209460E-17
3854.62613720046  8.636855E-17
3857.66101060449  8.733311E-17
3860.69588400852  9.217704E-17
3863.73075741255  9.598573E-17
3866.76563081658  8.296631E-17
3869.80050422061  8.682761E-17
3872.83537762464  9.595328E-17
3875.87025102867  8.716616E-17
3878.9051244327  9.249847E-17
3881.93999783673  9.129340E-17
3884.97487124076  9.631647E-17
3888.00974464479  1.122305E-16
3891.04461804882  9.946970E-17
3894.07949145285  1.021077E-16
3897.11436485687  9.443938E-17
3900.1492382609  9.928647E-17
3903.18411166493  8.683140E-17
3906.21898506896  9.210167E-17
3909.253858473  8.533302E-17
3912.28873187702  1.057377E-16
3915.32360528105  1.111379E-16
3918.35847868508  1.010797E-16
3921.39335208911  1.019813E-16
3924.42822549314  1.024334E-16
3927.46309889717  8.850158E-17
3930.4979723012  8.885188E-17
3933.53284570523  9.434895E-17
3936.56771910926  8.858060E-17
3939.60259251329  9.327934E-17
3942.63746591732  8.703712E-17
3945.67233932135  8.168363E-17
3948.70721272538  9.317435E-17
3951.74208612941  1.044861E-16
3954.77695953344  9.604970E-17
3957.81183293747  1.107004E-16
3960.8467063415  1.037972E-16
3963.88157974553  1.012749E-16
3966.91645314956  1.129055E-16
3969.95132655359  1.127844E-16
3972.98619995762  1.021348E-16
3976.02107336165  1.094124E-16
3979.05594676568  1.104234E-16
3982.09082016971  1.127080E-16
3985.12569357374  1.153709E-16
3988.16056697777  1.032398E-16
3991.1954403818  9.928772E-17
3994.23031378583  9.277124E-17
3997.26518718986  9.238978E-17
4000.30006059389  9.303032E-17
4003.33493399792  9.440048E-17
4006.36980740195  1.034078E-16
4009.40468080598  1.028866E-16
4012.43955421001  1.017822E-16
4015.47442761404  1.064630E-16
4018.50930101807  1.102796E-16
4021.5441744221  1.067188E-16
4024.57904782613  1.069055E-16
4027.61392123016  1.226939E-16
4030.64879463419  1.186874E-16
4033.68366803822  1.209957E-16
4036.71854144225  1.134791E-16
4039.75341484628  9.739870E-17
4042.78828825031  9.423391E-17
4045.82316165434  1.010701E-16
4048.85803505837  1.006048E-16
4051.8929084624  1.047456E-16
4054.92778186643  1.053559E-16
4057.96265527046  1.114330E-16
4060.99752867449  1.127115E-16
4064.03240207852  1.041841E-16
4067.06727548255  1.056068E-16
4070.10214888658  1.118377E-16
4073.13702229061  1.081554E-16
4076.17189569464  8.806883E-17
4079.20676909867  8.339272E-17
4082.2416425027  8.454602E-17
4085.27651590673  9.006881E-17
4088.31138931076  9.402520E-17
4091.34626271479  1.064165E-16
4094.38113611882  1.052192E-16
4097.41600952285  1.049328E-16
4100.45088292688  1.106796E-16
4103.48575633091  1.155564E-16
4106.52062973494  1.188251E-16
4109.55550313897  1.221027E-16
4112.590376543  1.127121E-16
4115.62524994703  1.183561E-16
4118.66012335106  1.152759E-16
4121.69499675509  1.083642E-16
4124.72987015912  1.117659E-16
4127.76474356315  1.210894E-16
4130.79961696718  1.080640E-16
4133.83449037121  1.134023E-16
4136.86936377524  1.240831E-16
4139.90423717927  1.139206E-16
4142.9391105833  1.154837E-16
4145.97398398733  1.149716E-16
4149.00885739136  1.145639E-16
4152.04373079539  1.207797E-16
4155.07860419942  1.164267E-16
4158.11347760345  1.114121E-16
4161.14835100748  1.058074E-16
4164.18322441151  1.131071E-16
4167.21809781554  1.258624E-16
4170.25297121957  1.172154E-16
4173.2878446236  1.149733E-16
4176.32271802763  1.212117E-16
4179.35759143166  1.235758E-16
4182.39246483569  1.254960E-16
4185.42733823972  1.222187E-16
4188.46221164374  1.241883E-16
4191.49708504778  1.270825E-16
4194.53195845181  1.249214E-16
4197.56683185584  1.204372E-16
4200.60170525987  1.204712E-16
4203.6365786639  1.155122E-16
4206.67145206792  1.242050E-16
4209.70632547195  1.217958E-16
4212.74119887598  1.125695E-16
4215.77607228002  1.050356E-16
4218.81094568404  1.079528E-16
4221.84581908808  1.052335E-16
4224.88069249211  1.130540E-16
4227.91556589614  1.138278E-16
4230.95043930016  1.176570E-16
4233.98531270419  1.217867E-16
4237.02018610822  1.257584E-16
4240.05505951225  1.231519E-16
4243.08993291628  1.273465E-16
4246.12480632031  1.182680E-16
4249.15967972434  1.158051E-16
4252.19455312837  1.257782E-16
4255.2294265324  1.258988E-16
4258.26429993643  1.203572E-16
4261.29917334046  1.188094E-16
4264.33404674449  1.227634E-16
4267.36892014852  1.162383E-16
4270.40379355255  1.160548E-16
4273.43866695658  1.243133E-16
4276.47354036061  1.145415E-16
4279.50841376464  1.108947E-16
4282.54328716867  1.232332E-16
4285.5781605727  1.150071E-16
4288.61303397673  1.275704E-16
4291.64790738076  1.223532E-16
4294.68278078479  1.168111E-16
4297.71765418882  1.179867E-16
4300.75252759285  1.257525E-16
4303.78740099688  1.263841E-16
4306.82227440091  1.202448E-16
4309.85714780494  1.187752E-16
4312.89202120897  1.264399E-16
4315.926894613  1.181643E-16
4318.96176801703  1.223279E-16
4321.99664142106  1.271293E-16
4325.03151482509  1.262720E-16
4328.06638822912  1.126735E-16
4331.10126163315  1.261254E-16
4334.13613503718  1.194021E-16
4337.17100844121  1.153008E-16
4340.20588184524  1.107037E-16
4343.24075524927  1.192624E-16
4346.2756286533  1.226721E-16
4349.31050205733  1.105518E-16
4352.34537546136  1.147931E-16
4355.38024886539  1.107464E-16
4358.41512226942  1.166912E-16
4361.44999567345  1.101655E-16
4364.48486907748  1.135506E-16
4367.51974248151  1.120124E-16
4370.55461588554  1.106177E-16
4373.58948928957  1.206931E-16
4376.6243626936  1.217146E-16
4379.65923609763  1.058981E-16
4382.69410950166  1.031531E-16
4385.72898290569  1.150934E-16
4388.76385630972  1.105737E-16
4391.79872971375  1.106707E-16
4394.83360311778  1.094916E-16
4397.86847652181  1.180258E-16
4400.90334992584  1.222211E-16
4403.93822332987  1.255248E-16
4406.9730967339  1.152425E-16
4410.00797013793  1.164534E-16
4413.04284354196  1.254287E-16
4416.07771694599  1.197908E-16
4419.11259035002  1.119612E-16
4422.14746375405  1.197163E-16
4425.18233715808  1.218482E-16
4428.21721056211  1.134503E-16
4431.25208396614  1.179749E-16
4434.28695737017  1.172445E-16
4437.3218307742  1.289365E-16
4440.35670417823  1.341970E-16
4443.39157758226  1.268258E-16
4446.42645098629  1.201616E-16
4449.46132439032  1.188938E-16
4452.49619779435  1.231516E-16
4455.53107119838  1.205584E-16
4458.56594460241  1.135383E-16
4461.60081800644  1.168702E-16
4464.63569141047  1.121966E-16
4467.6705648145  1.239084E-16
4470.70543821853  1.233300E-16
4473.74031162256  1.162307E-16
4476.77518502659  1.212625E-16
4479.81005843062  1.249415E-16
4482.84493183465  1.264441E-16
4485.87980523868  1.378788E-16
4488.91467864271  1.291429E-16
4491.94955204674  1.243503E-16
4494.98442545077  1.255755E-16
4498.01929885479  1.213290E-16
4501.05417225883  1.124353E-16
4504.08904566286  1.172506E-16
4507.12391906689  1.168780E-16
4510.15879247092  1.165412E-16
4513.19366587495  1.106843E-16
4516.22853927898  1.203937E-16
4519.263412683  1.199884E-16
4522.29828608704  1.179823E-16
4525.33315949106  1.254255E-16
4528.36803289509  1.185337E-16
4531.40290629913  1.188359E-16
4534.43777970315  1.128446E-16
4537.47265310718  1.200862E-16
4540.50752651122  1.186872E-16
4543.54239991524  1.178642E-16
4546.57727331928  1.216124E-16
4549.6121467233  1.183889E-16
4552.64702012734  1.184369E-16
4555.68189353136  1.123535E-16
4558.71676693539  1.160821E-16
4561.75164033942  1.219032E-16
4564.78651374346  1.191603E-16
4567.82138714748  1.168825E-16
4570.85626055151  1.203949E-16
4573.89113395554  1.160717E-16
4576.92600735957  1.144157E-16
4579.9608807636  1.152123E-16
4582.99575416763  1.186994E-16
4586.03062757166  1.167947E-16
4589.06550097569  1.236511E-16
4592.10037437972  1.167088E-16
4595.13524778375  1.179511E-16
4598.17012118778  1.218463E-16
4601.20499459181  1.188110E-16
4604.23986799584  1.144554E-16
4607.27474139987  1.172556E-16
4610.3096148039  1.236155E-16
4613.34448820793  1.253776E-16
4616.37936161196  1.328611E-16
4619.41423501599  1.282668E-16
4622.44910842002  1.223018E-16
4625.48398182405  1.281614E-16
4628.51885522808  1.336209E-16
4631.55372863211  1.225512E-16
4634.58860203614  1.328452E-16
4637.62347544017  1.359203E-16
4640.6583488442  1.275956E-16
4643.69322224823  1.303917E-16
4646.72809565226  1.288635E-16
4649.76296905629  1.324285E-16
4652.79784246032  1.314613E-16
4655.83271586435  1.272579E-16
4658.86758926838  1.224175E-16
4661.90246267241  1.233787E-16
4664.93733607644  1.312631E-16
4667.97220948047  1.273363E-16
4671.0070828845  1.283914E-16
4674.04195628853  1.385272E-16
4677.07682969256  1.372646E-16
4680.11170309659  1.389173E-16
4683.14657650062  1.374503E-16
4686.18144990465  1.298407E-16
4689.21632330868  1.405470E-16
4692.25119671271  1.342551E-16
4695.28607011674  1.339463E-16
4698.32094352077  1.226270E-16
4701.3558169248  1.363183E-16
4704.39069032883  1.368478E-16
4707.42556373286  1.211718E-16
4710.46043713689  1.341431E-16
4713.49531054092  1.266024E-16
4716.53018394495  1.305721E-16
4719.56505734898  1.348837E-16
4722.59993075301  1.305961E-16
4725.63480415704  1.303251E-16
4728.66967756107  1.344739E-16
4731.7045509651  1.311923E-16
4734.73942436913  1.359950E-16
4737.77429777316  1.301516E-16
4740.80917117719  1.359488E-16
4743.84404458122  1.275584E-16
4746.87891798525  1.280420E-16
4749.91379138928  1.363782E-16
4752.94866479331  1.346374E-16
4755.98353819734  1.330184E-16
4759.01841160137  1.398108E-16
4762.0532850054  1.457707E-16
4765.08815840943  1.396008E-16
4768.12303181346  1.341062E-16
4771.15790521749  1.347100E-16
4774.19277862152  1.383228E-16
4777.22765202555  1.288460E-16
4780.26252542958  1.351211E-16
4783.29739883361  1.371195E-16
4786.33227223764  1.291901E-16
4789.36714564167  1.359215E-16
4792.4020190457  1.388798E-16
4795.43689244973  1.401299E-16
4798.47176585376  1.321855E-16
4801.50663925779  1.277652E-16
4804.54151266182  1.314913E-16
4807.57638606585  1.250238E-16
4810.61125946988  1.280754E-16
4813.64613287391  1.276646E-16
4816.68100627794  1.245344E-16
4819.71587968197  1.303783E-16
4822.750753086  1.257164E-16
4825.78562649003  1.246219E-16
4828.82049989406  1.310414E-16
4831.85537329809  1.287137E-16
4834.89024670211  1.278933E-16
4837.92512010614  1.286363E-16
4840.95999351018  1.272211E-16
4843.99486691421  1.253222E-16
4847.02974031824  1.243410E-16
4850.06461372227  1.235430E-16
4853.0994871263  1.231059E-16
4856.13436053032  1.272692E-16
4859.16923393436  1.291291E-16
4862.20410733838  1.246815E-16
4865.23898074242  1.248526E-16
4868.27385414644  1.242935E-16
4871.30872755048  1.245580E-16
4874.3436009545  1.248704E-16
4877.37847435853  1.342949E-16
4880.41334776256  1.352193E-16
4883.44822116659  1.200474E-16
4886.48309457062  1.215036E-16
4889.51796797465  1.258503E-16
4892.55284137868  1.311091E-16
4895.58771478271  1.357858E-16
4898.62258818674  1.295073E-16
4901.65746159077  1.379091E-16
4904.6923349948  1.322749E-16
4907.72720839883  1.358647E-16
4910.76208180286  1.363595E-16
4913.79695520689  1.348315E-16
4916.83182861092  1.343343E-16
4919.86670201495  1.416533E-16
4922.90157541898  1.442277E-16
4925.93644882301  1.427066E-16
4928.97132222704  1.417658E-16
4932.00619563107  1.398220E-16
4935.0410690351  1.454127E-16
4938.07594243913  1.456350E-16
4941.11081584316  1.471318E-16
4944.14568924719  1.417677E-16
4947.18056265122  1.514692E-16
4950.21543605525  1.563991E-16
4953.25030945928  1.523918E-16
4956.28518286331  1.521674E-16
4959.32005626734  1.565565E-16
4962.35492967137  1.524430E-16
4965.3898030754  1.536403E-16
4968.42467647943  1.499612E-16
4971.45954988346  1.578320E-16
4974.49442328749  1.531935E-16
4977.52929669152  1.547751E-16
4980.56417009555  1.566879E-16
4983.59904349958  1.589056E-16
4986.63391690361  1.626108E-16
4989.66879030764  1.509156E-16
4992.70366371167  1.588404E-16
4995.7385371157  1.664232E-16
4998.77341051973  1.851921E-16
5001.80828392376  1.807752E-16
5004.84315732779  1.741581E-16
5007.87803073182  1.487159E-16
5010.91290413585  1.505455E-16
5013.94777753988  1.474000E-16
5016.98265094391  1.490391E-16
5020.01752434794  1.504340E-16
5023.05239775197  1.476168E-16
5026.087271156  1.471686E-16
5029.12214456003  1.510017E-16
5032.15701796406  1.476346E-16
5035.19189136809  1.407087E-16
5038.22676477212  1.415606E-16
5041.26163817615  1.459274E-16
5044.29651158018  1.427820E-16
5047.33138498421  1.445799E-16
5050.36625838824  1.426900E-16
5053.40113179227  1.467633E-16
5056.4360051963  1.409519E-16
5059.47087860033  1.394036E-16
5062.50575200436  1.360362E-16
5065.54062540839  1.366621E-16
5068.57549881242  1.379643E-16
5071.61037221645  1.400126E-16
5074.64524562048  1.359786E-16
5077.68011902451  1.287444E-16
5080.71499242854  1.293560E-16
5083.74986583257  1.296310E-16
5086.7847392366  1.319837E-16
5089.81961264063  1.340535E-16
5092.85448604466  1.295802E-16
5095.88935944869  1.271577E-16
5098.92423285272  1.339780E-16
5101.95910625675  1.339868E-16
5104.99397966078  1.291083E-16
5108.02885306481  1.305802E-16
5111.06372646884  1.290896E-16
5114.09859987287  1.319688E-16
5117.1334732769  1.340662E-16
5120.16834668093  1.336531E-16
5123.20322008496  1.326428E-16
5126.23809348899  1.374094E-16
5129.27296689302  1.356090E-16
5132.30784029705  1.376864E-16
5135.34271370108  1.439722E-16
5138.37758710511  1.393986E-16
5141.41246050914  1.377497E-16
5144.44733391317  1.364075E-16
5147.4822073172  1.371951E-16
5150.51708072123  1.497010E-16
5153.55195412526  1.501792E-16
5156.58682752929  1.342352E-16
5159.62170093332  1.278066E-16
5162.65657433735  1.434378E-16
5165.69144774138  1.386489E-16
5168.72632114541  1.400405E-16
5171.76119454944  1.385474E-16
5174.79606795347  1.422555E-16
5177.83094135749  1.437124E-16
5180.86581476153  1.374737E-16
5183.90068816556  1.352138E-16
5186.93556156958  1.383890E-16
5189.97043497362  1.393616E-16
5193.00530837765  1.382494E-16
5196.04018178168  1.310924E-16
5199.0750551857  1.320960E-16
5202.10992858974  1.381651E-16
5205.14480199376  1.364185E-16
5208.17967539779  1.270008E-16
5211.21454880182  1.218074E-16
5214.24942220586  1.298441E-16
5217.28429560988  1.251489E-16
5220.31916901391  1.200030E-16
5223.35404241794  1.231089E-16
5226.38891582197  1.289044E-16
5229.423789226  1.239889E-16
5232.45866263003  1.197532E-16
5235.49353603406  1.203741E-16
5238.52840943809  1.188092E-16
5241.56328284212  1.262978E-16
5244.59815624615  1.217838E-16
5247.63302965018  1.169056E-16
5250.66790305421  1.195908E-16
5253.70277645824  1.197396E-16
5256.73764986227  1.178783E-16
5259.7725232663  1.196861E-16
5262.80739667033  1.260396E-16
5265.84227007436  1.232931E-16
5268.87714347839  1.192813E-16
5271.91201688242  1.238718E-16
5274.94689028645  1.275728E-16
5277.98176369048  1.222706E-16
5281.01663709451  1.303441E-16
5284.05151049854  1.284430E-16
5287.08638390257  1.323100E-16
5290.1212573066  1.308821E-16
5293.15613071063  1.296496E-16
5296.19100411466  1.276112E-16
5299.22587751869  1.226683E-16
5302.26075092272  1.344712E-16
5305.29562432675  1.308952E-16
5308.33049773078  1.267114E-16
5311.36537113481  1.283627E-16
5314.40024453884  1.222497E-16
5317.43511794287  1.257658E-16
5320.4699913469  1.274182E-16
5323.50486475093  1.240511E-16
5326.53973815496  1.318188E-16
5329.57461155899  1.318269E-16
5332.60948496302  1.284199E-16
5335.64435836705  1.291497E-16
5338.67923177108  1.308420E-16
5341.71410517511  1.355086E-16
5344.74897857914  1.308651E-16
5347.78385198317  1.377735E-16
5350.8187253872  1.373475E-16
5353.85359879123  1.304159E-16
5356.88847219526  1.312082E-16
5359.92334559929  1.260712E-16
5362.95821900332  1.379948E-16
5365.99309240735  1.371074E-16
5369.02796581138  1.361899E-16
5372.06283921541  1.355672E-16
5375.09771261944  1.374283E-16
5378.13258602347  1.347457E-16
5381.1674594275  1.368272E-16
5384.20233283153  1.380075E-16
5387.23720623556  1.411179E-16
5390.27207963959  1.370950E-16
5393.30695304362  1.435716E-16
5396.34182644765  1.339125E-16
5399.37669985168  1.364541E-16
5402.41157325571  1.401616E-16
5405.44644665974  1.334730E-16
5408.48132006377  1.395841E-16
5411.5161934678  1.381764E-16
5414.55106687183  1.383154E-16
5417.58594027586  1.368224E-16
5420.62081367989  1.342877E-16
5423.65568708392  1.351463E-16
5426.69056048795  1.389098E-16
5429.72543389198  1.379080E-16
5432.76030729601  1.312626E-16
5435.79518070004  1.327489E-16
5438.83005410407  1.393910E-16
5441.8649275081  1.401069E-16
5444.89980091213  1.367012E-16
5447.93467431616  1.376141E-16
5450.96954772019  1.344001E-16
5454.00442112422  1.365281E-16
5457.03929452825  1.383668E-16
5460.07416793228  1.441724E-16
5463.10904133631  1.435288E-16
5466.14391474034  1.447515E-16
5469.17878814437  1.416491E-16
5472.2136615484  1.411502E-16
5475.24853495243  1.396479E-16
5478.28340835646  1.408295E-16
5481.31828176049  1.351926E-16
5484.35315516451  1.393875E-16
5487.38802856854  1.366381E-16
5490.42290197258  1.407915E-16
5493.45777537661  1.356133E-16
5496.49264878064  1.336359E-16
5499.52752218467  1.343295E-16
5502.5623955887  1.353141E-16
5505.59726899272  1.312655E-16
5508.63214239675  1.464934E-16
5511.66701580078  1.447928E-16
5514.70188920481  1.346019E-16
5517.73676260884  1.335431E-16
5520.77163601287  1.373087E-16
5523.8065094169  1.280242E-16
5526.84138282093  1.277212E-16
5529.87625622496  1.366744E-16
5532.911129629  1.381065E-16
5535.94600303302  1.389531E-16
5538.98087643705  1.340135E-16
5542.01574984108  1.377274E-16
5545.05062324511  1.378469E-16
5548.08549664914  1.312838E-16
5551.12037005318  1.339909E-16
5554.1552434572  1.302932E-16
5557.19011686123  1.220177E-16
5560.22499026526  1.288936E-16
5563.25986366929  1.283655E-16
5566.29473707332  1.351584E-16
5569.32961047735  1.352829E-16
5572.36448388138  1.237182E-16
5575.39935728541  1.218835E-16
5578.43423068944  1.301209E-16
5581.46910409347  1.451059E-16
5584.5039774975  1.287687E-16
5587.53885090153  1.236816E-16
5590.57372430556  1.250528E-16
5593.60859770959  1.226115E-16
5596.64347111362  1.262671E-16
5599.67834451765  1.299190E-16
5602.71321792168  1.315886E-16
5605.74809132571  1.226624E-16
5608.78296472974  1.269297E-16
5611.81783813377  1.204221E-16
5614.8527115378  1.214145E-16
5617.88758494183  1.293509E-16
5620.92245834586  1.323825E-16
5623.95733174989  1.372776E-16
5626.99220515392  1.282438E-16
5630.02707855795  1.243414E-16
5633.06195196198  1.264489E-16
5636.09682536601  1.245639E-16
5639.13169877004  1.296687E-16
5642.16657217407  1.328680E-16
5645.2014455781  1.256268E-16
5648.23631898213  1.271836E-16
5651.27119238616  1.354599E-16
5654.30606579019  1.317808E-16
5657.34093919422  1.341644E-16
5660.37581259825  1.316303E-16
5663.41068600228  1.310985E-16
5666.44555940631  1.336550E-16
5669.48043281034  1.283858E-16
5672.51530621437  1.270713E-16
5675.5501796184  1.331243E-16
5678.58505302243  1.316889E-16
5681.61992642646  1.377263E-16
5684.65479983049  1.349269E-16
5687.68967323452  1.318636E-16
5690.72454663855  1.315300E-16
5693.75942004258  1.339407E-16
5696.79429344661  1.323483E-16
5699.82916685064  1.291821E-16
5702.86404025467  1.271292E-16
5705.8989136587  1.277402E-16
5708.93378706273  1.234028E-16
5711.96866046676  1.243408E-16
5715.00353387079  1.217330E-16
5718.03840727482  1.261649E-16
5721.07328067885  1.281864E-16
5724.10815408288  1.246608E-16
5727.14302748691  1.196995E-16
5730.17790089094  1.174331E-16
5733.21277429497  1.273381E-16
5736.247647699  1.260266E-16
5739.28252110303  1.236449E-16
5742.31739450706  1.227853E-16
5745.35226791109  1.190991E-16
5748.38714131512  1.148940E-16
5751.42201471915  1.194199E-16
5754.45688812318  1.242244E-16
5757.49176152721  1.194167E-16
5760.52663493124  1.196006E-16
5763.56150833527  1.226420E-16
5766.5963817393  1.206841E-16
5769.63125514333  1.262885E-16
5772.66612854736  1.222095E-16
5775.70100195139  1.179849E-16
5778.73587535542  1.198005E-16
5781.77074875945  1.202182E-16
5784.80562216348  1.248917E-16
5787.8404955675  1.263272E-16
5790.87536897154  1.302156E-16
5793.91024237557  1.288098E-16
5796.9451157796  1.245295E-16
5799.97998918362  1.308190E-16
5803.01486258766  1.272468E-16
5806.04973599169  1.299313E-16
5809.08460939572  1.314381E-16
5812.11948279975  1.271873E-16
5815.15435620378  1.250535E-16
5818.1892296078  1.301892E-16
5821.22410301184  1.269412E-16
5824.25897641586  1.258818E-16
5827.29384981989  1.279822E-16
5830.32872322392  1.302169E-16
5833.36359662795  1.307715E-16
5836.39847003198  1.301879E-16
5839.43334343602  1.286123E-16
5842.46821684005  1.267552E-16
5845.50309024407  1.245345E-16
5848.5379636481  1.299448E-16
5851.57283705213  1.296550E-16
5854.60771045616  1.272289E-16
5857.64258386019  1.289494E-16
5860.67745726422  1.264273E-16
5863.71233066825  1.275198E-16
5866.74720407228  1.251639E-16
5869.78207747631  1.241811E-16
5872.81695088034  1.286266E-16
5875.85182428437  1.248363E-16
5878.8866976884  1.260274E-16
5881.92157109243  1.258743E-16
5884.95644449646  1.265135E-16
5887.99131790049  1.283145E-16
5891.02619130452  1.237570E-16
5894.06106470855  1.271079E-16
5897.09593811258  1.277780E-16
5900.13081151661  1.334812E-16
5903.16568492064  1.299999E-16
5906.20055832467  1.266094E-16
5909.2354317287  1.195546E-16
5912.27030513273  1.240618E-16
5915.30517853676  1.343941E-16
5918.34005194079  1.438344E-16
5921.37492534482  1.387744E-16
5924.40979874885  1.317973E-16
5927.44467215288  1.207765E-16
5930.47954555691  1.168595E-16
5933.51441896094  1.204185E-16
5936.54929236497  1.160957E-16
5939.584165769  1.166139E-16
5942.61903917303  1.195066E-16
5945.65391257706  1.158322E-16
5948.68878598109  1.196260E-16
5951.72365938512  1.165733E-16
5954.75853278915  1.155982E-16
5957.79340619318  1.204506E-16
5960.82827959721  1.187838E-16
5963.86315300124  1.187822E-16
5966.89802640527  1.213639E-16
5969.9328998093  1.154564E-16
5972.96777321333  1.182301E-16
5976.00264661736  1.222999E-16
5979.03752002139  1.157923E-16
5982.07239342542  1.153794E-16
5985.10726682945  1.239791E-16
5988.14214023348  1.271297E-16
5991.17701363751  1.237129E-16
5994.21188704154  1.253626E-16
5997.24676044557  1.302981E-16
6000.2816338496  1.321375E-16
6003.31650725363  1.293256E-16
6006.35138065766  1.355631E-16
6009.38625406169  1.343473E-16
6012.42112746572  1.322626E-16
6015.45600086975  1.319353E-16
6018.49087427378  1.306017E-16
6021.52574767781  1.316715E-16
6024.56062108184  1.328613E-16
6027.59549448587  1.282130E-16
6030.6303678899  1.350568E-16
6033.66524129393  1.331855E-16
6036.70011469796  1.279151E-16
6039.73498810199  1.268882E-16
6042.76986150602  1.330130E-16
6045.80473491005  1.371515E-16
6048.83960831408  1.406096E-16
6051.87448171811  1.329887E-16
6054.90935512214  1.240687E-16
6057.94422852617  1.207498E-16
6060.9791019302  1.191625E-16
6064.01397533423  1.201851E-16
6067.04884873826  1.316144E-16
6070.08372214229  1.366197E-16
6073.11859554632  1.368066E-16
6076.15346895035  1.390173E-16
6079.18834235438  1.450340E-16
6082.22321575841  1.354142E-16
6085.25808916244  1.358719E-16
6088.29296256647  1.383453E-16
6091.3278359705  1.348178E-16
6094.36270937453  1.317638E-16
6097.39758277856  1.302709E-16
6100.43245618259  1.330085E-16
6103.46732958662  1.334012E-16
6106.50220299064  1.306541E-16
6109.53707639468  1.323129E-16
6112.5719497987  1.329153E-16
6115.60682320274  1.297409E-16
6118.64169660677  1.288586E-16
6121.6765700108  1.259566E-16
6124.71144341482  1.265376E-16
6127.74631681886  1.239376E-16
6130.78119022289  1.255100E-16
6133.81606362692  1.308511E-16
6136.85093703094  1.296256E-16
6139.88581043497  1.232067E-16
6142.920683839  1.274300E-16
6145.95555724303  1.286503E-16
6148.99043064707  1.314198E-16
6152.02530405109  1.256709E-16
6155.06017745512  1.244188E-16
6158.09505085915  1.274682E-16
6161.12992426319  1.292257E-16
6164.16479766721  1.263728E-16
6167.19967107124  1.200535E-16
6170.23454447527  1.233486E-16
6173.2694178793  1.285662E-16
6176.30429128333  1.245091E-16
6179.33916468737  1.208851E-16
6182.37403809139  1.189808E-16
6185.40891149542  1.251341E-16
6188.44378489945  1.156949E-16
6191.47865830348  1.199849E-16
6194.51353170751  1.317264E-16
6197.54840511154  1.269015E-16
6200.58327851557  1.260349E-16
6203.6181519196  1.301487E-16
6206.65302532363  1.233312E-16
6209.68789872766  1.203247E-16
6212.72277213169  1.286684E-16
6215.75764553572  1.201542E-16
6218.79251893975  1.232416E-16
6221.82739234378  1.283829E-16
6224.86226574781  1.278949E-16
6227.89713915184  1.231150E-16
6230.93201255587  1.167157E-16
6233.9668859599  1.215026E-16
6237.00175936393  1.270296E-16
6240.03663276796  1.222262E-16
6243.07150617199  1.224784E-16
6246.10637957602  1.267001E-16
6249.14125298005  1.267223E-16
6252.17612638408  1.218654E-16
6255.21099978811  1.199312E-16
6258.24587319214  1.204922E-16
6261.28074659617  1.271543E-16
6264.3156200002  1.273571E-16
6267.35049340423  1.144587E-16
6270.38536680826  1.233317E-16
6273.42024021229  1.262518E-16
6276.45511361632  1.222139E-16
6279.48998702035  1.212429E-16
6282.52486042438  1.218624E-16
6285.55973382841  1.236033E-16
6288.59460723244  1.286233E-16
6291.62948063647  1.216232E-16
6294.6643540405  1.180683E-16
6297.69922744453  1.211234E-16
6300.73410084856  1.133274E-16
6303.76897425259  1.185205E-16
6306.80384765662  1.253816E-16
6309.83872106065  1.311522E-16
6312.87359446468  1.204489E-16
6315.90846786871  1.285255E-16
6318.94334127274  1.270020E-16
6321.97821467677  1.196530E-16
6325.0130880808  1.198260E-16
6328.04796148483  1.178117E-16
6331.08283488886  1.168731E-16
6334.11770829289  1.087402E-16
6337.15258169692  1.127886E-16
6340.18745510095  1.148358E-16
6343.22232850498  1.203295E-16
6346.25720190901  1.167884E-16
6349.29207531304  1.169683E-16
6352.32694871707  1.117929E-16
6355.3618221211  1.227185E-16
6358.39669552513  1.243188E-16
6361.43156892916  1.190138E-16
6364.46644233319  1.218361E-16
6367.50131573722  1.144695E-16
6370.53618914125  1.153291E-16
6373.57106254528  1.128805E-16
6376.60593594931  1.162660E-16
6379.64080935334  1.166790E-16
6382.67568275737  1.176761E-16
6385.7105561614  1.249995E-16
6388.74542956543  1.215270E-16
6391.78030296946  1.189146E-16
6394.81517637349  1.151996E-16
6397.85004977752  1.131602E-16
6400.88492318155  1.157014E-16
6403.91979658558  1.085889E-16
6406.95466998961  1.209112E-16
6409.98954339364  1.207639E-16
6413.02441679767  1.137302E-16
6416.0592902017  1.172774E-16
6419.09416360573  1.218692E-16
6422.12903700976  1.255684E-16
6425.16391041379  1.191942E-16
6428.19878381782  1.206866E-16
6431.23365722185  1.242844E-16
6434.26853062587  1.169883E-16
6437.30340402991  1.173652E-16
6440.33827743394  1.191094E-16
6443.37315083797  1.154810E-16
6446.408024242  1.109045E-16
6449.44289764603  1.155632E-16
6452.47777105006  1.179665E-16
6455.51264445408  1.214872E-16
6458.54751785812  1.157285E-16
6461.58239126214  1.119296E-16
6464.61726466617  1.172727E-16
6467.65213807021  1.169382E-16
6470.68701147424  1.217366E-16
6473.72188487826  1.165387E-16
6476.75675828229  1.197068E-16
6479.79163168632  1.228696E-16
6482.82650509035  1.237124E-16
6485.86137849438  1.272489E-16
6488.89625189841  1.266728E-16
6491.93112530244  1.210434E-16
6494.96599870647  1.236729E-16
6498.0008721105  1.229212E-16
6501.03574551453  1.231331E-16
6504.07061891856  1.240822E-16
6507.10549232259  1.264986E-16
6510.14036572662  1.188956E-16
6513.17523913065  1.190386E-16
6516.21011253468  1.195159E-16
6519.24498593871  1.125748E-16
6522.27985934274  1.158825E-16
6525.31473274677  1.213299E-16
6528.3496061508  1.224525E-16
6531.38447955483  1.208367E-16
6534.41935295886  1.159539E-16
6537.45422636289  1.299974E-16
6540.48909976692  1.272483E-16
6543.52397317095  1.193446E-16
6546.55884657498  1.253018E-16
6549.59371997901  1.312760E-16
6552.62859338304  1.298196E-16
6555.66346678707  1.242207E-16
6558.6983401911  1.296869E-16
6561.73321359513  1.307321E-16
6564.76808699916  1.172608E-16
6567.80296040319  1.295232E-16
6570.83783380722  1.365235E-16
6573.87270721125  1.230002E-16
6576.90758061528  1.260503E-16
6579.94245401931  1.275107E-16
6582.97732742334  1.292817E-16
6586.01220082737  1.283785E-16
6589.0470742314  1.285711E-16
6592.08194763543  1.361853E-16
6595.11682103946  1.340791E-16
6598.15169444349  1.383331E-16
6601.18656784752  1.326272E-16
6604.22144125155  1.282156E-16
6607.25631465558  1.419130E-16
6610.29118805961  1.363651E-16
6613.32606146364  1.377300E-16
6616.36093486767  1.392603E-16
6619.3958082717  1.513568E-16
6622.43068167573  1.483541E-16
6625.46555507976  1.512011E-16
6628.50042848379  1.522103E-16
6631.53530188782  1.487246E-16
6634.57017529185  1.480458E-16
6637.60504869588  1.541322E-16
6640.63992209991  1.649183E-16
6643.67479550394  1.722786E-16
6646.70966890797  1.652099E-16
6649.744542312  1.608767E-16
6652.77941571603  1.696952E-16
6655.81428912006  1.728970E-16
6658.84916252409  1.695143E-16
6661.88403592812  1.796605E-16
6664.91890933215  1.915406E-16
6667.95378273618  1.980148E-16
6670.98865614021  1.823111E-16
6674.02352954424  1.828173E-16
6677.05840294827  1.912702E-16
6680.0932763523  1.856569E-16
6683.12814975633  1.876913E-16
6686.16302316036  1.931705E-16
6689.19789656439  1.862818E-16
6692.23276996842  1.921211E-16
6695.26764337245  1.832893E-16
6698.30251677648  1.920686E-16
6701.33739018051  2.023900E-16
6704.37226358454  1.984207E-16
6707.40713698857  2.035918E-16
6710.4420103926  1.993215E-16
6713.47688379663  2.064675E-16
6716.51175720066  1.955228E-16
6719.54663060469  2.075668E-16
6722.58150400872  2.112168E-16
6725.61637741275  2.026085E-16
6728.65125081678  2.197680E-16
6731.68612422081  2.345418E-16
6734.72099762484  2.463391E-16
6737.75587102887  2.483468E-16
6740.7907444329  2.521757E-16
6743.82561783693  2.654180E-16
6746.86049124096  3.377416E-16
6749.89536464499  4.476220E-16
6752.93023804902  4.357616E-16
6755.96511145305  3.045733E-16
6758.99998485708  2.381191E-16
6762.03485826111  2.198845E-16
6765.06973166513  2.111515E-16
6768.10460506917  2.233832E-16
6771.13947847319  2.503058E-16
6774.17435187723  2.333139E-16
6777.20922528125  2.042246E-16
6780.24409868528  1.781221E-16
6783.27897208932  1.643460E-16
6786.31384549334  1.644911E-16
6789.34871889738  1.690554E-16
6792.3835923014  1.685329E-16
6795.41846570543  1.569252E-16
6798.45333910946  1.529112E-16
6801.48821251349  1.565755E-16
6804.52308591752  1.518410E-16
6807.55795932156  1.415900E-16
6810.59283272558  1.527008E-16
6813.62770612961  1.505407E-16
6816.66257953364  1.520295E-16
6819.69745293767  1.455692E-16
6822.7323263417  1.379081E-16
6825.76719974573  1.414010E-16
6828.80207314976  1.416994E-16
6831.83694655379  1.337945E-16
6834.87181995782  1.372264E-16
6837.90669336185  1.372503E-16
6840.94156676588  1.402351E-16
6843.97644016991  1.385369E-16
6847.01131357394  1.402891E-16
6850.04618697797  1.313796E-16
6853.081060382  1.346342E-16
6856.11593378603  1.231747E-16
6859.15080719006  1.242103E-16
6862.18568059409  1.332597E-16
6865.22055399812  1.245950E-16
6868.25542740215  1.199116E-16
6871.29030080618  1.265238E-16
6874.32517421021  1.435774E-16
6877.36004761424  1.399650E-16
6880.39492101827  1.251159E-16
6883.4297944223  1.328894E-16
6886.46466782633  1.358446E-16
6889.49954123036  1.361335E-16
6892.53441463439  1.311590E-16
6895.56928803842  1.296083E-16
6898.60416144245  1.327010E-16
6901.63903484648  1.271326E-16
6904.67390825051  1.236607E-16
6907.70878165454  1.466589E-16
6910.74365505857  1.460828E-16
6913.7785284626  1.348653E-16
6916.81340186663  1.252470E-16
6919.84827527066  1.310897E-16
6922.88314867469  1.360673E-16
6925.91802207872  1.359956E-16
6928.95289548275  1.230144E-16
6931.98776888678  1.217517E-16
6935.02264229081  1.196837E-16
6938.05751569484  1.094276E-16
6941.09238909887  1.213192E-16
6944.1272625029  1.208226E-16
6947.16213590693  1.150795E-16
6950.19700931096  1.166536E-16
6953.23188271499  1.182484E-16
6956.26675611902  1.204420E-16
6959.30162952305  1.167437E-16
6962.33650292708  1.248333E-16
6965.37137633111  1.220165E-16
6968.40624973514  1.170880E-16
6971.44112313917  1.159426E-16
6974.4759965432  1.212166E-16
6977.51086994723  1.229196E-16
6980.54574335126  1.112032E-16
6983.58061675529  1.182182E-16
6986.61549015932  1.240215E-16
6989.65036356335  1.151570E-16
6992.68523696738  1.174903E-16
6995.72011037141  1.184354E-16
6998.75498377544  1.186699E-16
7001.78985717947  1.185684E-16
7004.8247305835  1.263867E-16
7007.85960398753  1.196138E-16
7010.89447739156  1.228427E-16
7013.92935079559  1.157340E-16
7016.96422419962  1.166411E-16
7019.99909760365  1.132459E-16
7023.03397100768  1.116252E-16
7026.06884441171  1.141940E-16
7029.10371781574  1.107941E-16
7032.13859121977  1.189144E-16
7035.1734646238  1.195520E-16
7038.20833802783  1.076707E-16
7041.24321143186  1.051129E-16
7044.27808483589  1.098214E-16
7047.31295823992  1.141117E-16
7050.34783164395  1.154163E-16
7053.38270504798  1.137923E-16
7056.41757845201  1.120552E-16
7059.45245185603  1.152971E-16
7062.48732526007  1.162147E-16
7065.5221986641  1.136466E-16
7068.55707206813  1.055371E-16
7071.59194547216  1.106346E-16
7074.62681887619  1.185580E-16
7077.66169228022  1.090472E-16
7080.69656568425  1.108546E-16
7083.73143908828  1.109495E-16
7086.76631249231  1.144800E-16
7089.80118589633  1.135058E-16
7092.83605930037  1.090979E-16
7095.8709327044  1.133100E-16
7098.90580610843  1.153292E-16
7101.94067951245  1.075481E-16
7104.97555291648  1.069028E-16
7108.01042632051  1.126658E-16
7111.04529972454  1.099245E-16
7114.08017312857  1.192822E-16
7117.1150465326  1.110261E-16
7120.14991993663  1.096101E-16
7123.18479334066  1.157099E-16
7126.21966674469  1.130005E-16
7129.25454014872  1.070652E-16
7132.28941355275  1.156529E-16
7135.32428695678  1.132699E-16
7138.35916036081  1.049331E-16
7141.39403376484  1.157169E-16
7144.42890716887  1.098725E-16
7147.4637805729  1.044828E-16
7150.49865397693  1.059855E-16
7153.53352738096  1.089390E-16
7156.56840078499  1.161994E-16
7159.60327418902  1.172654E-16
7162.63814759305  1.090547E-16
7165.67302099708  1.106192E-16
7168.70789440111  1.159282E-16
7171.74276780514  1.219644E-16
7174.77764120917  1.133471E-16
7177.8125146132  1.148885E-16
7180.84738801723  1.114456E-16
7183.88226142126  1.047812E-16
7186.91713482529  1.176855E-16
7189.95200822932  1.147613E-16
7192.98688163335  1.084880E-16
7196.02175503738  1.105851E-16
7199.05662844141  1.196083E-16
7202.09150184544  1.137188E-16
7205.12637524947  1.157890E-16
7208.1612486535  1.156938E-16
7211.19612205753  1.180055E-16
7214.23099546156  1.167655E-16
7217.26586886559  1.171909E-16
7220.30074226962  1.249899E-16
7223.33561567365  1.042359E-16
7226.37048907768  1.051284E-16
7229.40536248171  1.214973E-16
7232.44023588574  1.203045E-16
7235.47510928977  1.152572E-16
7238.5099826938  1.122745E-16
7241.54485609783  1.259401E-16
7244.57972950186  1.335127E-16
7247.61460290589  1.062209E-16
7250.64947630992  1.211107E-16
7253.68434971395  1.192075E-16
7256.71922311798  1.234227E-16
7259.75409652201  1.100685E-16
7262.78896992604  1.114246E-16
7265.82384333007  1.162825E-16
7268.8587167341  1.207433E-16
7271.89359013813  1.141887E-16
7274.92846354216  1.008838E-16
7277.96333694619  1.061838E-16
7280.99821035022  1.215618E-16
7284.03308375425  1.077776E-16
7287.06795715828  1.048779E-16
7290.10283056231  1.081272E-16
7293.13770396634  1.071028E-16
7296.17257737037  1.098573E-16
7299.2074507744  1.136985E-16
7302.24232417843  1.171267E-16
7305.27719758246  1.128094E-16
7308.31207098649  1.074659E-16
7311.34694439052  1.110951E-16
7314.38181779455  1.115664E-16
7317.41669119858  1.025955E-16
7320.45156460261  1.085281E-16
7323.48643800664  1.152747E-16
7326.52131141067  1.096496E-16
7329.5561848147  9.351581E-17
7332.59105821873  1.074362E-16
7335.62593162276  9.475348E-17
7338.66080502679  1.011375E-16
7341.69567843082  1.067781E-16
7344.73055183485  1.150514E-16
7347.76542523888  1.148923E-16
7350.80029864291  9.933730E-17
7353.83517204694  1.123867E-16
7356.87004545097  1.154760E-16
7359.904918855  1.046467E-16
7362.93979225903  1.110839E-16
7365.97466566306  1.074037E-16
7369.00953906708  1.052210E-16
7372.04441247112  1.174003E-16
7375.07928587515  1.098604E-16
7378.11415927918  1.026336E-16
7381.14903268321  1.078619E-16
7384.18390608724  1.086699E-16
7387.21877949127  1.082534E-16
7390.2536528953  1.096697E-16
7393.28852629933  1.071559E-16
7396.32339970335  1.083510E-16
7399.35827310738  1.074634E-16
7402.39314651141  1.019330E-16
7405.42801991545  1.171684E-16
7408.46289331948  1.083018E-16
7411.4977667235  1.040252E-16
7414.53264012753  1.112438E-16
7417.56751353157  1.076728E-16
7420.60238693559  1.154197E-16
7423.63726033962  1.157236E-16
7426.67213374365  1.086344E-16
7429.70700714768  1.064867E-16
7432.74188055171  1.065625E-16
7435.77675395575  1.090715E-16
7438.81162735977  1.143718E-16
7441.8465007638  1.220141E-16
7444.88137416783  1.072620E-16
7447.91624757186  1.116252E-16
7450.95112097589  1.088127E-16
7453.98599437992  1.015179E-16
7457.02086778395  1.000861E-16
7460.05574118798  1.088752E-16
7463.09061459201  1.058806E-16
7466.12548799604  1.098831E-16
7469.16036140007  1.117509E-16
7472.1952348041  1.024055E-16
7475.23010820813  1.060007E-16
7478.26498161216  1.141835E-16
7481.29985501619  1.044863E-16
7484.33472842022  1.091478E-16
7487.36960182425  1.161053E-16
7490.40447522828  1.134373E-16
7493.43934863231  1.093103E-16
7496.47422203634  1.118189E-16
7499.50909544037  1.173760E-16
7502.5439688444  1.197663E-16
7505.57884224843  1.100773E-16
7508.61371565246  1.068312E-16
7511.64858905649  1.098426E-16
7514.68346246052  1.105433E-16
7517.71833586455  1.014845E-16
7520.75320926858  1.095531E-16
7523.78808267261  1.048728E-16
7526.82295607664  1.141883E-16
7529.85782948067  1.301847E-16
7532.8927028847  1.244217E-16
7535.92757628873  1.167255E-16
7538.96244969276  1.132458E-16
7541.99732309679  1.183243E-16
7545.03219650082  1.124207E-16
7548.06706990485  1.066979E-16
7551.10194330888  1.021269E-16
7554.13681671291  1.087314E-16
7557.17169011694  1.146939E-16
7560.20656352097  1.001699E-16
7563.241436925  1.159706E-16
7566.27631032903  1.100109E-16
7569.31118373306  1.069828E-16
7572.34605713709  1.132680E-16
7575.38093054112  1.069857E-16
7578.41580394515  1.034283E-16
7581.45067734918  1.146518E-16
7584.48555075321  1.087875E-16
7587.52042415724  1.187149E-16
7590.55529756127  1.131396E-16
7593.5901709653  9.997012E-17
7596.62504436933  1.052315E-16
7599.65991777336  9.959857E-17
7602.69479117739  9.763282E-17
7605.72966458142  9.559363E-17
7608.76453798545  1.061411E-16
7611.79941138948  1.180158E-16
7614.83428479351  1.069594E-16
7617.86915819754  1.116388E-16
7620.90403160157  9.912250E-17
7623.9389050056  9.330532E-17
7626.97377840963  1.054810E-16
7630.00865181366  1.132814E-16
7633.04352521769  1.299464E-16
7636.07839862172  1.179860E-16
7639.11327202575  1.101772E-16
7642.14814542978  1.011804E-16
7645.18301883381  1.166495E-16
7648.21789223784  1.301262E-16
7651.25276564187  1.136915E-16
7654.2876390459  1.099809E-16
7657.32251244993  1.157511E-16
7660.35738585396  1.163615E-16
7663.39225925799  1.177610E-16
7666.42713266202  1.036546E-16
7669.46200606605  1.145139E-16
7672.49687947008  1.096789E-16
7675.53175287411  1.102634E-16
7678.56662627814  1.198911E-16
7681.60149968216  1.111358E-16
7684.6363730862  1.064007E-16
7687.67124649022  1.127075E-16
7690.70611989426  1.113868E-16
7693.74099329829  1.002715E-16
7696.77586670232  1.053210E-16
7699.81074010635  1.063434E-16
7702.84561351038  9.903395E-17
7705.88048691441  1.101275E-16
7708.91536031844  1.106169E-16
7711.95023372247  9.031280E-17
7714.9851071265  1.048420E-16
7718.01998053053  1.138443E-16
7721.05485393455  1.043127E-16
7724.08972733859  1.090130E-16
7727.12460074261  1.134183E-16
7730.15947414665  1.097635E-16
7733.19434755067  1.088960E-16
7736.22922095471  1.042345E-16
7739.26409435873  9.961466E-17
7742.29896776277  1.010560E-16
7745.3338411668  9.575426E-17
7748.36871457083  9.675244E-17
7751.40358797485  1.215944E-16
7754.43846137888  1.220098E-16
7757.47333478291  1.119718E-16
7760.50820818694  1.167476E-16
7763.54308159097  1.100671E-16
7766.577954995  1.031417E-16
7769.61282839903  9.578908E-17
7772.64770180306  1.044708E-16
7775.68257520709  1.136637E-16
7778.71744861112  1.024677E-16
7781.75232201515  1.007973E-16
7784.78719541918  1.019930E-16
7787.82206882321  9.637580E-17
7790.85694222724  1.202213E-16
7793.89181563127  1.047886E-16
7796.9266890353  8.831278E-17
7799.96156243933  9.790302E-17
7802.99643584336  9.755169E-17
7806.03130924739  9.825243E-17
7809.06618265142  1.053524E-16
7812.10105605545  9.276242E-17
7815.13592945948  1.034215E-16
7818.17080286351  1.059735E-16
7821.20567626754  8.487361E-17
7824.24054967157  8.228850E-17
7827.2754230756  9.904665E-17
7830.31029647963  1.117482E-16
7833.34516988366  1.014255E-16
7836.38004328769  8.442215E-17
7839.41491669172  9.372755E-17
7842.44979009575  1.007776E-16
7845.48466349978  1.057377E-16
7848.51953690381  1.115029E-16
7851.55441030784  8.267394E-17
7854.58928371187  1.080332E-16
7857.6241571159  9.508158E-17
7860.65903051993  1.070067E-16
7863.69390392396  9.588102E-17
7866.72877732799  9.186011E-17
7869.76365073202  8.721619E-17
7872.79852413605  9.540860E-17
7875.83339754008  9.462277E-17
7878.86827094411  9.826224E-17
7881.90314434814  8.952212E-17
7884.93801775217  9.337301E-17
7887.9728911562  7.910227E-17
7891.00776456023  9.548330E-17
7894.04263796426  1.001761E-16
7897.07751136829  9.751125E-17
7900.11238477232  1.093036E-16
7903.14725817635  1.035006E-16
7906.18213158038  1.023275E-16
7909.21700498441  9.301976E-17
7912.25187838844  1.015111E-16
7915.28675179247  9.362025E-17
7918.3216251965  9.080297E-17
7921.35649860053  8.013789E-17
7924.39137200456  1.069043E-16
7927.42624540859  9.909943E-17
7930.46111881262  9.089110E-17
7933.49599221665  8.892364E-17
7936.53086562068  1.069432E-16
7939.56573902471  1.085521E-16
7942.60061242874  1.021777E-16
7945.63548583277  1.055326E-16
7948.6703592368  9.677080E-17
7951.70523264083  1.040766E-16
7954.74010604486  1.044794E-16
7957.77497944889  1.134072E-16
7960.80985285292  9.935276E-17
7963.84472625695  9.500230E-17
7966.87959966098  1.083983E-16
7969.91447306501  1.094893E-16
7972.94934646904  1.093788E-16
7975.98421987307  9.243808E-17
7979.0190932771  1.018021E-16
7982.05396668113  1.057163E-16
7985.08884008516  9.810593E-17
7988.12371348919  9.597744E-17
7991.15858689322  8.394618E-17
7994.19346029725  9.868852E-17
7997.22833370128  1.089581E-16
8000.26320710531  1.017324E-16
8003.29808050934  9.150644E-17
8006.33295391337  1.056313E-16
8009.36782731739  1.008524E-16
8012.40270072143  1.082783E-16
8015.43757412546  8.730437E-17
8018.47244752949  1.126697E-16
8021.50732093351  1.155006E-16
8024.54219433755  1.095209E-16
8027.57706774158  9.055034E-17
8030.6119411456  9.076470E-17
8033.64681454964  1.052808E-16
8036.68168795367  9.964296E-17
8039.7165613577  9.425176E-17
8042.75143476172  1.019123E-16
8045.78630816576  1.036615E-16
8048.82118156979  9.508194E-17
8051.85605497382  1.031104E-16
8054.89092837784  1.007904E-16
8057.92580178187  9.296402E-17
8060.96067518591  1.010905E-16
8063.99554858993  1.018304E-16
8067.03042199397  1.007162E-16
8070.06529539799  1.006973E-16
8073.10016880203  8.387265E-17
8076.13504220605  9.138284E-17
8079.16991561008  1.117084E-16
8082.20478901411  1.015328E-16
8085.23966241814  9.240438E-17
8088.27453582217  1.011813E-16
8091.3094092262  1.023994E-16
8094.34428263023  8.988372E-17
8097.37915603426  1.020639E-16
8100.41402943829  1.052228E-16
8103.44890284232  1.048072E-16
8106.48377624635  9.754742E-17
8109.51864965038  1.037466E-16
8112.55352305441  1.127248E-16
8115.58839645844  1.071836E-16
8118.62326986247  1.015276E-16
8121.6581432665  9.005688E-17
8124.69301667053  9.783012E-17
8127.72789007456  1.045741E-16
8130.76276347859  1.049530E-16
8133.79763688262  8.682612E-17
8136.83251028665  8.008639E-17
8139.86738369068  9.379065E-17
8142.90225709471  9.950925E-17
8145.93713049874  1.047023E-16
8148.97200390277  9.798347E-17
8152.0068773068  8.663787E-17
8155.04175071083  1.064882E-16
8158.07662411486  1.063670E-16
8161.11149751889  9.743775E-17
8164.14637092292  1.019246E-16
8167.18124432695  1.065945E-16
8170.21611773098  9.612096E-17
8173.25099113501  8.716708E-17
8176.28586453904  1.044525E-16
8179.32073794307  1.130869E-16
8182.3556113471  1.068664E-16
8185.39048475113  9.909065E-17
8188.42535815516  1.039764E-16
8191.46023155919  8.966722E-17
8194.49510496322  1.084582E-16
8197.52997836725  1.151525E-16
8200.56485177128  1.046890E-16
8203.59972517531  9.617573E-17
8206.63459857934  1.010393E-16
8209.66947198337  9.995733E-17
8212.7043453874  9.931407E-17
8215.73921879143  8.629032E-17
8218.77409219546  8.454150E-17
8221.80896559949  9.899760E-17
8224.84383900352  9.714596E-17
8227.87871240755  8.973721E-17
8230.91358581158  9.428236E-17
8233.94845921561  9.454116E-17
8236.98333261964  8.806626E-17
8240.01820602367  8.528302E-17
8243.0530794277  9.272631E-17
8246.08795283173  1.067550E-16
8249.12282623576  9.933350E-17
8252.15769963979  1.020975E-16
8255.19257304382  1.083843E-16
8258.22744644785  9.687350E-17
8261.26231985188  1.042485E-16
8264.29719325591  1.064362E-16
8267.33206665994  9.582672E-17
8270.36694006397  8.381887E-17
8273.401813468  8.372364E-17
8276.43668687203  9.240402E-17
8279.47156027606  9.381351E-17
8282.50643368009  8.675055E-17
8285.54130708412  7.807860E-17
8288.57618048815  8.809442E-17
8291.61105389218  1.006266E-16
8294.64592729621  7.469689E-17
8297.68080070024  6.356742E-17
8300.71567410427  7.288274E-17
8303.7505475083  6.872254E-17
8306.78542091233  7.958786E-17
8309.82029431636  9.541973E-17
8312.85516772039  9.633529E-17
8315.89004112442  1.096301E-16
8318.92491452845  1.011453E-16
8321.95978793248  1.032483E-16
8324.99466133651  9.257124E-17
8328.02953474054  8.676147E-17
8331.06440814457  1.048218E-16
8334.09928154859  1.047454E-16
8337.13415495263  8.451644E-17
8340.16902835666  8.932813E-17
8343.20390176069  9.237000E-17
8346.23877516471  1.071021E-16
8349.27364856875  9.398140E-17
8352.30852197278  9.387263E-17
8355.34339537681  7.986717E-17
8358.37826878083  9.011236E-17
8361.41314218487  7.550055E-17
8364.4480155889  9.546173E-17
8367.48288899292  1.000987E-16
8370.51776239695  8.446107E-17
8373.55263580099  1.011769E-16
8376.58750920501  1.198161E-16
8379.62238260904  9.414212E-17
8382.65725601307  8.186506E-17
8385.69212941711  8.866909E-17
8388.72700282113  9.795199E-17
8391.76187622516  9.261370E-17
8394.79674962919  8.881961E-17
8397.83162303322  8.250109E-17
8400.86649643725  8.982063E-17
8403.90136984128  1.131051E-16
8406.93624324531  1.141845E-16
8409.97111664934  9.539110E-17
8413.00599005337  9.680383E-17
8416.0408634574  9.500285E-17
8419.07573686143  8.688534E-17
8422.11061026546  1.052731E-16
8425.14548366949  1.098119E-16
8428.18035707352  1.247888E-16
8431.21523047755  8.129722E-17
8434.25010388158  7.180272E-17
8437.28497728561  8.622974E-17
8440.31985068964  9.919265E-17
8443.35472409367  8.269920E-17
8446.3895974977  9.775192E-17
8449.42447090173  7.250282E-17
8452.45934430576  8.007192E-17
8455.49421770979  8.191094E-17
8458.52909111382  8.188205E-17
8461.56396451785  7.108705E-17
8464.59883792188  8.643609E-17
8467.63371132591  1.134578E-16
8470.66858472994  9.343353E-17
8473.70345813397  9.718039E-17
8476.738331538  1.039771E-16
8479.77320494203  9.548070E-17
8482.80807834606  9.154172E-17
8485.84295175009  1.020215E-16
8488.87782515412  8.924822E-17
8491.91269855815  9.347082E-17
8494.94757196218  9.440381E-17
8497.98244536621  1.013533E-16
8501.01731877024  9.229194E-17
8504.05219217427  7.172273E-17
8507.0870655783  8.859287E-17
8510.12193898233  9.256110E-17
8513.15681238636  1.021581E-16
8516.19168579039  1.012996E-16
8519.22655919442  8.998460E-17
8522.26143259845  1.050475E-16
8525.29630600248  9.543179E-17
8528.33117940651  8.693904E-17
8531.36605281054  9.197198E-17
8534.40092621457  1.015486E-16
8537.4357996186  8.972977E-17
8540.47067302263  8.382302E-17
8543.50554642666  8.138335E-17
8546.54041983069  7.276894E-17
8549.57529323472  8.496478E-17
8552.61016663875  9.949553E-17
8555.64504004278  8.576440E-17
8558.67991344681  9.143129E-17
8561.71478685084  9.538668E-17
8564.74966025487  1.058411E-16
8567.7845336589  1.070433E-16
8570.81940706293  1.001149E-16
8573.85428046696  8.792320E-17
8576.88915387099  1.071225E-16
8579.92402727502  1.095808E-16
8582.95890067905  9.797027E-17
8585.99377408308  8.862523E-17
8589.02864748711  9.798696E-17
8592.06352089114  9.148072E-17
8595.09839429517  9.378747E-17
8598.1332676992  9.977930E-17
8601.16814110323  9.465103E-17
8604.20301450726  8.750846E-17
8607.23788791129  1.122852E-16
8610.27276131532  9.715873E-17
8613.30763471935  1.010075E-16
8616.34250812338  9.743452E-17
8619.37738152741  9.774158E-17
8622.41225493144  9.700589E-17
8625.44712833547  1.003824E-16
8628.4820017395  1.028505E-16
8631.51687514353  9.973884E-17
8634.55174854756  8.612665E-17
8637.58662195159  9.373454E-17
8640.62149535561  1.127661E-16
8643.65636875965  1.210417E-16
8646.69124216367  9.517782E-17
8649.72611556771  9.536038E-17
8652.76098897174  1.014680E-16
8655.79586237577  1.204725E-16
8658.8307357798  1.093841E-16
8661.86560918383  1.286887E-16
8664.90048258786  1.193834E-16
8667.93535599189  1.241043E-16
8670.97022939591  1.105931E-16
8674.00510279994  1.001848E-16
8677.03997620398  9.497593E-17
8680.07484960801  1.063436E-16
8683.10972301203  7.839789E-17
8686.14459641607  9.316208E-17
8689.17946982009  1.042191E-16
8692.21434322413  1.130699E-16
8695.24921662815  1.042579E-16
8698.28409003219  1.016489E-16
8701.31896343621  1.042063E-16
8704.35383684024  1.034220E-16
8707.38871024427  1.007899E-16
8710.4235836483  9.812577E-17
8713.45845705233  1.065011E-16
8716.49333045636  1.030562E-16
8719.52820386039  1.059153E-16
8722.56307726442  1.160245E-16
8725.59795066845  9.923478E-17
8728.63282407248  1.056825E-16
8731.66769747651  1.013032E-16
8734.70257088054  9.831001E-17
8737.73744428457  1.145498E-16
8740.7723176886  9.864927E-17
8743.80719109263  1.090698E-16
8746.84206449666  9.108434E-17
8749.87693790069  9.692579E-17
8752.91181130472  1.053096E-16
8755.94668470875  1.212660E-16
8758.98155811278  1.128395E-16
8762.01643151681  1.000735E-16
8765.05130492084  8.546476E-17
8768.08617832487  1.066400E-16
8771.1210517289  1.035352E-16
8774.15592513293  1.004303E-16
8777.19079853696  9.732648E-17
8780.22567194099  9.422162E-17
8783.26054534502  9.111677E-17
8786.29541874905  8.801191E-17
8789.33029215308  8.490805E-17
8792.36516555711  8.180320E-17
8795.40003896114  8.618151E-17
8798.43491236517  8.761837E-17
8801.4697857692  9.829103E-17
8804.50465917323  1.107945E-16
8807.53953257726  1.069845E-16
8810.57440598129  9.620265E-17
8813.60927938532  1.121608E-16
8816.64415278935  1.071985E-16
8819.67902619338  8.896242E-17
8822.71389959741  6.648427E-17
8825.74877300144  7.310096E-17
8828.78364640547  7.708168E-17
8831.8185198095  5.436712E-17
8834.85339321353  9.520546E-17
8837.88826661756  6.644216E-17
8840.92314002159  7.234278E-17
8843.95801342562  8.946017E-17
8846.99288682965  9.624339E-17
8850.02776023368  8.018143E-17
8853.06263363771  7.847952E-17
8856.09750704174  9.062196E-17
8859.13238044577  7.528774E-17
8862.1672538498  7.893554E-17
8865.20212725383  1.060606E-16
8868.23700065786  9.783889E-17
8871.27187406189  9.041194E-17
8874.30674746592  7.234780E-17
8877.34162086995  8.228425E-17
8880.37649427398  8.978804E-17
8883.41136767801  7.921275E-17
8886.44624108204  7.706582E-17
8889.48111448607  7.710360E-17
8892.5159878901  7.714136E-17
8895.55086129413  7.717913E-17
8898.58573469816  7.721691E-17
8901.62060810219  7.725469E-17
8904.65548150622  7.729244E-17
8907.69035491025  7.733022E-17
8910.72522831428  7.736800E-17
8913.76010171831  7.740576E-17
8916.79497512234  7.744353E-17
8919.82984852637  7.748131E-17
8922.8647219304  7.751907E-17
8925.89959533443  7.755685E-17
8928.93446873846  7.759462E-17
8931.96934214249  7.763240E-17
8935.00421554652  7.767016E-17
8938.03908895055  7.770793E-17
8941.07396235458  7.774571E-17
8944.10883575861  7.778347E-17
8947.14370916264  9.936045E-17
8950.17858256667  9.364093E-17
8953.2134559707  8.890400E-17
8956.24832937473  8.416860E-17
8959.28320277876  7.943167E-17
8962.31807618279  7.469473E-17
8965.35294958682  6.995933E-17
8968.38782299085  6.522240E-17
8971.42269639487  6.048546E-17
8974.45756979891  6.228291E-17
8977.49244320293  8.420699E-17
8980.52731660697  6.268784E-17
8983.56219001099  7.063000E-17
8986.59706341503  7.971044E-17
8989.63193681906  8.312014E-17
8992.66681022309  8.045726E-17
8995.70168362711  9.308569E-17
8998.73655703115  9.434502E-17
9001.77143043517  7.549583E-17
9004.80630383921  6.133234E-17
9007.84117724323  5.505358E-17
9010.87605064726  6.481887E-17
9013.91092405129  8.086661E-17
9016.94579745532  8.003401E-17
9019.98067085935  8.245154E-17
9023.01554426338  7.396453E-17
9026.05041766741  9.016541E-17
9029.08529107144  7.207943E-17
9032.12016447547  7.900882E-17
9035.1550378795  6.890935E-17
9038.18991128353  8.610946E-17
9041.22478468756  7.493020E-17
9044.25965809159  7.110291E-17
9047.29453149562  6.714333E-17
9050.32940489965  8.499841E-17
9053.36427830368  9.402617E-17
9056.39915170771  7.417451E-17
9059.43402511174  5.762164E-17
9062.46889851577  7.819685E-17
9065.5037719198  7.559252E-17
9068.53864532383  7.629576E-17
9071.57351872786  6.488450E-17
9074.60839213189  6.161294E-17
9077.64326553592  5.789460E-17
9080.67813893995  6.824443E-17
9083.71301234398  6.460412E-17
9086.74788574801  6.635423E-17
9089.78275915204  5.993259E-17
9092.81763255607  5.901362E-17
9095.8525059601  6.613381E-17
9098.88737936413  7.482952E-17
9101.92225276816  6.825585E-17
9104.95712617219  7.843106E-17
9107.99199957622  9.638341E-17
9111.02687298025  7.265085E-17
9114.06174638428  6.825718E-17
9117.09661978831  9.007108E-17
9120.13149319234  7.446103E-17
9123.16636659637  6.936637E-17
9126.2012400004  6.963316E-17
9129.23611340443  5.413065E-17
9132.27098680846  6.141261E-17
9135.30586021249  7.838914E-17
9138.34073361652  8.003717E-17
9141.37560702055  7.231727E-17
9144.41048042458  8.024562E-17
9147.44535382861  5.493760E-17
9150.48022723264  4.317269E-17
9153.51510063667  5.338851E-17
9156.5499740407  7.254781E-17
9159.58484744473  7.003260E-17
9162.61972084876  6.862842E-17
9165.65459425279  7.694971E-17
9168.68946765682  6.631678E-17
9171.72434106085  6.852117E-17
9174.75921446488  6.347693E-17
9177.79408786891  6.791725E-17
9180.82896127294  7.126628E-17
9183.86383467697  6.116933E-17
9186.898708081  5.490860E-17
9189.93358148503  5.231015E-17
9192.96845488906  5.677815E-17
9196.00332829309  6.328063E-17
9199.03820169712  7.742650E-17
9202.07307510115  5.491477E-17
9205.10794850518  6.441764E-17
9208.14282190921  5.744945E-17
9211.17769531324  6.069681E-17
9214.21256871727  6.045412E-17
9217.2474421213  6.477634E-17
9220.28231552533  7.358266E-17
9223.31718892936  5.325877E-17
9226.35206233339  5.845229E-17
9229.38693573742  9.259110E-17
9232.42180914145  8.316183E-17
9235.45668254548  5.731084E-17
9238.49155594951  8.054455E-17
9241.52642935354  7.140484E-17
9244.56130275757  5.455319E-17
9247.5961761616  5.315609E-17
9250.63104956563  7.176620E-17
9253.66592296966  7.555606E-17
9256.70079637369  6.985102E-17
9259.73566977772  6.840436E-17
9262.77054318175  7.424631E-17
9265.80541658577  5.673537E-17
9268.84028998981  4.604629E-17
9271.87516339384  5.293508E-17
9274.91003679787  6.024110E-17
9277.9449102019  6.482920E-17
9280.97978360593  5.809527E-17
9284.01465700996  4.365934E-17
9287.04953041398  6.027557E-17
9290.08440381802  5.433559E-17
9293.11927722205  6.724170E-17
9296.15415062608  6.653572E-17
9299.1890240301  6.041173E-17
9302.22389743414  5.868467E-17
9305.25877083817  5.826006E-17
9308.29364424219  5.783545E-17
9311.32851764623  5.741098E-17
9314.36339105025  5.698637E-17
9317.39826445429  5.656176E-17
9320.43313785831  5.613715E-17
9323.46801126235  5.571268E-17
9326.50288466637  5.528807E-17
9329.53775807041  5.486346E-17
9332.57263147443  5.443899E-17
9335.60750487846  6.106379E-17
9338.64237828249  7.510622E-17
9341.67725168652  4.556466E-17
9344.71212509055  7.580269E-17
9347.74699849458  6.644116E-17
9350.78187189861  7.355502E-17
9353.81674530264  5.054886E-17
9356.85161870667  4.146510E-17
9359.8864921107  5.329355E-17
9362.92136551473  4.995592E-17
9365.95623891876  5.333603E-17
9368.99111232279  2.898525E-17
9372.02598572682  5.559390E-17
9375.06085913085  3.293125E-17
9378.09573253488  3.158290E-17
9381.13060593891  3.023455E-17
9384.16547934294  2.888663E-17
9387.20035274697  2.753828E-17
9390.235226151  2.618993E-17
9393.27009955503  4.840488E-17
9396.30497295906  3.814084E-17
9399.33984636309  4.274647E-17
9402.37471976712  6.106227E-17
9405.40959317115  2.505893E-17
9408.44446657518  3.871384E-17
9411.47933997921  3.835643E-17
9414.51421338324  4.820912E-17
9417.54908678727  5.667162E-17
9420.5839601913  4.296184E-17
9423.61883359533  7.057913E-17
9426.65370699936  8.085163E-17
9429.68858040339  6.612164E-17
9432.72345380742  7.102731E-17
9435.75832721145  5.537102E-17
9438.79320061548  4.733592E-17
9441.82807401951  7.165620E-17
9444.86294742354  5.079135E-17
9447.89782082757  4.602034E-17
9450.9326942316  6.490312E-17
9453.96756763563  6.051554E-17
9457.00244103966  6.683237E-17
9460.03731444369  6.505491E-17
9463.07218784772  6.327746E-17
9466.10706125175  6.150000E-17
9469.14193465578  5.972312E-17
9472.17680805981  5.794566E-17
9475.21168146384  5.616820E-17
9478.24655486787  5.439132E-17
9481.2814282719  5.261387E-17
9484.31630167593  5.083641E-17
9487.35117507996  4.905895E-17
9490.38604848399  2.926150E-17
9493.42092188802  3.476193E-17
9496.45579529205  3.978835E-17
9499.49066869608  3.049498E-17
9502.52554210011  5.275951E-17
9505.56041550414  5.561201E-17
9508.59528890817  8.221894E-17
9511.6301623122  3.810220E-17
9514.66503571623  4.134801E-17
9517.69990912026  5.592409E-17
9520.73478252429  6.907077E-17
9523.76965592832  7.530671E-17
9526.80452933235  4.125809E-17
9529.83940273638  4.152411E-17
9532.87427614041  4.812459E-17
9535.90914954444  6.916702E-17
9538.94402294847  4.835573E-17
9541.9788963525  5.013493E-17
9545.01376975653  4.825456E-17
9548.04864316056  5.520064E-17
9551.08351656459  3.945143E-17
9554.11838996862  6.955015E-17
9557.15326337265  5.991279E-17
9560.18813677668  5.752210E-17
9563.22301018071  5.950405E-17
9566.25788358474  6.609759E-17
9569.29275698877  4.489783E-17
9572.3276303928  4.179662E-17
9575.36250379683  6.205693E-17
9578.39737720086  5.538544E-17
9581.43225060489  6.869174E-17
9584.46712400892  5.562457E-17
9587.50199741295  4.499543E-17
9590.53687081697  3.576529E-17
9593.57174422101  4.019469E-17
9596.60661762504  5.835137E-17
9599.64149102907  5.339154E-17
9602.67636443309  1.246903E-17
9605.71123783713  3.959894E-17
9608.74611124116  3.386719E-17
9611.78098464519  5.336883E-17
9614.81585804922  5.470652E-17
